resultName	chilca2-4
resultName	chilca2-4
ID	RS20191205110752_P19331194
Command	SCANANDSEARCH
User	Admin
Application	_Analyze
SerialNumber	P19331194
Power	280
Integration	900
Averages	3
AutoExposure	Off
AutoCollect	Off
QuickCollect	Off
AutoBackground	On
BaselineCorrection	On
Algorithm	Wavelet
Searched Library	All,None,None,None
MixtureComponents	2
matchThreshold	0.75
displayMatches	1
Threshold	0.80
WL Start	
WL End	
ServerVersion	3.180316
FirmwareVersion	
date	2019-12-05
time	11:07:52
scanindex	0
specpath	RS20191205110752_P19331194.xml
Search Range	200 - 2500
Synced	false
lastCalDateTime	2019-12-05 09:53:08
lastCalUser	Admin
lastCalResult	PASS
lastVerifyDateTime	2019-10-16 15:05:37
lastVerifyUser	Admin
lastVerifyResult	PASS
selectedMaterial	
result	No Match
ValidationGUID	
ValidationMatchQuality	
topMatch	
topMatchGUID	
topMatchQuality	
secondMatch	
secondMatchGUID	
secondMatchQuality	
thirdMatch	
thirdMatchGUID	
thirdMatchQuality	
fourthMatch	
fourthMatchGUID	
fourthMatchQuality	
fifthMatch	
fifthMatchGUID	
fifthMatchQuality	
signedBy	
signedDateTime	
softwareVer	1.7.0.21
memo	
batchID	
inBatch	false
batchUID	
batchCID1	
batchCIDlbl1	
batchCID2	
batchCIDlbl2	
batchCID3	
batchCIDlbl3	
batchCID4	
batchCIDlbl4	
batchCID5	
batchCIDlbl5	
signedTitle	
signedReason	
rescanned	
barcode	
topMatchContribs	
secondMatchContribs	
thirdMatchContribs	
fourthMatchContribs	
fifthMatchContribs	
ValidationMatchContribs	
Threat	
PrecursorList	
CompundName	
WindowStart4C	
MatchLibrary	
lastModified	2019/12/05 11:13
Signal2Noise	100.00
Detector TEC SetPoint	0x8000
Detector Temp	5.03
Laser Temp	25.39
OE1 Temp	35.56
OE2 Temp	39.19
Detector Gain	200
SaturationDetected	false
InterpolatedPixelList	
PeakList	 304.9	994	329.6	741	430.9	592	524.6	577	559.9	723	667.6	807	759.7	3211	797.9	1074	1080.3	604	1157.9	714	1292.5	800	1305.7	753	1376.8	1467	1439.8	5062	1564.8	950	1615.3	776	1645.5	3826	1676.9	3548
index	Raman Shift (cm-1)	Y value (counts)	background (counts)	raw value (counts)
0	137.714	264.1163	11191.0000	14283.3340	
1	144.215	221.9917	12015.6660	14978.0000	
2	150.711	198.1991	12435.3340	15286.0000	
3	157.202	233.4082	12762.3340	15560.3340	
4	163.686	255.6157	12529.6680	15262.0000	
5	170.165	472.8250	13647.3340	16509.0000	
6	176.638	398.0344	13302.6660	16001.6660	
7	183.106	429.9088	13287.3340	15930.3330	
8	189.567	381.7869	12621.3320	15128.3340	
9	196.023	335.9943	13953.0000	16326.3340	
10	202.474	277.5357	13692.3340	15919.3340	
11	208.918	281.4110	14401.6660	16544.6660	
12	215.357	276.6205	13656.6660	15707.0000	
13	221.790	169.8107	14517.0000	16412.3320	
14	228.217	90.5292	14489.0000	16246.6660	
15	234.638	138.9066	14928.6660	16734.6680	
16	241.054	119.2781	13216.3340	15002.6660	
17	247.464	254.3213	14075.6660	15997.0000	
18	253.868	225.3628	13048.3320	14940.6660	
19	260.266	355.7361	13986.3340	16009.0000	
20	266.658	292.4455	12353.6660	14313.0000	
21	273.044	182.5025	14399.0000	16262.0000	
22	279.425	111.8925	13613.3340	15419.3330	
23	285.799	242.9504	13295.0000	15245.6660	
24	292.168	513.0071	12726.3340	14960.6660	
25	298.531	791.5627	12780.0000	15312.3340	
26	304.888	993.7826	12473.0000	15227.0000	
27	311.239	794.0023	13707.3340	16281.0000	
28	317.584	530.8154	11987.3330	14330.3340	
29	323.923	715.1948	12612.6660	15098.3320	
30	330.256	740.9113	12344.3320	14814.0000	
31	336.583	544.6256	12809.0000	15040.6680	
32	342.905	452.0060	12682.0000	14779.3340	
33	349.220	384.3855	12305.6670	14293.6660	
34	355.529	308.7668	10876.3340	12747.0000	
35	361.833	294.8820	13311.3340	15114.3340	
36	368.130	218.2308	10869.3330	12557.3340	
37	374.421	154.9526	11327.3340	12926.3340	
38	380.707	153.9254	11753.3330	13303.3340	
39	386.986	188.1481	11959.3330	13528.6680	
40	393.259	178.9125	9921.6670	11474.6660	
41	399.526	284.7866	11366.6670	12999.6660	
42	405.787	98.4541	10029.0000	11457.0000	
43	412.042	92.4546	7175.6660	8579.0000	
44	418.291	288.7882	8409.6660	9990.6670	
45	424.534	572.8785	8213.0000	10078.3330	
46	430.771	591.9707	6305.3330	8190.0000	
47	437.001	492.0620	4207.0000	5992.0000	
48	443.226	353.1538	4100.0000	5746.3335	
49	449.444	272.5853	6597.3330	8175.0000	
50	455.656	212.4109	4340.3335	5867.6665	
51	461.862	155.2374	3997.3330	5477.3330	
52	468.062	188.3970	3776.3330	5299.3330	
53	474.256	197.2315	5493.0000	7036.0000	
54	480.443	290.0659	3100.0000	4747.0000	
55	486.624	508.5673	1968.3333	3845.0000	
56	492.800	495.8491	3554.0000	5415.3335	
57	498.968	505.9103	4549.3330	6403.0000	
58	505.131	280.9710	4241.3335	5852.3335	
59	511.288	133.6987	2341.0000	3787.0000	
60	517.438	315.4258	3256.3335	4866.3330	
61	523.582	576.7771	4033.6670	5863.3335	
62	529.719	311.4616	2608.6665	4131.3330	
63	535.851	270.7292	3628.0000	5000.0000	
64	541.976	304.1428	2184.6667	3689.6665	
65	548.095	345.8274	4319.0000	5678.0000	
66	554.207	445.1158	6945.6670	8299.3330	
67	560.313	722.8839	7528.0000	9253.6670	
68	566.413	558.9014	5170.0000	6690.0000	
69	572.507	208.5063	3533.0000	4667.6665	
70	578.594	100.5732	1421.0000	2422.3333	
71	584.675	115.4172	1172.3334	2148.0000	
72	590.749	143.4277	2096.6665	3125.6665	
73	596.817	150.0250	4552.0000	5495.6670	
74	602.879	161.9560	5503.6670	6502.0000	
75	608.935	175.7202	5397.6670	6344.6660	
76	614.983	233.4848	5978.0000	6999.6670	
77	621.026	357.2698	6220.3330	7422.0000	
78	627.062	339.8783	5183.6665	6309.3330	
79	633.092	420.4867	4493.0000	5740.0000	
80	639.115	626.7617	4636.0000	6106.6665	
81	645.132	756.3712	6065.6665	7683.3340	
82	651.142	805.9791	4657.0000	6341.6670	
83	657.146	804.5874	2678.3333	4379.0000	
84	663.143	715.5292	2458.0000	4087.0000	
85	669.134	806.5620	2722.0000	4418.6665	
86	675.118	476.1786	1377.3334	2605.3333	
87	681.096	499.5451	2345.6667	3670.6665	
88	687.068	301.9948	4252.3335	5374.3335	
89	693.032	299.3880	4128.0000	5204.6665	
90	698.991	316.3645	2278.3333	3472.0000	
91	704.942	309.3328	3670.0000	4779.0000	
92	710.888	304.2234	3554.3330	4768.0000	
93	716.826	217.6495	3193.6665	4307.0000	
94	722.758	51.8252	3656.6670	4646.6670	
95	728.683	17.3346	3321.6665	4319.6665	
96	734.602	54.8432	3491.3335	4569.3330	
97	740.514	175.3528	4621.6670	5862.6670	
98	746.420	432.5368	4492.0000	6022.0000	
99	752.319	1445.7391	5924.0000	8513.6670	
100	758.211	3211.2739	4424.0000	8825.6660	
101	764.097	2654.5398	5887.3330	9776.3340	
102	769.976	927.4696	4896.6665	7102.6660	
103	775.848	511.7336	5186.3335	7020.6660	
104	781.714	536.6659	4961.6665	6865.0000	
105	787.573	805.2885	6053.3335	8254.3330	
106	793.425	769.5797	5886.0000	8080.3340	
107	799.271	1074.2023	7051.3330	9579.3330	
108	805.109	822.8246	5927.6670	8233.3330	
109	810.942	345.9369	6431.3330	8255.6670	
110	816.767	186.3804	5181.0000	6841.3335	
111	822.586	207.1574	6058.6665	7735.3330	
112	828.397	115.7449	5678.0000	7272.3330	
113	834.202	117.3925	6503.3330	8086.3340	
114	840.001	392.7040	5967.6670	7813.0000	
115	845.792	502.3505	6772.3330	8714.3330	
116	851.577	385.6644	6072.0000	7884.3340	
117	857.355	277.0202	6809.6660	8519.6670	
118	863.126	175.7080	6566.3330	8181.3330	
119	868.890	192.2347	6677.6665	8302.6660	
120	874.648	292.9756	5418.3335	7149.0000	
121	880.398	375.7073	5734.3335	7534.0000	
122	886.142	500.4395	5618.0000	7528.6670	
123	891.879	580.8383	6583.3330	8560.6670	
124	897.609	267.9020	6379.3340	8030.0000	
125	903.332	169.4524	5369.6665	6904.6670	
126	909.048	219.0013	5140.3335	6707.6670	
127	914.757	429.5507	6215.3330	7976.0000	
128	920.459	472.4322	5033.3335	6819.6660	
129	926.155	320.9821	5984.6665	7602.3330	
130	931.843	134.8650	4405.6665	5820.0000	
131	937.525	133.7480	4683.6665	6079.6670	
132	943.199	234.6304	4537.3330	6017.0000	
133	948.867	319.8379	5031.3335	6597.0000	
134	954.528	460.1389	3896.3335	5599.6665	
135	960.181	420.7740	4824.6665	6486.0000	
136	965.828	247.0759	4508.3335	5993.3335	
137	971.468	219.9205	4610.0000	6069.0000	
138	977.100	214.0154	3169.6665	4641.6665	
139	982.726	209.3601	3835.3335	5269.3330	
140	988.344	234.9236	4052.3335	5532.3335	
141	993.956	271.6506	4214.3335	5735.0000	
142	999.560	295.1279	3757.6665	5282.6665	
143	1005.158	291.1884	4531.0000	6042.3330	
144	1010.748	374.4991	3874.0000	5509.3335	
145	1016.331	436.2267	4147.3330	5848.3335	
146	1021.907	292.2862	4140.6670	5701.6665	
147	1027.476	303.3471	4203.6665	5779.6665	
148	1033.038	320.0742	3627.0000	5223.6665	
149	1038.593	284.9961	4224.0000	5775.3330	
150	1044.141	242.1474	3644.6667	5124.0000	
151	1049.681	252.4029	4005.0000	5495.6665	
152	1055.215	236.0121	2849.0000	4383.6665	
153	1060.741	151.1560	4025.0000	5404.0000	
154	1066.260	250.6585	3699.6670	5181.6670	
155	1071.772	399.1634	4068.0000	5686.3335	
156	1077.276	586.0013	3855.6665	5648.6665	
157	1082.774	604.0879	4246.3330	6056.3330	
158	1088.264	258.5079	2958.6667	4422.0000	
159	1093.747	118.9283	4426.3330	5749.0000	
160	1099.223	232.3480	4447.0000	5882.0000	
161	1104.691	328.4688	5162.3330	6682.3330	
162	1110.152	315.6638	4525.0000	6038.6670	
163	1115.606	286.8583	5336.6665	6828.0000	
164	1121.053	215.6360	4614.3330	6010.6665	
165	1126.493	214.9024	5447.6665	6864.3330	
166	1131.925	189.5854	5105.3330	6507.3330	
167	1137.349	207.6018	5788.6670	7180.3340	
168	1142.767	258.7848	4775.0000	6247.6665	
169	1148.177	423.5411	5834.6665	7483.6670	
170	1153.580	601.9629	5766.3330	7605.3330	
171	1158.975	714.0518	6114.3335	8077.0000	
172	1164.364	413.8081	5672.6665	7346.6670	
173	1169.744	285.7781	7179.6660	8740.0000	
174	1175.118	189.7477	6536.0000	8014.6670	
175	1180.484	190.3699	7670.0000	9175.0000	
176	1185.843	184.9233	7114.6670	8627.3340	
177	1191.194	173.8098	7674.6670	9189.3340	
178	1196.538	260.3623	7438.6670	9053.0000	
179	1201.874	384.2485	8225.6670	9977.0000	
180	1207.203	485.1349	7427.3340	9292.6670	
181	1212.525	418.2786	8436.6670	10245.3330	
182	1217.839	404.4360	8013.0000	9806.3330	
183	1223.145	440.7118	8712.3340	10554.6670	
184	1228.444	477.9884	8420.3340	10312.6670	
185	1233.736	463.3082	9391.3330	11288.6670	
186	1239.020	290.9591	9124.0000	10868.6660	
187	1244.297	241.6129	9457.3330	11172.3340	
188	1249.566	190.5986	9201.6660	10885.3340	
189	1254.828	261.3759	10721.0000	12514.0000	
190	1260.082	171.1542	10060.0000	11801.3330	
191	1265.328	139.9315	11130.6670	12879.3320	
192	1270.567	195.7116	10931.0000	12774.0000	
193	1275.799	419.8239	11774.0000	13879.6670	
194	1281.022	342.9361	11107.0000	13174.3340	
195	1286.239	596.3804	12095.6670	14455.0000	
196	1291.448	800.1895	11564.0000	14179.3320	
197	1296.649	750.1810	12704.0000	15277.3340	
198	1301.842	581.1696	12154.3330	14566.6660	
199	1307.028	752.8258	13279.0000	15871.0000	
200	1312.206	687.8163	12809.6660	15344.6680	
201	1317.377	308.6401	13471.6660	15611.6680	
202	1322.540	163.7947	13163.6670	15143.0000	
203	1327.695	450.2009	13937.3340	16172.3340	
204	1332.843	501.0021	13425.0000	15703.6660	
205	1337.982	294.3719	14625.6660	16718.6660	
206	1343.115	93.4080	13743.6660	15656.6660	
207	1348.239	76.1119	14981.3320	16898.0000	
208	1353.356	148.8137	14123.3320	16133.6660	
209	1358.465	274.1826	15641.6670	17798.3340	
210	1363.567	717.8837	14968.3340	17589.6660	
211	1368.660	1228.9214	15996.3320	19149.6660	
212	1373.746	1355.9553	15327.6680	18629.0000	
213	1378.824	1467.3915	16440.3340	19883.0000	
214	1383.894	920.4930	15682.3340	18608.0000	
215	1388.957	393.5951	16945.3340	19374.0000	
216	1394.012	166.3670	15871.6660	18103.0000	
217	1399.059	116.2462	17023.6660	19228.6660	
218	1404.098	0.0000	16126.3320	18199.6680	
219	1409.129	238.0820	17372.0000	19668.0000	
220	1414.153	668.1683	16274.6660	18985.3340	
221	1419.169	1056.2981	17365.6680	20437.3320	
222	1424.176	1578.1021	16497.6660	20064.0000	
223	1429.176	3199.9026	17397.3340	22558.3340	
224	1434.168	4941.8145	16563.6660	23418.3320	
225	1439.153	5062.4072	17554.0000	24482.0000	
226	1444.129	4817.6665	16690.0000	23326.0000	
227	1449.097	4691.9253	17715.0000	24178.0000	
228	1454.058	4340.8511	16517.0000	22581.6680	
229	1459.011	3657.1353	17858.6660	23142.6660	
230	1463.955	2649.7505	16499.6680	20679.3320	
231	1468.892	2009.3730	17440.6660	20883.0000	
232	1473.821	1293.3232	16262.6660	18892.0000	
233	1478.742	723.7422	17186.3340	19163.6680	
234	1483.655	365.4922	15999.6680	17536.3320	
235	1488.559	234.5797	17325.0000	18648.3320	
236	1493.456	145.6675	16227.3340	17379.3340	
237	1498.345	155.9498	17622.3340	18729.3340	
238	1503.226	191.8364	16635.3320	17732.3340	
239	1508.099	107.0229	17134.0000	18110.6660	
240	1512.964	120.2131	13662.0000	14616.3340	
241	1517.821	126.5669	16146.3340	17053.6680	
242	1522.669	153.7558	17048.6680	17987.6660	
243	1527.510	189.2783	18713.3340	19613.3320	
244	1532.343	228.9670	17636.0000	18557.0000	
245	1537.167	274.3380	18878.6660	19844.0000	
246	1541.984	243.4322	17848.6660	18804.0000	
247	1546.792	252.6085	19061.3340	20062.0000	
248	1551.593	308.0367	18155.0000	19242.0000	
249	1556.385	541.2290	19581.0000	20963.0000	
250	1561.169	901.4216	18390.0000	20194.0000	
251	1565.945	949.9482	19494.0000	21408.3340	
252	1570.712	582.8066	19018.3340	20627.3320	
253	1575.472	301.4854	19787.6660	21172.0000	
254	1580.223	223.4935	18572.3320	19935.3320	
255	1584.967	165.1700	19618.0000	20979.3340	
256	1589.702	100.4708	17968.0000	19292.3340	
257	1594.429	55.0215	18143.6660	19447.3320	
258	1599.147	102.5301	17361.3340	18830.0000	
259	1603.858	213.4389	19570.3320	21227.3340	
260	1608.560	560.7731	18928.0000	20971.6680	
261	1613.254	776.1260	19982.3320	22309.6660	
262	1617.940	725.4766	19698.3340	22043.3320	
263	1622.617	793.4991	20218.0000	22699.3340	
264	1627.286	1179.5190	18929.6660	21865.3340	
265	1631.947	1911.9954	19495.3320	23201.3320	
266	1636.600	2533.6445	18129.6660	22472.6680	
267	1641.244	3266.1470	19952.0000	25042.3320	
268	1645.880	3825.6538	18556.0000	24220.6660	
269	1650.508	2995.6074	19972.3320	24738.3320	
270	1655.128	2097.2261	18304.6680	22103.6660	
271	1659.739	1818.8496	19785.3320	23237.3340	
272	1664.341	1715.1338	19102.0000	22381.6660	
273	1668.936	2069.7539	20194.3340	23760.0000	
274	1673.522	2875.0415	18653.0000	22955.3340	
275	1678.099	3547.6621	18796.3320	23702.6660	
276	1682.669	2149.9478	18417.6660	21857.6660	
277	1687.230	872.0073	18449.3340	20522.6680	
278	1691.782	355.7334	18347.0000	19815.3340	
279	1696.326	205.7896	20229.6680	21459.3320	
280	1700.862	132.9380	18028.6660	19111.3340	
281	1705.389	155.3106	18594.6660	19604.0000	
282	1709.908	111.6846	17130.0000	18000.0000	
283	1714.418	182.3907	19658.3340	20503.3320	
284	1718.920	170.7678	17676.3320	18414.0000	
285	1723.413	203.1614	18046.3340	18769.6660	
286	1727.898	235.6397	15013.0000	15777.3340	
287	1732.375	253.3044	17830.0000	18544.6680	
288	1736.842	239.9083	17488.6660	18216.0000	
289	1741.302	226.1991	17284.3340	17899.0000	
290	1745.753	237.8860	15231.0000	15895.0000	
291	1750.195	255.0527	17760.0000	18431.3320	
292	1754.629	255.8239	16677.6660	17327.0000	
293	1759.054	277.2482	16831.3320	17487.6680	
294	1763.471	292.6667	13804.3340	14461.6660	
295	1767.879	300.0071	16099.6660	16766.3340	
296	1772.278	300.0134	17052.6660	17668.3340	
297	1776.669	285.9561	15416.3340	16077.6660	
298	1781.051	276.5660	13361.3340	13961.0000	
299	1785.425	275.3426	13954.0000	14569.3320	
300	1789.790	242.2878	13122.6660	13705.6670	
301	1794.147	234.5114	14148.3340	14731.0000	
302	1798.494	233.4541	15345.3320	15911.0000	
303	1802.833	241.3123	15825.6660	16402.6680	
304	1807.164	245.0862	15503.0000	16072.6660	
305	1811.486	241.2794	13859.3320	14417.3330	
306	1815.799	248.0538	12510.6660	13004.6660	
307	1820.103	262.3289	13210.0000	13773.3340	
308	1824.399	280.2520	12509.0000	13071.0000	
309	1828.686	239.9587	14549.3340	15069.0000	
310	1832.964	206.9995	13581.3340	14066.0000	
311	1837.234	249.3731	12194.3330	12719.3320	
312	1841.495	261.4980	11926.3340	12462.6660	
313	1845.747	263.4073	12742.0000	13272.3340	
314	1849.990	278.9001	14086.3340	14635.0000	
315	1854.225	275.4137	13587.6680	14143.3320	
316	1858.451	267.7211	12391.6660	12925.3340	
317	1862.668	262.1750	11656.6670	12177.3330	
318	1866.876	267.9631	10590.3340	11112.3330	
319	1871.075	256.9184	8849.3330	9353.6670	
320	1875.266	256.9574	8564.6670	9089.6670	
321	1879.448	251.7458	9701.3330	10146.0000	
322	1883.620	236.9139	6963.3330	7453.6670	
323	1887.784	245.4589	6217.6660	6669.3330	
324	1891.940	245.9620	6769.6670	7241.0000	
325	1896.086	247.7935	8673.0000	9126.6660	
326	1900.223	248.9375	6561.6660	7021.0000	
327	1904.352	248.3730	9655.0000	10115.3340	
328	1908.471	244.6203	9249.3330	9699.6660	
329	1912.582	242.7800	8579.3330	9001.6670	
330	1916.684	255.0649	8750.6670	9201.3340	
331	1920.777	262.0998	7485.0000	7903.0000	
332	1924.861	266.7180	8380.0000	8867.3330	
333	1928.936	277.1130	9341.6670	9780.0000	
334	1933.002	286.0911	8221.0000	8678.0000	
335	1937.059	267.1529	6633.0000	7056.6670	
336	1941.107	255.5473	7469.0000	7885.0000	
337	1945.146	246.6919	8362.3340	8791.3330	
338	1949.176	214.0873	8381.6670	8725.3340	
339	1953.197	231.7314	7157.3330	7509.6660	
340	1957.209	245.0432	3541.6667	3898.3335	
341	1961.212	282.0093	4171.0000	4560.3330	
342	1965.206	287.3089	4827.0000	5217.3330	
343	1969.191	262.3213	4061.3333	4433.6670	
344	1973.167	255.9846	3099.6670	3463.6670	
345	1977.134	251.6840	1799.3333	2147.6667	
346	1981.092	257.7167	384.6667	811.3334	
347	1985.041	256.2494	1492.3333	1789.0000	
348	1988.980	255.2822	1482.6666	1867.6666	
349	1992.911	259.2433	870.0000	1234.6666	
350	1996.832	271.6970	-9.6667	362.0000	
351	2000.744	254.9470	662.3334	984.0000	
352	2004.647	254.5302	-151.6667	219.0000	
353	2008.541	255.9467	395.0000	673.6666	
354	2012.426	254.2800	-302.0000	49.0000	
355	2016.301	259.0299	287.0000	595.3333	
356	2020.168	255.5298	-416.6667	-78.0000	
357	2024.025	246.1830	349.0000	647.6666	
358	2027.873	256.3362	-341.3333	-37.0000	
359	2031.712	270.1559	227.3333	555.3333	
360	2035.542	268.4761	-377.6667	-74.3333	
361	2039.362	265.6310	275.3333	594.3333	
362	2043.173	261.0358	-364.3333	-84.6667	
363	2046.975	262.3573	209.3333	520.6667	
364	2050.768	234.4074	-421.3333	-141.6667	
365	2054.551	238.4839	247.0000	507.3333	
366	2058.325	248.4770	-333.3333	-27.3333	
367	2062.090	259.1368	209.6667	514.0000	
368	2065.846	268.7964	-351.3333	-16.3333	
369	2069.592	274.0396	205.3333	523.6667	
370	2073.329	291.6993	-316.0000	44.0000	
371	2077.056	280.3960	303.0000	643.6666	
372	2080.775	224.1555	-339.6667	-53.6667	
373	2084.484	233.8272	214.3333	508.0000	
374	2088.183	272.1656	-275.6667	54.3333	
375	2091.873	263.8372	38.3333	358.0000	
376	2095.554	250.1755	-280.6667	25.3333	
377	2099.226	245.1271	271.6667	581.0000	
378	2102.887	233.2453	-170.0000	111.0000	
379	2106.540	242.6134	210.3333	497.6666	
380	2110.183	271.6479	-440.3333	-127.0000	
381	2113.817	271.2652	-722.6667	-368.0000	
382	2117.442	266.8824	-128.0000	139.3333	
383	2121.056	271.6662	217.6667	515.0000	
384	2124.662	254.1168	-531.3334	-254.6667	
385	2128.258	211.4397	163.3333	404.0000	
386	2131.844	231.5721	-378.0000	-120.0000	
387	2135.421	235.3713	156.3333	415.3333	
388	2138.989	267.3374	-319.6667	-19.3333	
389	2142.547	269.1297	330.0000	607.6666	
390	2146.095	267.0887	-431.6666	-116.0000	
391	2149.635	264.2976	233.0000	511.3333	
392	2153.164	272.9993	-606.0000	-301.6667	
393	2156.684	253.2437	125.0000	403.6667	
394	2160.194	258.7379	-257.0000	13.3333	
395	2163.695	259.0656	342.3333	651.3333	
396	2167.186	254.8931	-269.0000	26.3333	
397	2170.668	259.5394	136.3333	433.0000	
398	2174.140	265.3524	-397.3333	-94.3333	
399	2177.603	262.5820	156.6667	451.6667	
400	2181.055	260.1450	-180.0000	132.0000	
401	2184.499	258.0414	449.3334	731.6667	
402	2187.932	258.8543	-320.3333	-30.3333	
403	2191.356	251.0840	-11.6667	271.6667	
404	2194.770	255.0012	-330.3333	-110.0000	
405	2198.175	265.9882	250.6667	548.3333	
406	2201.570	261.5234	-389.3333	-67.0000	
407	2204.955	256.1301	238.3333	532.6667	
408	2208.331	255.4870	-299.3333	7.0000	
409	2211.697	233.6708	365.0000	643.6666	
410	2215.053	240.7715	-372.6667	-113.3333	
411	2218.399	252.0388	281.0000	592.3334	
412	2221.736	251.9728	-337.3333	-43.3333	
413	2225.063	261.5591	344.3333	631.3333	
414	2228.380	264.6769	-575.6667	-265.6667	
415	2231.688	262.8157	168.0000	467.0000	
416	2234.985	261.8919	-597.3333	-299.3333	
417	2238.273	267.5307	225.3333	563.0000	
418	2241.552	268.4195	-434.3333	-155.3333	
419	2244.820	266.5582	18.6667	347.6667	
420	2248.078	260.0302	-349.0000	-40.0000	
421	2251.327	259.9926	257.0000	559.6667	
422	2254.566	262.3716	-428.3333	-132.3333	
423	2257.795	265.5006	228.0000	560.0000	
424	2261.014	259.2128	-345.3333	-46.6667	
425	2264.223	258.5963	298.3333	570.0000	
426	2267.423	261.6464	-45.3333	279.6667	
427	2270.612	242.7206	390.3333	675.0000	
428	2273.792	245.2993	-318.3333	-33.6667	
429	2276.962	251.7741	172.0000	482.0000	
430	2280.122	250.4990	-293.6667	-16.0000	
431	2283.271	252.4946	370.6667	668.0000	
432	2286.411	251.2195	-361.3333	-63.0000	
433	2289.542	251.3401	215.6667	497.3333	
434	2292.662	264.9068	-342.6667	-36.3333	
435	2295.772	262.9420	260.3333	562.3334	
436	2298.872	260.2274	-569.6667	-258.6667	
437	2301.962	255.9521	290.6667	570.0000	
438	2305.042	261.8435	-409.6667	-108.6667	
439	2308.113	264.3182	18.3333	322.3333	
440	2311.173	262.7928	-512.0000	-181.3333	
441	2314.223	257.2495	488.6667	762.0001	
442	2317.263	252.3730	-73.0000	231.0000	
443	2320.293	255.4964	201.3333	483.3333	
444	2323.313	256.5366	-497.6667	-186.3333	
445	2326.323	259.0175	378.3333	664.3333	
446	2329.323	259.8735	-407.6666	-99.3333	
447	2332.313	262.2502	373.0000	666.6667	
448	2335.293	250.2890	-308.0000	-14.0000	
449	2338.262	252.4742	28.6667	323.6667	
450	2341.222	249.0344	-260.0000	49.0000	
451	2344.172	233.2196	458.6667	728.0000	
452	2347.111	242.0715	-528.3334	-252.3333	
453	2350.040	255.9599	360.3333	652.0000	
454	2352.959	256.6817	-346.6667	-43.3333	
455	2355.868	266.8048	311.0000	596.0000	
456	2358.767	268.3040	-284.3333	12.3333	
457	2361.655	270.7442	452.3333	767.3333	
458	2364.534	260.6010	-219.0000	68.3333	
459	2367.402	247.5620	259.3333	493.3333	
460	2370.260	248.3774	-30.6667	257.3333	
461	2373.107	263.7943	332.3333	651.0000	
462	2375.945	263.1902	-112.0000	142.0000	
463	2378.772	267.5028	469.3333	747.0000	
464	2381.589	260.4821	-101.0000	167.3333	
465	2384.396	248.4615	225.6667	477.6667	
466	2387.192	255.1074	-254.6667	-15.6667	
467	2389.979	271.7533	315.6667	582.3333	
468	2392.755	269.0658	-404.6666	-107.6667	
469	2395.520	245.0453	471.6667	698.6666	
470	2398.276	249.4479	11.6667	259.6667	
471	2401.021	251.1214	597.6666	857.6667	
472	2403.755	240.6073	-559.6666	-333.3333	
473	2406.479	248.6461	275.0000	505.6666	
474	2409.194	268.3515	-335.6667	-89.0000	
475	2411.897	260.7237	478.3333	713.6667	
476	2414.591	255.6666	-221.6667	-47.3333	
477	2417.273	258.8544	378.0000	615.6667	
478	2419.946	258.9380	-309.0000	-95.6667	
479	2422.608	257.2299	214.3333	460.3333	
480	2425.260	252.5844	-308.0000	-119.3333	
481	2427.901	248.1055	326.3333	539.0000	
482	2430.532	248.6266	-396.0000	-203.3333	
483	2433.152	270.1477	232.6667	458.6667	
484	2435.762	269.5021	1207.3333	1493.0000	
485	2438.362	233.5193	334.3333	521.6667	
486	2440.951	248.0365	-591.0000	-390.6667	
487	2443.530	253.2203	181.3333	385.3333	
488	2446.098	282.4042	-385.6667	-141.6667	
489	2448.655	290.3080	62.6667	291.6667	
490	2451.202	279.3565	-465.6666	-216.0000	
491	2453.739	274.6871	406.0000	638.3333	
492	2456.265	254.1012	-291.6667	-94.6667	
493	2458.781	247.8737	384.0000	603.0000	
494	2461.286	243.6462	-494.6667	-303.0000	
495	2463.780	238.2520	289.0000	483.3333	
496	2466.264	224.1912	-282.6667	-115.6667	
497	2468.737	244.7969	475.3333	659.6666	
498	2471.200	259.0695	-341.6667	-146.3333	
499	2473.652	265.0919	460.6667	694.3333	
500	2476.094	265.1143	-224.0000	-70.0000	
501	2478.525	265.2425	71.6667	281.0000	
502	2480.945	252.8708	-337.6667	-155.3333	
503	2483.354	250.9990	322.3333	494.6667	
504	2485.754	252.2105	-338.0000	-146.3333	
505	2488.142	252.3387	217.0000	392.0000	
506	2490.520	257.7169	-345.3333	-158.6667	
507	2492.887	261.5118	271.0000	460.6667	
508	2495.243	265.3066	-569.3333	-387.6667	
509	2497.589	274.7681	313.6667	517.0000	
510	2499.924	272.8964	-197.0000	4.3333	
511	2502.248	219.6912	55.0000	203.0000	
