resultName	chilca4-10
resultName	chilca4-10
ID	RS20191205115307_P19331194
Command	SCANANDSEARCH
User	Admin
Application	_Analyze
SerialNumber	P19331194
Power	280
Integration	900
Averages	3
AutoExposure	Off
AutoCollect	Off
QuickCollect	Off
AutoBackground	On
BaselineCorrection	On
Algorithm	Wavelet
Searched Library	All,None,None,None
MixtureComponents	2
matchThreshold	0.75
displayMatches	1
Threshold	0.80
WL Start	
WL End	
ServerVersion	3.180316
FirmwareVersion	
date	2019-12-05
time	11:53:07
scanindex	0
specpath	RS20191205115307_P19331194.xml
Search Range	200 - 2500
Synced	false
lastCalDateTime	2019-12-05 09:53:08
lastCalUser	Admin
lastCalResult	PASS
lastVerifyDateTime	2019-10-16 15:05:37
lastVerifyUser	Admin
lastVerifyResult	PASS
selectedMaterial	
result	No Match
ValidationGUID	
ValidationMatchQuality	
topMatch	
topMatchGUID	
topMatchQuality	
secondMatch	
secondMatchGUID	
secondMatchQuality	
thirdMatch	
thirdMatchGUID	
thirdMatchQuality	
fourthMatch	
fourthMatchGUID	
fourthMatchQuality	
fifthMatch	
fifthMatchGUID	
fifthMatchQuality	
signedBy	
signedDateTime	
softwareVer	1.7.0.21
memo	
batchID	
inBatch	false
batchUID	
batchCID1	
batchCIDlbl1	
batchCID2	
batchCIDlbl2	
batchCID3	
batchCIDlbl3	
batchCID4	
batchCIDlbl4	
batchCID5	
batchCIDlbl5	
signedTitle	
signedReason	
rescanned	
barcode	
topMatchContribs	
secondMatchContribs	
thirdMatchContribs	
fourthMatchContribs	
fifthMatchContribs	
ValidationMatchContribs	
Threat	
PrecursorList	
CompundName	
WindowStart4C	
MatchLibrary	
lastModified	2019/12/05 11:55
Signal2Noise	40.01
Detector TEC SetPoint	0x8000
Detector Temp	4.98
Laser Temp	25.39
OE1 Temp	37.00
OE2 Temp	40.31
Detector Gain	200
SaturationDetected	false
InterpolatedPixelList	
PeakList	 304.6	991	329.2	802	435.6	1076	487.6	909	667.7	1266	759.4	2810	798.0	1125	846.3	734	1158.5	799	1227.4	753	1292.8	898	1309.8	837	1374.6	1589	1444.0	5543	1564.9	1588	1645.1	4546	1676.1	3113
index	Raman Shift (cm-1)	Y value (counts)	background (counts)	raw value (counts)
0	137.714	458.2339	26347.3320	28719.3320	
1	144.215	353.1023	28272.0000	30410.6641	
2	150.711	369.9748	29053.0000	31080.3320	
3	157.202	325.1829	29454.3320	31308.6680	
4	163.686	447.0553	29569.6641	31417.6680	
5	170.165	375.5917	31576.6641	33225.0000	
6	176.638	440.7960	31022.3320	32607.6680	
7	183.106	288.6644	30594.6680	31899.6680	
8	189.567	479.2048	29592.3320	30959.6680	
9	196.023	400.0732	32333.3320	33493.3320	
10	202.474	477.2775	31684.6680	32793.6680	
11	208.918	290.8139	32841.6680	33636.0000	
12	215.357	365.6863	31870.0000	32611.0000	
13	221.790	253.5855	33299.3359	33818.3359	
14	228.217	282.0929	33470.6641	34024.3359	
15	234.638	277.8657	33702.6680	34138.6680	
16	241.054	299.9675	30709.6680	31247.6641	
17	247.464	303.0802	32234.6641	32780.0000	
18	253.868	413.8490	30021.6680	30682.0000	
19	260.266	451.2859	32130.6680	32832.6641	
20	266.658	398.1455	28972.0000	29691.6680	
21	273.044	257.6461	33120.6641	33651.0000	
22	279.425	338.2253	31194.3340	31717.6680	
23	285.799	433.1374	30470.0000	31211.3320	
24	292.168	719.0530	29769.0000	30814.0000	
25	298.531	776.7030	29509.3320	30642.6680	
26	304.888	991.0150	29495.0000	30873.3340	
27	311.239	702.9949	31490.6680	32611.6680	
28	317.584	677.2473	27623.0000	28761.3320	
29	323.923	754.8958	29260.3359	30441.6680	
30	330.256	802.2122	29458.0000	30652.0000	
31	336.583	615.1965	29022.3320	29994.6680	
32	342.905	470.8429	29632.3320	30425.6660	
33	349.220	409.2408	27768.0000	28437.0000	
34	355.529	413.8058	25811.6680	26599.6680	
35	361.833	406.9697	30897.6680	31435.6680	
36	368.130	425.4943	24936.0000	25609.0000	
37	374.421	270.7997	26766.6680	27226.6680	
38	380.707	239.5250	27609.6641	28038.3340	
39	386.986	286.1605	27442.6680	27838.6660	
40	393.259	387.2979	23278.6680	23855.0000	
41	399.526	298.1538	26805.0000	27305.0000	
42	405.787	184.0096	23092.3320	23491.0000	
43	412.042	329.5276	16800.6680	17357.6660	
44	418.291	409.3854	21059.6660	21709.3340	
45	424.534	748.3070	18650.3320	19685.6660	
46	430.771	885.5624	15365.6660	16585.0000	
47	437.001	1075.8170	9397.6670	10854.0000	
48	443.226	807.0734	10485.0000	11719.3340	
49	449.444	345.5396	15614.3320	16449.3320	
50	455.656	448.4016	10331.0000	11322.3330	
51	461.862	399.2645	9855.6660	10851.3330	
52	468.062	418.1265	9279.3330	10347.3330	
53	474.256	360.6381	13097.0000	13900.3340	
54	480.443	599.3159	7164.0000	8487.3330	
55	486.624	909.2447	5218.6665	6889.0000	
56	492.800	723.1823	8839.3330	10341.3330	
57	498.968	561.1720	11326.0000	12655.3330	
58	505.131	384.4948	10045.6670	11187.6660	
59	511.288	408.1531	5586.6665	6741.6670	
60	517.438	370.1431	8895.0000	10001.3340	
61	523.582	584.3135	9370.0000	10645.6670	
62	529.719	472.1522	7133.6660	8252.3340	
63	535.851	348.6547	8530.6670	9481.0000	
64	541.976	549.4927	5686.0000	6792.3335	
65	548.095	249.9957	11592.6670	12354.6660	
66	554.207	393.3339	17834.3340	18526.6660	
67	560.313	579.6718	18260.3340	19262.3340	
68	566.413	608.1775	13095.0000	14080.6680	
69	572.507	420.8197	8107.6670	8869.6670	
70	578.594	559.1091	3868.6665	4745.6665	
71	584.675	636.2738	3245.0000	4168.3330	
72	590.749	561.1058	6277.6670	7095.0000	
73	596.817	270.0410	13167.6660	13666.3330	
74	602.879	214.9754	15371.6660	15787.6660	
75	608.935	212.9108	14751.0000	15137.3340	
76	614.983	286.8441	18320.3340	18753.0000	
77	621.026	434.8609	17261.3340	17866.0000	
78	627.062	413.9871	15164.3340	15719.3340	
79	633.092	543.2789	13089.3340	13820.3320	
80	639.115	698.0753	14454.0000	15360.6680	
81	645.132	735.5337	18275.3340	19240.3340	
82	651.142	1020.6599	14222.3340	15493.3340	
83	657.146	1227.7861	8495.0000	9994.0000	
84	663.143	1202.2456	8064.0000	9558.3330	
85	669.134	1265.8373	8702.6670	10244.3340	
86	675.118	888.4275	4984.6670	6132.6665	
87	681.096	735.6857	8348.3330	9327.3330	
88	687.068	380.6112	14901.6660	15509.3340	
89	693.032	404.9283	13298.0000	13937.6660	
90	698.991	597.5803	8365.6670	9205.6660	
91	704.942	350.1429	13027.0000	13639.6670	
92	710.888	325.7379	13278.6660	13868.0000	
93	716.826	299.2654	10913.3340	11582.0000	
94	722.758	248.7101	13956.0000	14463.3320	
95	728.683	288.5708	10993.3340	11702.3330	
96	734.602	273.0183	13578.3320	14322.3340	
97	740.514	239.4611	15749.0000	16510.0000	
98	746.420	538.8609	16423.0000	17521.3320	
99	752.319	1371.2102	19968.3340	21947.0000	
100	758.211	2809.8931	16614.0000	20079.3340	
101	764.097	2135.1685	20535.3320	23347.3340	
102	769.976	967.1061	18240.3340	19905.6660	
103	775.848	677.7155	18173.0000	19570.3340	
104	781.714	837.3234	18974.0000	20552.3340	
105	787.573	932.7741	21633.3320	23316.6660	
106	793.425	874.5587	22161.0000	23795.6680	
107	799.271	1125.0055	25377.6680	27272.3320	
108	805.109	964.7925	23379.3320	25123.3320	
109	810.942	430.8881	23255.6660	24446.3320	
110	816.767	250.9857	20375.6660	21367.0000	
111	822.586	196.4134	22930.6680	23848.0000	
112	828.397	147.0948	23012.0000	23872.3340	
113	834.202	184.2326	24595.0000	25473.0000	
114	840.001	658.3704	24002.3340	25335.0000	
115	845.792	733.8420	26194.6680	27583.3340	
116	851.577	583.9838	24070.3320	25289.6680	
117	857.355	334.6812	26772.3320	27753.3320	
118	863.126	332.3789	25917.6680	26907.3320	
119	868.890	394.0665	26305.0000	27356.0000	
120	874.648	524.3707	21869.6660	23068.6680	
121	880.398	557.7926	22789.0000	24040.3340	
122	886.142	672.5505	23360.6660	24745.6680	
123	891.879	595.3085	27128.6660	28455.3359	
124	897.609	305.7289	26746.6680	27802.6680	
125	903.332	248.5222	21860.6660	22874.6660	
126	909.048	375.9815	23333.3340	24490.0000	
127	914.757	493.1127	26413.6641	27702.6680	
128	920.459	563.5661	23853.0000	25227.6641	
129	926.155	434.6953	26079.6680	27340.6680	
130	931.843	372.8226	20332.6660	21547.0000	
131	937.525	324.6140	20566.0000	21747.3320	
132	943.199	473.4068	22291.0000	23636.3320	
133	948.867	410.1798	23218.3340	24523.0000	
134	954.528	616.1295	19677.6660	21189.6660	
135	960.181	471.0753	24172.3340	25540.6641	
136	965.828	210.6928	23555.0000	24664.3320	
137	971.468	307.0381	22918.0000	24114.3340	
138	977.100	480.0475	17828.0000	19188.0000	
139	982.726	371.3907	20104.0000	21346.0000	
140	988.344	402.2656	21986.6680	23237.0000	
141	993.956	376.0989	22690.6680	23915.0000	
142	999.560	417.6003	21370.3320	22636.3320	
143	1005.158	361.7656	23826.0000	25036.3320	
144	1010.748	604.6009	23066.6660	24520.0000	
145	1016.331	529.0983	22511.6680	23889.6660	
146	1021.907	372.6015	23171.3320	24393.0000	
147	1027.476	379.7650	22593.3340	23822.3320	
148	1033.038	411.2681	21352.6660	22613.3340	
149	1038.593	417.5371	23860.6660	25124.3320	
150	1044.141	353.4739	21787.6680	22984.0000	
151	1049.681	375.7487	22656.3320	23871.6680	
152	1055.215	367.0157	18123.6680	19327.0000	
153	1060.741	312.6837	22667.6680	23808.6660	
154	1066.260	437.3698	22033.3340	23303.3340	
155	1071.772	491.2843	22626.6680	23938.3320	
156	1077.276	726.8707	23026.0000	24561.0000	
157	1082.774	684.2059	22836.0000	24313.3320	
158	1088.264	416.5431	17783.6680	18978.3340	
159	1093.747	260.8803	23931.0000	24955.0000	
160	1099.223	367.2156	24445.6680	25561.0000	
161	1104.691	441.7533	26535.6680	27699.6680	
162	1110.152	390.1631	24247.6680	25356.3359	
163	1115.606	399.2389	25820.3320	26934.3340	
164	1121.053	349.6448	23747.6660	24808.3320	
165	1126.493	308.8577	26103.0000	27123.6680	
166	1131.925	373.0685	25992.0000	27077.6680	
167	1137.349	294.2755	26460.6680	27468.3320	
168	1142.767	409.1542	24347.6680	25471.0000	
169	1148.177	529.9607	27139.3320	28391.0000	
170	1153.580	769.4312	27792.0000	29290.6680	
171	1158.975	798.9017	27198.3320	28734.0000	
172	1164.364	593.3722	26717.3320	28055.0000	
173	1169.744	479.1732	30828.6641	32055.0000	
174	1175.118	350.3024	28799.6680	29900.0000	
175	1180.484	305.6101	31989.3340	33061.3320	
176	1185.843	330.8769	30380.0000	31474.3320	
177	1191.194	218.1455	31543.3320	32522.0000	
178	1196.538	351.7424	30915.6680	32025.0000	
179	1201.874	487.6790	33081.0000	34323.3359	
180	1207.203	622.6117	30891.3320	32265.6680	
181	1212.525	634.3711	32982.0000	34360.6641	
182	1217.839	687.8285	32033.6680	33445.0000	
183	1223.145	698.0490	33515.6680	34935.0000	
184	1228.444	752.6055	33378.6641	34850.3320	
185	1233.736	551.0234	35388.0000	36659.0000	
186	1239.020	458.7736	34774.3359	35954.0000	
187	1244.297	310.8595	34631.3359	35664.0000	
188	1249.566	296.9499	34598.0000	35617.6680	
189	1254.828	328.9995	38213.0000	39291.0000	
190	1260.082	328.3847	36338.3320	37442.0000	
191	1265.328	284.4344	38841.3320	39927.3320	
192	1270.567	427.1518	38610.0000	39865.0000	
193	1275.799	477.8692	40345.3320	41677.3320	
194	1281.022	448.9189	38681.6680	40011.0000	
195	1286.239	615.9720	40411.3320	41934.0000	
196	1291.448	897.6686	39736.0000	41582.3359	
197	1296.649	853.6462	41854.3320	43647.3320	
198	1301.842	790.6238	40474.6680	42195.3320	
199	1307.028	754.6093	42563.6641	44239.0000	
200	1312.206	837.2509	41363.0000	43111.6641	
201	1317.377	401.4952	43169.6680	44449.3320	
202	1322.540	251.0754	41962.6680	43058.6680	
203	1327.695	484.7861	43574.0000	44854.3359	
204	1332.843	562.8884	42251.0000	43581.6680	
205	1337.982	390.7040	44600.0000	45755.3320	
206	1343.115	278.1921	42882.3320	43922.0000	
207	1348.239	279.0947	45112.6641	45968.6680	
208	1353.356	408.8316	43143.6641	44307.6680	
209	1358.465	337.9793	46092.0000	47182.0000	
210	1363.567	789.1314	44848.0000	46386.0000	
211	1368.660	1160.9509	47064.6680	48971.3359	
212	1373.746	1589.4353	45550.0000	47882.0000	
213	1378.824	1581.0615	47635.6680	49954.3320	
214	1383.894	1139.6958	45843.3320	47715.6680	
215	1388.957	412.3224	48077.0000	49217.0000	
216	1394.012	216.2847	46164.0000	47103.0000	
217	1399.059	0.0000	48323.6641	49035.0000	
218	1404.098	120.7114	46236.3320	47031.3359	
219	1409.129	394.4160	48256.3359	49288.0000	
220	1414.153	951.4646	46174.3320	47726.0000	
221	1419.169	1252.4834	48366.3359	50196.6641	
222	1424.176	1842.5149	46524.3359	48922.3359	
223	1429.176	3313.5454	48209.6641	52056.3359	
224	1434.168	5221.3564	46347.0000	52059.0000	
225	1439.153	5448.4111	48354.6680	54245.3359	
226	1444.129	5543.1211	46447.3359	52384.3281	
227	1449.097	5334.8477	48364.3320	54044.6641	
228	1454.058	4981.2412	46095.3320	51373.6719	
229	1459.011	4015.9702	48521.0000	52730.3359	
230	1463.955	3175.0396	45637.6641	48902.3359	
231	1468.892	2423.7681	47151.6641	49561.3320	
232	1473.821	1602.8335	44757.3320	46242.3320	
233	1478.742	918.4238	46497.6680	47210.6680	
234	1483.655	615.3456	43939.6680	44262.0000	
235	1488.559	294.6039	46602.0000	46516.0000	
236	1493.456	380.8625	44564.6641	44477.3320	
237	1498.345	248.8268	47088.0000	46718.0000	
238	1503.226	279.7224	45450.3320	45175.3320	
239	1508.099	302.2554	45581.3320	45164.0000	
240	1512.964	346.8714	37073.3359	36868.6680	
241	1517.821	271.9884	43370.3320	42912.0000	
242	1522.669	251.6044	46130.6641	45607.3320	
243	1527.510	250.8036	49307.0000	48654.6680	
244	1532.343	311.9203	47357.6641	46852.0000	
245	1537.167	372.7831	49658.6680	49065.0000	
246	1541.984	404.9120	47904.6641	47447.3359	
247	1546.792	383.5405	50018.6641	49551.0000	
248	1551.593	523.0859	48589.0000	48297.3359	
249	1556.385	753.9641	51368.6680	51370.3359	
250	1561.169	1535.1782	49024.6641	49870.0000	
251	1565.945	1588.0598	51210.3281	52171.0000	
252	1570.712	878.2629	50436.3359	50749.6641	
253	1575.472	500.8520	51889.0000	51805.6641	
254	1580.223	338.0222	49324.0000	49279.6641	
255	1584.967	184.3618	51359.0000	51162.6719	
256	1589.702	226.9431	47995.3320	47903.0000	
257	1594.429	246.5283	47213.0000	47201.6680	
258	1599.147	301.4450	46486.0000	46591.0000	
259	1603.858	302.1520	51594.0000	51782.3359	
260	1608.560	863.3086	50178.3359	50971.6641	
261	1613.254	1042.5181	52639.3281	53677.0000	
262	1617.940	1138.7117	51827.0000	53026.0000	
263	1622.617	1220.9050	53066.3359	54412.6641	
264	1627.286	2034.1143	50530.0000	52754.6719	
265	1631.947	2897.9517	51257.0000	54379.0000	
266	1636.600	3625.3691	48569.6641	52429.0000	
267	1641.244	4021.3921	52199.6680	56461.0000	
268	1645.880	4545.7534	49579.3320	54371.0000	
269	1650.508	3252.1528	52451.3359	55872.3359	
270	1655.128	2580.2192	48453.0000	51125.0000	
271	1659.739	2149.6143	51684.3359	53848.6641	
272	1664.341	2290.0166	50623.3359	52851.0000	
273	1668.936	2555.0908	52313.3281	54729.0000	
274	1673.522	3079.1504	49361.0000	52223.6641	
275	1678.099	3113.2163	49253.0000	52072.6641	
276	1682.669	1800.9565	48385.0000	49815.3359	
277	1687.230	754.9965	47881.3320	48173.3359	
278	1691.782	413.3657	48500.0000	48358.0000	
279	1696.326	211.6572	52686.6641	52168.6719	
280	1700.862	289.3283	47622.0000	47130.0000	
281	1705.389	221.7026	48204.6641	47612.3359	
282	1709.908	252.9855	45268.6680	44619.0000	
283	1714.418	303.2971	51138.3359	50387.0000	
284	1718.920	391.9203	46516.3320	45829.3359	
285	1723.413	391.0778	46354.6680	45652.6680	
286	1727.898	385.4194	39559.6641	38922.6680	
287	1732.375	338.7546	46560.0000	45744.3359	
288	1736.842	355.2837	46173.0000	45377.0000	
289	1741.302	384.8159	44539.3320	43776.0000	
290	1745.753	420.3445	40523.6680	39799.0000	
291	1750.195	376.2096	46066.6680	45301.0000	
292	1754.629	372.7418	44318.0000	43552.0000	
293	1759.054	414.8034	43429.3320	42645.6641	
294	1763.471	432.0316	36982.0000	36362.6680	
295	1767.879	441.6762	42186.0000	41420.6680	
296	1772.278	454.4057	45528.3359	44792.6680	
297	1776.669	462.0810	40081.6641	39377.6680	
298	1781.051	464.5836	35971.0000	35320.3359	
299	1785.425	441.1721	36513.3359	35754.0000	
300	1789.790	411.7607	35423.6680	34776.6680	
301	1794.147	370.1124	37096.3320	36343.6680	
302	1798.494	336.4979	41198.3320	40475.0000	
303	1802.833	263.8804	41217.0000	40370.6641	
304	1807.164	332.1017	41626.0000	40849.0000	
305	1811.486	344.3192	36654.0000	35890.3320	
306	1815.799	421.2046	33746.6680	33061.0000	
307	1820.103	453.7581	34816.6680	34164.6680	
308	1824.399	451.1345	34270.3320	33605.6641	
309	1828.686	289.2278	38323.3359	37515.0000	
310	1832.964	377.9931	37051.6680	36350.3359	
311	1837.234	405.4206	32212.0000	31556.3340	
312	1841.495	414.4310	32571.6680	32021.0000	
313	1845.747	368.7413	34663.6680	33981.3320	
314	1849.990	330.3015	38534.3320	37909.3320	
315	1854.225	319.9241	36839.6680	36106.3359	
316	1858.451	331.9222	34456.3320	33857.0000	
317	1862.668	389.6571	31873.0000	31179.6641	
318	1866.876	497.3954	29570.0000	29172.6680	
319	1871.075	456.8773	24095.6680	23679.3320	
320	1875.266	413.0355	24773.3320	24334.6680	
321	1879.448	424.6857	26447.6680	25914.6680	
322	1883.620	561.3232	19729.0000	19495.0000	
323	1887.784	552.0819	17076.0000	16842.6660	
324	1891.940	526.1740	19634.0000	19384.6660	
325	1896.086	444.5681	23648.3320	23294.0000	
326	1900.223	415.0439	18922.6660	18652.3340	
327	1904.352	391.8535	26930.6680	26457.3320	
328	1908.471	370.9955	26867.6680	26476.6641	
329	1912.582	383.2161	23751.3320	23280.6660	
330	1916.684	425.3368	25273.3359	24896.0000	
331	1920.777	398.6891	20638.6660	20318.6660	
332	1924.861	329.4152	24561.6680	24105.6680	
333	1928.936	290.0446	25701.6680	25223.6680	
334	1933.002	388.3395	23868.3340	23506.0000	
335	1937.059	432.3024	17962.3320	17661.3320	
336	1941.107	336.3489	21807.3340	21510.0000	
337	1945.146	213.5627	23676.3320	23191.3340	
338	1949.176	246.1897	24129.6680	23694.6680	
339	1953.197	335.8191	19620.0000	19292.0000	
340	1957.209	661.7825	10331.6660	10347.0000	
341	1961.212	463.7338	11867.0000	11727.3340	
342	1965.206	420.3506	13971.6660	13831.6660	
343	1969.191	395.3554	11476.0000	11366.6670	
344	1973.167	428.7397	9527.3340	9514.6670	
345	1977.134	528.1606	4791.6665	4945.6665	
346	1981.092	499.5185	1952.6665	2195.6665	
347	1985.041	432.2739	4513.6670	4668.3330	
348	1988.980	391.1729	5103.0000	5232.0000	
349	1992.911	390.3036	1909.6667	2223.6667	
350	1996.832	366.9195	941.6666	1219.0000	
351	2000.744	413.1307	1365.3334	1682.0000	
352	2004.647	433.5923	413.0000	761.3334	
353	2008.541	434.0549	627.0000	987.0000	
354	2012.426	415.6622	-53.6667	349.6667	
355	2016.301	390.6442	443.0000	782.0000	
356	2020.168	390.0232	-278.3333	52.6667	
357	2024.025	381.2427	431.0000	823.0000	
358	2027.873	359.2112	-212.6667	123.6667	
359	2031.712	352.8464	344.0000	674.3333	
360	2035.542	345.3157	-276.3333	96.6667	
361	2039.362	356.2947	356.6667	672.0000	
362	2043.173	368.6066	-321.6667	19.6667	
363	2046.975	397.5854	294.3333	658.3334	
364	2050.768	400.2038	-341.6667	2.3333	
365	2054.551	400.6531	264.3333	652.3333	
366	2058.325	402.6858	-304.3333	59.6667	
367	2062.090	402.6351	293.0000	659.0000	
368	2065.846	387.3344	-279.3333	73.0000	
369	2069.592	387.7837	254.3333	592.6667	
370	2073.329	390.3997	-239.3333	133.6667	
371	2077.056	406.8428	400.0000	747.6666	
372	2080.775	405.4806	-266.6667	96.3333	
373	2084.484	394.9813	286.6667	639.6667	
374	2088.183	390.1487	-208.6667	174.3333	
375	2091.873	378.8160	110.3333	433.6667	
376	2095.554	372.7337	-247.6667	113.6667	
377	2099.226	380.8613	318.3333	643.6666	
378	2102.887	382.8223	-142.6667	233.6667	
379	2106.540	380.0332	241.0000	589.0000	
380	2110.183	384.3479	-380.0000	-35.0000	
381	2113.817	395.1453	-638.6666	-283.0000	
382	2117.442	432.9636	-92.0000	296.0000	
383	2121.056	400.4486	289.3333	639.3334	
384	2124.662	386.6000	-422.0000	-91.3333	
385	2128.258	370.5035	289.6667	614.3334	
386	2131.844	373.5607	-345.0000	-1.6667	
387	2135.421	377.7012	232.6667	519.3333	
388	2138.989	387.9254	-38.6667	287.6667	
389	2142.547	392.8253	410.0000	741.6667	
390	2146.095	382.0585	-353.0000	-31.6667	
391	2149.635	387.7917	323.0000	618.0000	
392	2153.164	408.1512	-548.0000	-212.0000	
393	2156.684	405.2538	122.0000	473.3333	
394	2160.194	398.7730	-207.0000	110.3333	
395	2163.695	390.3756	350.0000	693.6667	
396	2167.186	388.7286	-239.3333	86.6667	
397	2170.668	388.8447	177.0000	510.6667	
398	2174.140	392.7108	-370.0000	-43.3333	
399	2177.603	400.5767	195.3333	540.3333	
400	2181.055	397.6927	-148.3333	194.0000	
401	2184.499	369.8088	499.0000	813.6666	
402	2187.932	380.9248	-244.3333	81.6667	
403	2191.356	426.3741	-15.6667	356.0000	
404	2194.770	416.9064	-321.0000	52.0000	
405	2198.175	401.2113	378.3333	716.3334	
406	2201.570	386.3325	-258.0000	109.0000	
407	2204.955	353.1752	425.0000	743.6667	
408	2208.331	344.5175	-99.6667	213.0000	
409	2211.697	372.7964	467.6667	809.6666	
410	2215.053	391.4087	-381.6667	-18.3333	
411	2218.399	386.4378	350.0000	701.6666	
412	2221.736	382.7999	-314.0000	75.6667	
413	2225.063	395.2808	377.0000	703.3334	
414	2228.380	406.6200	-557.3334	-204.3333	
415	2231.688	426.8758	154.6667	540.3333	
416	2234.985	411.7566	-585.6666	-215.6667	
417	2238.273	392.9708	343.3333	694.0000	
418	2241.552	380.1850	-57.3333	280.0000	
419	2244.820	370.0658	329.6667	656.3333	
420	2248.078	383.9469	-128.3333	211.6667	
421	2251.327	387.7375	292.0000	633.0000	
422	2254.566	433.1948	-407.6667	-24.0000	
423	2257.795	413.9855	249.6667	611.3334	
424	2261.014	413.7764	-200.3333	158.3333	
425	2264.223	371.1552	811.3334	1124.0000	
426	2267.423	373.8675	343.3333	655.3334	
427	2270.612	382.1738	598.6667	891.6666	
428	2273.792	388.6700	-263.6667	127.3333	
429	2276.962	386.0419	245.3333	567.0000	
430	2280.122	377.9973	-194.6667	133.3333	
431	2283.271	379.7027	649.3334	981.6667	
432	2286.411	403.3247	-272.3333	99.6667	
433	2289.542	400.4467	298.6667	661.3333	
434	2292.662	403.4907	-91.3333	276.0000	
435	2295.772	382.1816	420.3333	751.6667	
436	2298.872	393.5384	-518.6667	-174.6667	
437	2301.962	402.7661	347.6667	698.6666	
438	2305.042	404.4939	-230.3333	135.6667	
439	2308.113	397.2216	260.6667	601.6667	
440	2311.173	393.7820	-97.3333	238.0000	
441	2314.223	374.1072	1195.0000	1507.6666	
442	2317.263	335.0992	1242.6666	1513.3333	
443	2320.293	388.4245	563.3333	884.3334	
444	2323.313	427.4160	-450.3333	-93.3333	
445	2326.323	420.6558	445.0000	838.0000	
446	2329.323	394.7288	87.6667	406.3333	
447	2332.313	368.2184	1736.3333	2025.6665	
448	2335.293	383.6501	501.6666	816.0000	
449	2338.262	389.3867	438.0000	768.6667	
450	2341.222	388.7065	271.0000	565.6667	
451	2344.172	384.6931	890.3334	1226.3334	
452	2347.111	388.1800	-454.3334	-147.3333	
453	2350.040	386.2733	618.3334	928.3334	
454	2352.959	382.1165	119.6667	423.6667	
455	2355.868	394.2030	1065.6666	1409.3334	
456	2358.767	366.0179	974.3334	1254.0000	
457	2361.655	394.6147	1949.3333	2224.6667	
458	2364.534	429.8782	307.0000	646.6666	
459	2367.402	422.8083	623.3333	954.0000	
460	2370.260	384.7371	985.6666	1276.3334	
461	2373.107	385.6006	1648.3334	1934.0000	
462	2375.945	390.6517	509.6667	803.0000	
463	2378.772	385.4736	1595.6666	1898.6665	
464	2381.589	361.2747	1602.3333	1849.3333	
465	2384.396	380.9925	861.6666	1123.3334	
466	2387.192	442.3768	-60.0000	258.0000	
467	2389.979	404.7613	623.6666	899.0000	
468	2392.755	392.0637	610.6667	854.0000	
469	2395.520	372.6797	1627.3333	1910.6667	
470	2398.276	351.4100	1855.3333	2083.6665	
471	2401.021	361.8073	2050.6667	2290.3335	
472	2403.755	398.2041	-337.3333	-28.0000	
473	2406.479	396.1380	499.3333	777.0000	
474	2409.194	394.5717	-5.0000	276.3333	
475	2411.897	354.1722	1354.0000	1591.6667	
476	2414.591	386.1215	264.3333	480.0000	
477	2417.273	442.5168	615.0000	927.6666	
478	2419.946	400.4954	234.3333	502.6667	
479	2422.608	390.6406	943.6667	1179.0000	
480	2425.260	402.6192	123.3333	417.3334	
481	2427.901	410.0145	748.3333	975.3334	
482	2430.532	412.3264	-272.3333	34.6667	
483	2433.152	399.3883	508.3334	764.0000	
484	2435.762	338.9507	1714.6667	1719.3335	
485	2438.362	367.6524	821.0000	1097.6666	
486	2440.951	383.1250	-227.3333	7.3333	
487	2443.530	398.6601	671.6667	920.6666	
488	2446.098	401.9869	-61.6667	172.0000	
489	2448.655	401.7523	279.6667	524.3334	
490	2451.202	391.8976	-149.3333	89.3333	
491	2453.739	396.0207	658.6666	902.0000	
492	2456.265	390.3740	63.6667	362.6667	
493	2458.781	379.2869	881.0000	1107.3333	
494	2461.286	380.6792	-225.3333	3.0000	
495	2463.780	402.0714	595.3333	845.6666	
496	2466.264	390.7969	-179.0000	60.6667	
497	2468.737	386.1891	596.3333	832.0000	
498	2471.200	389.2479	-71.0000	168.3333	
499	2473.652	409.3069	746.3333	1006.3334	
500	2476.094	413.0310	283.6667	548.0000	
501	2478.525	402.7866	490.6667	743.3333	
502	2480.945	383.2089	40.0000	261.6667	
503	2483.354	384.6311	626.6667	860.0000	
504	2485.754	373.3867	-224.0000	-5.0000	
505	2488.142	372.8090	285.6667	502.6667	
506	2490.520	387.8979	-218.6667	-14.0000	
507	2492.887	421.6535	431.3333	694.3333	
508	2495.243	398.0757	-357.6667	-119.6667	
509	2497.589	389.2271	557.0000	779.0000	
510	2499.924	413.5869	177.6667	428.3333	
511	2502.248	360.0092	455.3333	651.0000	
