resultName	chilca0-18
resultName	chilca0-18
ID	RS20191213122252_P19331194
Command	SCANANDSEARCH
User	Admin
Application	_Analyze
SerialNumber	P19331194
Power	280
Integration	900
Averages	3
AutoExposure	Off
AutoCollect	Off
QuickCollect	Off
AutoBackground	On
BaselineCorrection	On
Algorithm	Wavelet
Searched Library	All,None,None,None
MixtureComponents	2
matchThreshold	0.75
displayMatches	1
Threshold	0.80
WL Start	
WL End	
ServerVersion	3.180316
FirmwareVersion	
date	2019-12-13
time	12:22:52
scanindex	0
specpath	RS20191213122252_P19331194.xml
Search Range	200 - 2500
Synced	false
lastCalDateTime	2019-12-13 10:05:29
lastCalUser	Admin
lastCalResult	PASS
lastVerifyDateTime	2019-10-16 15:05:37
lastVerifyUser	Admin
lastVerifyResult	PASS
selectedMaterial	
result	No Match
ValidationGUID	
ValidationMatchQuality	
topMatch	
topMatchGUID	
topMatchQuality	
secondMatch	
secondMatchGUID	
secondMatchQuality	
thirdMatch	
thirdMatchGUID	
thirdMatchQuality	
fourthMatch	
fourthMatchGUID	
fourthMatchQuality	
fifthMatch	
fifthMatchGUID	
fifthMatchQuality	
signedBy	
signedDateTime	
softwareVer	1.7.0.21
memo	
batchID	
inBatch	false
batchUID	
batchCID1	
batchCIDlbl1	
batchCID2	
batchCIDlbl2	
batchCID3	
batchCIDlbl3	
batchCID4	
batchCIDlbl4	
batchCID5	
batchCIDlbl5	
signedTitle	
signedReason	
rescanned	
barcode	
topMatchContribs	
secondMatchContribs	
thirdMatchContribs	
fourthMatchContribs	
fifthMatchContribs	
ValidationMatchContribs	
Threat	
PrecursorList	
CompundName	
WindowStart4C	
MatchLibrary	
lastModified	2019/12/13 12:23
Signal2Noise	100.00
Detector TEC SetPoint	0x8000
Detector Temp	4.98
Laser Temp	25.37
OE1 Temp	35.62
OE2 Temp	39.44
Detector Gain	200
SaturationDetected	false
InterpolatedPixelList	
PeakList	 305.3	1615	330.0	1532	361.2	1125	427.1	1363	448.0	991	497.8	1524	525.2	1322	560.4	2433	651.4	1881	760.1	5068	798.1	2147	890.8	1275	1158.7	1456	1297.1	1712	1305.6	1358	1377.7	2748	1440.2	8758	1565.4	2946	1614.7	3056	1645.1	6667	1676.6	5630
index	Raman Shift (cm-1)	Y value (counts)	background (counts)	raw value (counts)
0	137.589	548.6668	32684.3340	39660.6641	
1	144.103	688.9763	34869.6680	41872.0000	
2	150.611	668.6203	36483.6680	43351.3359	
3	157.114	761.9241	36513.6680	43360.3320	
4	163.610	815.2356	36667.0000	43452.6680	
5	170.101	964.2116	39137.0000	45957.3359	
6	176.586	960.8473	38786.3359	45489.0000	
7	183.065	779.4947	37658.6641	44065.6680	
8	189.538	717.7990	36847.0000	43078.0000	
9	196.005	834.7745	40015.0000	46248.6680	
10	202.467	574.0826	39892.6680	45751.3359	
11	208.922	646.7222	40475.6680	46292.6680	
12	215.372	571.0297	39577.3320	45204.3320	
13	221.815	615.0567	40704.0000	46302.6680	
14	228.253	622.6558	41784.0000	47290.3320	
15	234.685	647.0768	41810.3320	47336.6680	
16	241.111	412.8263	37337.0000	42624.6680	
17	247.531	759.9073	39617.0000	45247.3320	
18	253.945	574.9924	36650.3320	42091.3320	
19	260.353	820.4099	38734.6680	44416.6680	
20	266.755	605.4949	34931.0000	40393.6680	
21	273.151	674.5542	39821.6641	45389.6680	
22	279.541	443.6100	38046.3320	43419.6680	
23	285.925	593.0014	35922.6641	41481.6680	
24	292.303	974.3884	35255.3320	41232.0000	
25	298.675	1327.3441	34096.3320	40446.3320	
26	305.041	1614.9678	34502.6680	41160.6680	
27	311.401	1569.5879	36397.3359	43030.3320	
28	317.754	1010.2825	31976.3320	38109.0000	
29	324.102	1248.8313	33261.3320	39537.0000	
30	330.444	1532.0433	33654.3320	40117.6641	
31	336.780	997.5917	33169.3320	39002.6641	
32	343.109	958.8040	33727.6680	39426.6641	
33	349.433	758.3563	31182.6680	36585.6680	
34	355.750	631.9026	28073.3340	33254.3320	
35	362.061	1125.1299	34974.3359	40513.6680	
36	368.366	541.2707	27903.0000	32731.0000	
37	374.665	563.2587	29134.0000	33878.6641	
38	380.958	603.9189	30629.6641	35309.6641	
39	387.245	760.9113	30830.3320	35562.0000	
40	393.526	741.9041	25293.0000	29900.3359	
41	399.800	1014.7050	29136.0000	33899.6680	
42	406.068	609.1705	25392.6680	29634.3320	
43	412.330	188.9773	17277.3320	20982.3340	
44	418.586	817.1105	21561.6660	25778.3320	
45	424.835	1362.7589	19942.6660	24597.6660	
46	431.079	1290.4072	15224.6660	19700.0000	
47	437.316	757.3895	9634.6660	13469.6680	
48	443.547	681.7855	9585.0000	13171.6660	
49	449.771	991.0896	15632.3340	19511.3340	
50	455.990	450.1615	10287.6670	13543.0000	
51	462.202	409.9001	9130.0000	12262.3330	
52	468.408	507.6392	8598.0000	11745.3330	
53	474.607	726.8333	12765.6660	16179.6660	
54	480.801	769.7777	7002.3330	10252.0000	
55	486.988	972.4713	4466.3335	7949.6660	
56	493.168	1241.3142	8593.0000	12278.3330	
57	499.343	1523.9015	10311.6670	14268.0000	
58	505.511	1179.8228	10093.6670	13694.3340	
59	511.672	362.0762	5013.0000	7784.3330	
60	517.828	778.9963	7842.0000	11018.6660	
61	523.977	1321.8643	9185.0000	12830.0000	
62	530.119	838.0652	6233.0000	9319.6670	
63	536.255	725.2661	7760.3330	10659.6670	
64	542.385	673.4666	5092.6665	7865.6670	
65	548.509	955.6670	9893.3330	12874.0000	
66	554.626	1701.8699	16915.3320	20567.6680	
67	560.736	2433.0679	17549.0000	21858.0000	
68	566.840	1728.2670	12072.6670	15602.3320	
69	572.938	714.3907	7425.0000	9918.6670	
70	579.030	168.8773	3410.3335	5361.6665	
71	585.114	0.0000	2434.0000	4209.6670	
72	591.193	305.4542	5108.3335	7182.6665	
73	597.265	720.8708	10382.6670	12896.3340	
74	603.330	844.7867	13253.0000	15948.6680	
75	609.389	820.8694	12446.3340	14944.6660	
76	615.442	1073.7845	14547.6680	17486.0000	
77	621.488	1290.9520	14621.6660	17763.6660	
78	627.527	867.2595	12209.0000	14921.3320	
79	633.560	837.2357	9793.3330	12469.6660	
80	639.586	1246.8782	10596.0000	13676.0000	
81	645.606	1655.1876	13343.6660	16826.0000	
82	651.620	1881.4956	10869.6670	14572.3340	
83	657.626	1663.4713	5707.6670	9186.3340	
84	663.626	1134.9465	5229.3330	8241.6670	
85	669.620	906.7029	5607.0000	8628.6670	
86	675.607	597.9592	3076.3333	5340.3335	
87	681.587	684.8825	4845.3330	7124.6670	
88	687.561	802.7225	9642.0000	12081.6670	
89	693.528	813.6228	8464.3330	10753.3330	
90	699.489	821.3566	4959.3335	7253.6670	
91	705.443	764.6679	7776.0000	10068.0000	
92	711.390	735.1846	7842.6660	10104.6660	
93	717.331	524.8786	6518.3330	8683.0000	
94	723.265	312.9060	8066.3330	10132.0000	
95	729.192	225.5989	6674.0000	8765.3330	
96	735.113	354.6264	7676.6670	10010.0000	
97	741.026	553.9879	9528.0000	12173.6670	
98	746.934	1030.7930	9707.6670	12914.6660	
99	752.834	2688.6472	12282.0000	17264.6680	
100	758.728	5068.4961	9827.6670	17308.0000	
101	764.615	4659.4536	12496.3320	19636.0000	
102	770.495	1845.7416	10852.6670	15247.0000	
103	776.369	1145.0306	10871.0000	14633.0000	
104	782.236	1257.3198	11038.3330	14981.0000	
105	788.096	1739.3032	12788.0000	17249.6660	
106	793.949	1722.9530	12795.6680	17278.0000	
107	799.795	2147.2729	15096.6660	20040.3340	
108	805.635	1465.5862	13243.3340	17542.3320	
109	811.468	750.9211	13323.3320	16884.0000	
110	817.294	459.0020	11161.3340	14254.3340	
111	823.113	372.9171	12564.6660	15785.0000	
112	828.925	364.1136	12407.0000	15513.3340	
113	834.731	444.2454	13492.6660	16614.3340	
114	840.530	630.2093	12944.6680	16278.0000	
115	846.322	1095.5916	14272.0000	18036.6660	
116	852.107	817.6439	12915.6660	16368.3340	
117	857.885	725.9351	14293.3340	17665.3340	
118	863.656	619.7278	13906.6660	17049.6680	
119	869.420	695.5076	13845.3340	17193.3320	
120	875.177	688.5131	11306.3340	14550.6680	
121	880.928	976.0857	11432.3330	15024.0000	
122	886.672	1110.0754	11736.3330	15434.3340	
123	892.408	1275.3967	13534.3340	17370.0000	
124	898.138	798.3869	13269.0000	16600.0000	
125	903.861	480.7294	10507.0000	13493.3340	
126	909.576	561.4052	10579.3330	13619.3340	
127	915.285	940.7468	12186.0000	15578.3340	
128	920.987	1078.0884	10312.3330	13815.0000	
129	926.682	885.7640	11424.0000	14707.3340	
130	932.370	589.4385	8479.3340	11439.3340	
131	938.051	516.7803	8345.6670	11206.0000	
132	943.724	661.7894	8715.3330	11693.6670	
133	949.391	778.4633	9143.3330	12245.6660	
134	955.051	953.6575	7149.3340	10419.6670	
135	960.704	959.5184	8800.0000	12069.0000	
136	966.349	580.7109	8382.3340	11265.3330	
137	971.988	600.6584	8075.3340	10979.0000	
138	977.619	617.4608	5799.3330	8753.3340	
139	983.244	616.7416	6709.3330	9604.6670	
140	988.861	657.1816	7271.3340	10120.6670	
141	994.471	762.6426	7442.6665	10471.0000	
142	1000.074	781.8527	6703.0000	9741.6660	
143	1005.670	814.7313	7719.3330	10782.0000	
144	1011.259	806.2333	7050.0000	10123.0000	
145	1016.841	776.6525	7098.3330	10224.6670	
146	1022.416	739.8635	7199.0000	10080.3330	
147	1027.983	693.8242	7066.3340	10013.0000	
148	1033.543	663.7849	6340.3330	9230.6660	
149	1039.096	648.6072	7241.6660	10148.3330	
150	1044.642	637.0129	6427.0000	9152.6670	
151	1050.181	659.3350	6802.0000	9598.6670	
152	1055.713	640.4086	5059.3330	7814.0000	
153	1061.237	669.0087	6815.3330	9527.3330	
154	1066.754	726.9871	6473.0000	9340.3340	
155	1072.264	1040.5093	6806.0000	9980.6660	
156	1077.766	1315.3684	6772.6660	10216.0000	
157	1083.262	1233.9629	7086.0000	10444.3340	
158	1088.750	673.8898	5208.6665	8003.3330	
159	1094.231	508.8168	7540.6670	10166.6660	
160	1099.704	692.7452	7838.0000	10644.3330	
161	1105.171	834.0156	8950.3330	12004.3340	
162	1110.630	784.9890	8113.3330	11013.0000	
163	1116.081	681.5455	9182.3330	12101.0000	
164	1121.526	541.5179	8388.0000	11066.0000	
165	1126.963	551.5133	9580.0000	12288.0000	
166	1132.392	586.5087	9442.6660	12205.6660	
167	1137.815	599.8372	10088.6670	12885.0000	
168	1143.230	737.4971	8806.3340	11760.3330	
169	1148.637	1008.7472	10353.6660	13640.3340	
170	1154.037	1323.3284	10601.3330	14264.0000	
171	1159.430	1456.2444	10782.3330	14639.3340	
172	1164.816	946.1583	10570.0000	13978.3340	
173	1170.194	847.5190	12990.6670	16359.3320	
174	1175.565	645.8825	12125.3330	15351.3330	
175	1180.928	545.0723	14135.6660	17348.3340	
176	1186.284	518.2961	13510.3340	16750.3340	
177	1191.632	530.1888	14320.0000	17626.0000	
178	1196.973	560.4146	14182.6660	17573.0000	
179	1202.307	875.9713	15520.3340	19280.3320	
180	1207.633	901.8671	14456.6660	18296.6680	
181	1212.951	849.2482	15963.3330	19806.3340	
182	1218.262	947.9739	15590.3320	19558.3320	
183	1223.566	1182.5740	16597.0000	20860.6660	
184	1228.862	1136.1774	16634.0000	20912.3340	
185	1234.151	993.5479	18143.0000	22351.6660	
186	1239.432	762.2515	17991.6680	22042.0000	
187	1244.705	657.6249	18164.6660	22183.3340	
188	1249.971	484.9951	18339.0000	22258.0000	
189	1255.230	600.8400	20932.6680	25078.0020	
190	1260.481	471.0168	20064.3340	24190.3340	
191	1265.724	713.5321	21827.3320	26306.3359	
192	1270.960	818.7072	22061.0000	26755.6680	
193	1276.188	1064.5500	23477.0000	28528.0000	
194	1281.409	898.7255	22629.0000	27624.6641	
195	1286.622	1208.2402	24109.3320	29525.0000	
196	1291.827	1604.9492	23995.6660	29952.3359	
197	1297.025	1711.9783	25817.6680	31916.0000	
198	1302.215	1352.3440	25249.0000	31022.3320	
199	1307.397	1357.7137	27044.0000	32857.3359	
200	1312.572	1256.7417	26608.0000	32355.0000	
201	1317.739	660.1583	28079.6641	33220.3320	
202	1322.899	409.5710	27711.6680	32592.0000	
203	1328.051	943.1017	29142.6680	34511.6680	
204	1333.195	972.2482	28547.3320	33947.6680	
205	1338.331	813.5453	30490.0000	35794.6680	
206	1343.460	516.8427	29515.3320	34586.3320	
207	1348.581	429.4755	31543.3320	36590.0000	
208	1353.694	463.7746	30575.6660	35719.6680	
209	1358.800	678.0734	32922.3320	38343.6680	
210	1363.898	1238.0344	32317.6680	38362.0000	
211	1368.988	2291.6719	34162.6641	41323.6680	
212	1374.070	2365.6313	33429.3320	40727.3320	
213	1379.145	2748.3064	35179.0000	42925.6680	
214	1384.211	2030.9768	34141.3320	41236.6641	
215	1389.270	981.3196	36114.0000	42225.6680	
216	1394.322	418.9887	34826.3359	40441.6641	
217	1399.365	344.5507	36639.3320	42225.0000	
218	1404.401	157.1223	35391.0000	40771.0000	
219	1409.428	683.0298	37174.6641	43062.3320	
220	1414.448	1366.2698	35732.3320	42285.0000	
221	1419.460	2257.9819	37512.6680	44934.0000	
222	1424.464	2959.0344	36330.6641	44430.0000	
223	1429.461	5273.0820	37696.0000	48086.3359	
224	1434.449	8059.1465	36446.6680	49556.6680	
225	1439.430	8758.4766	38053.3320	51804.3359	
226	1444.403	8472.7998	36735.3359	50142.3359	
227	1449.367	8250.4629	38357.0000	51483.3359	
228	1454.324	7571.1201	36618.3320	49007.0000	
229	1459.273	6478.2061	38519.6680	49660.0000	
230	1464.214	4773.6318	36345.3320	45625.6680	
231	1469.147	3662.3862	37592.3320	45606.0000	
232	1474.073	2386.4702	35720.6680	42303.0000	
233	1478.990	1507.9731	37103.6680	42673.0000	
234	1483.899	826.8115	35249.3320	40003.0000	
235	1488.800	697.6464	37394.0000	41884.0000	
236	1493.693	463.4814	35921.0000	40042.3320	
237	1498.579	629.8710	37942.3320	42147.3359	
238	1503.456	495.4634	36753.6641	40766.3320	
239	1508.325	416.7089	36482.3320	40374.6680	
240	1513.187	42.9543	29837.3320	33314.3359	
241	1518.040	348.1993	34959.6641	38700.3359	
242	1522.885	479.1049	37659.0000	41489.0000	
243	1527.722	731.6785	40425.6680	44466.6641	
244	1532.551	706.5919	39033.6680	43008.0000	
245	1537.372	723.0688	40952.3320	44984.3320	
246	1542.185	558.0434	39684.0000	43659.6680	
247	1546.990	712.0141	41392.3359	45630.6680	
248	1551.787	790.9858	40452.0000	44878.0000	
249	1556.575	1412.1270	42705.3320	47906.0000	
250	1561.356	2372.9297	40918.6680	47233.6641	
251	1566.128	2945.7456	42633.0000	49674.3359	
252	1570.893	1648.2202	42155.0000	48052.3359	
253	1575.649	1034.9214	43221.6680	48571.6680	
254	1580.397	717.2949	41052.3320	46150.6680	
255	1585.137	648.6641	42656.0000	47751.6680	
256	1589.868	379.7016	39882.6641	44775.3320	
257	1594.592	119.0712	39598.6680	44296.6680	
258	1599.307	232.7763	39041.0000	43918.6680	
259	1604.014	1102.1787	42953.3320	48815.0000	
260	1608.713	2263.0605	41887.3320	48950.3320	
261	1613.404	3055.6851	43771.6680	51748.6719	
262	1618.086	2488.6387	43176.0000	50707.3359	
263	1622.760	2564.9155	43761.3359	51490.3281	
264	1627.426	3530.8835	41711.6641	50528.0000	
265	1632.084	5153.5938	41981.3320	52479.3359	
266	1636.734	5734.1523	39821.0000	50905.0000	
267	1641.375	6272.8652	42941.6680	54568.6641	
268	1646.008	6666.9160	41020.6680	53046.0000	
269	1650.632	5228.8174	43077.6680	53518.6641	
270	1655.249	3556.7258	39744.6641	48367.3320	
271	1659.856	3348.9583	42263.0000	50531.6641	
272	1664.456	3275.2004	41731.6641	49780.3320	
273	1669.048	4080.0979	42919.0000	51626.3281	
274	1673.631	4965.0098	40264.3320	49710.3359	
275	1678.205	5629.5781	39903.3320	49867.6680	
276	1682.772	3414.4780	39170.0000	46773.0000	
277	1687.329	1525.5581	38838.3320	44385.3320	
278	1691.879	706.3022	39695.6680	44256.3320	
279	1696.420	669.0502	42872.6680	47229.0000	
280	1700.953	369.4868	38662.3320	42588.3320	
281	1705.478	390.9858	38763.3320	42530.3359	
282	1709.994	457.1450	36733.0000	40345.3320	
283	1714.501	637.6401	41282.6641	45018.0000	
284	1719.000	661.4692	37430.6641	40926.6641	
285	1723.491	723.0898	36750.0000	40234.6680	
286	1727.973	627.4565	31622.0000	34793.6680	
287	1732.447	671.7275	37301.0000	40659.3320	
288	1736.912	688.0001	36800.6680	40050.3320	
289	1741.369	711.9401	34890.3320	38147.0000	
290	1745.818	716.5486	32044.6680	35134.6641	
291	1750.257	753.2382	36364.3320	39671.6641	
292	1754.689	717.4316	34738.3320	37859.6680	
293	1759.112	736.2577	33378.0000	36470.3320	
294	1763.526	724.0889	28668.6680	31514.6641	
295	1767.932	771.9200	33055.0000	36192.6641	
296	1772.329	786.7566	35190.6641	38244.0000	
297	1776.718	695.9563	30481.3340	33360.6680	
298	1781.098	594.9891	26971.0000	29641.0000	
299	1785.470	600.6040	27388.0000	30148.3320	
300	1789.833	629.8035	26327.0000	29014.0000	
301	1794.187	695.5002	28078.3359	30863.3320	
302	1798.533	757.5610	31283.3359	34094.6641	
303	1802.870	785.8762	31327.0000	34232.0000	
304	1807.199	732.0235	30979.6660	33694.0000	
305	1811.519	636.7503	26859.6680	29443.0000	
306	1815.830	566.1461	24512.6680	26989.6680	
307	1820.133	605.2070	25353.0000	27833.3320	
308	1824.427	697.0510	25195.3340	27701.0000	
309	1828.712	703.8224	27973.0000	30640.6680	
310	1832.989	680.9266	26322.0000	28760.3320	
311	1837.257	645.8645	22771.0000	25148.6660	
312	1841.516	696.8857	23230.3320	25571.3320	
313	1845.767	786.8172	25055.0000	27510.3359	
314	1850.009	869.4922	27215.0000	29715.3320	
315	1854.242	881.5073	25878.3320	28353.0000	
316	1858.467	760.5190	23771.6680	26087.6680	
317	1862.682	756.2618	21856.0000	24096.6660	
318	1866.889	643.3391	19497.3340	21554.0000	
319	1871.088	622.0820	16045.6680	18010.0000	
320	1875.277	577.9935	16348.0000	18251.6660	
321	1879.458	649.0709	17053.0000	19008.6660	
322	1883.630	412.7658	12381.6660	13954.6670	
323	1887.793	449.6750	11166.0000	12717.6660	
324	1891.947	535.5851	12693.0000	14272.3330	
325	1896.093	672.5424	15037.3340	16741.0000	
326	1900.230	739.1662	12701.0000	14376.0000	
327	1904.358	865.1242	17300.6660	19214.6660	
328	1908.477	802.0817	16935.3340	18788.0000	
329	1912.587	751.8474	15414.6660	17192.0000	
330	1916.688	739.7055	15443.3340	17195.3320	
331	1920.781	714.2780	13212.3320	14881.3340	
332	1924.864	727.4738	15488.6670	17224.6680	
333	1928.939	771.4719	16196.0000	17933.0000	
334	1933.005	779.8452	14436.6660	16080.6660	
335	1937.062	711.0510	11657.6670	13172.0000	
336	1941.110	840.9248	13337.3330	14920.6660	
337	1945.149	974.1326	14832.0000	16487.6680	
338	1949.179	960.0044	14334.6660	15915.3320	
339	1953.200	798.5434	11327.0000	12685.3320	
340	1957.212	568.7514	6063.0000	7130.6670	
341	1961.216	649.1430	7306.6670	8366.3340	
342	1965.210	723.7863	7830.3330	8956.3330	
343	1969.195	735.2802	6401.6670	7442.0000	
344	1973.172	740.4135	4821.3335	5786.6665	
345	1977.139	538.0466	2511.6667	3209.3335	
346	1981.098	619.3060	1065.3333	1686.6667	
347	1985.047	730.3146	2442.6667	3202.0000	
348	1988.987	738.6140	2213.3335	2915.6665	
349	1992.919	636.6896	1115.0000	1680.3335	
350	1996.841	678.0188	246.0000	766.3334	
351	2000.754	692.1885	796.3333	1345.0000	
352	2004.658	682.2736	-24.6667	521.0000	
353	2008.553	682.1096	478.6667	931.0000	
354	2012.439	696.2786	-235.3333	265.0000	
355	2016.316	691.5303	338.3333	826.0000	
356	2020.184	690.0340	-360.6667	111.3333	
357	2024.043	702.9384	372.0000	826.3334	
358	2027.892	718.1768	-323.6667	161.3333	
359	2031.733	735.1641	294.0000	754.3334	
360	2035.564	757.1102	-331.0000	134.0000	
361	2039.386	749.7833	289.0000	776.3334	
362	2043.199	737.3311	-367.3333	98.6667	
363	2047.003	717.7539	246.3333	691.0000	
364	2050.798	675.5915	-382.6667	78.6667	
365	2054.583	676.4557	261.3333	704.3334	
366	2058.360	674.5702	-307.0000	139.0000	
367	2062.127	677.7678	245.3333	693.6667	
368	2065.885	693.9654	-329.0000	144.6667	
369	2069.634	685.0798	207.0000	666.3333	
370	2073.373	681.7773	-267.0000	206.3333	
371	2077.103	709.5992	391.6667	801.0000	
372	2080.824	712.7094	-311.6667	145.3333	
373	2084.536	713.7001	213.0000	658.6666	
374	2088.238	706.6909	-244.0000	193.0000	
375	2091.932	704.1816	42.6667	478.0000	
376	2095.615	705.8393	-270.3333	172.6667	
377	2099.290	689.1788	306.0000	722.0000	
378	2102.955	689.9559	-144.3333	248.3333	
379	2106.611	703.1912	236.3333	666.0000	
380	2110.258	701.7819	-395.6667	38.6667	
381	2113.895	704.2354	-689.6667	-268.0000	
382	2117.523	707.8554	-127.6667	299.0000	
383	2121.142	709.5588	239.0000	664.0000	
384	2124.751	709.8457	-514.0000	-92.3333	
385	2128.351	681.4337	174.6667	594.6667	
386	2131.942	686.8846	-372.6667	20.3333	
387	2135.523	694.6689	122.3333	570.3334	
388	2139.095	696.9938	-284.6667	121.6667	
389	2142.657	687.0687	305.6667	760.6666	
390	2146.210	686.4768	-370.3333	16.6667	
391	2149.754	681.8016	244.0000	654.6667	
392	2153.288	714.9370	-576.0000	-144.3333	
393	2156.812	714.6799	121.6667	513.3334	
394	2160.327	710.0894	-252.0000	170.3333	
395	2163.833	705.1239	356.0000	774.6666	
396	2167.330	700.1563	-232.3333	176.0000	
397	2170.816	701.3448	150.0000	572.0000	
398	2174.293	702.0331	-369.0000	3.3333	
399	2177.761	713.9716	181.0000	601.6667	
400	2181.220	718.9934	-158.3333	266.6667	
401	2184.668	714.6818	450.0000	870.0000	
402	2188.108	697.6203	-305.3333	88.3333	
403	2191.537	698.3087	-11.3333	391.6667	
404	2194.958	689.0826	-330.3333	62.0000	
405	2198.368	698.2973	294.6667	686.3333	
406	2201.769	686.6339	-337.6667	83.6667	
407	2205.161	685.0980	262.6667	684.3333	
408	2208.543	694.8953	-320.6667	145.3333	
409	2211.915	692.7365	344.6667	763.6666	
410	2215.278	689.4108	-386.3333	40.3333	
411	2218.631	688.6685	317.3333	736.0000	
412	2221.974	691.6734	-346.0000	112.3333	
413	2225.308	720.1011	345.0000	766.6667	
414	2228.632	718.9125	-590.3334	-146.0000	
415	2231.947	703.8905	185.6667	608.6667	
416	2235.252	659.3687	-547.3334	-167.6667	
417	2238.547	696.8467	247.3333	665.6666	
418	2241.833	750.6581	-437.3333	36.0000	
419	2245.109	740.4695	33.6667	498.0000	
420	2248.375	720.2838	-345.6667	99.6667	
421	2251.631	672.4280	281.3333	675.0000	
422	2254.878	688.2390	-419.3333	-13.6667	
423	2258.115	714.3832	246.0000	674.0000	
424	2261.343	724.2779	-317.0000	129.3333	
425	2264.560	728.2760	312.0000	745.3333	
426	2267.768	732.2742	-57.0000	379.3333	
427	2270.966	699.8215	385.3333	824.6667	
428	2274.154	678.5071	-279.6667	123.3333	
429	2277.333	654.7561	228.3333	608.6666	
430	2280.502	687.0051	-293.6667	120.0000	
431	2283.661	686.9208	397.3333	812.0000	
432	2286.810	693.7532	-373.3333	48.0000	
433	2289.949	691.3356	223.0000	642.3334	
434	2293.079	720.5153	-350.0000	85.0000	
435	2296.198	706.4186	252.6667	662.0000	
436	2299.308	708.3006	-543.6667	-157.6667	
437	2302.408	712.0617	293.3333	713.3333	
438	2305.498	705.5520	-384.6667	31.6667	
439	2308.579	689.7088	67.3333	470.6666	
440	2311.649	693.1992	-478.6667	-69.0000	
441	2314.709	694.4919	485.0000	897.6666	
442	2317.760	689.8679	-73.3333	367.0000	
443	2320.801	670.4106	219.0000	611.0000	
444	2323.832	670.7040	-462.6667	-68.6667	
445	2326.853	691.8992	356.6667	766.6667	
446	2329.864	779.4274	-452.3333	40.0000	
447	2332.865	730.2893	376.0000	814.0000	
448	2335.855	648.8821	-277.0000	105.0000	
449	2338.837	680.3043	34.0000	441.6667	
450	2341.808	692.0599	-259.0000	174.3333	
451	2344.769	698.9820	474.3333	874.6666	
452	2347.720	703.3201	-545.0000	-131.6667	
453	2350.661	701.1865	371.6667	790.3333	
454	2353.592	693.6364	-318.0000	90.0000	
455	2356.513	696.4688	328.6667	711.0000	
456	2359.424	711.2263	-240.3333	159.0000	
457	2362.325	729.4875	462.3333	879.3334	
458	2365.216	707.4153	-160.3333	234.0000	
459	2368.097	683.0098	262.0000	631.3333	
460	2370.968	690.2715	20.3333	384.0000	
461	2373.829	702.0743	349.6667	746.0000	
462	2376.680	706.7731	-90.3333	284.3333	
463	2379.520	713.7844	521.0000	889.0000	
464	2382.351	755.7330	-53.6667	369.0000	
465	2385.171	714.0984	224.6667	601.0000	
466	2387.982	699.6514	-244.0000	99.0000	
467	2390.782	704.3501	335.3333	665.3333	
468	2393.572	705.8610	-373.3333	40.3333	
469	2396.352	681.7073	493.0000	828.0000	
470	2399.121	679.2106	100.0000	437.3333	
471	2401.881	687.8599	638.6667	1002.3333	
472	2404.630	688.4885	-565.0000	-226.0000	
473	2407.369	697.4866	278.6667	619.6667	
474	2410.098	667.3179	-322.0000	-26.3333	
475	2412.817	668.0661	523.3333	814.0000	
476	2415.526	706.2424	-242.6667	55.6667	
477	2418.224	706.9796	413.0000	660.3333	
478	2420.912	712.5919	-306.6667	7.0000	
479	2423.590	716.4123	277.3333	552.0000	
480	2426.258	709.1497	-280.0000	49.0000	
481	2428.915	709.8871	327.6667	587.3333	
482	2431.562	717.1450	-429.6667	-148.0000	
483	2434.199	732.7781	239.0000	546.6666	
484	2436.826	721.3477	1022.0000	1345.3334	
485	2439.442	705.0283	365.3333	634.6666	
486	2442.048	692.2090	-564.0000	-317.3333	
487	2444.644	703.3893	204.6667	443.0000	
488	2447.229	720.2364	-351.3333	-96.3333	
489	2449.804	724.6723	70.6667	360.0000	
490	2452.368	695.5106	-416.6667	-196.3333	
491	2454.923	702.0667	425.6667	669.0000	
492	2457.467	692.3734	-259.3333	-30.0000	
493	2460.000	694.3295	422.0000	650.6667	
494	2462.523	682.7025	-502.0000	-284.0000	
495	2465.036	677.8254	341.3333	561.6667	
496	2467.539	664.1982	-252.0000	-61.3333	
497	2470.031	674.8212	475.6666	674.3334	
498	2472.512	715.4441	-321.3333	-84.6667	
499	2474.983	728.4002	497.6667	744.6666	
500	2477.444	713.5223	-195.6667	52.6667	
501	2479.894	688.4152	153.0000	359.0000	
502	2482.334	697.4745	-318.3333	-101.6667	
503	2484.763	698.6174	311.0000	542.0000	
504	2487.182	692.3434	-317.3333	-124.6667	
505	2489.590	690.7362	212.6667	450.0000	
506	2491.988	685.1707	-325.6667	-127.6667	
507	2494.375	688.4384	274.3333	472.3333	
508	2496.752	707.3312	-564.6666	-323.3333	
509	2499.119	707.3073	321.6667	547.0000	
510	2501.475	747.9501	-199.6667	80.3333	
511	2503.820	670.6763	55.0000	259.3333	
