resultName	chilca7-127
resultName	chilca7-127
ID	RS20200904145948_P19331194
Command	SCANANDSEARCH
User	Admin
Application	_Analyze
SerialNumber	P19331194
Power	280
Integration	900
Averages	3
AutoExposure	Off
AutoCollect	Off
QuickCollect	Off
AutoBackground	On
BaselineCorrection	On
Algorithm	Wavelet
Searched Library	All,None,None,None
MixtureComponents	2
matchThreshold	0.0
displayMatches	1
Threshold	0.80
WL Start	
WL End	
ServerVersion	3.180316
FirmwareVersion	
date	2020-09-04
time	14:59:48
scanindex	0
specpath	RS20200904145948_P19331194.xml
Search Range	200 - 2500
Synced	false
lastCalDateTime	2020-08-20 09:29:50
lastCalUser	Admin
lastCalResult	PASS
lastVerifyDateTime	2020-09-04 13:30:42
lastVerifyUser	Admin
lastVerifyResult	PASS
selectedMaterial	
result	No Match
ValidationGUID	
ValidationMatchQuality	
topMatch	
topMatchGUID	
topMatchQuality	
secondMatch	
secondMatchGUID	
secondMatchQuality	
thirdMatch	
thirdMatchGUID	
thirdMatchQuality	
fourthMatch	
fourthMatchGUID	
fourthMatchQuality	
fifthMatch	
fifthMatchGUID	
fifthMatchQuality	
signedBy	
signedDateTime	
softwareVer	1.7.0.21
memo	
batchID	
inBatch	false
batchUID	
batchCID1	
batchCIDlbl1	
batchCID2	
batchCIDlbl2	
batchCID3	
batchCIDlbl3	
batchCID4	
batchCIDlbl4	
batchCID5	
batchCIDlbl5	
signedTitle	
signedReason	
rescanned	
barcode	
topMatchContribs	
secondMatchContribs	
thirdMatchContribs	
fourthMatchContribs	
fifthMatchContribs	
ValidationMatchContribs	
Threat	
PrecursorList	
CompundName	
WindowStart4C	
MatchLibrary	
lastModified	2020/09/04 15:03
Signal2Noise	81.42
Detector TEC SetPoint	0x8000
Detector Temp	4.98
Laser Temp	25.38
OE1 Temp	36.31
OE2 Temp	41.00
Detector Gain	200
SaturationDetected	false
InterpolatedPixelList	
PeakList	 304.9	906	322.2	790	427.6	828	435.0	784	560.5	604	650.8	1217	665.2	594	759.1	2019	787.8	1237	888.3	536	1217.4	698	1225.9	670	1296.3	1133	1377.5	1632	1444.1	5688	1565.1	2258	1644.7	4210	1672.9	3097
index	Raman Shift (cm-1)	Y value (counts)	background (counts)	raw value (counts)
0	137.471	496.8428	511.6666	4475.0000	
1	143.961	428.4266	571.6667	4333.3335	
2	150.446	292.0108	610.0000	4102.0000	
3	156.925	308.9286	749.0000	4124.6670	
4	163.399	278.1792	349.0000	3560.6670	
5	169.867	269.7633	778.3333	3848.3335	
6	176.330	256.3471	483.3333	3406.6665	
7	182.787	234.2648	715.0000	3483.0000	
8	189.239	190.8487	335.6667	2927.0000	
9	195.685	188.7663	705.3333	3161.3335	
10	202.125	220.3503	486.0000	2840.3333	
11	208.560	157.2677	976.3334	3134.3335	
12	214.989	222.1851	425.3333	2515.0000	
13	221.413	215.5338	810.3334	2833.3333	
14	227.831	208.9959	538.3333	2482.6667	
15	234.243	205.8732	875.6667	2821.6667	
16	240.650	197.4174	518.3333	2460.6665	
17	247.051	238.6282	650.3333	2638.6665	
18	253.446	232.1722	511.6667	2498.3333	
19	259.836	252.0500	805.6667	2817.0000	
20	266.220	270.2609	206.6667	2241.0000	
21	272.598	199.6882	852.0000	2839.0000	
22	278.971	131.4493	587.6667	2529.6667	
23	285.338	308.2100	691.3334	2833.3333	
24	291.699	603.3043	303.3333	2763.6665	
25	298.054	831.3746	631.6667	3346.6670	
26	304.404	905.7777	214.6667	3030.6667	
27	310.748	814.5145	910.0000	3661.3335	
28	317.086	771.2815	467.0000	3217.0000	
29	323.418	790.2380	581.0000	3309.3335	
30	329.744	764.1940	83.3333	2745.0000	
31	336.065	473.1500	843.6667	3173.6665	
32	342.380	296.1064	507.6667	2620.0000	
33	348.689	316.7296	785.3333	2877.6667	
34	354.992	403.3525	356.0000	2494.3335	
35	361.289	511.4077	579.3333	2771.0000	
36	367.581	343.2351	352.3333	2335.3335	
37	373.866	207.5745	338.0000	2155.6667	
38	380.146	58.2471	399.3333	2038.0000	
39	386.420	125.2533	458.0000	2134.0000	
40	392.688	302.2593	215.0000	2038.3333	
41	398.949	293.9655	551.6667	2339.0000	
42	405.205	63.6718	384.0000	1913.3333	
43	411.456	122.7114	253.0000	1813.6667	
44	417.700	374.7507	54.3333	1839.3333	
45	423.938	827.5703	481.3333	2710.6665	
46	430.170	735.0569	36.3333	2164.6665	
47	436.396	783.8768	270.0000	2438.6667	
48	442.616	670.0297	94.3333	2140.6667	
49	448.830	458.1800	538.3333	2376.0000	
50	455.039	341.5041	44.3333	1771.0000	
51	461.241	186.8285	145.6667	1723.3334	
52	467.437	173.8192	141.0000	1711.3333	
53	473.627	180.1968	274.0000	1851.3333	
54	479.811	248.2411	31.0000	1677.0000	
55	485.989	574.9521	-29.0000	1944.3333	
56	492.160	556.9119	-104.3333	1837.6667	
57	498.326	516.2134	319.3333	2198.3333	
58	504.486	399.5153	-28.0000	1712.0000	
59	510.639	271.8169	203.3333	1793.3333	
60	516.787	314.7854	-82.0000	1466.6666	
61	522.928	507.3704	265.6667	2035.0000	
62	529.063	306.6218	-42.6667	1492.0000	
63	535.192	144.0400	4618.6670	5832.6665	
64	541.315	151.7916	3629.6665	4945.3335	
65	547.431	185.7097	698.6666	1987.0000	
66	553.542	337.6281	240.6667	1670.6667	
67	559.646	603.5462	539.3333	2201.3333	
68	565.744	466.4641	65.3333	1556.3333	
69	571.835	246.1041	476.6667	1731.3333	
70	577.921	255.9883	-117.3333	1141.3333	
71	584.000	256.2362	137.6667	1493.0000	
72	590.073	241.9006	-149.0000	1096.3334	
73	596.140	219.0381	290.0000	1518.6666	
74	602.200	215.7590	52.3333	1396.3333	
75	608.255	205.9799	247.3333	1358.3334	
76	614.302	228.7838	65.3333	1336.6666	
77	620.344	296.7710	278.6667	1726.0000	
78	626.379	292.6761	122.6667	1391.6666	
79	632.408	331.4146	394.3333	1780.6667	
80	638.431	430.3196	172.0000	1661.3333	
81	644.447	905.8914	618.0000	2587.0000	
82	650.457	1217.4633	-11.6667	2273.0000	
83	656.460	927.3683	110.0000	2108.6665	
84	662.457	547.1071	98.0000	1665.3333	
85	668.448	593.7532	252.0000	1855.0000	
86	674.432	338.8994	-196.0000	1125.0000	
87	680.410	296.5457	315.6667	1547.6667	
88	686.381	305.8587	51.0000	1245.6666	
89	692.346	322.4235	559.6667	1756.3335	
90	698.305	425.9881	-24.3333	1261.3334	
91	704.257	344.4839	185.3333	1385.3334	
92	710.202	239.4955	23.0000	1109.6666	
93	716.142	100.4144	202.3333	1220.0000	
94	722.074	0.0000	-1.0000	986.3334	
95	728.000	9.2523	303.6667	1370.3334	
96	733.920	123.1713	-12.3333	1238.3333	
97	739.833	216.7570	431.6667	1846.0000	
98	745.739	385.3834	187.3333	1829.3334	
99	751.639	969.3953	734.6667	3033.0000	
100	757.533	2018.7415	-93.3333	3326.6667	
101	763.419	1896.1931	547.6666	3878.6665	
102	769.300	719.3113	-25.3333	2162.3335	
103	775.173	589.7633	470.6666	2562.3335	
104	781.040	1116.5481	75.6667	2727.6667	
105	786.901	1237.4752	584.6667	3374.3335	
106	792.755	1030.7358	373.3333	2973.0000	
107	798.602	1028.6633	694.3333	3308.6670	
108	804.442	909.5896	142.0000	2654.0000	
109	810.276	414.0431	685.6666	2682.6667	
110	816.103	121.1630	193.0000	1877.6665	
111	821.924	114.6169	632.3333	2291.0000	
112	827.738	87.9201	178.3333	1804.3333	
113	833.545	92.7635	672.6667	2277.3333	
114	839.345	159.6069	264.3333	1909.6667	
115	845.139	408.1169	634.6666	2502.3335	
116	850.926	457.2939	395.3333	2286.0000	
117	856.706	303.3506	625.6667	2365.3335	
118	862.479	315.0742	526.3333	2280.6667	
119	868.246	433.5035	637.0000	2499.6667	
120	874.006	431.9400	252.6667	2117.0000	
121	879.759	529.4366	722.3333	2680.0000	
122	885.505	443.6000	335.0000	2202.6667	
123	891.245	536.4301	626.6666	2583.0000	
124	896.978	296.9267	448.0000	2160.6667	
125	902.703	117.4769	557.0000	2092.6667	
126	908.422	118.6938	193.0000	1732.3334	
127	914.135	297.9108	654.6666	2375.6667	
128	919.840	444.4608	58.3333	1928.3334	
129	925.538	344.3444	658.6666	2431.0000	
130	931.230	266.2277	140.0000	1836.6665	
131	936.914	155.1115	775.3333	2363.3333	
132	942.592	221.3285	267.0000	1923.6667	
133	948.263	341.8983	578.6666	2368.0000	
134	953.927	543.2109	173.3333	2168.6667	
135	959.584	545.5233	524.0000	2526.3333	
136	965.234	302.5027	264.6667	2028.6667	
137	970.877	210.5756	473.0000	2146.3333	
138	976.513	205.1485	-90.3333	1573.3334	
139	982.142	223.2215	442.0000	2120.3333	
140	987.764	235.0219	352.3333	2013.6667	
141	993.379	304.1815	321.0000	2071.6665	
142	998.987	326.1747	92.3333	1858.0000	
143	1004.588	409.8343	517.6667	2360.0000	
144	1010.182	368.8274	-47.3333	1747.0000	
145	1015.769	315.8207	426.0000	2160.3335	
146	1021.349	233.8134	323.0000	1968.3333	
147	1026.922	225.2232	526.3333	2149.6667	
148	1032.487	232.2166	227.6667	1877.0000	
149	1038.046	212.4291	457.6667	2058.6665	
150	1043.597	107.7255	164.0000	1651.3333	
151	1049.142	242.6886	378.0000	1991.3335	
152	1054.679	326.3188	-68.0000	1620.0001	
153	1060.209	377.3525	464.6667	2198.3333	
154	1065.732	352.0535	206.3333	1920.0000	
155	1071.248	435.3356	462.6666	2253.6667	
156	1076.757	494.6178	224.6667	2069.0000	
157	1082.258	421.7832	544.0000	2306.6665	
158	1087.753	271.6155	15.6667	1619.3333	
159	1093.240	163.4478	504.0000	1990.6666	
160	1098.720	313.2802	312.0000	1939.6667	
161	1104.192	433.8164	541.3333	2271.3335	
162	1109.658	317.0810	254.3333	1870.6665	
163	1115.116	299.3459	924.0000	2525.6665	
164	1120.567	147.2776	181.6667	1634.3335	
165	1126.010	140.2044	601.3333	2054.6667	
166	1131.447	202.7144	140.0000	1654.0000	
167	1136.876	194.9746	734.0000	2240.3333	
168	1142.298	284.3173	27.3333	1648.0000	
169	1147.712	423.9598	617.0000	2398.0000	
170	1153.120	540.2690	252.3333	2170.3335	
171	1158.519	577.5781	656.6666	2632.6667	
172	1163.912	400.8877	181.6667	2001.6667	
173	1169.297	361.1725	797.0000	2589.3335	
174	1174.675	267.6239	333.3333	2012.6666	
175	1180.045	242.9399	777.3334	2469.6667	
176	1185.408	206.1226	363.6667	2043.0000	
177	1190.764	206.8887	652.3334	2308.6665	
178	1196.112	229.8215	479.6667	2193.3333	
179	1201.453	509.5042	665.6666	2664.3333	
180	1206.786	685.1870	180.6667	2360.3335	
181	1212.112	669.4821	756.0000	2928.6665	
182	1217.431	698.3644	383.0000	2580.6665	
183	1222.742	664.6057	740.6667	2921.0000	
184	1228.045	669.8460	291.6667	2493.6665	
185	1233.341	406.9217	798.3334	2758.6665	
186	1238.630	285.3306	457.6667	2317.6667	
187	1243.911	142.7397	780.3333	2519.0000	
188	1249.185	215.8156	456.3333	2289.3333	
189	1254.451	327.5802	984.6666	2980.6667	
190	1259.709	142.0108	563.0000	2424.6665	
191	1264.960	223.7753	1002.0000	2996.6665	
192	1270.203	442.5399	647.0000	2911.6665	
193	1275.439	469.6384	1041.6667	3384.6670	
194	1280.668	440.4028	447.3333	2812.3335	
195	1285.888	595.1669	1053.0000	3624.0000	
196	1291.101	1070.5837	427.0000	3541.0000	
197	1296.307	1133.1746	1024.3334	4209.6665	
198	1301.505	871.7659	598.0000	3530.6665	
199	1306.695	701.3568	1166.6666	3937.6665	
200	1311.877	644.9484	815.3334	3538.6665	
201	1317.052	228.4582	842.3334	3134.3333	
202	1322.219	176.9687	762.6666	2988.3335	
203	1327.379	465.0485	999.6666	3482.0000	
204	1332.531	483.5099	774.3333	3265.0000	
205	1337.675	296.9643	1169.3334	3467.3335	
206	1342.811	234.4181	502.6667	2732.0000	
207	1347.940	132.2060	1124.6666	3245.6665	
208	1353.061	101.6599	598.6667	2683.0000	
209	1358.174	210.1145	1379.6666	3566.3335	
210	1363.280	504.5686	774.6666	3249.6667	
211	1368.377	1058.6896	1169.6666	4192.6670	
212	1373.467	1397.8099	743.0000	4099.0000	
213	1378.550	1631.5415	1143.3334	4750.6665	
214	1383.624	1260.6071	809.6667	4063.6667	
215	1388.690	504.0055	1382.0000	3897.0000	
216	1393.749	26.4029	661.0000	2716.0000	
217	1398.800	33.0439	1153.6666	3217.6665	
218	1403.843	92.5842	799.3333	2898.6665	
219	1408.878	371.4590	1430.0000	3784.0000	
220	1413.906	925.6670	756.0000	3640.0000	
221	1418.925	1402.9208	1146.6667	4486.0000	
222	1423.937	1899.8428	762.6667	4577.0000	
223	1428.940	3005.4297	1148.3334	6046.3335	
224	1433.936	4834.7021	846.0000	7532.3330	
225	1438.924	5466.3760	1198.0000	8474.6660	
226	1443.904	5687.7158	805.0000	8261.6660	
227	1448.876	5684.7236	1304.3334	8716.6660	
228	1453.840	5308.0645	642.6667	7637.0000	
229	1458.796	4452.2402	1288.3334	7327.0000	
230	1463.744	3453.7495	687.3333	5627.6665	
231	1468.685	2507.2583	1225.6666	5119.6665	
232	1473.617	1663.4358	621.3333	3571.6665	
233	1478.541	890.5718	1076.6666	3167.6665	
234	1483.457	477.3738	560.6667	2152.0000	
235	1488.365	249.8430	1139.0000	2416.3333	
236	1493.265	178.3125	523.0000	1642.3335	
237	1498.157	177.1465	1192.0000	2254.3335	
238	1503.041	152.4417	568.3333	1558.6667	
239	1507.917	132.9933	1043.3334	1978.3333	
240	1512.785	120.5446	521.3333	1408.0000	
241	1517.645	83.4298	1120.0000	1933.6667	
242	1522.496	113.8143	778.9999	1558.6667	
243	1527.340	157.3655	1421.0000	2254.3333	
244	1532.175	207.8339	799.0000	1605.0000	
245	1537.002	222.7716	1380.6667	2225.0000	
246	1541.822	160.3083	753.3333	1591.3334	
247	1546.633	221.5110	1343.0000	2337.3333	
248	1551.435	314.7145	799.6666	1949.6667	
249	1556.230	734.0238	1336.3334	3009.0000	
250	1561.016	1702.9999	810.6667	3555.6665	
251	1565.795	2258.3115	1252.0000	4655.6670	
252	1570.565	1218.6216	966.0000	3433.3335	
253	1575.327	482.1996	1254.3334	3065.6665	
254	1580.080	292.4447	840.3334	2542.3333	
255	1584.825	275.3571	1368.6666	3134.0000	
256	1589.562	286.2686	647.6667	2504.3333	
257	1594.291	188.5137	1187.6667	3027.0000	
258	1599.012	154.7594	689.3334	2575.3335	
259	1603.724	222.7864	1147.6666	3204.3335	
260	1608.428	479.6458	904.0000	3279.0000	
261	1613.124	672.8752	1249.3334	3870.0000	
262	1617.811	790.7717	1174.0000	3965.0000	
263	1622.490	955.0018	1309.3334	4317.0000	
264	1627.161	1885.8987	851.0000	4842.0000	
265	1631.823	3105.5432	1194.6666	6419.6670	
266	1636.477	3979.8870	679.0000	6768.3330	
267	1641.123	4110.1250	1505.6667	7712.0000	
268	1645.760	4209.6973	678.6667	6971.3330	
269	1650.389	3351.9651	1212.0000	6539.6670	
270	1655.009	2402.5664	901.0000	5172.0000	
271	1659.621	2113.8345	1390.6666	5265.6665	
272	1664.225	2366.1025	826.3334	4846.3335	
273	1668.820	2872.7012	1460.3333	5879.6665	
274	1673.406	3097.3027	772.6666	5309.3330	
275	1677.985	2911.9043	1121.0000	5365.0000	
276	1682.554	1613.5078	963.0000	3801.3335	
277	1687.116	588.7367	1216.3334	2918.3333	
278	1691.668	209.2997	795.3334	2006.3333	
279	1696.213	50.1962	1318.3334	2258.6667	
280	1700.749	79.7400	737.0000	1610.3333	
281	1705.276	64.4026	1332.6667	2081.0000	
282	1709.794	120.3987	761.3333	1456.0000	
283	1714.305	200.0618	1208.0000	1872.6667	
284	1718.806	295.7228	647.0000	1297.6666	
285	1723.299	280.3031	1360.6666	1967.3335	
286	1727.784	301.5500	638.0000	1237.3334	
287	1732.260	275.1463	1232.0000	1766.0000	
288	1736.727	273.6945	699.3333	1223.0000	
289	1741.186	275.5766	1132.0000	1671.6667	
290	1745.636	275.4589	635.6667	1147.6667	
291	1750.077	280.6740	1231.6666	1752.3333	
292	1754.510	269.5555	645.3333	1147.6666	
293	1758.934	282.0483	1213.3333	1714.3333	
294	1763.349	289.5417	489.3333	951.6666	
295	1767.756	303.3683	1130.3334	1663.0000	
296	1772.154	305.1941	509.0000	991.6667	
297	1776.544	297.5636	1030.0000	1507.6666	
298	1780.924	278.6833	343.0000	798.0001	
299	1785.296	269.3028	1115.0000	1603.6667	
300	1789.659	236.3392	340.6667	765.0000	
301	1794.014	253.8911	1136.6666	1587.3334	
302	1798.360	275.1057	650.6667	1115.3333	
303	1802.697	275.3206	1260.0000	1717.6667	
304	1807.025	261.7020	783.0000	1212.3333	
305	1811.344	268.9167	803.3334	1254.6667	
306	1815.655	248.2981	569.3334	978.3334	
307	1819.957	250.8463	1180.3333	1584.6666	
308	1824.250	257.8453	619.0000	1010.6667	
309	1828.534	265.3926	1323.6666	1697.0000	
310	1832.809	285.9402	539.6666	951.6666	
311	1837.076	284.0710	1048.0000	1484.0000	
312	1841.333	282.9521	716.3333	1085.0000	
313	1845.582	283.1644	760.3333	1168.6666	
314	1849.822	274.1268	637.3333	1029.3334	
315	1854.053	257.9225	1044.0000	1400.6666	
316	1858.275	257.2184	541.6666	938.6666	
317	1862.488	257.4516	934.3333	1291.0000	
318	1866.692	271.3515	436.3333	824.6666	
319	1870.888	276.5847	819.3333	1212.6666	
320	1875.074	292.9013	75.6667	524.6667	
321	1879.251	291.9678	795.3334	1183.6667	
322	1883.420	279.6073	176.3333	583.3333	
323	1887.579	261.3757	635.3334	1024.0000	
324	1891.730	257.0605	173.6667	556.6666	
325	1895.871	277.2981	829.0000	1227.6666	
326	1900.004	289.8691	213.3333	620.0000	
327	1904.127	277.8567	795.3334	1206.0000	
328	1908.241	236.6775	226.6667	571.0000	
329	1912.347	257.9736	830.3334	1166.6667	
330	1916.443	268.9702	314.6667	661.6667	
331	1920.530	267.6753	764.6667	1104.3334	
332	1924.609	265.3804	167.0000	564.6667	
333	1928.678	237.6104	907.3334	1223.6666	
334	1932.738	244.3403	215.3333	538.3333	
335	1936.788	321.7370	740.6667	1141.0000	
336	1940.830	313.1336	221.6667	613.3333	
337	1944.863	269.8636	612.6667	961.0000	
338	1948.886	270.2603	285.0000	633.6667	
339	1952.901	289.6569	656.3334	1024.3334	
340	1956.906	280.0533	44.3333	402.6667	
341	1960.902	275.3647	445.6667	796.6667	
342	1964.888	258.3428	207.0000	538.3334	
343	1968.866	223.1831	436.0000	742.3334	
344	1972.834	256.8854	-140.0000	197.6667	
345	1976.793	268.1045	292.0000	671.6666	
346	1980.743	258.9068	-150.3333	182.3333	
347	1984.684	254.8758	163.3333	498.0000	
348	1988.616	261.3449	-51.3333	238.6667	
349	1992.538	265.7812	586.0000	938.6666	
350	1996.451	288.9538	-239.6667	108.0000	
351	2000.354	291.8661	352.6667	705.6666	
352	2004.249	279.6952	-355.3333	-24.3333	
353	2008.134	292.0244	300.6667	624.6666	
354	2012.009	308.1866	-352.6667	1.0000	
355	2015.876	295.2658	304.3333	659.0000	
356	2019.733	279.3449	-270.6667	48.3333	
357	2023.580	139.9063	1150.0000	1327.6666	
358	2027.419	170.4678	1057.3334	1263.6666	
359	2031.248	276.4461	1571.6667	1919.3333	
360	2035.067	306.0075	-208.6667	128.6667	
361	2038.878	301.5411	279.0000	629.3333	
362	2042.678	294.0747	-374.6667	-57.6667	
363	2046.470	294.3584	230.0000	558.6667	
364	2050.252	263.3024	-389.3333	-83.0000	
365	2054.024	274.0246	282.0000	569.0000	
366	2057.787	289.5801	-318.6667	23.3333	
367	2061.541	296.8856	244.0000	548.3334	
368	2065.285	295.7744	-356.0000	-16.0000	
369	2069.020	269.6632	230.6667	518.3333	
370	2072.745	276.8020	-231.6667	77.3333	
371	2076.461	190.3823	896.0000	1067.3334	
372	2080.167	86.2516	1230.3334	1292.0000	
373	2083.864	238.1438	2673.3333	2892.3333	
374	2087.551	267.7025	1134.0000	1388.0000	
375	2091.228	337.9281	126.3333	456.0000	
376	2094.896	334.1538	-264.6667	66.6667	
377	2098.555	306.1141	296.0000	608.0000	
378	2102.204	289.4078	-87.0000	217.0000	
379	2105.843	276.0347	328.3333	627.6666	
380	2109.473	267.6622	-294.0000	5.6667	
381	2113.093	266.2687	-663.0000	-362.6667	
382	2116.703	273.9171	-159.0000	170.3333	
383	2120.304	271.8569	180.3333	484.6667	
384	2123.895	265.9219	-537.3333	-242.0000	
385	2127.477	262.6657	128.0000	446.6667	
386	2131.049	268.7629	-410.0000	-103.6667	
387	2134.611	270.6101	75.3333	426.6667	
388	2138.163	274.2070	-356.3333	-38.6667	
389	2141.706	268.0763	274.0000	598.0000	
390	2145.239	261.7371	-438.3333	-119.6667	
391	2148.763	260.5439	231.6667	546.0000	
392	2152.276	272.5171	-622.6667	-298.0000	
393	2155.780	271.1703	69.6667	388.3333	
394	2159.275	270.5110	-306.6667	30.6667	
395	2162.759	263.6016	358.6667	651.0000	
396	2166.234	261.7751	-275.0000	45.6667	
397	2169.698	270.7633	150.0000	439.6667	
398	2173.154	273.4183	-420.3334	-91.6667	
399	2176.599	278.3232	175.6667	504.0000	
400	2180.034	280.0614	-199.6667	131.6667	
401	2183.460	280.6329	443.0000	752.3334	
402	2186.876	282.0378	-335.3333	0.3333	
403	2190.282	286.1093	-23.3333	307.3333	
404	2193.678	286.0980	-401.3333	-64.3333	
405	2197.064	281.8242	251.6667	577.3334	
406	2200.440	261.0785	-406.6667	-91.3333	
407	2203.807	232.1327	228.6667	511.6667	
408	2207.164	256.8534	-317.0000	-12.6667	
409	2210.510	266.2076	344.3333	655.6667	
410	2213.847	263.2285	-402.6667	-96.6667	
411	2217.174	253.1659	345.0000	625.0000	
412	2220.491	254.7701	-270.6667	75.0000	
413	2223.798	265.9968	696.6667	939.3334	
414	2227.094	273.3198	-69.0000	234.0000	
415	2230.381	296.1428	542.6667	871.3334	
416	2233.658	280.2991	-576.0000	-260.3333	
417	2236.925	245.4556	238.3333	522.0000	
418	2240.182	274.9453	-496.0000	-180.0000	
419	2243.429	286.7682	-17.3333	313.3333	
420	2246.666	291.5912	-386.6667	-48.3333	
421	2249.893	279.4273	280.3333	606.0000	
422	2253.110	278.9301	-429.0000	-104.3333	
423	2256.317	260.7662	250.6667	556.6667	
424	2259.513	259.6024	-337.0000	-32.6667	
425	2262.700	279.0116	190.6667	513.3333	
426	2265.876	295.0877	-160.3333	177.3333	
427	2269.043	281.4464	350.6667	686.3333	
428	2272.199	252.6654	-307.0000	-2.3333	
429	2275.345	237.8069	196.0000	487.0000	
430	2278.481	258.9483	-325.6667	-12.3333	
431	2281.607	268.1939	340.0000	681.3334	
432	2284.723	267.0020	-400.3333	-78.0000	
433	2287.828	268.6227	174.6667	514.0000	
434	2290.924	279.9985	-361.6667	-60.3333	
435	2294.009	294.4916	195.6667	539.0000	
436	2297.083	281.7982	-596.6667	-246.3333	
437	2300.148	260.7135	284.6667	596.0000	
438	2303.203	245.8579	-437.3333	-141.3333	
439	2306.247	249.3357	3.3333	302.3333	
440	2309.281	255.8133	-536.0000	-231.0000	
441	2312.305	299.3048	340.6667	687.6666	
442	2315.318	294.5465	-301.6667	53.3333	
443	2318.322	287.4339	135.0000	463.3333	
444	2321.314	288.9268	-507.6667	-175.0000	
445	2324.297	285.5778	348.0000	686.3334	
446	2327.269	268.7079	-470.0000	-162.0000	
447	2330.231	220.0047	227.6667	485.0000	
448	2333.183	234.1797	-387.3333	-105.0000	
449	2336.124	258.0298	-23.3333	289.0000	
450	2339.055	265.2131	-365.0000	-67.6667	
451	2341.976	275.8965	391.0000	710.6667	
452	2344.886	278.9952	-591.0000	-293.0000	
453	2347.786	274.2439	329.0000	671.0000	
454	2350.675	273.6594	-411.0000	-114.3333	
455	2353.554	283.4662	177.3333	480.3333	
456	2356.423	281.6062	-489.6667	-169.6667	
457	2359.281	270.2677	223.6667	521.6667	
458	2362.128	247.8249	-272.0000	-26.0000	
459	2364.966	252.7989	213.6667	501.3334	
460	2367.792	258.7744	-217.0000	60.0000	
461	2370.609	272.1129	97.6667	422.0000	
462	2373.415	275.2012	-245.6667	30.6667	
463	2376.210	305.3731	272.0000	600.6667	
464	2378.995	295.5240	-428.3333	-89.3333	
465	2381.769	276.5500	100.6667	394.3333	
466	2384.533	272.3884	-321.0000	-37.3333	
467	2387.286	275.4768	248.3333	540.3333	
468	2390.029	268.4805	-561.3333	-285.0000	
469	2392.760	247.1413	233.3333	500.6667	
470	2395.482	247.5111	-354.3333	-90.6667	
471	2398.193	248.1518	313.0000	589.6667	
472	2400.893	248.9386	-606.0000	-352.3333	
473	2403.583	251.3022	227.0000	508.3333	
474	2406.262	259.5201	-409.0000	-156.0000	
475	2408.931	261.9045	301.3333	580.3334	
476	2411.589	267.4883	-375.3333	-98.3333	
477	2414.236	271.4915	340.0000	567.6666	
478	2416.872	287.1823	-441.0000	-166.3333	
479	2419.498	316.1856	53.6667	353.3333	
480	2422.113	304.5221	-411.0000	-127.0000	
481	2424.718	277.3587	237.0000	473.3334	
482	2427.312	281.3620	-507.0000	-235.3333	
483	2429.895	251.8652	205.3333	424.6667	
484	2432.467	185.3689	1364.3333	1318.0000	
485	2435.029	197.8982	256.6667	469.6666	
486	2437.580	273.7607	-651.6667	-442.3333	
487	2440.120	303.7065	77.0000	337.3333	
488	2442.649	293.6522	-442.6667	-194.6667	
489	2445.167	298.8126	25.0000	247.0000	
490	2447.675	296.0503	-542.6667	-281.0000	
491	2450.172	287.5906	364.0000	618.3333	
492	2452.658	282.4648	-401.3333	-151.0000	
493	2455.134	264.0614	288.0000	484.3333	
494	2457.598	263.9911	-592.6667	-340.3333	
495	2460.052	264.5877	251.0000	466.6666	
496	2462.495	257.6010	-323.3333	-86.3333	
497	2464.927	234.1140	434.6667	620.3333	
498	2467.348	263.0440	-412.0000	-200.6667	
499	2469.758	300.9738	420.6667	666.6667	
500	2472.157	271.9033	-342.3333	-128.6667	
501	2474.546	257.6846	1.6667	200.6667	
502	2476.923	263.7993	-429.6667	-225.0000	
503	2479.290	279.5806	212.0000	434.3333	
504	2481.645	281.2785	-359.6667	-160.6667	
505	2483.990	281.7265	164.0000	418.0000	
506	2486.323	270.5912	-371.3333	-161.6667	
507	2488.646	259.6225	230.6667	418.3333	
508	2490.958	260.8205	-610.3334	-411.3333	
509	2493.258	265.1852	250.6667	447.3333	
510	2495.548	275.3831	-278.6667	-66.0000	
511	2497.827	266.4977	-50.3333	153.0000	
