resultName	chilca4-60
resultName	chilca4-60
ID	RS20200227100533_P19331194
Command	SCANANDSEARCH
User	Admin
Application	_Analyze
SerialNumber	P19331194
Power	280
Integration	900
Averages	3
AutoExposure	Off
AutoCollect	Off
QuickCollect	Off
AutoBackground	On
BaselineCorrection	On
Algorithm	Wavelet
Searched Library	All,None,None,None
MixtureComponents	2
matchThreshold	0.0
displayMatches	1
Threshold	0.80
WL Start	
WL End	
ServerVersion	3.180316
FirmwareVersion	
date	2020-02-27
time	10:05:33
scanindex	0
specpath	RS20200227100533_P19331194.xml
Search Range	200 - 2500
Synced	false
lastCalDateTime	2020-02-27 08:30:34
lastCalUser	Admin
lastCalResult	PASS
lastVerifyDateTime	2019-10-16 15:05:37
lastVerifyUser	Admin
lastVerifyResult	PASS
selectedMaterial	
result	No Match
ValidationGUID	
ValidationMatchQuality	
topMatch	
topMatchGUID	
topMatchQuality	
secondMatch	
secondMatchGUID	
secondMatchQuality	
thirdMatch	
thirdMatchGUID	
thirdMatchQuality	
fourthMatch	
fourthMatchGUID	
fourthMatchQuality	
fifthMatch	
fifthMatchGUID	
fifthMatchQuality	
signedBy	
signedDateTime	
softwareVer	1.7.0.21
memo	
batchID	
inBatch	false
batchUID	
batchCID1	
batchCIDlbl1	
batchCID2	
batchCIDlbl2	
batchCID3	
batchCIDlbl3	
batchCID4	
batchCIDlbl4	
batchCID5	
batchCIDlbl5	
signedTitle	
signedReason	
rescanned	
barcode	
topMatchContribs	
secondMatchContribs	
thirdMatchContribs	
fourthMatchContribs	
fifthMatchContribs	
ValidationMatchContribs	
Threat	
PrecursorList	
CompundName	
WindowStart4C	
MatchLibrary	
lastModified	2020/02/27 10:06
Signal2Noise	49.31
Detector TEC SetPoint	0x8000
Detector Temp	4.97
Laser Temp	25.38
OE1 Temp	31.03
OE2 Temp	34.62
Detector Gain	200
SaturationDetected	false
InterpolatedPixelList	
PeakList	 304.2	829	328.6	692	435.4	815	488.9	698	495.4	642	559.9	738	657.3	1142	665.8	977	758.9	2432	797.4	1037	847.1	562	1158.0	605	1227.4	621	1292.8	824	1308.8	703	1377.3	1605	1440.1	5579	1564.7	1671	1645.3	4377	1676.0	3153
index	Raman Shift (cm-1)	Y value (counts)	background (counts)	raw value (counts)
0	137.455	324.1313	13346.6680	16200.0000	
1	143.948	299.9382	14167.0000	16879.3320	
2	150.436	219.7489	14831.3320	17346.6680	
3	156.918	258.5537	15238.3340	17675.6680	
4	163.394	260.0266	14840.6660	17162.6660	
5	169.865	245.4995	16253.0000	18443.6660	
6	176.330	278.6403	15881.0000	17988.0000	
7	182.790	280.7791	15893.3340	17885.6660	
8	189.244	337.2520	15115.6680	17047.6660	
9	195.693	301.7269	16361.3340	18141.0000	
10	202.136	208.8657	16346.6680	17916.6660	
11	208.573	254.6744	17092.0000	18591.0000	
12	215.005	291.8134	16283.3340	17702.6660	
13	221.431	192.3320	16985.0000	18255.6660	
14	227.851	143.9530	17116.3340	18277.6660	
15	234.266	96.1269	17796.3340	18919.3320	
16	240.675	201.9709	15479.3320	16717.6660	
17	247.078	218.4789	16688.3340	17952.6680	
18	253.476	274.3209	15350.3320	16680.0000	
19	259.868	302.1600	16350.6670	17717.6660	
20	266.254	339.6689	14688.0000	16102.0000	
21	272.635	198.8895	16564.0000	17860.3340	
22	279.009	80.7762	16095.6660	17297.0000	
23	285.378	254.3287	15380.6660	16778.6660	
24	291.742	503.8813	14776.0000	16446.6660	
25	298.099	713.2491	14905.6660	16815.6660	
26	304.451	828.6170	14435.6660	16491.0000	
27	310.797	622.6490	15620.3340	17499.6660	
28	317.137	490.6488	14023.6680	15813.3330	
29	323.471	664.0128	14291.3320	16215.6680	
30	329.800	691.7017	13976.0000	15889.3320	
31	336.122	453.0627	14752.0000	16388.0000	
32	342.439	350.7557	14143.0000	15638.0000	
33	348.750	295.1147	14091.0000	15491.6660	
34	355.055	382.8077	11887.0000	13336.6660	
35	361.354	277.3346	14834.3320	16117.6680	
36	367.648	305.6586	12439.0000	13726.3340	
37	373.935	187.2341	12347.0000	13504.3340	
38	380.216	100.8922	12950.0000	14002.3330	
39	386.492	123.2163	13579.3340	14635.3320	
40	392.762	310.8774	10969.6670	12194.6670	
41	399.025	239.3342	12353.6660	13629.6680	
42	405.283	76.4564	11379.3340	12354.3340	
43	411.535	215.9129	7960.3330	9067.0000	
44	417.781	282.7023	8593.0000	9758.6670	
45	424.020	582.2112	9477.6670	10971.0000	
46	430.254	744.7206	6539.3335	8223.3330	
47	436.482	815.2310	4832.3330	6615.0000	
48	442.704	616.0739	3722.0000	5333.6670	
49	448.920	374.3940	6883.6665	8227.0000	
50	455.129	270.7476	4667.0000	6025.3335	
51	461.333	222.6849	3799.0000	5132.6670	
52	467.531	224.8720	3642.3335	4989.6665	
53	473.722	199.1203	5535.6665	6837.0000	
54	479.908	315.7851	3261.3335	4778.6665	
55	486.087	697.7004	1605.0000	3530.0000	
56	492.260	531.3765	3418.6667	5186.0000	
57	498.427	642.3384	4015.3335	5875.0000	
58	504.588	300.9672	4413.3335	5913.0000	
59	510.743	226.2627	2154.6667	3561.0000	
60	516.892	273.3917	2666.0000	4005.3333	
61	523.034	430.2340	4044.6665	5600.3330	
62	529.171	348.5770	2089.6667	3527.6670	
63	535.301	223.5855	3240.3335	4517.3330	
64	541.425	219.5953	1908.3333	3145.3335	
65	547.543	280.0416	3349.0000	4517.6665	
66	553.655	417.6967	6324.0000	7488.0000	
67	559.760	737.9557	7141.6670	8789.0000	
68	565.859	598.9651	4669.3335	6141.6670	
69	571.952	216.6698	3365.0000	4423.6665	
70	578.039	245.9575	1205.0000	2217.6667	
71	584.119	312.2397	823.0000	1934.3333	
72	590.193	312.7722	1504.0000	2593.0000	
73	596.261	186.1206	3213.6665	4160.3335	
74	602.323	196.1347	4516.6670	5457.6665	
75	608.378	105.8163	4318.6670	5153.6665	
76	614.427	205.1656	4242.6665	5161.3335	
77	620.469	318.7417	5159.6665	6234.0000	
78	626.505	305.4420	3863.6670	4838.6665	
79	632.535	419.1428	3209.0000	4367.6670	
80	638.559	582.5098	3050.0000	4385.3335	
81	644.576	741.2104	4149.0000	5656.3335	
82	650.587	887.9109	3305.0000	4972.3335	
83	656.591	1141.6113	1685.0000	3619.3335	
84	662.589	934.3118	1396.0000	3136.3335	
85	668.581	977.4597	1550.9999	3305.6665	
86	674.566	508.6075	632.0000	1889.0000	
87	680.544	433.7555	1174.3333	2327.6665	
88	686.517	332.2373	2235.3333	3258.3335	
89	692.483	343.9359	2379.3335	3402.3335	
90	698.442	330.9268	1159.3334	2250.3333	
91	704.395	304.0170	1822.6667	2839.3333	
92	710.341	216.3007	1632.0000	2560.6667	
93	716.281	145.7462	1639.0000	2591.6667	
94	722.214	82.4415	1581.6667	2421.3335	
95	728.141	79.6368	1744.0000	2731.6667	
96	734.061	170.6655	1412.6666	2554.6667	
97	739.975	178.6939	2300.3335	3513.6665	
98	745.882	454.9404	1980.3333	3522.0000	
99	751.783	1284.5405	2958.0000	5392.3330	
100	757.677	2432.4756	1805.0000	5450.3335	
101	763.564	2028.8237	2823.0000	6096.3335	
102	769.445	791.5053	2019.6667	4087.3335	
103	775.319	528.8539	2433.0000	4269.6670	
104	781.187	695.8684	2003.6667	4039.0000	
105	787.048	790.3037	2806.6665	4950.0000	
106	792.902	748.7384	2512.3335	4627.6665	
107	798.750	1036.5068	3257.0000	5673.6665	
108	804.591	791.9428	2447.0000	4632.6670	
109	810.425	330.9337	3049.3333	4760.0000	
110	816.253	65.2582	2167.3333	3598.3335	
111	822.074	145.9156	2689.3333	4187.0000	
112	827.888	89.4735	2233.0000	3672.3335	
113	833.695	76.7709	2909.0000	4318.3335	
114	839.496	350.0680	2360.6667	4026.0000	
115	845.290	562.0322	2884.6665	4744.6665	
116	851.078	444.3289	2498.0000	4223.0000	
117	856.858	306.5925	2858.0000	4449.6670	
118	862.632	171.8551	2733.0000	4194.3330	
119	868.399	263.8464	2835.6667	4381.6670	
120	874.159	344.5476	2144.6667	3778.0000	
121	879.913	435.8682	2413.0000	4136.3335	
122	885.659	441.5217	2189.0000	3916.6667	
123	891.399	493.1754	2636.3333	4414.3335	
124	897.132	196.4957	2508.6667	3988.6670	
125	902.858	190.5153	2175.0000	3650.3335	
126	908.577	221.5352	1760.6665	3268.3335	
127	914.290	315.2216	2526.6665	4129.3335	
128	919.995	430.9075	1655.0000	3374.6665	
129	925.694	324.2607	2409.0000	4023.3333	
130	931.385	249.9474	1521.3333	3062.6667	
131	937.070	230.6337	1924.0000	3447.3335	
132	942.748	278.6534	1524.3334	3097.0000	
133	948.419	272.3643	1948.6665	3528.0000	
134	954.083	442.7887	1263.0000	3014.6665	
135	959.740	377.2138	1722.3333	3410.3335	
136	965.390	104.3056	1524.6667	2941.6667	
137	971.033	233.3135	1647.3333	3190.6665	
138	976.669	319.6550	846.6667	2473.6667	
139	982.299	279.3297	1318.0000	2902.0000	
140	987.921	224.1539	1269.3334	2783.0000	
141	993.536	269.5049	1376.6667	2930.0000	
142	999.144	301.5224	1042.0000	2621.6665	
143	1004.745	317.2071	1559.0001	3148.6670	
144	1010.339	343.8912	991.3334	2602.0000	
145	1015.926	343.5755	1404.0000	3008.6667	
146	1021.506	229.2598	1297.6666	2782.3333	
147	1027.078	230.6108	1482.6666	2963.0000	
148	1032.644	311.6287	1070.6666	2626.3335	
149	1038.203	276.2438	1442.6666	2952.6667	
150	1043.754	200.1922	1095.6666	2519.3335	
151	1049.298	236.8070	1343.0000	2793.0000	
152	1054.836	272.4224	681.6666	2157.0000	
153	1060.366	263.9741	1419.3334	2879.6667	
154	1065.889	278.6027	1182.0000	2661.0000	
155	1071.404	434.1747	1491.6667	3118.6670	
156	1076.913	539.7466	1181.0000	2906.0000	
157	1082.414	546.9272	1578.0000	3305.3335	
158	1087.908	283.4408	848.0000	2307.0000	
159	1093.395	188.9550	1593.6665	2953.3335	
160	1098.875	302.1351	1489.3334	2957.3333	
161	1104.348	369.4120	1878.3333	3399.3330	
162	1109.813	272.0966	1396.3334	2825.3335	
163	1115.271	293.4473	2007.3333	3463.0000	
164	1120.721	200.7146	1447.3333	2780.0000	
165	1126.165	180.5578	2024.0000	3366.6670	
166	1131.601	175.1511	1637.6665	2979.6667	
167	1137.030	212.9109	2267.0000	3663.6665	
168	1142.452	281.8373	1438.3334	2909.3333	
169	1147.866	457.2851	2201.0000	3863.0000	
170	1153.273	552.7327	1929.0000	3702.0000	
171	1158.672	604.5139	2424.6665	4265.0000	
172	1164.064	485.9618	1927.6665	3665.0000	
173	1169.449	329.5441	2863.6665	4456.0000	
174	1174.827	212.1262	2415.3333	3901.6665	
175	1180.197	230.2668	3106.0002	4634.0000	
176	1185.560	219.5170	2627.6667	4151.6670	
177	1190.915	170.4334	3140.0000	4621.6670	
178	1196.263	188.0166	2905.6665	4411.6670	
179	1201.603	427.9318	3352.6670	5105.3330	
180	1206.936	420.1817	2868.0000	4619.6665	
181	1212.262	472.1396	3582.3335	5393.6670	
182	1217.580	481.3715	3219.0000	5035.0000	
183	1222.891	563.1304	3799.6670	5708.6665	
184	1228.194	621.2228	3409.6665	5388.0000	
185	1233.489	467.7356	4192.6665	6029.6670	
186	1238.778	337.2475	3845.3335	5564.0000	
187	1244.058	248.0938	4279.3330	5921.0000	
188	1249.331	207.6056	3936.3335	5549.6665	
189	1254.597	202.5456	5044.0000	6691.3340	
190	1259.855	131.8170	4517.6670	6133.3330	
191	1265.106	190.4230	5268.6670	6982.0000	
192	1270.349	339.0290	4996.0000	6897.0000	
193	1275.584	398.6344	5689.3335	7689.0000	
194	1280.812	378.5738	5052.0000	7070.6670	
195	1286.032	558.5128	5942.3335	8180.0000	
196	1291.244	824.3998	5324.3335	7881.3330	
197	1296.449	824.1855	6278.6660	8832.6670	
198	1301.647	736.3028	5799.6665	8263.0000	
199	1306.836	686.4207	6718.6670	9129.3340	
200	1312.018	703.2053	6287.0000	8711.6660	
201	1317.193	269.5862	6748.3335	8715.6660	
202	1322.359	163.3023	6579.3330	8416.6670	
203	1327.518	399.6988	7145.6670	9180.3330	
204	1332.670	473.2393	6715.3330	8800.3330	
205	1337.813	302.7817	7601.3335	9508.6670	
206	1342.949	232.6572	6820.6670	8650.6670	
207	1348.077	112.5331	7840.0000	9542.6670	
208	1353.198	180.0750	7160.3330	8923.3330	
209	1358.311	295.2839	8364.3330	10235.3330	
210	1363.415	667.4928	7736.0000	9972.0000	
211	1368.513	1214.0347	8544.6670	11320.0000	
212	1373.602	1482.9116	7981.6660	11018.6670	
213	1378.684	1605.2061	8840.6660	12005.3330	
214	1383.757	1235.8345	8267.3330	11068.0000	
215	1388.823	529.7962	9270.0000	11370.0000	
216	1393.881	66.0918	8415.3330	10057.0000	
217	1398.932	0.0000	9324.6660	10894.3340	
218	1403.974	95.3682	8632.0000	10266.3330	
219	1409.009	352.0716	9723.3340	11583.6670	
220	1414.036	778.1072	8776.6660	11032.3330	
221	1419.054	1231.3394	9617.6660	12307.3330	
222	1424.065	1744.2378	8990.6660	12174.0000	
223	1429.068	3166.1357	9732.3340	14318.3340	
224	1434.064	5010.6553	9154.0000	15548.3320	
225	1439.051	5578.9888	9867.3330	16794.0000	
226	1444.030	5570.3228	9191.3330	16073.3340	
227	1449.001	5517.9873	10095.3340	16889.0000	
228	1453.965	5071.3203	9040.6670	15351.6660	
229	1458.920	4268.0889	10175.6670	15588.6680	
230	1463.868	3331.1870	9156.0000	13537.3320	
231	1468.807	2525.9561	9957.6660	13439.0000	
232	1473.739	1665.3887	8985.3340	11511.3330	
233	1478.662	942.6308	9770.6670	11492.0000	
234	1483.578	483.2065	8886.6660	10066.6670	
235	1488.485	292.1132	9865.3330	10772.3330	
236	1493.385	211.0207	8948.6660	9692.6660	
237	1498.276	200.2267	10036.0000	10712.3330	
238	1503.159	114.2058	9282.6670	9823.3340	
239	1508.035	136.6296	9858.0000	10395.3340	
240	1512.902	175.1373	7637.6665	8184.0000	
241	1517.761	163.0608	9106.0000	9580.0000	
242	1522.612	142.4012	9496.3340	9888.3330	
243	1527.454	158.4088	10788.0000	11203.6670	
244	1532.289	182.2502	9875.0000	10252.6670	
245	1537.116	191.7260	10872.3340	11256.3330	
246	1541.934	268.4086	9905.0000	10399.6660	
247	1546.745	286.4252	10898.3330	11445.0000	
248	1551.547	369.7726	10094.3340	10758.3330	
249	1556.341	706.0107	11199.3330	12275.0000	
250	1561.126	1455.5811	10217.6660	12118.3330	
251	1565.904	1671.1497	11022.0000	13213.6660	
252	1570.673	839.7206	10594.0000	12029.6670	
253	1575.434	368.9780	11156.6670	12187.6660	
254	1580.187	186.9025	10209.6670	11124.6660	
255	1584.932	129.1599	11072.3340	11995.6660	
256	1589.668	116.1691	9835.3330	10792.6660	
257	1594.396	50.0942	10247.3330	11186.6660	
258	1599.116	93.2692	9366.0000	10451.6670	
259	1603.828	261.6904	10837.6670	12179.3330	
260	1608.531	654.6398	10382.3330	12160.6660	
261	1613.226	939.9659	11071.0000	13204.0000	
262	1617.912	1060.6250	10788.0000	13111.0000	
263	1622.591	1173.9504	11163.0000	13668.6660	
264	1627.261	1769.2778	10247.6660	13418.0000	
265	1631.922	2764.0403	10723.6660	14924.0000	
266	1636.576	3522.5938	9619.3330	14590.3340	
267	1641.220	4033.3975	10942.6660	16435.0000	
268	1645.857	4376.8643	9755.3340	15601.6660	
269	1650.485	3445.4502	10775.6670	15606.0000	
270	1655.105	2653.7021	9612.3330	13566.3340	
271	1659.716	2322.9531	10628.3340	14167.0000	
272	1664.319	2411.2056	9917.0000	13459.3330	
273	1668.913	2847.7915	10788.3330	14682.6670	
274	1673.499	3133.7090	9540.0000	13635.6660	
275	1678.077	3153.2925	9764.6670	13795.3320	
276	1682.646	1827.8799	9388.6660	12009.3330	
277	1687.206	779.7441	9546.3330	11030.3340	
278	1691.759	265.9399	9154.6670	10036.3330	
279	1696.302	132.8051	10354.3330	11014.3330	
280	1700.837	116.8740	8946.6660	9516.3340	
281	1705.364	120.4370	9439.3330	9923.6670	
282	1709.882	162.3325	8216.3330	8653.6660	
283	1714.391	163.8964	9703.6670	10053.6670	
284	1718.892	240.1284	8424.6670	8752.0000	
285	1723.385	268.3810	8975.6670	9312.6670	
286	1727.868	294.3012	7026.3330	7361.3330	
287	1732.344	279.7354	8438.6660	8686.6660	
288	1736.810	270.6693	8092.6670	8370.6660	
289	1741.268	275.0197	8233.3330	8503.6660	
290	1745.717	279.6199	6737.3335	7017.6670	
291	1750.158	262.3040	8305.6670	8552.6670	
292	1754.590	254.9038	7350.6665	7585.6670	
293	1759.014	283.6314	7850.6670	8104.0000	
294	1763.428	324.6934	5844.6670	6128.6670	
295	1767.835	306.0880	7070.0000	7325.0000	
296	1772.232	227.1498	7182.0000	7347.6670	
297	1776.621	332.1683	6791.0000	7068.3330	
298	1781.001	327.8541	5348.0000	5627.6665	
299	1785.372	314.8736	6022.6665	6296.0000	
300	1789.735	304.2263	5114.6665	5384.0000	
301	1794.089	249.8215	5905.0000	6132.3335	
302	1798.434	233.4861	5961.3335	6173.3330	
303	1802.770	244.3176	6594.0000	6808.0000	
304	1807.098	253.8159	6063.0000	6237.3330	
305	1811.416	293.1477	5476.0000	5730.3335	
306	1815.726	276.5623	4623.0000	4856.6665	
307	1820.027	259.7271	5259.6670	5472.3330	
308	1824.320	270.0818	4379.3335	4593.6665	
309	1828.603	266.6447	5632.3330	5822.6665	
310	1832.878	270.1248	4773.6665	4988.6670	
311	1837.144	284.6873	4567.0000	4800.0000	
312	1841.401	276.5003	4036.6665	4300.3330	
313	1845.649	237.4411	4382.3335	4578.0000	
314	1849.889	255.9654	4707.0000	4927.6665	
315	1854.119	281.7399	4748.6665	5010.6665	
316	1858.340	281.5139	3926.6665	4165.3335	
317	1862.553	284.4214	3841.6665	4132.0000	
318	1866.757	292.9123	3305.0000	3550.6665	
319	1870.951	288.9031	2945.6667	3235.3335	
320	1875.137	295.6441	2245.6667	2534.3333	
321	1879.314	290.4267	3116.6665	3407.0000	
322	1883.482	272.4245	1904.6667	2193.3333	
323	1887.641	272.7118	1803.6667	2096.3333	
324	1891.791	268.2078	1644.6667	1908.0000	
325	1895.932	266.1244	2676.6665	2989.3333	
326	1900.064	266.9576	1551.0000	1807.6667	
327	1904.187	267.1033	2767.3333	3045.3335	
328	1908.300	268.6863	2208.3333	2468.6667	
329	1912.405	283.6256	2363.6665	2664.0000	
330	1916.501	283.3877	2046.6665	2313.0000	
331	1920.588	274.4830	1977.0000	2249.6667	
332	1924.666	268.1620	1760.3335	2014.3334	
333	1928.734	266.8718	2601.0000	2860.3333	
334	1932.794	264.7482	1809.3335	2045.0000	
335	1936.844	282.3749	1789.3333	2065.3335	
336	1940.885	293.9176	1500.6667	1790.3333	
337	1944.917	278.1275	1918.6667	2194.6667	
338	1948.940	256.0039	1784.0000	2040.0000	
339	1952.954	281.5472	1812.3333	2096.0000	
340	1956.959	292.7566	589.3333	879.3333	
341	1960.955	293.8380	914.3334	1197.6667	
342	1964.941	294.3360	867.0000	1198.0000	
343	1968.918	271.5353	888.6666	1174.6666	
344	1972.886	255.0404	277.3333	531.3333	
345	1976.845	257.7734	450.3334	729.3333	
346	1980.794	268.2563	-177.0000	78.6667	
347	1984.735	282.1560	204.3333	496.6667	
348	1988.666	282.3059	-64.3333	227.0000	
349	1992.588	230.5215	410.0000	650.6666	
350	1996.500	257.4910	-359.0000	-102.0000	
351	2000.404	316.8040	297.3333	614.0000	
352	2004.298	285.1169	-404.3333	-119.0000	
353	2008.182	286.6382	253.0000	515.0000	
354	2012.058	291.0763	-409.0000	-117.0000	
355	2015.924	288.0559	223.6667	513.0000	
356	2019.781	265.0352	-473.0000	-206.3333	
357	2023.628	252.0473	262.6667	513.6667	
358	2027.466	265.8092	-425.0000	-200.0000	
359	2031.295	273.7380	132.0000	450.0000	
360	2035.114	280.4583	-421.6667	-167.3333	
361	2038.924	283.5114	221.0000	493.0000	
362	2042.725	286.8562	-457.6667	-194.3333	
363	2046.516	289.9092	156.0000	444.6667	
364	2050.298	272.5102	-471.6667	-209.0000	
365	2054.070	261.4027	182.0000	436.3333	
366	2057.833	261.4411	-403.6667	-155.0000	
367	2061.586	264.4379	180.6667	420.6667	
368	2065.330	269.5804	-411.6667	-125.6667	
369	2069.065	270.5564	156.0000	433.0000	
370	2072.790	273.0323	-372.3333	-92.0000	
371	2076.505	282.3333	289.3333	544.3334	
372	2080.211	283.9183	-401.0000	-94.0000	
373	2083.908	285.8999	134.0000	412.0000	
374	2087.595	294.1313	-324.0000	-35.6667	
375	2091.272	292.5295	-18.6667	279.6667	
376	2094.940	282.7607	-336.3333	-67.3333	
377	2098.599	272.5295	190.3333	473.6666	
378	2102.248	265.2149	-228.3333	13.0000	
379	2105.887	260.1503	180.3333	429.6667	
380	2109.516	262.1693	-460.6667	-229.0000	
381	2113.136	274.3423	-744.3333	-489.3333	
382	2116.747	277.1820	-199.3333	57.0000	
383	2120.348	274.3550	173.0000	425.0000	
384	2123.939	271.6947	-599.6667	-354.0000	
385	2127.521	268.1168	75.6667	328.6667	
386	2131.093	268.5002	-457.3334	-216.6667	
387	2134.655	292.0502	41.0000	318.3333	
388	2138.207	311.4335	-433.6667	-137.3333	
389	2141.750	271.7487	232.0000	488.3333	
390	2145.283	261.8974	-453.3333	-205.6667	
391	2148.807	260.2128	185.6667	444.0000	
392	2152.321	267.8540	-616.0000	-393.6667	
393	2155.825	266.4330	39.6667	288.0000	
394	2159.319	268.7621	-314.6667	-83.6667	
395	2162.804	272.2578	294.3333	547.6666	
396	2166.279	272.0867	-297.6667	-65.3333	
397	2169.744	290.7599	76.3333	339.3333	
398	2173.199	281.9331	-468.0000	-203.6667	
399	2176.644	277.9396	160.6667	380.6667	
400	2180.080	278.5295	-256.0000	11.0000	
401	2183.506	274.7861	425.3333	670.0000	
402	2186.922	274.0426	-394.3333	-151.0000	
403	2190.328	253.6325	-64.0000	158.3333	
404	2193.725	257.5559	-426.6667	-201.0000	
405	2197.111	277.3344	196.3333	453.3333	
406	2200.488	264.2679	-451.0000	-204.6667	
407	2203.854	274.0280	190.6667	420.3333	
408	2207.211	301.2049	-402.6667	-113.6667	
409	2210.558	282.6660	272.0000	544.3333	
410	2213.896	275.1271	-471.6666	-205.0000	
411	2217.223	264.9216	257.0000	480.6667	
412	2220.540	263.9664	-420.6667	-143.3333	
413	2223.847	285.3847	310.0000	575.6666	
414	2227.145	287.2195	-640.0000	-369.6667	
415	2230.432	279.9710	129.3333	388.3333	
416	2233.709	260.4726	-614.0000	-376.3333	
417	2236.977	260.9741	180.3333	416.6667	
418	2240.234	275.8089	-555.3333	-306.0000	
419	2243.482	281.3938	-45.6667	211.6667	
420	2246.719	283.2283	-396.3333	-145.6667	
421	2249.946	286.6378	253.0000	501.6667	
422	2253.164	287.8181	-487.3334	-224.0000	
423	2256.371	284.3733	203.6667	472.6666	
424	2259.568	281.5117	-383.0000	-170.3333	
425	2262.755	282.0391	153.6667	407.6667	
426	2265.933	279.8372	-180.6667	62.0000	
427	2269.100	231.8262	329.6667	535.3334	
428	2272.256	251.7999	-370.0000	-143.6667	
429	2275.403	272.1518	155.3333	418.6666	
430	2278.540	277.9203	-368.0000	-121.3333	
431	2281.667	278.3556	272.0000	538.6667	
432	2284.783	274.2908	-426.0000	-160.3333	
433	2287.889	272.5593	178.6667	406.3333	
434	2290.985	305.2127	-420.3333	-128.0000	
435	2294.071	294.2190	170.3333	454.3333	
436	2297.147	277.8917	-629.3333	-359.0000	
437	2300.212	261.6247	234.3333	487.3333	
438	2303.267	256.3577	-463.6667	-217.0000	
439	2306.312	276.4240	-43.6667	222.0000	
440	2309.347	297.8237	-620.0000	-334.0000	
441	2312.372	288.3140	300.6667	575.0000	
442	2315.386	269.1376	-331.0000	-78.0000	
443	2318.390	271.9612	114.6667	351.6667	
444	2321.384	278.4520	-545.6667	-287.6667	
445	2324.368	274.3033	328.0000	581.3333	
446	2327.341	261.4880	-515.0000	-275.0000	
447	2330.304	267.1728	155.6667	374.6667	
448	2333.256	279.2127	-448.0000	-179.6667	
449	2336.199	283.3689	-77.3333	209.3333	
450	2339.131	279.9417	-394.0000	-143.6667	
451	2342.052	273.1812	363.3333	648.3334	
452	2344.963	273.0870	-591.0000	-336.0000	
453	2347.864	270.5209	308.6667	568.6667	
454	2350.755	269.9546	-482.0000	-201.3333	
455	2353.635	264.2714	157.6667	399.6667	
456	2356.505	261.9990	-520.3333	-281.3333	
457	2359.364	265.3189	194.6667	428.3334	
458	2362.213	271.9724	-328.3333	-85.0000	
459	2365.051	301.4590	153.3333	423.3333	
460	2367.879	293.1958	-308.0000	-6.0000	
461	2370.697	276.1236	76.0000	285.3333	
462	2373.504	266.1348	-311.0000	-56.6667	
463	2376.300	272.8126	281.3333	470.6667	
464	2379.086	275.9070	-473.0000	-223.3333	
465	2381.862	273.4182	32.6667	256.3333	
466	2384.627	262.1793	-370.0000	-160.6667	
467	2387.382	264.6070	220.0000	428.6666	
468	2390.125	281.7015	-578.0000	-378.3333	
469	2392.859	299.9887	178.3333	428.3333	
470	2395.582	285.1559	-404.6667	-172.3333	
471	2398.294	277.9900	284.3333	506.6667	
472	2400.996	274.4903	-670.0000	-454.0000	
473	2403.687	265.3132	200.0000	398.0000	
474	2406.368	263.5529	-483.6667	-253.0000	
475	2409.038	237.7925	316.6667	486.0000	
476	2411.697	278.7702	-412.0000	-216.3333	
477	2414.346	287.6146	272.0000	488.6667	
478	2416.984	287.8757	-465.3333	-294.6667	
479	2419.612	292.5534	44.3333	278.0000	
480	2422.228	279.8145	-443.3333	-265.3333	
481	2424.834	274.8256	185.0000	353.3333	
482	2427.430	229.5034	-490.0000	-345.6667	
483	2430.015	234.4310	149.0000	329.3333	
484	2432.589	239.1085	1253.6667	1234.0000	
485	2435.152	290.2397	191.3333	360.6667	
486	2437.705	313.9541	-700.0000	-507.3334	
487	2440.247	299.0022	34.3333	233.6667	
488	2442.778	260.0502	-458.6667	-320.6667	
489	2445.298	299.2147	-7.6667	171.6667	
490	2447.808	290.1751	-560.3333	-365.3333	
491	2450.306	280.5509	333.6667	510.0000	
492	2452.794	272.2599	-449.3333	-264.0000	
493	2455.272	271.0800	257.6667	405.6667	
494	2457.738	272.1501	-611.6666	-442.6667	
495	2460.194	272.6369	243.6667	407.6667	
496	2462.638	273.1237	-339.0000	-157.0000	
497	2465.073	273.7771	385.6667	528.0000	
498	2467.496	275.6806	-412.3333	-249.0000	
499	2469.908	274.9174	398.6667	557.6667	
500	2472.309	272.9043	-374.3333	-226.6667	
501	2474.699	274.7870	-37.3333	122.0000	
502	2477.079	275.9197	-495.6667	-341.3333	
503	2479.448	272.4691	208.6667	353.6667	
504	2481.805	274.0184	-425.3333	-266.0000	
505	2484.152	275.9011	163.0000	300.3333	
506	2486.488	275.0338	-421.6666	-268.6667	
507	2488.813	279.2498	176.6667	321.6667	
508	2491.127	284.2784	-633.6667	-485.3333	
509	2493.430	274.6819	224.3333	371.0000	
510	2495.722	301.9812	-313.6667	-148.3333	
511	2498.003	240.8640	-97.0000	5.3333	
