resultName	muna16-225
resultName	muna16-225
ID	RS20201106095232_P19331194
Command	SCANANDSEARCH
User	Admin
Application	_Analyze
SerialNumber	P19331194
Power	280
Integration	900
Averages	3
AutoExposure	Off
AutoCollect	Off
QuickCollect	Off
AutoBackground	On
BaselineCorrection	On
Algorithm	Wavelet
Searched Library	All,None,None,None
MixtureComponents	2
matchThreshold	0.0
displayMatches	1
Threshold	0.80
WL Start	
WL End	
ServerVersion	3.180316
FirmwareVersion	
date	2020-11-06
time	09:52:32
scanindex	0
specpath	RS20201106095232_P19331194.xml
Search Range	200 - 2500
Synced	false
lastCalDateTime	2020-10-28 08:17:07
lastCalUser	Admin
lastCalResult	PASS
lastVerifyDateTime	2020-11-06 08:24:10
lastVerifyUser	Admin
lastVerifyResult	PASS
selectedMaterial	
result	No Match
ValidationGUID	
ValidationMatchQuality	
topMatch	
topMatchGUID	
topMatchQuality	
secondMatch	
secondMatchGUID	
secondMatchQuality	
thirdMatch	
thirdMatchGUID	
thirdMatchQuality	
fourthMatch	
fourthMatchGUID	
fourthMatchQuality	
fifthMatch	
fifthMatchGUID	
fifthMatchQuality	
signedBy	
signedDateTime	
softwareVer	1.7.0.21
memo	
batchID	
inBatch	false
batchUID	
batchCID1	
batchCIDlbl1	
batchCID2	
batchCIDlbl2	
batchCID3	
batchCIDlbl3	
batchCID4	
batchCIDlbl4	
batchCID5	
batchCIDlbl5	
signedTitle	
signedReason	
rescanned	
barcode	
topMatchContribs	
secondMatchContribs	
thirdMatchContribs	
fourthMatchContribs	
fifthMatchContribs	
ValidationMatchContribs	
Threat	
PrecursorList	
CompundName	
WindowStart4C	
MatchLibrary	
lastModified	2020/11/06 09:58
Signal2Noise	40.83
Detector TEC SetPoint	0x8000
Detector Temp	5.02
Laser Temp	25.38
OE1 Temp	36.00
OE2 Temp	39.69
Detector Gain	200
SaturationDetected	false
InterpolatedPixelList	
PeakList	 286.2	747	295.9	532	398.9	537	448.2	382	480.6	349	650.2	1069	678.7	790	736.1	705	749.4	574	806.2	454	840.3	676	855.9	366	897.9	342	960.0	451	1092.8	377	1126.8	540	1141.2	492	1207.8	384	1249.3	426	1337.6	662	1368.8	681	1457.7	3960	1645.5	1923	1676.8	1240	1709.4	700
index	Raman Shift (cm-1)	Y value (counts)	background (counts)	raw value (counts)
0	137.234	209.3267	5334.3330	7443.3330	
1	143.735	213.6034	5735.6670	7791.0000	
2	150.232	170.5468	5887.3335	7841.6660	
3	156.722	207.8239	6156.6670	8090.3330	
4	163.207	237.1016	5831.0000	7736.0000	
5	169.686	250.3784	6573.0000	8433.3330	
6	176.159	223.9896	6210.6665	7986.6670	
7	182.627	192.9328	6460.0000	8147.0000	
8	189.089	104.5432	5884.6665	7425.3330	
9	195.545	94.8194	6609.3340	8082.3330	
10	201.996	141.4310	6348.6670	7810.3340	
11	208.440	187.7068	7050.3340	8500.3330	
12	214.879	205.3185	6356.0000	7765.6670	
13	221.313	204.7338	6958.3340	8343.0000	
14	227.740	166.9895	6686.6670	8003.0000	
15	234.162	133.9686	7155.6665	8450.3330	
16	240.578	92.6136	6244.6670	7509.3330	
17	246.988	76.9260	6677.3335	7937.6665	
18	253.392	143.5716	6110.6670	7449.0000	
19	259.791	160.2175	6767.6665	8134.0000	
20	266.184	199.8630	5788.6665	7206.0000	
21	272.570	304.3501	6909.3340	8458.3330	
22	278.951	584.8385	6462.6670	8319.3330	
23	285.327	747.3280	6470.6660	8517.0000	
24	291.696	518.8156	6011.6670	7856.6670	
25	298.059	532.4220	6365.0000	8248.0000	
26	304.417	481.6949	5902.3335	7759.0000	
27	310.768	323.6353	6831.3335	8554.3340	
28	317.114	286.4952	5925.3335	7645.0000	
29	323.454	343.7433	6237.3330	7980.0000	
30	329.788	314.6570	5751.0000	7430.3330	
31	336.116	327.5717	6526.0000	8184.0000	
32	342.438	301.1534	6146.0000	7743.3340	
33	348.754	169.0680	6319.6660	7750.6670	
34	355.064	76.3152	5428.6665	6732.6670	
35	361.368	113.9772	6497.3330	7795.6660	
36	367.666	85.1993	5450.6665	6687.0000	
37	373.958	135.0437	5564.6670	6843.0000	
38	380.244	287.2222	5698.3335	7121.0000	
39	386.524	307.4007	5873.3335	7308.3335	
40	392.798	275.5790	4880.3330	6275.6665	
41	399.066	537.3247	5593.3335	7239.0000	
42	405.328	431.4038	5023.6670	6552.0000	
43	411.583	210.4830	3834.3335	5130.3330	
44	417.833	139.2296	4060.0000	5273.3335	
45	424.077	149.3524	4513.6665	5730.6665	
46	430.314	205.8085	3293.0000	4560.0000	
47	436.546	286.9316	2520.6667	3862.3335	
48	442.771	377.0540	2224.0000	3649.3330	
49	448.991	381.6008	3713.3330	5145.6670	
50	455.204	356.5763	2550.6667	3946.6665	
51	461.411	190.2200	2325.0000	3543.3335	
52	467.611	157.1962	2232.0000	3406.0000	
53	473.806	257.1776	3235.0000	4482.6670	
54	479.995	349.1583	2018.0000	3331.3335	
55	486.177	340.4726	1071.6666	2350.0000	
56	492.353	178.1095	2032.3333	3114.3333	
57	498.523	91.4112	2599.6667	3576.0000	
58	504.686	110.0463	2517.3333	3442.0000	
59	510.844	151.2649	1445.6667	2453.3333	
60	516.995	170.2333	1738.3333	2733.6665	
61	523.140	248.5845	2532.6667	3598.0000	
62	529.279	284.1859	1454.6667	2544.3335	
63	535.411	231.4540	2361.0000	3386.6670	
64	541.537	189.0551	1381.6666	2353.6667	
65	547.657	168.4895	2310.0000	3252.3335	
66	553.771	170.5906	3436.0000	4401.6665	
67	559.878	177.9418	3957.6670	4838.3335	
68	565.979	192.7096	2654.0000	3589.3330	
69	572.074	185.7608	2175.0000	3101.6667	
70	578.162	221.5621	790.0000	1769.6665	
71	584.244	159.6825	667.6667	1667.6665	
72	590.319	83.3032	1057.0000	1934.0000	
73	596.389	57.4633	2316.6667	3202.3335	
74	602.451	199.9567	2581.3333	3644.0000	
75	608.508	497.4497	2604.3335	3999.0000	
76	614.558	732.9436	2400.6665	4065.3335	
77	620.601	919.8763	2804.3333	4676.3335	
78	626.639	507.0255	2216.0000	3695.0000	
79	632.669	571.8408	2140.6667	3704.3330	
80	638.694	704.6570	1962.3333	3678.6665	
81	644.712	944.4733	2729.3333	4705.3335	
82	650.723	1069.2891	1900.0000	4020.6670	
83	656.728	853.1049	1191.0000	3115.3335	
84	662.727	585.2540	1105.0000	2781.3335	
85	668.719	556.8938	1314.3334	2955.3333	
86	674.704	719.8675	490.0000	2287.0000	
87	680.683	790.1744	1085.3334	2945.6667	
88	686.655	519.1477	1505.0000	3087.3333	
89	692.621	201.4418	1819.0000	3065.3333	
90	698.581	187.7356	772.3334	1986.6665	
91	704.534	187.0472	1357.0000	2560.3333	
92	710.480	170.5925	1144.3333	2305.6667	
93	716.420	60.2575	1203.3334	2239.3333	
94	722.353	172.2561	1076.6667	2209.6665	
95	728.279	520.2549	1306.6666	2772.6665	
96	734.199	704.5872	1023.3334	2658.6667	
97	740.112	567.9191	1710.0000	3193.6665	
98	746.019	544.6572	1381.6666	2821.0000	
99	751.919	573.9380	2106.3335	3575.0000	
100	757.813	346.2194	1115.6666	2356.6667	
101	763.699	189.6647	1891.0000	2975.6665	
102	769.580	120.1107	1237.3333	2252.6667	
103	775.453	74.2228	1645.3333	2615.0000	
104	781.320	6.0015	1246.3334	2148.0000	
105	787.180	74.9185	1897.6667	2875.3335	
106	793.033	107.8348	1655.6666	2673.3333	
107	798.880	292.4182	2056.6667	3266.0000	
108	804.720	453.6682	1409.3334	2787.0000	
109	810.553	369.8189	2012.0000	3337.6670	
110	816.379	254.3019	1305.6666	2547.6665	
111	822.199	215.1187	1802.6667	3037.3335	
112	828.012	221.2934	1322.3334	2604.6665	
113	833.818	428.1590	1889.0000	3410.0000	
114	839.617	676.3577	1412.3333	3213.3330	
115	845.410	475.5568	1830.0000	3462.0000	
116	851.195	330.0889	1543.6667	3062.0000	
117	856.974	366.1068	1798.6667	3359.6665	
118	862.746	266.1249	1695.6667	3163.3335	
119	868.512	340.1633	1750.0000	3287.0000	
120	874.270	256.8815	1263.0000	2708.3333	
121	880.022	170.1360	1651.6667	2987.3333	
122	885.766	136.3909	1316.0000	2595.0000	
123	891.504	216.3123	1640.3333	2976.3333	
124	897.235	341.9002	1467.0000	2905.6667	
125	902.959	315.8060	1399.0000	2786.3333	
126	908.676	156.7120	1036.0000	2239.0000	
127	914.386	137.4514	1593.3333	2745.6667	
128	920.090	162.2740	864.6666	2047.6667	
129	925.786	166.3467	1605.6665	2701.3333	
130	931.475	191.5860	899.6666	2101.0000	
131	937.158	147.5754	1488.0000	2555.6667	
132	942.833	112.1481	949.0000	1956.0000	
133	948.502	208.4507	1352.3334	2447.6667	
134	954.163	292.5408	857.6666	2025.6667	
135	959.818	450.9640	1225.0000	2540.0000	
136	965.465	291.3873	998.0000	2142.0000	
137	971.106	238.0124	1191.6666	2202.6665	
138	976.739	240.0540	529.0000	1642.6667	
139	982.366	239.1792	1017.3334	2103.0000	
140	987.985	169.9669	952.6666	1960.6667	
141	993.597	163.1269	973.6667	1980.0000	
142	999.202	180.6204	726.6666	1755.6667	
143	1004.800	196.1136	1222.6666	2272.3333	
144	1010.392	149.2736	638.3333	1646.3333	
145	1015.975	125.4338	1114.0000	2103.3335	
146	1021.552	127.9269	1015.3334	2012.3333	
147	1027.122	160.0870	1229.6666	2264.0000	
148	1032.685	193.9138	894.6666	1968.0000	
149	1038.240	198.2853	1185.6666	2286.3333	
150	1043.788	230.3234	913.0000	2068.6667	
151	1049.329	224.1949	1180.0000	2343.0000	
152	1054.863	202.2330	626.6666	1770.6667	
153	1060.390	232.8052	1275.3333	2502.6667	
154	1065.910	171.4392	1079.3333	2239.0000	
155	1071.422	164.8084	1370.6666	2582.6667	
156	1076.927	219.4895	1101.0000	2386.6667	
157	1082.425	294.6294	1477.0000	2837.0000	
158	1087.916	211.1025	848.0000	2123.6665	
159	1093.399	376.9093	1498.3333	2939.0000	
160	1098.875	315.3825	1360.0000	2738.3333	
161	1104.344	169.5069	1662.3333	2882.6667	
162	1109.806	156.9151	1197.6667	2389.6665	
163	1115.260	315.6574	1778.0000	3113.0000	
164	1120.707	425.3998	1200.3334	2629.3335	
165	1126.147	540.3137	1731.0000	3248.3333	
166	1131.580	492.8950	1274.3333	2717.6667	
167	1137.005	417.4752	1908.0000	3249.3330	
168	1142.422	492.0560	1179.3334	2568.6667	
169	1147.833	456.4263	1892.0000	3225.3335	
170	1153.236	237.1298	1528.0000	2621.6667	
171	1158.632	187.8332	1971.6667	2995.6665	
172	1164.020	137.5372	1507.6666	2461.0000	
173	1169.401	115.3893	2237.6667	3173.9998	
174	1174.775	126.6588	1775.3333	2706.3335	
175	1180.141	153.3787	2334.0000	3324.3330	
176	1185.500	175.9432	1887.3333	2923.3335	
177	1190.851	186.8405	2238.6667	3308.6665	
178	1196.195	163.7382	2062.0000	3132.0000	
179	1201.531	326.9694	2410.0000	3666.3335	
180	1206.860	383.5331	1885.0000	3221.0000	
181	1212.182	347.1231	2545.6667	3862.0000	
182	1217.496	286.7252	2147.6667	3413.0000	
183	1222.802	257.8179	2617.0000	3871.0000	
184	1228.101	187.2444	2207.3333	3408.3335	
185	1233.393	147.8564	2839.0000	4023.3335	
186	1238.677	171.3849	2531.6667	3708.3330	
187	1243.953	278.4139	2891.3333	4251.6670	
188	1249.222	426.0256	2520.3333	4051.0000	
189	1254.484	283.8564	3316.0000	4721.3335	
190	1259.737	174.0200	2821.3333	4133.6665	
191	1264.984	184.5178	3373.6665	4713.3335	
192	1270.222	233.0150	3067.0000	4472.0000	
193	1275.453	189.1795	3559.6665	4937.6670	
194	1280.677	118.3431	2976.0000	4300.0000	
195	1285.893	244.8398	3635.3335	5102.6665	
196	1291.101	226.2010	3017.0000	4493.6665	
197	1296.302	66.7068	3727.0000	5084.6670	
198	1301.495	44.5455	3311.6670	4687.6670	
199	1306.680	62.7176	3994.0000	5428.6670	
200	1311.858	311.2222	3570.0000	5293.6665	
201	1317.028	250.4390	3728.3335	5417.6665	
202	1322.190	112.9899	3664.0000	5242.3335	
203	1327.345	321.8934	4003.0000	5803.0000	
204	1332.492	507.9077	3646.6665	5651.6665	
205	1337.631	662.4483	4263.3335	6426.6670	
206	1342.762	453.9888	3512.0000	5470.6670	
207	1347.886	336.1954	4241.3335	6086.0000	
208	1353.002	193.0690	3624.0000	5329.3330	
209	1358.110	388.6094	4559.3335	6464.0000	
210	1363.211	588.8165	3993.0000	6101.6665	
211	1368.304	681.0240	4488.0000	6692.6670	
212	1373.389	597.2310	3996.3335	6121.0000	
213	1378.466	522.9237	4584.6665	6630.3335	
214	1383.535	404.6154	4110.0000	6032.6665	
215	1388.597	161.3081	4804.0000	6478.6670	
216	1393.651	0.0000	4051.3335	5560.0000	
217	1398.696	3.1633	4723.3330	6222.3335	
218	1403.734	124.7782	4224.0000	5810.0000	
219	1408.765	336.0612	5030.3330	6793.0000	
220	1413.787	556.0095	4250.6665	6198.6670	
221	1418.801	921.8144	4802.3335	7091.6670	
222	1423.808	1134.2861	4362.6665	6840.0000	
223	1428.807	1626.7576	4828.3330	7773.6660	
224	1433.797	2107.3008	4437.6670	7824.6670	
225	1438.780	2419.0796	4871.6665	8533.0000	
226	1443.755	2746.8569	4406.6670	8358.3330	
227	1448.722	3234.6353	5010.3335	9412.3330	
228	1453.681	3527.0815	4268.6665	8925.6670	
229	1458.632	3959.6790	5053.3335	10080.6660	
230	1463.575	3153.2783	4282.6665	8441.3330	
231	1468.510	1993.8767	4897.3335	7834.3330	
232	1473.438	1206.4756	4198.3335	6285.6670	
233	1478.357	731.5263	4740.6670	6299.6660	
234	1483.268	433.9125	4056.0000	5264.0000	
235	1488.171	287.2973	4765.0000	5773.0000	
236	1493.066	154.6826	4071.0000	4893.0000	
237	1497.953	131.8141	4891.3335	5649.0000	
238	1502.832	134.7531	4202.3330	4927.6670	
239	1507.703	144.1375	4692.3335	5396.0000	
240	1512.566	157.5223	3483.6670	4169.6665	
241	1517.421	92.5745	4422.0000	5012.0000	
242	1522.267	135.5430	4351.6670	4936.3335	
243	1527.106	170.5945	5270.0000	5901.6670	
244	1531.937	201.6463	4529.6665	5131.0000	
245	1536.759	213.9650	5270.0000	5876.0000	
246	1541.573	201.4052	4491.0000	5103.6665	
247	1546.379	221.0953	5205.0000	5910.3335	
248	1551.177	201.8687	4564.6665	5192.0000	
249	1555.967	158.5436	5330.3335	5991.3335	
250	1560.749	167.1354	4637.0000	5359.3330	
251	1565.522	172.7275	5224.6670	6005.3335	
252	1570.288	137.9855	4891.0000	5689.6665	
253	1575.045	156.3898	5256.3335	6146.0000	
254	1579.793	195.1271	4659.3335	5660.3335	
255	1584.534	207.5309	5263.6665	6349.6670	
256	1589.266	169.2673	4363.3335	5483.6665	
257	1593.991	194.6711	4818.3335	6036.6665	
258	1598.707	194.7414	4164.6665	5455.6665	
259	1603.414	193.0468	5001.0000	6378.0000	
260	1608.114	116.0759	4749.3330	6112.0000	
261	1612.805	153.5256	5208.6665	6674.6660	
262	1617.488	163.3095	5052.3335	6594.0000	
263	1622.162	247.7599	5263.3335	6955.3330	
264	1626.828	251.5443	4684.0000	6445.6670	
265	1631.486	418.3621	5050.0000	7024.0000	
266	1636.136	770.8745	4343.3335	6697.6670	
267	1640.777	1442.1707	5353.3335	8405.3330	
268	1645.410	1923.1370	4374.6665	7934.0000	
269	1650.034	1508.5786	5138.0000	8262.3330	
270	1654.650	836.6885	4502.3335	6934.3340	
271	1659.258	575.4639	5141.3335	7291.6670	
272	1663.857	658.2395	4474.0000	6686.6670	
273	1668.448	902.6814	5218.3335	7655.0000	
274	1673.031	1176.7903	4340.0000	7030.3330	
275	1677.605	1239.5659	4667.3335	7400.0000	
276	1682.170	994.6748	4476.0000	6943.3340	
277	1686.728	586.4404	4731.6665	6737.0000	
278	1691.276	351.2048	4258.3335	5974.6665	
279	1695.817	280.6389	4951.3330	6543.3340	
280	1700.348	425.5734	4094.0000	5790.6665	
281	1704.872	547.9147	4675.6670	6408.0000	
282	1709.386	700.2556	3880.3335	5678.3335	
283	1713.893	662.2648	4647.3330	6320.6670	
284	1718.391	367.6057	3857.3330	5149.3330	
285	1722.880	196.2526	4503.6665	5547.3330	
286	1727.361	104.5671	3367.6665	4242.6670	
287	1731.833	71.6248	4250.6665	5006.3330	
288	1736.296	75.0573	3737.0000	4431.0000	
289	1740.751	99.1559	4071.3335	4724.3335	
290	1745.198	106.9214	3308.6670	3904.3330	
291	1749.636	112.3541	4163.6665	4699.6665	
292	1754.065	175.1196	3427.3335	3961.0000	
293	1758.486	201.9622	4005.3335	4536.0000	
294	1762.898	184.4719	2832.3333	3315.6667	
295	1767.301	213.9810	3686.0000	4169.0000	
296	1771.696	240.1566	3221.6667	3701.0000	
297	1776.082	235.5247	3454.0000	3917.0000	
298	1780.460	208.6426	2529.0000	2952.0000	
299	1784.829	220.3438	3294.3333	3735.0000	
300	1789.189	178.6282	2465.0000	2836.0000	
301	1793.540	179.5115	3220.6667	3587.6665	
302	1797.883	178.3255	2888.6667	3238.3330	
303	1802.217	184.0564	3467.6667	3833.3330	
304	1806.542	189.4125	2932.6665	3290.6665	
305	1810.859	196.1016	2844.6665	3196.0000	
306	1815.167	208.8326	2354.3333	2722.0000	
307	1819.466	212.0633	2923.6667	3318.3335	
308	1823.756	206.7489	2222.3333	2569.3333	
309	1828.038	200.6550	3101.6665	3434.0000	
310	1832.311	197.3940	2277.3335	2629.0000	
311	1836.575	192.8000	2631.0000	2945.3333	
312	1840.830	187.9562	2185.0000	2500.6665	
313	1845.076	168.9341	2358.6667	2654.3333	
314	1849.314	182.4957	2297.0000	2611.0000	
315	1853.542	198.7238	2577.3333	2912.3333	
316	1857.762	200.2852	1875.3333	2222.6667	
317	1861.973	200.3200	2188.3335	2514.6667	
318	1866.176	215.6883	1620.0000	1976.6667	
319	1870.369	222.7229	1828.6667	2192.3333	
320	1874.553	204.7579	1139.6666	1485.3333	
321	1878.729	195.7928	1861.3334	2198.0000	
322	1882.895	169.3391	1013.3334	1332.0000	
323	1887.053	198.6358	1275.0000	1619.3333	
324	1891.202	205.9328	923.0000	1271.0000	
325	1895.342	192.9162	1692.3333	2026.6665	
326	1899.473	176.7330	897.0000	1220.0000	
327	1903.595	183.8831	1680.6667	2014.0000	
328	1907.708	187.7000	1062.3334	1341.6667	
329	1911.812	202.6571	1443.0000	1803.3333	
330	1915.907	211.9010	974.6666	1310.3333	
331	1919.993	212.6449	1277.0000	1632.6667	
332	1924.070	185.4720	887.3334	1200.6667	
333	1928.138	170.7019	1641.6667	1938.3335	
334	1932.197	193.9315	870.3334	1188.3333	
335	1936.247	230.4948	1198.0000	1550.6666	
336	1940.288	211.3914	767.6667	1099.3334	
337	1944.319	165.2879	1172.3334	1456.0000	
338	1948.342	152.8510	916.0000	1185.3333	
339	1952.356	205.0809	1195.0000	1514.6666	
340	1956.361	210.3110	285.6667	608.6667	
341	1960.356	212.5990	703.6667	1040.6666	
342	1964.343	209.4703	537.6666	839.3334	
343	1968.320	201.1705	676.6667	1016.0000	
344	1972.288	199.5787	110.6667	421.0000	
345	1976.247	195.3475	393.3333	728.6667	
346	1980.197	193.7206	-156.3333	155.3333	
347	1984.138	192.2602	218.3333	537.6666	
348	1988.069	195.4667	-95.3333	227.3333	
349	1991.992	191.7858	448.6667	758.6667	
350	1995.905	199.4831	-343.3333	1.3333	
351	1999.809	200.6645	351.6667	657.0000	
352	2003.704	200.1793	-351.0000	-30.0000	
353	2007.589	195.6108	272.0000	593.6666	
354	2011.466	177.6256	-357.3333	-63.6667	
355	2015.333	200.1403	254.0000	569.0000	
356	2019.191	219.5718	-478.6666	-120.3333	
357	2023.039	214.0679	259.0000	578.6667	
358	2026.879	199.8140	-441.0000	-101.0000	
359	2030.708	177.7268	208.0000	494.6666	
360	2034.529	187.6398	-415.6667	-120.6667	
361	2038.341	202.8819	216.0000	534.3333	
362	2042.143	201.7073	-458.3333	-154.6667	
363	2045.936	197.6994	188.6667	505.3333	
364	2049.719	174.7695	-463.0000	-180.0000	
365	2053.493	185.7179	199.6667	494.6667	
366	2057.258	192.3329	-372.0000	-69.3333	
367	2061.014	212.2812	190.0000	513.6667	
368	2064.760	206.5629	-364.0000	-45.0000	
369	2068.496	189.7612	189.0000	458.0000	
370	2072.224	187.4595	-340.0000	-10.3333	
371	2075.942	194.7895	332.6667	628.0000	
372	2079.650	207.3643	-368.6667	-54.6667	
373	2083.349	212.8344	166.0000	482.6666	
374	2087.039	213.9711	-297.0000	18.0000	
375	2090.719	208.1913	7.0000	310.3333	
376	2094.390	210.9950	-348.6667	-26.6667	
377	2098.051	190.9748	244.6667	530.0000	
378	2101.703	182.3713	-167.3333	108.3333	
379	2105.345	166.7679	217.3333	476.3333	
380	2108.978	193.4972	-445.3333	-160.6667	
381	2112.601	195.8036	-720.6667	-414.0000	
382	2116.215	193.8183	-159.0000	115.0000	
383	2119.819	195.2080	188.6667	481.0000	
384	2123.414	222.8894	-564.6667	-219.3333	
385	2126.999	212.9027	107.6667	431.3333	
386	2130.575	209.3441	-449.6666	-123.0000	
387	2134.141	200.6605	66.3333	410.0000	
388	2137.697	157.5817	-369.0000	-92.3333	
389	2141.244	199.5808	264.3333	583.0000	
390	2144.781	192.4759	-446.6667	-126.3333	
391	2148.309	182.2460	214.3333	515.6667	
392	2151.827	194.9708	-614.6667	-341.3333	
393	2155.336	219.5871	77.0000	405.6667	
394	2158.835	210.8701	-324.3333	11.0000	
395	2162.324	199.7364	335.0000	638.3333	
396	2165.803	192.7694	-303.6667	1.3333	
397	2169.273	188.9942	133.6667	410.3333	
398	2172.733	190.0523	-428.3333	-128.3333	
399	2176.184	191.6522	194.6667	484.3333	
400	2179.625	191.2936	-195.0000	115.6667	
401	2183.056	191.8934	420.3333	707.6667	
402	2186.477	191.5349	-352.6667	-54.3333	
403	2189.889	186.3431	-23.3333	269.0000	
404	2193.291	186.3179	-368.6667	-108.6667	
405	2196.683	214.9286	195.6667	515.6667	
406	2200.065	223.3840	-443.6666	-108.3333	
407	2203.438	230.2979	192.6667	533.6667	
408	2206.801	222.5450	-372.6667	-40.6667	
409	2210.154	193.4580	332.0000	633.6666	
410	2213.497	188.7045	-447.0000	-141.0000	
411	2216.831	181.6177	320.3333	592.0000	
412	2220.154	178.8639	-374.6667	-62.0000	
413	2223.468	185.0683	328.0000	601.0000	
414	2226.772	189.6040	-602.0000	-307.3333	
415	2230.066	194.6188	160.3333	482.6666	
416	2233.351	192.4878	-593.3334	-296.3333	
417	2236.625	192.9610	202.6667	514.6667	
418	2239.889	194.9967	-497.3333	-222.0000	
419	2243.144	217.6157	-25.0000	308.3333	
420	2246.389	195.8183	-377.6667	-64.0000	
421	2249.624	185.2444	272.0000	575.3333	
422	2252.848	193.6289	-435.6666	-172.6667	
423	2256.063	210.0967	212.6667	541.3333	
424	2259.268	229.8564	-418.0000	-69.3333	
425	2262.463	204.9104	177.6667	500.3334	
426	2265.649	199.6311	-128.0000	188.3333	
427	2268.824	185.0721	344.0000	653.0000	
428	2271.989	183.9070	-339.3333	-33.0000	
429	2275.144	185.8659	184.6667	492.3333	
430	2278.289	193.6583	-369.0000	-33.0000	
431	2281.424	194.2840	335.6667	638.0000	
432	2284.549	193.0347	-412.3333	-99.0000	
433	2287.665	193.6604	165.0000	501.0000	
434	2290.770	197.2195	-403.3333	-115.6667	
435	2293.865	187.5963	208.3333	535.3334	
436	2296.949	187.8057	-589.0000	-309.0000	
437	2300.024	191.6173	279.6667	576.3333	
438	2303.089	203.4289	-444.3333	-131.6667	
439	2306.144	204.4905	-15.6667	297.6667	
440	2309.188	210.5525	-576.0000	-257.0000	
441	2312.223	211.3537	359.3333	678.3333	
442	2315.247	187.8216	-292.0000	2.6667	
443	2318.261	201.4771	159.0000	397.6667	
444	2321.265	224.7577	-503.0000	-173.0000	
445	2324.259	207.1879	355.0000	666.6667	
446	2327.243	177.2848	-489.6667	-208.6667	
447	2330.216	168.7150	205.6667	477.3333	
448	2333.180	188.1580	-425.6667	-127.0000	
449	2336.133	202.1101	-29.3333	282.6667	
450	2339.076	196.3955	-350.0000	-36.0000	
451	2342.009	189.3476	403.3333	701.3333	
452	2344.931	191.5495	-564.3333	-270.6667	
453	2347.843	195.9095	302.0000	613.3334	
454	2350.745	197.2696	-419.6667	-124.3333	
455	2353.637	205.6979	154.0000	469.3333	
456	2356.519	200.7135	-504.0000	-205.0000	
457	2359.390	179.3884	237.0000	512.0000	
458	2362.251	206.3966	-317.0000	-17.6667	
459	2365.102	209.6548	160.3333	495.0000	
460	2367.942	205.3305	-254.3333	27.3333	
461	2370.772	199.2912	97.6667	381.6667	
462	2373.592	191.3354	-234.3333	37.0000	
463	2376.401	192.6296	279.6667	572.3333	
464	2379.200	193.3405	-400.3333	-168.3333	
465	2381.989	197.8014	112.3333	383.6667	
466	2384.767	195.5123	-314.3333	-58.0000	
467	2387.535	169.3065	270.3333	496.0000	
468	2390.292	188.7666	-557.0000	-316.3333	
469	2393.039	193.2487	179.0000	438.0000	
470	2395.776	200.5767	-340.0000	-109.6667	
471	2398.502	207.2380	307.6667	581.0000	
472	2401.218	211.1492	-632.6667	-365.0000	
473	2403.923	203.2241	232.6667	516.0000	
474	2406.618	186.7989	-432.6666	-189.0000	
475	2409.303	186.2905	328.3333	572.0000	
476	2411.977	201.4213	-389.6667	-109.3333	
477	2414.640	201.2002	321.0000	540.6667	
478	2417.293	196.2500	-469.0000	-208.0000	
479	2419.936	197.2789	87.0000	325.6667	
480	2422.568	194.6203	-425.0000	-181.3333	
481	2425.189	195.6492	198.3333	434.3333	
482	2427.801	199.0948	-453.0000	-210.3333	
483	2430.401	212.1237	187.3333	442.0000	
484	2432.991	204.7984	1015.3334	1601.3333	
485	2435.570	199.5992	241.6667	432.6667	
486	2438.139	202.8792	-676.6666	-451.3333	
487	2440.697	189.0758	68.0000	294.0000	
488	2443.245	194.8141	-427.3333	-221.6667	
489	2445.782	200.8347	42.3333	268.3333	
490	2448.308	197.3031	-542.0000	-289.6667	
491	2450.824	200.6086	374.6667	580.0000	
492	2453.329	202.4981	-407.3334	-181.3333	
493	2455.823	198.4255	261.0000	522.6667	
494	2458.307	155.3530	-560.3334	-380.0000	
495	2460.780	196.9470	272.6667	495.3333	
496	2463.243	210.8744	-320.0000	-56.0000	
497	2465.694	213.5518	434.3333	640.3333	
498	2468.135	212.8126	-461.3333	-204.6667	
499	2470.566	207.6567	418.0000	654.3333	
500	2472.986	193.9168	-343.6667	-120.3333	
501	2475.395	191.9377	12.3333	216.6667	
502	2477.793	194.4585	-466.0000	-233.3333	
503	2480.180	193.1461	232.0000	447.0000	
504	2482.557	195.3337	-403.3333	-188.6667	
505	2484.923	174.5212	209.6667	401.0000	
506	2487.278	191.0421	-374.6667	-169.3333	
507	2489.622	189.9380	192.6667	425.0000	
508	2491.956	185.0839	-620.0000	-425.6666	
509	2494.279	192.6047	232.0000	431.3333	
510	2496.591	225.4590	-279.0000	-49.3333	
511	2498.892	206.6465	-78.6667	129.6667	
