resultName	chilca1-63
resultName	chilca1-63
ID	RS20200227091614_P19331194
Command	SCANANDSEARCH
User	Admin
Application	_Analyze
SerialNumber	P19331194
Power	280
Integration	900
Averages	3
AutoExposure	Off
AutoCollect	Off
QuickCollect	Off
AutoBackground	On
BaselineCorrection	On
Algorithm	Wavelet
Searched Library	All,None,None,None
MixtureComponents	2
matchThreshold	0.0
displayMatches	1
Threshold	0.80
WL Start	
WL End	
ServerVersion	3.180316
FirmwareVersion	
date	2020-02-27
time	09:16:14
scanindex	0
specpath	RS20200227091614_P19331194.xml
Search Range	200 - 2500
Synced	false
lastCalDateTime	2020-02-27 08:30:34
lastCalUser	Admin
lastCalResult	PASS
lastVerifyDateTime	2019-10-16 15:05:37
lastVerifyUser	Admin
lastVerifyResult	PASS
selectedMaterial	
result	No Match
ValidationGUID	
ValidationMatchQuality	
topMatch	
topMatchGUID	
topMatchQuality	
secondMatch	
secondMatchGUID	
secondMatchQuality	
thirdMatch	
thirdMatchGUID	
thirdMatchQuality	
fourthMatch	
fourthMatchGUID	
fourthMatchQuality	
fifthMatch	
fifthMatchGUID	
fifthMatchQuality	
signedBy	
signedDateTime	
softwareVer	1.7.0.21
memo	
batchID	
inBatch	false
batchUID	
batchCID1	
batchCIDlbl1	
batchCID2	
batchCIDlbl2	
batchCID3	
batchCIDlbl3	
batchCID4	
batchCIDlbl4	
batchCID5	
batchCIDlbl5	
signedTitle	
signedReason	
rescanned	
barcode	
topMatchContribs	
secondMatchContribs	
thirdMatchContribs	
fourthMatchContribs	
fifthMatchContribs	
ValidationMatchContribs	
Threat	
PrecursorList	
CompundName	
WindowStart4C	
MatchLibrary	
lastModified	2020/02/27 09:16
Signal2Noise	100.00
Detector TEC SetPoint	0x8000
Detector Temp	4.97
Laser Temp	25.36
OE1 Temp	28.84
OE2 Temp	32.38
Detector Gain	200
SaturationDetected	false
InterpolatedPixelList	
PeakList	 305.0	1194	328.7	1017	431.0	939	559.5	839	657.0	1106	666.8	1105	759.6	4086	797.1	1454	1157.8	1003	1296.7	1076	1304.9	936	1376.8	1997	1439.8	6841	1564.8	1802	1614.5	1753	1645.1	5340	1676.7	4600
index	Raman Shift (cm-1)	Y value (counts)	background (counts)	raw value (counts)
0	137.455	289.1976	1278.6666	4990.0000	
1	143.948	273.4208	1408.0000	4975.0000	
2	150.436	275.3105	1484.3334	4924.6665	
3	156.918	294.5340	1685.6667	5016.6665	
4	163.394	386.7582	1261.0000	4555.6670	
5	169.865	505.6481	1791.6667	5076.6670	
6	176.330	540.5377	1493.3334	4684.6665	
7	182.790	517.7611	1716.3333	4756.3330	
8	189.244	460.3181	1323.0000	4177.0000	
9	195.693	470.5413	1708.0000	4443.6665	
10	202.136	350.0980	1543.0000	4029.6665	
11	208.573	286.6554	2015.0000	4309.6670	
12	215.005	249.5452	1430.3334	3559.3335	
13	221.431	258.5801	1812.6665	3874.6665	
14	227.851	123.3006	1651.0000	3488.3335	
15	234.266	188.4648	2001.6667	3899.0000	
16	240.675	188.2962	1432.0000	3324.0000	
17	247.078	260.7940	1663.3335	3622.6667	
18	253.476	351.6250	1464.6666	3509.6665	
19	259.868	414.1229	1758.6667	3861.0000	
20	266.254	359.6208	1109.3333	3152.0000	
21	272.635	226.1642	1797.6667	3720.3335	
22	279.009	78.7079	1549.0000	3337.6670	
23	285.378	331.2510	1578.6667	3633.3335	
24	291.742	625.1277	1185.0000	3547.0000	
25	298.099	937.4700	1490.6666	4193.0000	
26	304.451	1193.8125	1041.6666	4028.3335	
27	310.797	1058.4873	1744.6667	4624.0000	
28	317.137	778.3188	1224.3333	3868.0000	
29	323.471	890.2266	1350.0000	4052.3330	
30	329.800	1017.1348	867.3334	3643.3335	
31	336.122	682.3763	1654.0000	4042.0000	
32	342.439	547.6177	1261.0000	3461.0000	
33	348.750	508.5258	1517.3334	3625.0000	
34	355.055	433.4342	946.0000	2925.3335	
35	361.354	405.5049	1379.3333	3262.3335	
36	367.648	337.4999	1003.6666	2770.0000	
37	373.935	178.0883	945.0000	2515.3333	
38	380.216	166.3434	1027.3334	2549.3333	
39	386.492	211.9321	1180.6666	2711.6667	
40	392.762	348.5205	785.0000	2416.0000	
41	399.025	265.4251	1171.0000	2817.3333	
42	405.283	153.1628	930.6667	2316.3333	
43	411.535	221.1507	584.0000	2012.6665	
44	417.781	381.4719	367.6667	1931.6667	
45	424.020	871.0761	875.3333	2942.6665	
46	430.254	939.0140	229.3333	2378.3333	
47	436.482	863.9517	427.6667	2515.3333	
48	442.704	606.8896	172.6667	2017.0000	
49	448.920	400.5010	532.0000	2198.3333	
50	455.129	311.0721	95.6667	1701.0000	
51	461.333	249.3099	231.0000	1803.0000	
52	467.531	238.3394	211.3333	1781.6665	
53	473.722	232.8971	390.0000	1944.6667	
54	479.908	340.2464	68.6667	1812.3333	
55	486.087	758.4288	-68.3333	2119.6665	
56	492.260	684.9105	-96.0000	2026.6667	
57	498.427	669.1915	294.0000	2388.0000	
58	504.588	383.1392	27.0000	1822.0000	
59	510.743	221.7536	182.3333	1803.0000	
60	516.892	320.7014	-126.3333	1580.3333	
61	523.034	758.9940	217.3333	2311.3333	
62	529.171	437.6197	-193.0000	1528.6666	
63	535.301	346.3289	388.0000	1881.3333	
64	541.425	397.2880	-150.6667	1463.6666	
65	547.543	441.6431	294.3333	1782.6667	
66	553.655	563.8732	229.6667	1710.6667	
67	559.760	839.0821	637.6667	2506.0000	
68	565.859	760.3748	75.0000	1813.6667	
69	571.952	285.5563	487.0000	1705.0000	
70	578.039	182.7601	-151.0000	931.6666	
71	584.119	174.1602	176.6667	1207.3333	
72	590.193	198.3104	-246.3333	806.3333	
73	596.261	177.7201	246.3333	1239.0000	
74	602.323	192.8799	3.0000	1044.6667	
75	608.378	224.3522	224.6667	1104.0000	
76	614.427	282.1996	-12.0000	1032.3334	
77	620.469	393.4356	300.6667	1557.0000	
78	626.505	370.9871	94.3333	1156.6666	
79	632.535	475.2887	321.0000	1611.0000	
80	638.559	664.1736	47.3333	1548.6667	
81	644.576	871.3915	516.6666	2247.6665	
82	650.587	1038.2764	-125.6667	1794.6665	
83	656.591	1105.8279	21.0000	2031.3333	
84	662.589	933.7128	-34.0000	1826.6667	
85	668.581	1104.8147	137.0000	2135.6665	
86	674.566	619.2503	-336.0000	1144.0000	
87	680.544	606.3521	187.3333	1621.3333	
88	686.517	377.1206	-142.6667	1029.0000	
89	692.483	404.2115	353.0000	1505.0000	
90	698.442	466.9692	-123.0000	1137.6666	
91	704.395	400.3589	-27.0000	1182.0000	
92	710.341	310.6364	-182.6667	954.3333	
93	716.281	217.1276	42.3333	1195.0000	
94	722.214	51.7851	-179.3333	784.6667	
95	728.141	83.5262	103.6667	1153.0000	
96	734.061	112.9338	-204.3333	928.0000	
97	739.975	191.3413	238.0000	1502.3334	
98	745.882	592.4244	-48.6667	1655.0000	
99	751.783	1787.5715	468.0000	3422.3330	
100	757.677	4086.0537	-300.0000	5008.3335	
101	763.564	3797.0273	286.0000	5347.0000	
102	769.445	1515.3347	-300.6667	2520.3333	
103	775.319	787.6419	193.3333	2328.3333	
104	781.187	830.9496	-186.0000	2034.0000	
105	787.048	1103.4651	315.0000	2831.3333	
106	792.902	1152.6473	72.6667	2662.0000	
107	798.750	1453.8301	309.3333	3223.6670	
108	804.591	990.3461	-191.6667	2283.0000	
109	810.425	448.1707	372.6667	2286.6667	
110	816.253	213.4953	-106.0000	1496.3333	
111	822.074	231.9865	310.0000	1965.0000	
112	827.888	45.3926	-167.0000	1305.0000	
113	833.695	170.3277	340.3333	1761.3333	
114	839.496	363.7625	-133.0000	1608.0000	
115	845.290	615.7806	263.0000	2231.3333	
116	851.078	419.7985	36.3333	1784.0000	
117	856.858	314.1952	260.0000	1915.6667	
118	862.632	193.5916	156.3333	1705.0000	
119	868.399	246.8511	264.0000	1864.3333	
120	874.159	308.3536	-81.6667	1597.6665	
121	879.913	603.6273	395.3333	2375.3333	
122	885.659	670.2341	-6.0000	2046.0000	
123	891.399	692.1745	274.0000	2353.3335	
124	897.132	313.4476	48.0000	1754.0000	
125	902.858	212.6164	185.6667	1781.6666	
126	908.577	306.7850	-176.0000	1505.0000	
127	914.290	462.9539	260.3333	2088.3335	
128	919.995	619.4557	-333.0000	1642.3333	
129	925.694	423.6244	283.0000	2053.3333	
130	931.385	261.7933	-175.3333	1424.0000	
131	937.070	230.9619	461.6666	2021.0000	
132	942.748	286.7976	-101.3333	1504.6667	
133	948.419	382.7776	246.3333	1959.6667	
134	954.083	586.3857	-119.6667	1798.6667	
135	959.740	506.6605	135.3333	1975.3333	
136	965.390	230.2691	-99.3333	1465.6667	
137	971.033	230.0445	136.3333	1705.0000	
138	976.669	294.1534	-362.3333	1303.3333	
139	982.299	290.2626	81.3333	1735.3333	
140	987.921	324.0846	-29.3333	1575.6667	
141	993.536	367.7942	-34.3333	1674.3333	
142	999.144	374.5036	-237.6667	1484.3333	
143	1004.745	369.2131	193.0000	1916.3333	
144	1010.339	444.9226	-411.0000	1394.6666	
145	1015.926	493.9655	96.6667	1958.0000	
146	1021.506	385.0084	-41.3333	1717.6667	
147	1027.078	328.7178	194.6667	1892.6667	
148	1032.644	322.0939	-119.0000	1583.6667	
149	1038.203	295.2661	79.3333	1757.0000	
150	1043.754	276.9802	-203.3333	1404.6666	
151	1049.298	275.6945	-15.3333	1664.0000	
152	1054.836	280.5338	-406.6667	1274.6666	
153	1060.366	293.0256	117.6667	1681.6667	
154	1065.889	320.5388	-193.3333	1494.6667	
155	1071.404	471.8217	109.0000	1934.3333	
156	1076.913	758.7713	-229.3333	1869.0000	
157	1082.414	726.5099	146.0000	2197.0000	
158	1087.908	379.2484	-281.6667	1407.0000	
159	1093.395	174.3202	127.0000	1595.6665	
160	1098.875	263.0590	-75.3333	1467.0000	
161	1104.348	435.5522	127.3333	1814.0000	
162	1109.813	415.8967	-284.6667	1379.3333	
163	1115.271	372.2409	278.0000	1895.3333	
164	1120.721	266.5855	-243.0000	1265.6667	
165	1126.165	253.8280	163.3333	1657.0000	
166	1131.601	193.7375	-275.6667	1155.6666	
167	1137.030	223.9802	273.3333	1732.6665	
168	1142.452	324.8893	-392.0000	1166.0000	
169	1147.866	565.3210	181.3333	1997.0000	
170	1153.273	795.0862	-230.6667	1832.0000	
171	1158.672	1002.5177	222.6667	2510.0000	
172	1164.064	603.6166	-274.6667	1631.0000	
173	1169.449	391.9163	325.0000	2041.0000	
174	1174.827	239.5493	-110.6667	1475.0000	
175	1180.197	236.4856	318.3333	1938.0000	
176	1185.560	249.9410	-93.6667	1542.6667	
177	1190.915	229.0630	192.0000	1803.0000	
178	1196.263	303.1849	-27.0000	1722.0000	
179	1201.603	536.6401	207.0000	2210.3333	
180	1206.936	540.7621	-259.6667	1768.6665	
181	1212.262	525.6310	292.3333	2323.0000	
182	1217.580	545.8552	-61.0000	1991.6665	
183	1222.891	663.2534	297.3333	2484.6665	
184	1228.194	680.6506	-159.6667	2062.3333	
185	1233.489	554.5906	296.6667	2418.3335	
186	1238.778	425.1971	30.0000	2048.0000	
187	1244.058	329.8037	342.0000	2290.3333	
188	1249.331	197.0758	31.6667	1873.0000	
189	1254.597	271.5736	570.0000	2537.0000	
190	1259.855	141.0720	144.3333	2032.0000	
191	1265.106	292.5699	537.6667	2628.0000	
192	1270.349	320.7348	258.0000	2427.6665	
193	1275.584	539.9000	592.0000	3032.0000	
194	1280.812	466.0645	44.6667	2462.0000	
195	1286.032	710.2292	622.6667	3335.3330	
196	1291.244	1074.7734	-15.3333	3130.0000	
197	1296.449	1076.4727	576.6667	3722.0000	
198	1301.647	865.1725	222.3333	3154.6667	
199	1306.836	936.2050	740.0000	3741.6665	
200	1312.018	902.5730	453.3333	3419.6665	
201	1317.193	312.7028	464.0000	2808.6667	
202	1322.359	166.4991	424.6667	2591.3333	
203	1327.518	548.0724	629.6666	3129.3330	
204	1332.670	610.2201	311.0000	2859.3333	
205	1337.813	373.0900	795.6667	3133.0000	
206	1342.949	173.9594	142.0000	2306.3333	
207	1348.077	79.4957	762.0000	2858.0000	
208	1353.198	193.3656	213.3333	2449.3333	
209	1358.311	313.5685	948.0000	3330.3335	
210	1363.415	875.4384	411.3333	3381.6665	
211	1368.513	1642.3079	821.0000	4584.3335	
212	1373.602	1784.1770	398.0000	4329.3335	
213	1378.684	1996.5962	799.6667	4983.6665	
214	1383.757	1313.3489	465.0000	4006.0000	
215	1388.823	556.4352	1010.3333	3834.6665	
216	1393.881	133.8539	339.3333	2781.3333	
217	1398.932	45.8967	876.0000	3257.6667	
218	1403.974	8.1940	483.3334	2809.0000	
219	1409.009	353.8251	1170.3334	3823.3335	
220	1414.036	1025.4575	518.3334	3824.6670	
221	1419.054	1555.8850	927.0000	4732.0000	
222	1424.065	2228.9792	539.0000	4985.3330	
223	1429.068	4121.7402	922.0000	7229.3330	
224	1434.064	6482.7290	626.6667	9238.3330	
225	1439.051	6841.1494	943.0000	9856.0000	
226	1444.030	6517.5684	553.0000	9085.3330	
227	1449.001	6270.6548	1075.0000	9303.3330	
228	1453.965	5744.7402	422.6667	8068.0000	
229	1458.920	4762.6235	1065.6667	7605.3330	
230	1463.868	3489.8423	469.3334	5612.6665	
231	1468.807	2558.0601	1017.6666	5105.6665	
232	1473.739	1627.6104	459.3333	3493.3333	
233	1478.662	901.0380	908.3334	3106.3335	
234	1483.578	467.1313	373.3333	2028.0000	
235	1488.485	247.5588	949.6666	2275.3335	
236	1493.385	242.9849	330.3333	1542.0000	
237	1498.276	203.7129	1010.6666	2108.6667	
238	1503.159	190.2645	398.6667	1419.6666	
239	1508.035	182.0854	925.3334	1890.3333	
240	1512.902	147.2400	350.6667	1233.0000	
241	1517.761	154.3940	870.0000	1711.6666	
242	1522.612	184.2151	537.0000	1360.6666	
243	1527.454	231.3692	1203.3334	2026.3334	
244	1532.289	278.2112	632.6667	1398.3333	
245	1537.116	289.5511	1196.6667	2027.3333	
246	1541.934	290.5380	500.0000	1377.0000	
247	1546.745	306.5227	1164.6666	2103.0000	
248	1551.547	417.8427	554.3333	1649.3333	
249	1556.341	761.6918	1146.0000	2672.3333	
250	1561.126	1534.5403	607.0000	2993.6667	
251	1565.904	1802.0564	1028.0000	3769.6667	
252	1570.673	936.5710	773.0000	2736.6665	
253	1575.434	410.1243	1022.6666	2546.3335	
254	1580.187	245.0096	605.6667	1981.3333	
255	1584.932	142.4792	1088.3334	2537.6665	
256	1589.668	56.0312	437.6667	1869.0000	
257	1594.396	0.0000	1000.6666	2460.0000	
258	1599.116	138.8861	417.6667	2102.3333	
259	1603.828	466.2816	897.0000	3024.0000	
260	1608.531	1363.1736	677.0000	3761.6665	
261	1613.226	1753.1021	1019.3334	4574.3330	
262	1617.912	1330.3647	941.0000	4153.6665	
263	1622.591	1308.2932	1057.6667	4328.6665	
264	1627.261	2113.5544	576.3334	4733.0000	
265	1631.922	3198.2104	962.0000	6248.0000	
266	1636.576	4012.1909	419.6667	6533.3330	
267	1641.220	4732.2993	1214.0000	8059.6660	
268	1645.857	5340.4063	413.6667	7879.3330	
269	1650.485	4021.4336	955.6666	6998.6670	
270	1655.105	2651.1270	573.3334	5142.3335	
271	1659.716	2290.8193	1058.6667	5163.6670	
272	1664.319	2215.5125	528.3333	4454.3335	
273	1668.913	2772.2051	1167.3334	5546.3335	
274	1673.499	3674.8975	456.3333	5634.3335	
275	1678.077	4599.9238	728.0000	6727.3330	
276	1682.646	2715.9517	623.6666	4635.3335	
277	1687.206	973.9072	881.6666	3034.6667	
278	1691.759	337.8610	491.6667	1892.0000	
279	1696.302	153.8165	1001.0000	2100.6667	
280	1700.837	87.9907	432.6666	1369.6667	
281	1705.364	121.3348	939.0000	1786.0000	
282	1709.882	150.0139	327.3333	1079.6667	
283	1714.391	206.0258	878.6667	1563.6667	
284	1718.892	305.0365	333.0000	993.6667	
285	1723.385	320.1815	1069.0000	1705.0000	
286	1727.868	326.6597	265.3333	868.0000	
287	1732.344	341.8651	854.0000	1397.3333	
288	1736.810	349.5165	339.6667	926.3333	
289	1741.268	319.5013	826.6667	1354.0000	
290	1745.717	312.4857	262.6667	756.0000	
291	1750.158	315.7202	858.6666	1385.3334	
292	1754.590	323.3721	281.6667	785.0000	
293	1759.014	341.0126	878.3334	1388.0000	
294	1763.428	362.0691	27.6667	538.6667	
295	1767.835	376.2928	704.3334	1209.6666	
296	1772.232	392.5160	92.3333	624.3333	
297	1776.621	377.4666	634.3334	1136.0000	
298	1781.001	355.5837	-53.6667	430.3333	
299	1785.372	345.3677	729.3334	1185.6666	
300	1789.735	341.1520	-91.3333	401.3333	
301	1794.089	316.5649	673.6667	1152.6666	
302	1798.434	290.1418	222.0000	648.0000	
303	1802.770	292.1771	788.0000	1216.6666	
304	1807.098	304.7957	350.6667	757.6667	
305	1811.416	336.1644	369.3333	832.6667	
306	1815.726	331.4495	119.0000	571.6666	
307	1820.027	319.4431	713.3333	1138.0000	
308	1824.320	340.4809	6.0000	432.0000	
309	1828.603	328.3530	761.3333	1184.3334	
310	1832.878	293.9332	41.6667	430.6666	
311	1837.144	326.5135	580.6667	1002.6666	
312	1841.401	329.4271	186.0000	611.3333	
313	1845.649	335.6710	233.6667	689.0000	
314	1849.889	333.3316	117.6667	543.6667	
315	1854.119	338.0547	473.3333	902.3333	
316	1858.340	352.4024	-69.0000	388.6667	
317	1862.553	341.2003	323.0000	766.3334	
318	1866.757	327.6649	-30.3333	396.3333	
319	1870.951	343.7961	376.3333	816.0000	
320	1875.137	362.9274	-359.0000	96.6667	
321	1879.314	350.0587	356.3333	796.0000	
322	1883.482	311.7006	-207.0000	207.0000	
323	1887.641	316.3973	210.3333	619.6667	
324	1891.791	320.0110	-254.6667	191.3333	
325	1895.932	312.6478	433.0000	816.0000	
326	1900.064	301.5346	-211.6667	194.3333	
327	1904.187	303.4214	361.0000	733.3334	
328	1908.300	310.4749	-300.6667	93.3333	
329	1912.405	332.9005	279.6667	689.0000	
330	1916.501	334.6768	-222.3333	168.0000	
331	1920.588	333.5366	245.3333	645.3333	
332	1924.666	334.5634	-290.6667	104.3333	
333	1928.734	337.8317	447.3333	846.0000	
334	1932.794	342.3500	-214.3333	174.0000	
335	1936.844	355.0349	343.0000	747.3334	
336	1940.885	357.1366	-239.6667	164.6667	
337	1944.917	359.3217	109.3333	550.0000	
338	1948.940	340.1733	-171.0000	217.0000	
339	1952.954	314.3582	333.3333	658.6667	
340	1956.959	313.4597	-217.0000	160.6667	
341	1960.955	317.6651	170.0000	519.0000	
342	1964.941	340.6206	-94.3333	281.3333	
343	1968.918	334.6329	135.0000	516.0000	
344	1972.886	330.8779	-369.0000	13.0000	
345	1976.845	313.5067	152.6667	506.0000	
346	1980.794	309.3022	-294.0000	42.3333	
347	1984.735	317.7645	-41.3333	314.6667	
348	1988.666	325.8110	-361.0000	-19.3333	
349	1992.588	342.7700	321.0000	699.0000	
350	1996.500	337.3027	-434.6666	-75.3333	
351	2000.404	331.3684	274.0000	630.0000	
352	2004.298	338.7675	-429.3334	-63.3333	
353	2008.182	337.4998	221.6667	589.0000	
354	2012.058	339.2322	-426.3334	-54.6667	
355	2015.924	334.4854	189.3333	574.0000	
356	2019.781	326.0294	-493.6667	-130.0000	
357	2023.628	335.6947	222.6667	573.0000	
358	2027.466	352.1935	-468.0000	-83.0000	
359	2031.295	379.2757	164.6667	574.3334	
360	2035.114	349.3579	-448.3333	-71.0000	
361	2038.924	334.9424	223.6667	583.6667	
362	2042.725	285.8601	-457.3333	-149.3333	
363	2046.516	301.1112	162.6667	483.0000	
364	2050.298	316.9551	-511.3333	-133.3333	
365	2054.070	317.8330	189.0000	516.3333	
366	2057.833	339.5441	-415.3333	-45.6667	
367	2061.586	339.0886	159.6667	543.3333	
368	2065.330	328.7997	-429.3334	-76.3333	
369	2069.065	328.4276	131.0000	498.0000	
370	2072.790	325.1387	-350.6667	-25.6667	
371	2076.505	341.4910	282.0000	660.6667	
372	2080.211	326.4390	-411.6666	-75.3333	
373	2083.908	287.9258	172.3333	471.0000	
374	2087.595	325.7460	-324.0000	13.3333	
375	2091.272	333.8995	-13.6667	332.6667	
376	2094.940	364.7196	-355.0000	23.0000	
377	2098.599	353.6507	222.0000	590.3333	
378	2102.248	328.2485	-216.3333	72.3333	
379	2105.887	325.0963	131.6667	514.6667	
380	2109.516	323.6951	-453.0000	-115.6667	
381	2113.136	344.7757	-755.0000	-393.6667	
382	2116.747	341.1897	-219.3333	154.6667	
383	2120.348	324.4371	168.6667	505.0000	
384	2123.939	340.4344	-615.0000	-265.0000	
385	2127.521	336.5709	69.3333	428.6667	
386	2131.093	343.4869	-465.3333	-101.6667	
387	2134.655	334.0696	56.6667	408.3333	
388	2138.207	305.6515	-418.0000	-113.3333	
389	2141.750	296.7856	260.6667	586.6667	
390	2145.283	298.6698	-431.6667	-131.3333	
391	2148.807	302.3040	195.0000	514.3334	
392	2152.321	317.0129	-625.0000	-309.6667	
393	2155.825	339.2120	48.6667	392.3333	
394	2159.319	353.6611	-359.6667	22.6667	
395	2162.804	355.1935	309.6667	661.6667	
396	2166.279	353.3928	-332.6667	29.0000	
397	2169.744	346.8638	84.3333	441.3333	
398	2173.199	308.9182	-441.6667	-122.3333	
399	2176.644	336.6392	145.6667	493.0000	
400	2180.080	346.0269	-220.0000	137.0000	
401	2183.506	336.7480	406.0000	754.0000	
402	2186.922	327.5523	-399.3333	-64.3333	
403	2190.328	332.8567	-66.0000	288.3333	
404	2193.725	337.7441	-411.6667	-92.6667	
405	2197.111	338.9302	184.0000	554.3334	
406	2200.488	322.4539	-455.6667	-100.0000	
407	2203.854	318.2567	175.0000	533.6667	
408	2207.211	313.4135	-390.3333	-60.0000	
409	2210.558	315.3611	327.6667	664.0000	
410	2213.896	316.0587	-436.0000	-101.6667	
411	2217.223	339.2564	256.3333	620.0000	
412	2220.540	333.3712	-370.6667	-1.3333	
413	2223.847	338.8669	326.3333	644.3333	
414	2227.145	335.3347	-637.3334	-260.0000	
415	2230.432	333.9066	149.6667	477.6667	
416	2233.709	327.7494	-648.6667	-285.0000	
417	2236.977	326.3213	192.6667	515.6667	
418	2240.234	334.2265	-557.3333	-206.6667	
419	2243.482	337.6318	-55.0000	302.6667	
420	2246.719	336.2032	-391.0000	-36.0000	
421	2249.946	340.5176	237.6667	596.3333	
422	2253.164	354.3318	-469.3334	-98.0000	
423	2256.371	354.1461	198.6667	568.6666	
424	2259.568	339.2939	-398.6667	-44.6667	
425	2262.755	313.6710	183.0000	510.0000	
426	2265.933	307.0481	-158.6667	160.3333	
427	2269.100	308.4774	325.0000	659.6667	
428	2272.256	343.2375	-356.3333	11.3333	
429	2275.403	332.2078	140.3333	497.0000	
430	2278.540	326.6780	-370.0000	-26.6667	
431	2281.667	326.6483	285.0000	641.6667	
432	2284.783	323.4518	-420.3333	-50.6667	
433	2287.889	297.7554	185.3333	507.6667	
434	2290.985	333.3573	-398.3333	-81.3333	
435	2294.071	341.3473	187.0000	564.0000	
436	2297.147	339.3386	-631.6666	-278.3333	
437	2300.212	336.7676	247.6667	603.3333	
438	2303.267	336.5508	-442.3333	-132.0000	
439	2306.312	339.1256	-62.3333	309.0000	
440	2309.347	342.8044	-608.3333	-264.3333	
441	2312.372	338.1010	278.0000	661.6667	
442	2315.386	331.8975	-326.6667	3.0000	
443	2318.390	319.0274	104.3333	461.6667	
444	2321.384	317.8243	-518.3333	-194.3333	
445	2324.368	320.1034	355.3333	692.3333	
446	2327.341	350.7159	-530.6667	-165.3333	
447	2330.304	337.9951	160.0000	510.3334	
448	2333.256	316.3724	-459.6667	-117.6667	
449	2336.199	277.4480	-14.6667	287.0000	
450	2339.131	323.1904	-392.3333	-46.3333	
451	2342.052	330.4328	345.3333	730.0000	
452	2344.963	335.2374	-565.3333	-266.3333	
453	2347.864	332.1065	277.6667	655.3334	
454	2350.755	340.1631	-458.6667	-108.0000	
455	2353.635	352.8216	136.3333	507.6667	
456	2356.505	350.1974	-515.6666	-149.6667	
457	2359.364	330.1530	189.3333	535.0000	
458	2362.213	330.5253	-341.3333	-5.6667	
459	2365.051	331.0227	161.6667	517.6667	
460	2367.879	330.5219	-281.0000	64.6667	
461	2370.697	333.1185	67.6667	419.3333	
462	2373.504	317.8816	-288.6667	38.6667	
463	2376.300	330.6448	269.6667	579.6667	
464	2379.086	367.0746	-466.3333	-95.0000	
465	2381.862	339.6713	57.0000	398.3333	
466	2384.627	320.9344	-357.3333	-37.3333	
467	2387.382	333.8643	226.6667	557.0000	
468	2390.125	354.1256	-620.6667	-272.6667	
469	2392.859	330.0479	164.0000	498.3333	
470	2395.582	326.5218	-398.0000	-74.0000	
471	2398.294	318.5790	278.0000	590.0000	
472	2400.996	314.9690	-639.3333	-316.3333	
473	2403.687	311.7328	228.3333	506.3333	
474	2406.368	309.4966	-459.6667	-177.3333	
475	2409.038	316.5103	300.3333	571.3333	
476	2411.697	344.6232	-399.6667	-113.6667	
477	2414.346	342.3114	303.6667	581.6667	
478	2416.984	336.7495	-493.3333	-188.3333	
479	2419.612	321.1877	63.6667	324.6667	
480	2422.228	323.3757	-421.0000	-158.0000	
481	2424.834	355.8971	177.6667	473.0000	
482	2427.430	354.8353	-505.3333	-196.6667	
483	2430.015	348.1067	181.6667	450.6667	
484	2432.589	339.4617	1047.3334	1350.6666	
485	2435.152	334.0143	192.3333	460.0000	
486	2437.705	325.6504	-700.6666	-427.3333	
487	2440.247	303.7030	78.0000	306.6667	
488	2442.778	331.0061	-464.6667	-213.3333	
489	2445.298	343.6446	29.6667	290.3333	
490	2447.808	325.8902	-547.3333	-292.3333	
491	2450.306	321.8701	360.6667	604.6666	
492	2452.794	325.0169	-437.6667	-167.3333	
493	2455.272	326.8500	260.3333	483.6667	
494	2457.738	336.5164	-622.6667	-366.3333	
495	2460.194	336.1411	211.0000	492.3334	
496	2462.638	314.1825	-341.6667	-111.3333	
497	2465.073	290.3488	421.0000	625.6667	
498	2467.496	308.8485	-434.0000	-212.6667	
499	2469.908	374.6816	424.0000	709.3334	
500	2472.309	357.1811	-391.3333	-125.3333	
501	2474.699	339.0093	-7.0000	197.0000	
502	2477.079	331.4208	-515.3334	-219.3333	
503	2479.448	331.6657	207.6667	432.0000	
504	2481.805	335.8481	-389.0000	-154.3333	
505	2484.152	347.0721	162.6667	417.3333	
506	2486.488	338.3171	-409.6667	-164.0000	
507	2488.813	298.8953	210.3333	416.3333	
508	2491.127	290.1402	-627.3333	-430.3333	
509	2493.430	335.7184	199.6667	442.0000	
510	2495.722	371.6299	-318.6667	-40.6667	
511	2498.003	312.5415	-93.6667	125.0000	
