resultName	muna12-53
resultName	muna12-53
ID	RS20200227120338_P19331194
Command	SCANANDSEARCH
User	Admin
Application	_Analyze
SerialNumber	P19331194
Power	280
Integration	900
Averages	3
AutoExposure	Off
AutoCollect	Off
QuickCollect	Off
AutoBackground	On
BaselineCorrection	On
Algorithm	Wavelet
Searched Library	All,None,None,None
MixtureComponents	2
matchThreshold	0.0
displayMatches	1
Threshold	0.80
WL Start	
WL End	
ServerVersion	3.180316
FirmwareVersion	
date	2020-02-27
time	12:03:38
scanindex	0
specpath	RS20200227120338_P19331194.xml
Search Range	200 - 2500
Synced	false
lastCalDateTime	2020-02-27 08:30:34
lastCalUser	Admin
lastCalResult	PASS
lastVerifyDateTime	2019-10-16 15:05:37
lastVerifyUser	Admin
lastVerifyResult	PASS
selectedMaterial	
result	No Match
ValidationGUID	
ValidationMatchQuality	
topMatch	
topMatchGUID	
topMatchQuality	
secondMatch	
secondMatchGUID	
secondMatchQuality	
thirdMatch	
thirdMatchGUID	
thirdMatchQuality	
fourthMatch	
fourthMatchGUID	
fourthMatchQuality	
fifthMatch	
fifthMatchGUID	
fifthMatchQuality	
signedBy	
signedDateTime	
softwareVer	1.7.0.21
memo	
batchID	
inBatch	false
batchUID	
batchCID1	
batchCIDlbl1	
batchCID2	
batchCIDlbl2	
batchCID3	
batchCIDlbl3	
batchCID4	
batchCIDlbl4	
batchCID5	
batchCIDlbl5	
signedTitle	
signedReason	
rescanned	
barcode	
topMatchContribs	
secondMatchContribs	
thirdMatchContribs	
fourthMatchContribs	
fifthMatchContribs	
ValidationMatchContribs	
Threat	
PrecursorList	
CompundName	
WindowStart4C	
MatchLibrary	
lastModified	2020/02/27 12:07
Signal2Noise	56.87
Detector TEC SetPoint	0x8000
Detector Temp	4.98
Laser Temp	25.39
OE1 Temp	32.81
OE2 Temp	36.56
Detector Gain	200
SaturationDetected	false
InterpolatedPixelList	
PeakList	 286.6	947	339.5	761	398.4	787	443.8	651	480.9	678	645.7	2122	674.1	1070	745.5	812	804.4	637	839.5	826	959.5	708	1093.1	606	1127.2	844	1141.3	811	1208.1	652	1248.8	659	1336.6	886	1369.2	1207	1376.6	1086	1457.6	4944	1598.8	627	1644.7	3133	1677.5	2300	1711.8	988
index	Raman Shift (cm-1)	Y value (counts)	background (counts)	raw value (counts)
0	137.455	473.9910	8840.6660	11683.0000	
1	143.948	392.4042	9286.0000	11969.3330	
2	150.436	193.8184	9788.3340	12195.6670	
3	156.918	285.5656	10039.0000	12460.6660	
4	163.394	399.3139	9623.0000	12081.0000	
5	169.865	432.0610	10677.6670	13091.0000	
6	176.330	384.8073	10335.6670	12624.3320	
7	182.790	295.5564	10338.6660	12460.6660	
8	189.244	231.6376	9811.0000	11791.6670	
9	195.693	244.0518	10761.3330	12677.0000	
10	202.136	313.4660	10676.3330	12584.0000	
11	208.573	356.5461	11265.6670	13139.0000	
12	215.005	324.6274	10633.3330	12397.3330	
13	221.431	322.3830	11154.6670	12872.3340	
14	227.851	283.5993	11258.3340	12885.3340	
15	234.266	241.8727	11706.6660	13299.6660	
16	240.675	145.1452	10021.6670	11525.6660	
17	247.078	229.4186	10934.6670	12530.6660	
18	253.476	260.3600	9972.3330	11607.0000	
19	259.868	231.2996	10732.3330	12345.6660	
20	266.254	283.9060	9412.6670	11086.3330	
21	272.635	393.2677	11010.6670	12827.3320	
22	279.009	805.9663	10597.3330	12860.3340	
23	285.378	946.9951	10038.6670	12476.3340	
24	291.742	781.6908	9595.3340	11901.3340	
25	298.099	762.1307	9726.3330	12042.0000	
26	304.451	722.9036	9356.3330	11662.0000	
27	310.797	558.0093	10349.0000	12519.0000	
28	317.137	515.6556	9151.3330	11319.6670	
29	323.471	624.0865	9406.3340	11630.6670	
30	329.800	612.5192	9112.3330	11272.6670	
31	336.122	739.6179	9831.6660	12066.6670	
32	342.439	761.3818	9439.6670	11644.0000	
33	348.750	380.1477	9383.0000	11153.6670	
34	355.055	176.2455	7811.3330	9325.6660	
35	361.354	67.3920	10075.6670	11418.0000	
36	367.648	48.5699	8166.0000	9443.0000	
37	373.935	257.4421	8095.0000	9569.6660	
38	380.216	705.3162	8564.6660	10476.0000	
39	386.492	514.5214	8957.6670	10667.0000	
40	392.762	464.7276	7047.6670	8696.0000	
41	399.025	787.1427	8140.6670	10102.3340	
42	405.283	576.2237	7314.3330	9056.0000	
43	411.535	325.6383	4977.3330	6459.3335	
44	417.781	301.0523	5512.3335	6960.6670	
45	424.020	274.2794	6115.3335	7530.6660	
46	430.254	321.5080	4023.3335	5479.6665	
47	436.482	475.0701	3075.0000	4678.6670	
48	442.704	651.2979	2352.6667	4126.3335	
49	448.920	610.7288	4446.6665	6185.6670	
50	455.129	469.6736	2856.0000	4439.6665	
51	461.333	296.6193	2387.6665	3784.0000	
52	467.531	206.2316	2300.6667	3592.3335	
53	473.722	462.1444	3568.0000	5089.3330	
54	479.908	678.0577	2012.3334	3723.3330	
55	486.087	554.3047	1011.3334	2572.3333	
56	492.260	346.4229	2159.6667	3475.6665	
57	498.427	205.7328	2716.0000	3861.6665	
58	504.588	209.7096	2745.0000	3865.0000	
59	510.743	257.1861	1449.0000	2555.6667	
60	516.892	327.9962	1704.0000	2883.0000	
61	523.034	391.0881	2753.0000	3966.3335	
62	529.171	398.0964	1343.0000	2589.3333	
63	535.301	362.9383	2321.6667	3449.3335	
64	541.425	252.6967	1250.3334	2239.0000	
65	547.543	280.2050	2530.6667	3514.3333	
66	553.655	298.5467	4530.0000	5600.0000	
67	559.760	311.7219	5326.3335	6233.6660	
68	565.859	325.8970	3377.6670	4324.6665	
69	571.952	329.2767	2539.3333	3460.6665	
70	578.039	316.5016	871.3334	1883.0000	
71	584.119	277.4548	741.6666	1681.6667	
72	590.193	100.0742	1171.0000	1957.6667	
73	596.261	141.5501	2751.6667	3630.6665	
74	602.323	384.6926	3817.6670	4990.6665	
75	608.378	721.5023	3752.6670	5313.3335	
76	614.427	980.6456	3871.0000	5741.6670	
77	620.469	1082.8473	4719.6670	6713.6670	
78	626.505	750.4434	3648.3333	5328.6665	
79	632.535	1033.7058	3113.6667	5096.0000	
80	638.559	1390.9685	3042.3333	5400.6665	
81	644.576	2122.2310	4211.6670	7320.0000	
82	650.587	2112.4944	3380.6665	6498.0000	
83	656.591	1412.4231	1720.6667	4156.6665	
84	662.589	912.6859	1497.6666	3452.6665	
85	668.581	803.1691	1709.6665	3540.3330	
86	674.566	1070.3188	722.0000	2805.0000	
87	680.544	1069.4690	1363.0000	3430.3335	
88	686.517	596.6185	2750.3333	4330.0000	
89	692.483	306.8958	2748.3335	4012.3330	
90	698.442	310.3410	1425.3333	2672.3335	
91	704.395	325.1140	2253.6667	3605.3335	
92	710.341	218.0965	2185.6665	3289.0000	
93	716.281	169.0557	2071.3333	3124.0000	
94	722.214	242.0146	2160.6667	3284.6665	
95	728.141	543.9738	2245.0000	3669.3330	
96	734.061	805.2668	2028.3334	3712.3335	
97	739.975	704.5594	3149.3333	4731.0000	
98	745.882	812.3989	2868.0000	4546.0000	
99	751.783	787.5842	4153.6670	5813.3335	
100	757.677	648.1034	2852.0000	4378.6665	
101	763.564	489.1640	4087.3330	5444.0000	
102	769.445	327.5571	3199.0000	4383.0000	
103	775.319	204.6171	3545.0000	4595.0000	
104	781.187	190.0109	3170.0000	4194.3335	
105	787.048	251.1846	4118.0000	5196.0000	
106	792.902	318.3584	3852.0000	4989.6665	
107	798.750	512.1985	4895.6665	6219.6660	
108	804.591	637.0394	3869.3335	5310.6665	
109	810.425	504.1115	4443.0000	5772.6665	
110	816.253	286.5164	3333.6670	4467.0000	
111	822.074	207.5888	3945.3330	5021.0000	
112	827.888	246.7352	3515.6665	4663.0000	
113	833.695	558.3603	4199.0000	5684.3335	
114	839.496	825.9855	3656.6665	5436.0000	
115	845.290	446.9441	4244.6665	5671.3335	
116	851.078	307.5683	3694.6665	5008.3330	
117	856.858	371.1423	4131.0000	5519.3330	
118	862.632	387.3839	3952.3330	5368.0000	
119	868.399	358.7825	3954.0000	5339.0000	
120	874.159	346.0952	3026.0000	4393.6665	
121	879.913	286.9191	3130.0000	4427.6665	
122	885.659	339.3264	2978.0000	4266.3335	
123	891.399	414.2338	3465.6665	4869.0000	
124	897.132	478.3906	3302.9998	4759.6665	
125	902.858	418.0912	2790.3333	4168.6665	
126	908.577	226.1252	2364.6667	3533.0000	
127	914.290	273.5759	3202.3333	4355.3330	
128	919.995	306.6101	2142.0000	3413.6665	
129	925.694	302.2274	2914.0000	4112.0000	
130	931.385	281.3450	1918.0000	3146.3335	
131	937.070	211.2956	2269.3333	3332.6665	
132	942.748	281.9966	1873.0000	2989.0000	
133	948.419	415.5863	2256.3333	3502.0000	
134	954.083	565.4077	1525.6666	2915.0000	
135	959.740	708.2288	1988.6667	3514.6665	
136	965.390	465.7174	1745.6665	3023.0000	
137	971.033	411.7505	1884.3333	3006.6667	
138	976.669	407.3673	941.3334	2219.0000	
139	982.299	381.9425	1421.0000	2654.6667	
140	987.921	317.5293	1436.3334	2574.0000	
141	993.536	269.6045	1471.6667	2584.0000	
142	999.144	249.6797	1087.0000	2202.0000	
143	1004.745	259.4211	1652.3335	2799.6665	
144	1010.339	294.4968	1048.3334	2253.3335	
145	1015.926	312.1550	1467.6666	2699.0000	
146	1021.506	313.2302	1390.0000	2602.6667	
147	1027.078	334.5346	1594.0000	2926.0000	
148	1032.644	311.9430	1243.6666	2543.3333	
149	1038.203	314.6515	1649.3333	2945.6667	
150	1043.754	373.8390	1330.6666	2775.6665	
151	1049.298	278.7354	1725.6667	3087.3335	
152	1054.836	233.5477	1016.0000	2391.0000	
153	1060.366	336.0078	1863.6665	3365.3330	
154	1065.889	310.5593	1675.6667	3191.0000	
155	1071.404	294.8007	2048.3333	3562.3333	
156	1076.913	413.7088	1848.3333	3495.6665	
157	1082.414	360.3201	2393.3333	3976.0000	
158	1087.908	383.5975	1416.0000	3010.6665	
159	1093.395	605.8752	2475.0000	4280.6665	
160	1098.875	497.4860	2411.3335	4097.3330	
161	1104.348	245.4927	2922.3333	4329.6665	
162	1109.813	288.1523	2371.3335	3791.6667	
163	1115.271	451.8120	3118.6667	4673.0000	
164	1120.721	671.4723	2474.0000	4218.3335	
165	1126.165	844.3156	3205.0002	5082.0000	
166	1131.601	771.1593	2866.3333	4630.0000	
167	1137.030	737.0023	3593.6670	5283.0000	
168	1142.452	810.5131	2713.0000	4435.6670	
169	1147.866	633.9569	3645.6665	5161.3330	
170	1153.273	448.0677	3513.6670	4813.0000	
171	1158.672	337.5118	3908.3335	5066.6665	
172	1164.064	242.2900	3416.3335	4449.0000	
173	1169.449	197.0857	4634.6665	5625.0000	
174	1174.827	225.7977	4122.6670	5083.0000	
175	1180.197	298.1327	4984.3330	6088.6665	
176	1185.560	288.3329	4576.0000	5713.3335	
177	1190.915	258.8667	5087.3330	6196.0000	
178	1196.263	251.0663	4876.6670	6022.3330	
179	1201.603	515.6005	5481.3335	6921.0000	
180	1206.936	652.1346	4935.6665	6541.3335	
181	1212.262	612.3135	5767.0000	7354.6670	
182	1217.580	477.1709	5475.3335	6940.0000	
183	1222.891	489.7505	6094.6665	7592.0000	
184	1228.194	471.9971	5760.0000	7259.6670	
185	1233.489	325.4942	6679.3330	8065.6670	
186	1238.778	352.9905	6475.0000	7770.3330	
187	1244.058	479.4867	6819.6670	8426.3330	
188	1249.331	659.3168	6510.6670	8330.3330	
189	1254.597	446.7559	7936.6670	9569.3340	
190	1259.855	259.1940	7345.6670	8816.3340	
191	1265.106	222.9640	8284.6670	9744.6660	
192	1270.349	301.0691	8181.3340	9745.0000	
193	1275.584	302.8412	8954.0000	10545.0000	
194	1280.812	276.6122	8366.6670	9957.0000	
195	1286.032	420.0512	9285.3330	11044.6670	
196	1291.244	383.5631	8813.3330	10575.6660	
197	1296.449	155.6896	9932.6670	11522.6660	
198	1301.647	127.4838	9482.0000	11099.3330	
199	1306.836	276.9440	10548.6670	12371.0000	
200	1312.018	491.4036	10085.6670	12178.0000	
201	1317.193	277.0640	10725.0000	12640.6670	
202	1322.359	350.3893	10467.3340	12494.0000	
203	1327.518	577.5219	11202.6660	13476.0000	
204	1332.670	864.5968	10757.3340	13342.6660	
205	1337.813	885.9035	11767.6670	14385.6660	
206	1342.949	572.5459	10936.6660	13252.6680	
207	1348.077	348.5175	12076.0000	14179.3340	
208	1353.198	376.4890	11253.6670	13396.3330	
209	1358.311	664.7957	12634.6670	15077.0000	
210	1363.415	1164.7683	12024.0000	14977.6660	
211	1368.513	1206.7427	12939.3330	15946.3340	
212	1373.602	1057.3831	12337.3330	15206.3340	
213	1378.684	1086.1206	13256.6660	16158.0000	
214	1383.757	864.1926	12574.6660	15257.6680	
215	1388.823	364.9272	13660.3340	15847.6660	
216	1393.881	0.0000	12783.6670	14609.6680	
217	1398.932	24.8855	13827.3340	15669.0000	
218	1403.974	287.0334	13015.6670	15083.0000	
219	1409.009	574.8492	14208.3320	16527.0000	
220	1414.036	979.9966	13212.6660	15900.0000	
221	1419.054	1409.2947	14201.6680	17303.3340	
222	1424.065	1678.9282	13516.0000	16872.3340	
223	1429.068	2225.8921	14384.3340	18272.6660	
224	1434.064	3097.1831	13678.0000	18402.6660	
225	1439.051	3456.8179	14579.0000	19627.3340	
226	1444.030	3838.1162	13855.6660	19249.3320	
227	1449.001	4318.7505	14810.6660	20649.0000	
228	1453.965	4738.3833	13792.0000	20014.0000	
229	1458.920	4944.3701	15017.3340	21350.3340	
230	1463.868	3616.6895	13842.6660	18753.0000	
231	1468.807	2198.0078	14697.0000	18093.6660	
232	1473.739	1362.3276	13614.6670	16080.6660	
233	1478.662	822.5626	14430.6660	16274.6660	
234	1483.578	506.4630	13477.6680	14923.3340	
235	1488.485	371.0314	14597.0000	15825.0000	
236	1493.385	245.2648	13704.0000	14724.0000	
237	1498.276	238.2933	14917.0000	15874.0000	
238	1503.159	189.5300	14090.0000	14950.6660	
239	1508.035	185.6029	14659.0000	15475.3320	
240	1512.902	225.3433	11653.0000	12468.6660	
241	1517.761	246.7502	13632.3340	14429.0000	
242	1522.612	257.8236	14493.6670	15261.0000	
243	1527.454	276.0645	16057.6670	16765.6680	
244	1532.289	316.4709	15142.3340	15897.6680	
245	1537.116	319.7477	16262.6660	17012.6660	
246	1541.934	292.4860	15325.3320	16067.0000	
247	1546.745	305.0573	16430.3320	17257.0000	
248	1551.547	297.0431	15670.0000	16534.3320	
249	1556.341	233.5465	16979.0000	17861.3340	
250	1561.126	247.7150	15928.0000	16906.0000	
251	1565.904	197.2164	16921.0000	17930.0000	
252	1570.673	240.7189	16581.3320	17715.3340	
253	1575.434	291.5553	17181.0000	18498.0000	
254	1580.187	355.7306	16094.0000	17607.3340	
255	1584.932	467.9030	17041.6660	18799.3340	
256	1589.668	537.7423	15630.0000	17589.6660	
257	1594.396	597.5836	15845.3340	17997.0000	
258	1599.116	627.4219	14979.6660	17293.3320	
259	1603.828	486.2620	16995.3340	19321.6680	
260	1608.531	508.2925	16462.0000	18921.6660	
261	1613.226	647.7501	17390.0000	20047.6680	
262	1617.912	667.2059	17227.3320	19963.0000	
263	1622.591	729.6595	17613.3340	20470.0000	
264	1627.261	734.1158	16548.6660	19468.3340	
265	1631.922	1083.8135	16970.6680	20269.3340	
266	1636.576	1755.3958	15689.0000	19664.6660	
267	1641.220	2765.6082	17518.3320	22512.0000	
268	1645.857	3132.8154	16318.3340	21687.0000	
269	1650.485	1983.2915	17634.6680	21779.6660	
270	1655.105	891.1043	16006.3340	18985.0000	
271	1659.716	513.5811	17321.6680	19848.6660	
272	1664.319	623.0613	16882.6660	19445.0000	
273	1668.913	1293.5396	17817.0000	20975.6680	
274	1673.499	2009.6829	16395.0000	20195.6660	
275	1678.077	2299.8289	16421.6660	20438.3340	
276	1682.646	1743.3071	16119.6660	19505.6660	
277	1687.206	910.6837	16122.0000	18576.6680	
278	1691.759	375.0585	16041.6660	17862.0000	
279	1696.302	93.7670	17950.6680	19391.0000	
280	1700.837	105.4366	15967.3340	17338.3340	
281	1705.364	536.0636	16377.0000	18035.6680	
282	1709.882	988.3546	14841.3340	16809.3340	
283	1714.391	983.9796	17357.6680	19178.3340	
284	1718.892	572.2716	15539.3340	16805.3340	
285	1723.385	318.9860	15806.0000	16725.6660	
286	1727.868	184.3702	13057.3320	13749.3340	
287	1732.344	187.7365	15455.0000	16047.0000	
288	1736.810	181.2276	15474.3320	15996.0000	
289	1741.268	201.5498	15173.6680	15642.6680	
290	1745.717	265.3739	13039.0000	13553.3340	
291	1750.158	258.6961	15649.3340	16057.0000	
292	1754.590	315.1884	14567.0000	14967.3340	
293	1759.014	308.2589	14768.0000	15131.6680	
294	1763.428	332.1413	11839.0000	12187.3330	
295	1767.835	361.8778	13901.6660	14308.6660	
296	1772.232	388.9684	15051.3340	15348.6680	
297	1776.621	370.9651	13460.3340	13841.0000	
298	1781.001	369.6279	11407.3340	11743.0000	
299	1785.372	360.2912	12002.0000	12341.6670	
300	1789.735	330.0373	11158.6670	11455.3330	
301	1794.089	318.2555	12149.3340	12497.3320	
302	1798.434	304.0376	13370.0000	13589.3340	
303	1802.770	309.4855	14000.0000	14296.0000	
304	1807.098	320.6006	13561.3320	13858.0000	
305	1811.416	316.7153	12038.3330	12278.3340	
306	1815.726	313.0799	10642.0000	10913.3330	
307	1820.027	318.5278	11468.3330	11727.0000	
308	1824.320	336.8264	10654.0000	10914.3340	
309	1828.603	340.6692	12658.0000	12944.6680	
310	1832.878	341.8040	11726.6660	11963.0000	
311	1837.144	337.5840	10377.6670	10651.3340	
312	1841.401	338.7809	10087.3330	10315.0000	
313	1845.649	333.1701	10923.0000	11174.3330	
314	1849.889	330.9763	12305.6670	12528.3320	
315	1854.119	327.3657	11721.0000	11986.6660	
316	1858.340	313.8397	10705.3330	10938.6670	
317	1862.553	306.4945	9909.6670	10138.0000	
318	1866.757	309.4842	8990.0000	9223.6670	
319	1870.951	363.8065	7347.3330	7637.6665	
320	1875.137	386.4628	6880.0000	7195.3340	
321	1879.314	349.1176	7990.0000	8270.3330	
322	1883.482	329.5419	5591.0000	5859.6665	
323	1887.641	329.7321	4888.0000	5177.0000	
324	1891.791	313.4222	5365.3335	5622.6665	
325	1895.932	318.6718	7064.0000	7313.0000	
326	1900.064	321.5049	5273.0000	5563.6665	
327	1904.187	306.5873	8008.6670	8250.6660	
328	1908.300	263.4211	7617.6670	7813.6670	
329	1912.405	316.0438	7109.0000	7345.3330	
330	1916.501	332.1860	7198.3330	7450.3330	
331	1920.588	384.9946	6006.6665	6311.0000	
332	1924.666	353.8026	6772.3330	7045.0000	
333	1928.734	276.7661	7805.6670	8003.0000	
334	1932.794	328.7307	6688.6670	6939.6670	
335	1936.844	359.6118	5330.0000	5625.0000	
336	1940.885	347.0761	5915.0000	6190.6670	
337	1944.917	325.7070	6590.0000	6902.6670	
338	1948.940	278.5880	6698.0000	6905.6670	
339	1952.954	285.5516	5574.3335	5790.6665	
340	1956.959	345.8500	2731.0000	3009.3333	
341	1960.955	344.9019	3058.0002	3375.0000	
342	1964.941	314.4123	3591.6665	3847.0000	
343	1968.918	320.1254	2926.0000	3168.6670	
344	1972.886	336.1691	1996.3333	2305.0000	
345	1976.845	353.8306	1283.3334	1579.6667	
346	1980.794	369.7423	140.0000	487.3333	
347	1984.735	358.2374	889.6666	1233.0000	
348	1988.666	326.3998	804.3333	1123.3334	
349	1992.588	285.3611	683.6667	967.0000	
350	1996.500	319.4967	-166.0000	145.6667	
351	2000.404	333.4189	466.3333	793.6667	
352	2004.298	338.2577	-295.0000	58.0000	
353	2008.182	336.7632	328.0000	631.0000	
354	2012.058	329.7686	-359.6667	-7.3333	
355	2015.924	324.3575	264.0000	592.3334	
356	2019.781	324.7789	-469.3333	-137.3333	
357	2023.628	329.0741	316.3333	604.6667	
358	2027.466	359.4528	-409.6667	-48.6667	
359	2031.295	342.3313	183.6667	527.0000	
360	2035.114	303.2099	-429.3333	-125.6667	
361	2038.924	313.4618	267.6667	536.0000	
362	2042.725	328.8802	-446.3333	-108.0000	
363	2046.516	335.2154	163.0000	492.3333	
364	2050.298	326.0112	-468.6667	-119.3333	
365	2054.070	321.1971	204.0000	481.6667	
366	2057.833	322.9247	-388.3333	-49.6667	
367	2061.586	324.7357	206.6667	506.0000	
368	2065.330	324.9216	-381.6667	-39.6667	
369	2069.065	328.4408	180.3333	489.3333	
370	2072.790	328.6267	-345.6667	-23.0000	
371	2076.505	334.1269	319.3333	636.6667	
372	2080.211	313.9751	-353.3333	-56.3333	
373	2083.908	318.5637	194.3333	494.6667	
374	2087.595	367.4856	-323.3333	24.6667	
375	2091.272	341.4074	-17.0000	303.6667	
376	2094.940	326.3915	-312.0000	-30.0000	
377	2098.599	327.0255	247.6667	555.6666	
378	2102.248	330.1804	-130.6667	178.6667	
379	2105.887	326.3769	174.3333	476.3333	
380	2109.516	325.2194	-452.0000	-143.6667	
381	2113.136	321.5582	-715.6667	-423.6667	
382	2116.747	325.5012	-180.3333	132.0000	
383	2120.348	328.0274	203.3333	476.3334	
384	2123.939	337.9703	-582.6667	-261.0000	
385	2127.521	332.8835	93.0000	392.6667	
386	2131.093	333.8260	-462.6666	-113.0000	
387	2134.655	311.5187	97.6667	390.3333	
388	2138.207	318.0445	-382.0000	-98.0000	
389	2141.750	327.2720	253.6667	569.3333	
390	2145.283	328.9163	-452.6667	-152.0000	
391	2148.807	347.7271	193.3333	516.3333	
392	2152.321	345.6810	-627.0000	-297.0000	
393	2155.825	326.6646	87.0000	368.6667	
394	2159.319	320.8149	-306.0000	-29.6667	
395	2162.804	320.9443	304.0000	602.0000	
396	2166.279	322.2826	-294.0000	-13.3333	
397	2169.744	323.0184	125.0000	406.3333	
398	2173.199	322.2543	-419.3333	-139.6667	
399	2176.644	339.0733	153.6667	457.6666	
400	2180.080	336.1426	-219.3333	86.0000	
401	2183.506	335.3784	446.6667	732.6667	
402	2186.922	336.8434	-379.6667	-67.6667	
403	2190.328	332.6000	-83.3333	229.6667	
404	2193.725	318.9187	-390.6667	-103.0000	
405	2197.111	320.3474	224.3333	514.0000	
406	2200.488	316.7579	-420.3333	-123.0000	
407	2203.854	317.2051	206.0000	513.0000	
408	2207.211	316.9227	-360.0000	-69.6667	
409	2210.558	316.0841	343.6667	621.3333	
410	2213.896	333.4747	-446.0000	-130.6667	
411	2217.223	348.7820	247.3333	578.3333	
412	2220.540	345.0893	-390.0000	-62.3333	
413	2223.847	352.3622	296.0000	620.6667	
414	2227.145	330.9283	-612.0000	-308.3333	
415	2230.432	300.8278	159.6667	433.6667	
416	2233.709	316.3939	-646.6667	-356.6667	
417	2236.977	327.2933	213.0000	514.3334	
418	2240.234	330.5261	-515.0000	-207.0000	
419	2243.482	330.0922	-2.0000	296.6667	
420	2246.719	336.6583	-366.3333	-54.3333	
421	2249.946	330.8821	253.6667	580.3333	
422	2253.164	328.3560	-430.6667	-159.0000	
423	2256.371	332.8506	232.6667	544.0000	
424	2259.568	341.8873	-369.6667	-71.0000	
425	2262.755	353.8607	212.3333	537.0000	
426	2265.933	351.8341	-139.0000	182.3333	
427	2269.100	301.3651	340.6667	621.0000	
428	2272.256	311.8960	-331.6667	-42.3333	
429	2275.403	320.7727	168.0000	479.0000	
430	2278.540	320.1702	-363.3333	-69.6667	
431	2281.667	322.0052	320.6667	604.3333	
432	2284.783	325.4860	-416.6667	-92.3333	
433	2287.889	326.3001	192.3333	495.6667	
434	2290.985	336.4476	-381.0000	-71.0000	
435	2294.071	336.1680	183.0000	476.6666	
436	2297.147	335.6385	-620.0000	-299.6667	
437	2300.212	332.5380	275.0000	579.0000	
438	2303.267	312.7708	-431.3333	-147.0000	
439	2306.312	331.3369	-21.6667	281.3333	
440	2309.347	332.9865	-569.3333	-226.0000	
441	2312.372	325.8150	402.0000	685.6666	
442	2315.386	327.3102	-205.6667	83.3333	
443	2318.390	301.0554	151.0000	419.3333	
444	2321.384	322.3004	-514.6666	-249.0000	
445	2324.368	366.3099	319.0000	646.6667	
446	2327.341	333.7361	-458.6666	-168.0000	
447	2330.304	332.9123	302.3333	563.6667	
448	2333.256	326.6774	-381.0000	-79.3333	
449	2336.199	312.2131	10.0000	298.0000	
450	2339.131	291.7905	-317.6667	-74.6667	
451	2342.052	304.8888	437.6667	690.0000	
452	2344.963	348.3206	-573.0000	-281.0000	
453	2347.864	340.2558	340.3333	625.0000	
454	2350.755	328.1909	-398.3333	-125.0000	
455	2353.635	327.7373	238.6667	499.6666	
456	2356.505	325.9412	-379.0000	-100.6667	
457	2359.364	325.5156	354.6667	593.3333	
458	2362.213	330.3400	-273.0000	-6.6667	
459	2365.051	342.2478	189.6667	468.3334	
460	2367.879	343.4048	-183.3333	96.3333	
461	2370.697	332.4214	191.6667	470.6667	
462	2373.504	328.4379	-211.6667	72.0000	
463	2376.300	321.5378	387.3333	612.0000	
464	2379.086	319.4710	-245.0000	8.6667	
465	2381.862	321.9875	115.0000	356.3333	
466	2384.627	343.5873	-316.3333	-51.0000	
467	2387.382	367.7705	252.3333	539.3333	
468	2390.125	336.2876	-478.0000	-225.0000	
469	2392.859	308.3145	302.6667	536.3333	
470	2395.582	320.0139	-203.0000	39.6667	
471	2398.294	339.7133	427.0000	686.6667	
472	2400.996	319.0791	-601.3333	-365.0000	
473	2403.687	317.4714	240.0000	472.0000	
474	2406.368	315.5305	-398.0000	-170.6667	
475	2409.038	308.2561	406.3333	623.6667	
476	2411.697	279.4502	-305.3333	-130.0000	
477	2414.346	329.2005	317.3333	541.3333	
478	2416.984	356.2842	-411.3333	-161.3333	
479	2419.612	369.3678	102.3333	364.3333	
480	2422.228	349.1182	-407.0000	-166.3333	
481	2424.834	327.5352	239.3333	457.3333	
482	2427.430	286.2855	-435.0000	-259.3333	
483	2430.015	310.0359	209.3333	407.6667	
484	2432.589	333.5364	1064.6667	1325.0000	
485	2435.152	333.5608	274.0000	482.6666	
486	2437.705	336.0018	-656.3334	-440.6667	
487	2440.247	348.3596	91.3333	355.3333	
488	2442.778	348.8842	-443.0000	-212.0000	
489	2445.298	348.8345	33.3333	264.6667	
490	2447.808	319.6483	-506.0000	-288.3333	
491	2450.306	305.5715	386.6667	589.3333	
492	2452.794	301.4956	-363.6667	-166.0000	
493	2455.272	309.1839	293.3333	476.0000	
494	2457.738	334.3721	-584.6667	-362.0000	
495	2460.194	372.3104	246.3333	503.0000	
496	2462.638	337.9152	-335.0000	-116.6667	
497	2465.073	335.5201	408.0000	620.0000	
498	2467.496	327.8751	-423.3333	-225.6667	
499	2469.908	331.8133	436.0000	655.0000	
500	2472.309	308.3341	-304.3333	-131.3333	
501	2474.699	316.3586	29.0000	200.0000	
502	2477.079	326.2580	-415.6667	-196.6667	
503	2479.448	326.2199	302.3333	422.3333	
504	2481.805	319.9110	-406.3333	-164.3333	
505	2484.152	321.3730	176.3333	341.3333	
506	2486.488	313.0224	-368.0000	-192.3333	
507	2488.813	306.4010	238.0000	390.6667	
508	2491.127	322.8629	-604.0000	-421.6667	
509	2493.430	329.2415	285.6667	418.3333	
510	2495.722	385.6202	-264.0000	-28.3333	
511	2498.003	323.7487	-8.0000	164.3333	
