resultName	muna8-35
resultName	muna8-35
ID	RS20191213123632_P19331194
Command	SCANANDSEARCH
User	Admin
Application	_Analyze
SerialNumber	P19331194
Power	280
Integration	900
Averages	3
AutoExposure	Off
AutoCollect	Off
QuickCollect	Off
AutoBackground	On
BaselineCorrection	On
Algorithm	Wavelet
Searched Library	All,None,None,None
MixtureComponents	2
matchThreshold	0.75
displayMatches	1
Threshold	0.80
WL Start	
WL End	
ServerVersion	3.180316
FirmwareVersion	
date	2019-12-13
time	12:36:32
scanindex	0
specpath	RS20191213123632_P19331194.xml
Search Range	200 - 2500
Synced	false
lastCalDateTime	2019-12-13 10:05:29
lastCalUser	Admin
lastCalResult	PASS
lastVerifyDateTime	2019-10-16 15:05:37
lastVerifyUser	Admin
lastVerifyResult	PASS
selectedMaterial	
result	No Match
ValidationGUID	
ValidationMatchQuality	
topMatch	
topMatchGUID	
topMatchQuality	
secondMatch	
secondMatchGUID	
secondMatchQuality	
thirdMatch	
thirdMatchGUID	
thirdMatchQuality	
fourthMatch	
fourthMatchGUID	
fourthMatchQuality	
fifthMatch	
fifthMatchGUID	
fifthMatchQuality	
signedBy	
signedDateTime	
softwareVer	1.7.0.21
memo	
batchID	
inBatch	false
batchUID	
batchCID1	
batchCIDlbl1	
batchCID2	
batchCIDlbl2	
batchCID3	
batchCIDlbl3	
batchCID4	
batchCIDlbl4	
batchCID5	
batchCIDlbl5	
signedTitle	
signedReason	
rescanned	
barcode	
topMatchContribs	
secondMatchContribs	
thirdMatchContribs	
fourthMatchContribs	
fifthMatchContribs	
ValidationMatchContribs	
Threat	
PrecursorList	
CompundName	
WindowStart4C	
MatchLibrary	
lastModified	2019/12/13 12:37
Signal2Noise	28.66
Detector TEC SetPoint	0x8000
Detector Temp	4.98
Laser Temp	25.39
OE1 Temp	36.03
OE2 Temp	39.44
Detector Gain	200
SaturationDetected	false
InterpolatedPixelList	
PeakList	 287.1	399	341.3	334	399.6	324	448.9	303	481.6	297	650.6	880	675.3	445	752.2	380	806.3	357	841.6	348	960.7	327	1127.9	389	1137.3	382	1249.1	315	1337.6	428	1370.1	598	1377.3	534	1458.1	2132	1598.9	329	1644.7	1247	1677.3	880	1713.7	519
index	Raman Shift (cm-1)	Y value (counts)	background (counts)	raw value (counts)
0	137.589	185.4767	13486.0000	14851.6660	
1	144.103	195.7688	14537.3340	15886.6660	
2	150.611	135.7287	15264.0000	16526.6660	
3	157.114	189.0227	15259.6660	16549.0000	
4	163.610	217.3147	14917.6660	16208.6660	
5	170.101	195.2745	16253.6660	17496.0000	
6	176.586	155.5665	15884.0000	17060.0000	
7	183.065	136.1925	15292.0000	16422.0000	
8	189.538	154.8185	14918.3340	16040.3340	
9	196.005	160.1105	16603.6680	17704.3340	
10	202.467	139.0705	16395.6660	17448.6660	
11	208.922	214.6945	16688.6680	17790.6660	
12	215.372	211.6564	16019.0000	17091.3340	
13	221.815	204.6306	16692.0000	17742.6660	
14	228.253	81.2248	17346.0000	18253.0000	
15	234.685	172.9352	17352.0000	18356.3340	
16	241.111	109.6436	14919.0000	15865.6660	
17	247.531	151.0201	16221.6680	17215.3340	
18	253.945	89.7305	14685.3340	15623.3340	
19	260.353	132.4389	15678.6680	16665.0000	
20	266.755	165.1494	13587.0000	14611.6660	
21	273.151	201.6117	16460.0000	17540.0000	
22	279.541	287.7401	15429.6660	16614.6660	
23	285.925	398.8674	14318.3340	15633.3330	
24	292.303	334.3288	13732.3340	15001.6660	
25	298.675	321.9315	13157.6660	14429.6660	
26	305.041	282.8662	13310.0000	14558.0000	
27	311.401	223.4668	14664.0000	15867.6660	
28	317.754	251.1323	12297.6660	13551.6660	
29	324.102	288.9305	12836.6670	14106.0000	
30	330.444	253.7286	12985.0000	14196.6660	
31	336.780	306.1949	13088.6660	14330.3330	
32	343.109	333.9931	13303.0000	14550.0000	
33	349.433	255.1253	12059.6670	13205.3340	
34	355.750	102.9245	10423.6660	11394.6670	
35	362.061	146.0209	14068.3320	15052.6660	
36	368.366	59.1988	10435.3340	11311.3330	
37	374.665	114.9631	10975.0000	11898.0000	
38	380.958	310.3934	11786.3330	12896.0000	
39	387.245	231.8228	11996.3330	13018.6660	
40	393.526	220.2529	9247.6670	10249.6670	
41	399.800	324.3401	11244.6670	12338.3330	
42	406.068	270.4283	9376.6670	10404.0000	
43	412.330	188.8499	5681.3335	6614.6670	
44	418.586	136.9386	7543.6660	8412.6670	
45	424.835	125.6180	7063.6670	7913.0000	
46	431.079	178.2988	4731.3335	5625.0000	
47	437.316	201.3129	2964.6667	3873.0000	
48	443.547	245.9940	2739.6665	3684.3335	
49	449.771	302.8645	5161.6670	6162.0000	
50	455.990	284.0862	2885.0000	3855.3330	
51	462.202	106.3080	2546.0000	3327.3330	
52	468.408	141.5299	2262.6667	3068.0000	
53	474.607	283.7807	3661.3335	4592.3335	
54	480.801	297.3647	1724.6667	2652.6667	
55	486.988	276.6154	989.3334	1880.0000	
56	493.168	220.5732	2088.3335	2900.0000	
57	499.343	168.4986	2925.6667	3671.6665	
58	505.511	142.9242	2613.0000	3317.0000	
59	511.672	147.9329	1254.3334	1973.0000	
60	517.828	159.6082	1864.0000	2522.6667	
61	523.977	170.1121	2469.3335	3181.0000	
62	530.119	183.4495	1262.3334	1958.6667	
63	536.255	188.2865	2044.3335	2729.3333	
64	542.385	163.7906	994.3333	1623.0000	
65	548.509	177.1278	3022.3335	3663.0000	
66	554.626	177.6317	5596.0000	6230.3330	
67	560.736	169.9689	6051.0000	6664.3330	
68	566.840	172.9733	3429.0000	4032.0000	
69	572.938	165.2154	2198.3333	2792.6667	
70	579.030	145.7065	685.6666	1265.0000	
71	585.114	135.4832	711.6667	1286.6666	
72	591.193	97.9266	1156.0000	1699.3333	
73	597.265	86.2734	3409.3335	3959.0000	
74	603.330	189.6204	4535.6665	5206.6665	
75	609.389	359.6335	4280.6670	5139.6665	
76	615.442	459.6473	5568.6665	6545.6665	
77	621.488	539.3790	5832.6670	6901.3330	
78	627.527	395.3886	4615.3335	5553.6665	
79	633.560	443.3983	3605.6670	4605.6670	
80	639.586	557.4074	3914.0000	5041.6665	
81	645.606	878.4175	5628.0000	7090.3340	
82	651.620	880.0931	4385.0000	5862.6670	
83	657.626	632.1023	1905.0000	3148.3335	
84	663.626	398.7780	1684.0000	2707.6665	
85	669.620	294.9396	1994.0000	2903.3333	
86	675.607	445.4347	771.3333	1820.6665	
87	681.587	444.2631	1935.6667	2973.3335	
88	687.561	277.0912	4504.0000	5364.0000	
89	693.528	180.7279	4033.6670	4737.3330	
90	699.489	192.9270	1980.3334	2705.3333	
91	705.443	164.1696	3404.6665	4160.0000	
92	711.390	145.8248	3494.6665	4179.0000	
93	717.331	62.4655	2849.3335	3450.0000	
94	723.265	112.4403	3709.0000	4359.3335	
95	729.192	253.0815	2984.0000	3774.6670	
96	735.113	312.0139	3482.6670	4354.3335	
97	741.026	312.3217	4778.0000	5643.0000	
98	746.934	339.2440	4733.6665	5575.0000	
99	752.834	379.9233	6713.0000	7627.0000	
100	758.728	321.4352	4897.3335	5756.3330	
101	764.615	240.7661	6839.3340	7615.0000	
102	770.495	206.7643	5708.6670	6447.6670	
103	776.369	126.0960	5845.6665	6501.3340	
104	782.236	88.0928	6028.3335	6643.3335	
105	788.096	135.9409	7488.3330	8149.6670	
106	793.949	147.1209	7531.6670	8202.6670	
107	799.795	248.3019	9620.3330	10391.0000	
108	805.635	356.8159	8131.0000	9008.6670	
109	811.468	334.7310	8320.0000	9188.3330	
110	817.294	173.6465	6721.6670	7441.6665	
111	823.113	114.5630	7869.0000	8542.6670	
112	828.925	129.2713	7811.0000	8519.0000	
113	834.731	247.6130	8798.3330	9638.6670	
114	840.530	347.6198	8398.0000	9352.3330	
115	846.322	293.2944	9605.0000	10519.0000	
116	852.107	217.8025	8480.6670	9263.6670	
117	857.885	204.9988	9653.6670	10523.6670	
118	863.656	213.7782	9532.6660	10375.6670	
119	869.420	239.2011	9385.0000	10262.0000	
120	875.177	196.5953	7453.0000	8285.3330	
121	880.928	129.6491	7542.3340	8302.6660	
122	886.672	157.0388	8141.3330	8924.0000	
123	892.408	212.8016	9777.6670	10638.0000	
124	898.138	203.5230	9811.0000	10654.3340	
125	903.861	269.6373	7318.6670	8200.0000	
126	909.576	117.4614	7673.0000	8398.3340	
127	915.285	149.9516	9500.6660	10254.6670	
128	920.987	177.4398	7773.3340	8551.0000	
129	926.682	174.9299	9108.0000	9879.3330	
130	932.370	170.0865	6447.3335	7210.0000	
131	938.051	127.9102	6408.0000	7124.6670	
132	943.724	156.6492	7302.6670	7998.6660	
133	949.391	204.2169	7842.6670	8633.6660	
134	955.051	264.1774	5866.3335	6715.3330	
135	960.704	327.4719	7837.3330	8747.6670	
136	966.349	244.4313	7783.0000	8608.3330	
137	971.988	216.0449	7447.6660	8225.0000	
138	977.619	214.4083	4991.3335	5813.0000	
139	983.244	184.1877	5987.6670	6757.6660	
140	988.861	154.2955	7033.6660	7769.3340	
141	994.471	117.3396	7263.0000	7969.6670	
142	1000.074	171.7175	6457.0000	7226.0000	
143	1005.670	165.4296	7673.0000	8443.6670	
144	1011.259	163.1406	7267.0000	8043.3330	
145	1016.841	177.5192	7180.3330	7988.0000	
146	1022.416	173.1477	7570.6665	8349.6670	
147	1027.983	173.1092	7425.0000	8256.6660	
148	1033.543	179.9874	6714.3330	7505.0000	
149	1039.096	174.8342	7992.6670	8832.0000	
150	1044.642	169.2643	7298.6670	8137.0000	
151	1050.181	164.3612	7842.6670	8698.3330	
152	1055.713	153.2080	5604.0000	6417.0000	
153	1061.237	168.0259	7908.3330	8772.6670	
154	1066.754	190.7865	7616.3340	8518.0000	
155	1072.264	178.5117	7953.0000	8846.6670	
156	1077.766	252.9017	8245.6670	9218.0000	
157	1083.262	243.6838	8454.0000	9417.0000	
158	1088.750	173.1319	5846.6670	6739.0000	
159	1094.231	238.5800	8858.3340	9816.0000	
160	1099.704	278.0291	9105.6670	10102.6670	
161	1105.171	158.3262	10211.6670	11080.6660	
162	1110.630	142.2618	8823.3340	9669.0000	
163	1116.081	258.8645	9737.0000	10692.0000	
164	1121.526	308.1323	8746.6670	9743.6660	
165	1126.963	389.4172	9839.0000	10901.6670	
166	1132.392	373.7012	9840.6660	10872.0000	
167	1137.815	381.9842	10335.0000	11359.0000	
168	1143.230	342.2683	8647.6660	9616.3330	
169	1148.637	325.1257	10143.6670	11084.0000	
170	1154.037	222.3181	10668.0000	11494.3340	
171	1159.430	186.1755	10168.0000	10947.0000	
172	1164.816	127.0335	9754.3340	10451.0000	
173	1170.194	117.6393	12179.9990	12877.0000	
174	1175.565	113.0787	10976.6670	11638.6660	
175	1180.928	159.1352	12766.3340	13526.0000	
176	1186.284	162.8872	12004.3340	12787.6660	
177	1191.632	147.6597	12454.3340	13218.3340	
178	1196.973	161.3705	12141.0000	12901.3340	
179	1202.307	261.2277	13226.6660	14149.3340	
180	1207.633	289.0001	12086.0000	13051.6680	
181	1212.951	291.1849	13247.3320	14223.0000	
182	1218.262	272.7258	12772.3340	13731.0000	
183	1223.566	195.1396	13438.3340	14324.6660	
184	1228.862	253.8896	13268.6660	14219.0000	
185	1234.151	189.6964	14436.3320	15298.3340	
186	1239.432	175.0867	14177.0000	14968.6680	
187	1244.705	249.7675	13953.0000	14937.6670	
188	1249.971	314.6160	13913.6660	14976.0000	
189	1255.230	261.0110	15998.0000	17020.6660	
190	1260.481	83.0739	15010.3340	15869.0000	
191	1265.724	137.4711	16243.3340	17170.3340	
192	1270.960	199.8680	16241.3340	17244.6680	
193	1276.188	176.5989	17098.6660	18092.6680	
194	1281.409	124.6602	16138.0000	17094.0000	
195	1286.622	183.3891	16932.3340	17961.0000	
196	1291.827	267.6755	16691.0000	17825.3320	
197	1297.025	133.9773	17964.3340	18989.6680	
198	1302.215	123.9448	17228.3320	18268.3340	
199	1307.397	140.2444	18373.3320	19454.3340	
200	1312.572	202.5417	17726.6680	18894.6680	
201	1317.739	199.2740	18535.3320	19716.3340	
202	1322.899	137.6685	18133.3340	19269.0000	
203	1328.051	250.9415	18865.0000	20121.3320	
204	1333.195	364.2783	18150.3340	19531.6660	
205	1338.331	428.1787	19253.3320	20701.6680	
206	1343.460	240.7391	18314.0000	19578.0000	
207	1348.581	209.3037	19546.6660	20782.3340	
208	1353.694	165.8661	18493.6660	19689.0000	
209	1358.800	324.0946	19960.0000	21316.6660	
210	1363.898	428.9930	19289.6660	20754.3340	
211	1368.988	597.5535	20247.0000	21883.3320	
212	1374.070	515.7836	19519.3340	21077.0000	
213	1379.145	534.3218	20482.3340	22062.3340	
214	1384.211	371.8599	19622.6660	21044.0000	
215	1389.270	254.0640	20772.6660	22080.0000	
216	1394.322	68.9343	19674.0000	20800.0000	
217	1399.365	57.3156	20775.0000	21885.6660	
218	1404.401	92.6529	19780.3320	20911.3340	
219	1409.428	356.3180	20879.0000	22258.6660	
220	1414.448	420.3196	19762.3340	21191.0000	
221	1419.460	594.7812	20734.6660	22331.0000	
222	1424.464	708.2411	19830.0000	21533.0000	
223	1429.461	994.3688	20634.3320	22616.6660	
224	1434.449	1277.2721	19783.6680	22032.6660	
225	1439.430	1491.9993	20657.3340	23106.0000	
226	1444.403	1664.0583	19702.3340	22308.0000	
227	1449.367	1853.1195	20707.0000	23486.6680	
228	1454.324	1953.1783	19345.6660	22210.3340	
229	1459.273	2132.4756	20503.6660	23509.3340	
230	1464.214	1589.1044	18962.0000	21386.0000	
231	1469.147	1044.7377	19678.3320	21519.6680	
232	1474.073	597.3666	18320.0000	19675.6680	
233	1478.990	365.5571	19136.0000	20227.0000	
234	1483.899	245.7474	17847.0000	18785.3320	
235	1488.800	130.9395	19183.0000	19973.6660	
236	1493.693	138.4658	18094.3320	18859.6660	
237	1498.579	149.1010	19335.6660	20087.3340	
238	1503.456	138.3752	18421.6680	19148.0000	
239	1508.325	154.7824	18313.0000	19052.3320	
240	1513.187	119.1060	14198.0000	14867.6660	
241	1518.040	119.1802	17157.0000	17799.0000	
242	1522.885	128.9210	18767.0000	19446.0000	
243	1527.722	145.3283	20495.3340	21118.0000	
244	1532.551	176.5692	19595.6660	20238.6660	
245	1537.372	183.8553	20769.6660	21466.3340	
246	1542.185	164.3167	19887.3340	20547.0000	
247	1546.990	155.7575	21058.0000	21688.0000	
248	1551.787	193.1357	20340.3320	21078.3320	
249	1556.575	181.4442	21751.3340	22496.6680	
250	1561.356	151.1696	20531.0000	21270.0000	
251	1566.128	147.3111	21507.3340	22328.6660	
252	1570.893	112.7022	21434.6660	22190.0000	
253	1575.649	126.9807	21932.6660	22801.0000	
254	1580.397	137.5911	20511.0000	21448.0000	
255	1585.137	210.8692	21623.0000	22691.3340	
256	1589.868	265.8117	20032.3340	21213.6660	
257	1594.592	296.7581	20229.0000	21499.3340	
258	1599.307	329.0323	19691.6680	21052.3320	
259	1604.014	288.4655	21824.3320	23213.6660	
260	1608.713	209.7459	21245.3340	22607.0000	
261	1613.404	280.3734	22359.6660	23817.0000	
262	1618.086	351.6667	22265.0000	23818.6680	
263	1622.760	368.9582	22501.3340	24097.3340	
264	1627.426	367.9152	21110.3340	22730.3320	
265	1632.084	512.5318	21198.3340	22974.3340	
266	1636.734	744.6603	19753.0000	21760.0000	
267	1641.375	1171.2662	21911.6660	24345.6660	
268	1646.008	1246.5387	20694.0000	23203.6680	
269	1650.632	868.6632	21930.0000	24027.3320	
270	1655.249	303.7911	19677.0000	21175.0000	
271	1659.856	171.5855	21293.6660	22625.0000	
272	1664.456	313.0479	21005.3320	22443.6680	
273	1669.048	617.1725	21638.0000	23346.0000	
274	1673.631	788.9650	19824.6680	21670.0000	
275	1678.205	880.4249	19415.6680	21318.0000	
276	1682.772	628.8889	19109.3340	20725.6680	
277	1687.329	383.6214	18866.3340	20190.0000	
278	1691.879	118.6895	19481.3320	20492.6660	
279	1696.420	123.7560	21536.6660	22505.6660	
280	1700.953	128.7109	18764.3340	19700.6660	
281	1705.478	247.3190	18762.3320	19754.0000	
282	1709.994	438.2568	17462.6660	18582.0000	
283	1714.501	518.8605	20341.0000	21477.6660	
284	1719.000	235.1337	18005.3320	18795.0000	
285	1723.491	208.0153	17803.3340	18527.6660	
286	1727.973	83.5668	14596.3340	15158.0000	
287	1732.447	86.7427	18018.3340	18525.3340	
288	1736.912	91.9042	17660.6660	18200.6660	
289	1741.369	92.9831	16525.6660	16996.0000	
290	1745.818	121.4773	14712.3340	15183.3340	
291	1750.257	192.3052	17472.0000	17986.0000	
292	1754.689	225.1328	16277.0000	16796.0000	
293	1759.112	208.8778	15557.0000	16046.0000	
294	1763.526	170.6230	12624.0000	13061.0000	
295	1767.932	182.6396	15471.6660	15886.6660	
296	1772.329	196.3849	16688.3320	17142.0000	
297	1776.718	197.7215	13991.6660	14484.3340	
298	1781.098	175.0782	11740.6660	12126.6670	
299	1785.470	161.2682	12151.3330	12560.6670	
300	1789.833	159.2089	11261.0000	11619.3330	
301	1794.187	169.5033	12616.3340	13049.0000	
302	1798.533	179.8642	14562.3330	14935.3340	
303	1802.870	183.0584	14840.6660	15292.3320	
304	1807.199	162.1693	14533.6660	14920.6660	
305	1811.519	172.0300	11995.3340	12358.6660	
306	1815.830	209.5575	10685.3330	11113.3330	
307	1820.133	181.0856	11423.0000	11819.3340	
308	1824.427	156.2294	11131.3340	11466.0000	
309	1828.712	156.9178	12954.3340	13315.6660	
310	1832.989	151.2729	11731.0000	12095.6670	
311	1837.257	155.1902	9907.3330	10239.6670	
312	1841.516	165.1499	10133.3340	10497.6670	
313	1845.767	188.1535	11295.0000	11635.3330	
314	1850.009	231.6571	12465.0010	12900.6670	
315	1854.242	221.8280	11804.3330	12230.6660	
316	1858.467	184.4370	10530.6670	10888.6670	
317	1862.682	190.8367	9624.0000	10020.0000	
318	1866.889	185.2159	8259.3330	8657.6670	
319	1871.088	176.1992	6618.0000	6970.3330	
320	1875.277	171.0156	6405.0000	6768.0000	
321	1879.458	171.3113	7128.0000	7462.3340	
322	1883.630	171.0050	4476.0000	4828.0000	
323	1887.793	174.8816	4175.3335	4532.0000	
324	1891.947	166.4870	4731.0000	5049.0000	
325	1896.093	163.1250	6177.6665	6513.0000	
326	1900.230	156.2629	4961.0000	5248.6665	
327	1904.358	160.3171	7393.0000	7728.6670	
328	1908.477	169.7882	7019.0000	7302.0000	
329	1912.587	177.0891	6548.3340	6892.3330	
330	1916.688	174.6033	6271.9995	6590.0000	
331	1920.781	177.5955	5302.6665	5590.3335	
332	1924.864	179.2757	6272.6665	6606.6660	
333	1928.939	179.5685	7007.6670	7326.3330	
334	1933.005	182.5488	5883.0000	6199.0000	
335	1937.062	192.1757	4753.3330	5088.6670	
336	1941.110	201.2178	5090.3335	5471.6665	
337	1945.149	189.5102	6082.3335	6412.0000	
338	1949.179	179.7196	5723.0000	6053.0000	
339	1953.200	171.5123	4567.3335	4854.6665	
340	1957.212	173.5967	2004.0000	2345.0000	
341	1961.216	180.5563	2723.3335	3019.0000	
342	1965.210	183.2242	2635.6667	2957.6667	
343	1969.195	174.5054	2090.3333	2406.0000	
344	1973.172	173.1722	1236.6667	1573.6665	
345	1977.139	147.6409	832.3333	1106.0000	
346	1981.098	173.8595	52.0000	346.0000	
347	1985.047	188.4115	645.3333	948.0000	
348	1988.987	191.2972	324.0000	623.6667	
349	1992.919	162.6828	531.0000	800.0000	
350	1996.841	171.1953	-241.6667	13.0000	
351	2000.754	170.0421	396.3333	696.3333	
352	2004.658	170.6388	-288.6667	-36.6667	
353	2008.553	178.2772	333.3333	595.3333	
354	2012.439	194.9989	-334.3333	-44.0000	
355	2016.316	182.5957	300.0000	577.3334	
356	2020.184	176.8587	-395.0000	-124.0000	
357	2024.043	177.1653	298.6667	566.6667	
358	2027.892	180.1383	-364.3333	-96.6667	
359	2031.733	178.1115	248.0000	506.0000	
360	2035.564	181.4181	-369.6667	-101.0000	
361	2039.386	175.9635	302.0000	557.0000	
362	2043.199	174.1755	-373.0000	-121.6667	
363	2047.003	178.4708	223.6667	463.6666	
364	2050.798	188.3728	-394.3333	-126.0000	
365	2054.583	172.8765	227.0000	482.3333	
366	2058.360	159.7137	-359.0000	-114.3333	
367	2062.127	157.8841	271.0000	516.3333	
368	2065.885	180.0545	-329.0000	-48.3333	
369	2069.634	177.5582	204.3333	476.3333	
370	2073.373	187.0620	-281.3333	0.6667	
371	2077.103	185.5399	358.3333	653.0000	
372	2080.824	175.7999	-314.6667	-47.3333	
373	2084.536	173.5773	194.6667	491.0000	
374	2088.238	175.3548	-231.3333	-19.0000	
375	2091.932	192.1323	45.0000	323.6667	
376	2095.615	181.4928	-284.0000	-1.3333	
377	2099.290	157.5315	281.6667	521.6667	
378	2102.955	151.4868	-126.0000	105.6667	
379	2106.611	204.1088	224.3333	506.3334	
380	2110.258	207.0638	-394.0000	-111.3333	
381	2113.895	196.6956	-697.0000	-426.6667	
382	2117.523	144.6608	-115.0000	101.3333	
383	2121.142	159.2926	243.3333	472.3333	
384	2124.751	193.5911	-523.6667	-262.3333	
385	2128.351	180.2732	136.0000	388.6667	
386	2131.942	142.8356	-374.6667	-161.6667	
387	2135.523	170.0648	122.6667	360.6667	
388	2139.095	175.2943	-332.6667	-91.6667	
389	2142.657	211.8831	279.0000	555.3333	
390	2146.210	178.8054	-394.0000	-152.0000	
391	2149.754	168.3944	271.6667	502.0000	
392	2153.288	164.1208	-558.3334	-340.0000	
393	2156.812	159.4973	132.0000	347.3333	
394	2160.327	168.2072	-238.6667	-13.0000	
395	2163.833	170.9171	359.6667	589.6667	
396	2167.330	176.1271	-216.6667	28.3333	
397	2170.816	175.5470	161.3333	382.3333	
398	2174.293	189.4669	-392.3333	-141.0000	
399	2177.761	192.8869	186.3333	441.6667	
400	2181.220	174.6401	-153.0000	84.6667	
401	2184.668	168.8934	484.0000	693.6666	
402	2188.108	170.3133	-305.3333	-60.3333	
403	2191.537	169.7332	-6.3333	231.3333	
404	2194.958	180.3197	-366.3333	-120.6667	
405	2198.368	186.4032	279.3333	556.3333	
406	2201.769	176.4458	-361.6667	-117.3333	
407	2205.161	175.0522	237.0000	490.0000	
408	2208.543	177.3672	-320.6667	-58.6667	
409	2211.915	170.0092	340.0000	612.0000	
410	2215.278	157.4846	-388.6667	-142.6667	
411	2218.631	155.8767	327.6667	574.0000	
412	2221.974	172.2692	-316.0000	-18.3333	
413	2225.308	180.5176	355.3333	608.6666	
414	2228.632	178.9100	-536.3334	-318.0000	
415	2231.947	220.9690	175.0000	476.6666	
416	2235.252	193.0280	-584.0000	-312.0000	
417	2238.547	143.0871	261.6667	482.0000	
418	2241.833	154.1461	-469.3333	-239.6667	
419	2245.109	178.2051	25.6667	277.6667	
420	2248.375	218.5971	-353.6667	-63.0000	
421	2251.631	193.9758	276.0000	540.6667	
422	2254.878	168.3544	-402.3333	-164.6667	
423	2258.115	166.0663	271.3333	505.3333	
424	2261.343	159.7779	-321.3333	-95.0000	
425	2264.560	170.7348	244.0000	479.3333	
426	2267.768	187.1917	-72.3333	184.0000	
427	2270.966	183.2035	384.0000	630.0000	
428	2274.154	182.7226	-291.6667	-30.0000	
429	2277.333	174.9516	231.6667	470.3333	
430	2280.502	166.3058	-290.6667	-68.6667	
431	2283.661	167.3266	368.0000	597.0000	
432	2286.810	165.6807	-364.0000	-137.6667	
433	2289.949	168.8681	223.6667	438.0000	
434	2293.079	192.3187	-359.6667	-115.3333	
435	2296.198	189.6544	218.6667	492.0000	
436	2299.308	168.5739	-535.3333	-314.6667	
437	2302.408	165.5935	326.6667	529.3333	
438	2305.498	171.3631	-379.3333	-154.0000	
439	2308.579	177.3827	39.6667	259.0000	
440	2311.649	183.6729	-509.0000	-268.0000	
441	2314.709	183.7098	455.3333	679.3334	
442	2317.760	192.3924	-158.0000	83.6667	
443	2320.801	196.0960	191.6667	437.0000	
444	2323.832	190.7995	-444.6667	-204.6667	
445	2326.853	153.0431	422.3333	624.0000	
446	2329.864	154.2867	-427.6667	-225.3333	
447	2332.865	178.4469	305.0000	560.6666	
448	2335.855	179.4420	-325.0000	-95.3333	
449	2338.837	180.3257	42.6667	281.0000	
450	2341.808	179.1260	-301.6667	-53.6667	
451	2344.769	157.0097	462.6667	670.6667	
452	2347.720	160.3933	-493.0000	-329.3333	
453	2350.661	169.4763	362.6667	606.6666	
454	2353.592	168.3092	-359.6667	-133.3333	
455	2356.513	202.1400	260.6667	509.6667	
456	2359.424	185.8474	-363.3333	-91.3333	
457	2362.325	145.0812	377.3333	570.6667	
458	2365.216	172.8984	-226.0000	-4.6667	
459	2368.097	194.7156	233.3333	476.6667	
460	2370.968	180.5325	-124.6667	104.6667	
461	2373.829	160.9458	240.0000	446.6667	
462	2376.680	188.3591	-180.0000	51.0000	
463	2379.520	195.8558	360.3333	650.6666	
464	2382.351	171.1859	-242.0000	-34.3333	
465	2385.171	179.2660	175.3333	382.0000	
466	2387.982	185.6169	-281.3333	-59.6667	
467	2390.782	181.1136	300.3333	515.0000	
468	2393.572	177.5064	-468.0000	-226.6667	
469	2396.352	152.0365	346.0000	528.3333	
470	2399.121	164.8495	-139.3333	41.0000	
471	2401.881	181.6625	467.0000	677.3334	
472	2404.630	176.4755	-575.0000	-370.6667	
473	2407.369	148.6584	280.0000	454.6667	
474	2410.098	162.1747	-358.3333	-172.0000	
475	2412.817	172.1077	417.0000	647.0000	
476	2415.526	180.6912	-298.3333	-115.6667	
477	2418.224	190.9069	349.0000	533.6667	
478	2420.912	200.4560	-350.6667	-166.6667	
479	2423.590	248.9218	146.0000	395.0000	
480	2426.258	207.1375	-341.0000	-138.3333	
481	2428.915	181.7908	276.3333	447.6667	
482	2431.562	186.3397	-410.6667	-229.6667	
483	2434.199	154.2013	211.6667	429.6666	
484	2436.826	0.0000	1156.3334	1133.6666	
485	2439.442	190.9356	305.0000	473.0000	
486	2442.048	205.5380	-611.6667	-429.3333	
487	2444.644	220.4736	137.3333	334.3333	
488	2447.229	198.0759	-382.3333	-208.0000	
489	2449.804	161.9536	95.6667	236.6667	
490	2452.368	168.6178	-461.0000	-304.3333	
491	2454.923	217.3802	394.0000	604.3333	
492	2457.467	201.4764	-337.0000	-137.6667	
493	2460.000	148.5624	369.3333	515.3333	
494	2462.523	162.3152	-509.6667	-350.3333	
495	2465.036	205.7347	275.0000	477.3333	
496	2467.539	178.4874	-257.6667	-83.0000	
497	2470.031	178.9067	453.3333	628.0000	
498	2472.512	180.5762	-362.0000	-200.0000	
499	2474.983	184.6623	490.6666	675.6667	
500	2477.444	185.9978	-255.0000	-73.0000	
501	2479.894	182.1594	41.0000	230.3333	
502	2482.334	171.3626	-393.3333	-227.6667	
503	2484.763	158.4617	264.6667	417.3333	
504	2487.182	167.8108	-326.3333	-187.3333	
505	2489.590	163.6390	208.0000	411.3333	
506	2491.988	158.7589	-340.3333	-187.6667	
507	2494.375	160.2746	283.3333	430.3333	
508	2496.752	174.7070	-593.0000	-418.0000	
509	2499.119	180.3061	283.6667	425.3333	
510	2501.475	216.4885	-220.0000	-10.0000	
511	2503.820	175.5876	-10.3333	158.6667	
