resultName	muna8-54
resultName	muna8-54
ID	RS20200227112628_P19331194
Command	SCANANDSEARCH
User	Admin
Application	_Analyze
SerialNumber	P19331194
Power	280
Integration	900
Averages	3
AutoExposure	Off
AutoCollect	Off
QuickCollect	Off
AutoBackground	On
BaselineCorrection	On
Algorithm	Wavelet
Searched Library	All,None,None,None
MixtureComponents	2
matchThreshold	0.0
displayMatches	1
Threshold	0.80
WL Start	
WL End	
ServerVersion	3.180316
FirmwareVersion	
date	2020-02-27
time	11:26:28
scanindex	0
specpath	RS20200227112628_P19331194.xml
Search Range	200 - 2500
Synced	false
lastCalDateTime	2020-02-27 08:30:34
lastCalUser	Admin
lastCalResult	PASS
lastVerifyDateTime	2019-10-16 15:05:37
lastVerifyUser	Admin
lastVerifyResult	PASS
selectedMaterial	
result	No Match
ValidationGUID	
ValidationMatchQuality	
topMatch	
topMatchGUID	
topMatchQuality	
secondMatch	
secondMatchGUID	
secondMatchQuality	
thirdMatch	
thirdMatchGUID	
thirdMatchQuality	
fourthMatch	
fourthMatchGUID	
fourthMatchQuality	
fifthMatch	
fifthMatchGUID	
fifthMatchQuality	
signedBy	
signedDateTime	
softwareVer	1.7.0.21
memo	
batchID	
inBatch	false
batchUID	
batchCID1	
batchCIDlbl1	
batchCID2	
batchCIDlbl2	
batchCID3	
batchCIDlbl3	
batchCID4	
batchCIDlbl4	
batchCID5	
batchCIDlbl5	
signedTitle	
signedReason	
rescanned	
barcode	
topMatchContribs	
secondMatchContribs	
thirdMatchContribs	
fourthMatchContribs	
fifthMatchContribs	
ValidationMatchContribs	
Threat	
PrecursorList	
CompundName	
WindowStart4C	
MatchLibrary	
lastModified	2020/02/27 11:27
Signal2Noise	47.34
Detector TEC SetPoint	0x8000
Detector Temp	4.94
Laser Temp	24.94
OE1 Temp	31.78
OE2 Temp	35.50
Detector Gain	200
SaturationDetected	false
InterpolatedPixelList	
PeakList	 286.8	708	339.2	525	398.0	550	448.3	497	480.8	453	649.2	1584	679.0	806	750.3	624	804.4	515	839.8	674	960.0	516	1131.9	544	1141.6	539	1208.3	487	1249.7	441	1336.9	678	1369.2	936	1457.7	3815	1645.0	2002	1677.1	1445	1713.1	768	1773.1	456
index	Raman Shift (cm-1)	Y value (counts)	background (counts)	raw value (counts)
0	137.455	317.8787	14315.6660	16703.0000	
1	143.948	239.1142	15127.0000	17381.3340	
2	150.436	182.6818	15820.6660	17964.3320	
3	156.918	218.9193	16272.6660	18398.3340	
4	163.394	325.8189	15925.0000	18103.3320	
5	169.865	304.0545	17294.3340	19396.6660	
6	176.330	352.6260	16916.6660	19013.3340	
7	182.790	220.5257	16862.3340	18772.6660	
8	189.244	153.0952	16173.0000	17961.6660	
9	195.693	112.6647	17480.3340	19174.3340	
10	202.136	248.5662	17374.0000	19149.6660	
11	208.573	223.4697	18168.3320	19864.6660	
12	215.005	401.7053	17302.3340	19122.6680	
13	221.431	239.9591	18104.0000	19740.3320	
14	227.851	247.9259	18201.6680	19816.6680	
15	234.266	165.1877	18851.3340	20397.0000	
16	240.675	150.7836	16526.0000	18070.6660	
17	247.078	160.3813	17753.3320	19321.0000	
18	253.476	209.6412	16364.3340	17994.6660	
19	259.868	199.2371	17417.3340	19050.6660	
20	266.254	189.5008	15697.3340	17334.3340	
21	272.635	273.9175	17819.6680	19568.3340	
22	279.009	592.6700	17306.0000	19400.6680	
23	285.378	707.7527	16575.3340	18812.3340	
24	291.742	650.5032	15976.3340	18183.3340	
25	298.099	546.7156	16097.6660	18219.0000	
26	304.451	478.2583	15746.3340	17817.3320	
27	310.797	387.4708	16995.3340	18993.6660	
28	317.137	415.4065	15274.3340	17329.0000	
29	323.471	469.8845	15727.6660	17798.3340	
30	329.800	501.6923	15440.0000	17504.0000	
31	336.122	466.5012	16237.6670	18228.0000	
32	342.439	525.3110	15825.6670	17836.3340	
33	348.750	280.7860	15563.0000	17290.6660	
34	355.055	112.9288	13439.0000	14936.6660	
35	361.354	98.8077	16669.6660	18177.6680	
36	367.648	31.5751	13917.6680	15269.6660	
37	373.935	172.2130	13971.0000	15448.0000	
38	380.216	508.8491	14596.0000	16394.0000	
39	386.492	429.8172	15189.0000	16892.3320	
40	392.762	393.4544	12370.6670	14022.0000	
41	399.025	550.0194	14082.0000	15870.0000	
42	405.283	437.9195	12834.3320	14490.3340	
43	411.535	242.0660	9144.0000	10476.6660	
44	417.781	189.2970	10119.0000	11537.3340	
45	424.020	217.3017	10696.0000	12050.0000	
46	430.254	253.2225	7656.6660	9022.0000	
47	436.482	277.2269	5626.3330	6975.0000	
48	442.704	383.7310	4612.6670	6078.6670	
49	448.920	497.2417	8013.6670	9578.3340	
50	455.129	357.7407	5504.3335	6900.6670	
51	461.333	199.9066	4645.0000	5854.6670	
52	467.531	142.0721	4426.6665	5549.6665	
53	473.722	389.2189	6582.6670	7925.6665	
54	479.908	453.0330	3959.3335	5339.0000	
55	486.087	346.1803	2245.0000	3490.6665	
56	492.260	277.8841	4237.0000	5379.6665	
57	498.427	145.9145	5101.6670	6096.0000	
58	504.588	144.9458	5415.6665	6392.6670	
59	510.743	177.5799	2840.6667	3746.3335	
60	516.892	226.6727	3669.0000	4695.0000	
61	523.034	303.4633	5143.3330	6226.0000	
62	529.171	310.9194	3046.3333	4116.3330	
63	535.301	310.7097	4354.0000	5403.6665	
64	541.425	153.8331	2795.6665	3668.3330	
65	547.543	198.6236	4858.0000	5755.3335	
66	553.655	295.5805	8841.3330	9889.6670	
67	559.760	298.9538	9969.6670	10944.3340	
68	565.859	274.3272	6920.0000	7896.3330	
69	571.952	230.5218	4908.0000	5738.3330	
70	578.039	221.0226	2152.3333	3021.6665	
71	584.119	146.3450	1445.6666	2258.0000	
72	590.193	35.4171	2861.3333	3577.6665	
73	596.261	88.3044	5818.6665	6626.3340	
74	602.323	365.5229	8248.6670	9372.0000	
75	608.378	634.7430	8063.3330	9494.3330	
76	614.427	884.6293	8793.0000	10512.3330	
77	620.469	977.0400	10257.0000	12092.3340	
78	626.505	663.4233	8397.6670	9942.3340	
79	632.535	785.1395	7066.0000	8755.3330	
80	638.559	1020.1904	7457.3330	9404.6670	
81	644.576	1498.2397	9708.6670	12157.0000	
82	650.587	1583.9568	8590.3330	11147.3330	
83	656.591	950.0068	4669.0000	6615.0000	
84	662.589	638.7238	4183.6665	5841.3335	
85	668.581	477.4104	4528.3335	6014.0000	
86	674.566	684.0973	2657.0000	4338.6665	
87	680.544	805.7844	3640.3335	5433.0000	
88	686.517	568.1377	7970.6670	9515.0000	
89	692.483	188.1004	7423.6665	8573.3330	
90	698.442	214.0632	4506.3335	5667.3335	
91	704.395	288.8631	6791.3330	8021.0000	
92	710.341	240.8947	6866.0000	8028.3335	
93	716.281	43.8926	6242.3335	7209.6660	
94	722.214	183.5592	6920.0000	8029.0000	
95	728.141	371.2242	6533.6670	7832.3330	
96	734.061	588.5571	6587.0000	8105.0000	
97	739.975	511.1184	8925.3330	10414.6660	
98	745.882	575.5803	8740.3330	10242.0000	
99	751.783	624.4321	11338.6670	12902.6670	
100	757.677	378.2837	9128.6670	10460.0000	
101	763.564	309.9218	11633.3330	12902.3340	
102	769.445	254.2249	10140.3330	11359.6670	
103	775.319	125.8610	10412.0000	11509.0000	
104	781.187	94.1644	10201.3340	11272.6670	
105	787.048	197.0831	12106.6670	13287.3340	
106	792.902	283.6688	11962.0000	13235.6680	
107	798.750	350.2535	14681.3320	16028.0000	
108	804.591	514.5040	12889.0000	14406.3340	
109	810.425	495.8776	13512.6660	15042.0000	
110	816.253	185.9172	11356.3330	12606.3330	
111	822.074	158.9568	12651.0000	13904.6660	
112	827.888	215.2557	12434.6670	13786.0000	
113	833.695	418.3760	13791.0000	15373.6660	
114	839.496	674.1634	13050.6680	14917.3340	
115	845.290	423.2848	14350.6680	15994.6680	
116	851.078	267.7382	13301.0000	14817.6660	
117	856.858	380.1823	14421.0000	16057.6660	
118	862.632	358.9592	14156.6670	15779.6660	
119	868.399	287.5297	14247.0000	15794.3330	
120	874.159	267.4129	12082.3340	13604.6660	
121	879.913	146.9976	11497.6660	12881.0000	
122	885.659	190.9144	12279.0000	13687.6680	
123	891.399	267.4951	13702.6660	15169.3320	
124	897.132	433.0778	13900.6680	15514.3340	
125	902.858	248.6735	11635.0000	13044.0000	
126	908.577	233.2684	11239.0000	12572.0000	
127	914.290	253.5301	13511.3340	14888.3340	
128	919.995	256.0420	11519.0000	12893.3340	
129	925.694	222.0539	13228.3340	14529.6680	
130	931.385	195.9805	10433.6670	11688.6660	
131	937.070	150.2430	9844.3330	11033.3330	
132	942.748	203.6713	10577.0000	11742.3340	
133	948.419	266.7348	11500.6670	12780.0000	
134	954.083	372.0237	9290.6660	10666.3340	
135	959.740	515.6429	11124.6670	12635.0000	
136	965.390	402.2642	11069.0000	12457.0000	
137	971.033	296.5586	10952.0000	12188.0000	
138	976.669	293.2908	8217.0000	9483.0000	
139	982.299	256.7102	8870.3330	10180.6660	
140	987.921	244.5377	9818.3330	11025.3330	
141	993.536	216.4811	10336.0000	11561.6670	
142	999.144	201.7574	9433.3330	10636.0000	
143	1004.745	220.9511	10713.3330	11970.3340	
144	1010.339	226.5600	10213.3340	11489.6670	
145	1015.926	223.0862	10282.0000	11535.3330	
146	1021.506	224.2795	10499.3330	11822.0000	
147	1027.078	228.4726	10695.0000	11997.0000	
148	1032.644	241.6655	9802.6660	11142.6670	
149	1038.203	235.9553	11333.3340	12662.3330	
150	1043.754	226.5781	10584.6670	12019.0000	
151	1049.298	196.4512	11423.0000	12822.6660	
152	1054.836	192.8244	8796.6670	10219.6670	
153	1060.366	207.2795	11345.3330	12811.6660	
154	1065.889	231.3207	11379.6660	12891.3330	
155	1071.404	206.6753	11985.3340	13462.3330	
156	1076.913	317.5302	11914.0000	13579.6660	
157	1082.414	314.8896	12714.0000	14384.6660	
158	1087.908	300.9990	9396.6670	10888.3330	
159	1093.395	420.9403	12872.3340	14664.3320	
160	1098.875	324.6356	13171.0000	14874.3340	
161	1104.348	194.1437	14781.0000	16349.6660	
162	1109.813	173.9762	13340.0000	14880.3340	
163	1115.271	268.8068	14481.6660	16108.6660	
164	1120.721	419.6372	13125.3340	14895.0000	
165	1126.165	537.0719	14569.0000	16427.6660	
166	1131.601	544.1748	14469.0000	16306.3340	
167	1137.030	454.2756	15503.6660	17222.6660	
168	1142.452	539.0431	13595.3340	15370.6660	
169	1147.866	447.0967	15452.6660	17116.3340	
170	1153.273	362.8125	15970.3340	17530.0000	
171	1158.672	173.1963	15917.3340	17267.6660	
172	1164.064	111.5825	15137.0000	16406.0000	
173	1169.449	129.3945	17849.6660	19145.6660	
174	1174.827	192.2069	16751.6660	18119.6660	
175	1180.197	213.5674	18655.3340	20059.6660	
176	1185.560	225.4738	17704.6680	19179.6660	
177	1190.915	195.7963	18713.0000	20139.0000	
178	1196.263	198.5370	18031.0000	19509.3340	
179	1201.603	340.1917	19430.0000	21079.6660	
180	1206.936	486.8477	18307.6680	20133.6680	
181	1212.262	416.0744	19542.0000	21324.6660	
182	1217.580	394.1201	18911.6660	20692.0000	
183	1222.891	267.7088	20021.3320	21702.3340	
184	1228.194	341.9608	19654.6680	21437.0000	
185	1233.489	248.4759	21242.3340	22967.0000	
186	1238.778	157.9915	20786.3340	22456.3340	
187	1244.058	347.5047	21006.0000	22901.3320	
188	1249.331	441.3542	20414.0000	22439.0000	
189	1254.597	328.8181	23135.0000	25074.3320	
190	1259.855	222.9525	21886.6660	23747.0000	
191	1265.106	190.0843	23397.6660	25252.0000	
192	1270.349	238.8826	23270.3320	25200.3320	
193	1275.584	242.6829	24530.3320	26491.0000	
194	1280.812	194.1468	23432.0000	25371.0000	
195	1286.032	272.2792	24598.6680	26642.6680	
196	1291.244	291.2324	23977.6660	26079.3359	
197	1296.449	98.7390	25618.3359	27577.6680	
198	1301.647	97.5828	24657.0000	26665.3320	
199	1306.836	186.4275	26232.6680	28380.0000	
200	1312.018	275.6066	25259.3320	27546.0000	
201	1317.193	160.8831	26536.0000	28738.6680	
202	1322.359	309.1560	25669.6680	28051.3320	
203	1327.518	402.1016	26854.3359	29345.0000	
204	1332.670	633.7816	25859.6641	28604.6641	
205	1337.813	678.0713	27459.0000	30255.3320	
206	1342.949	468.6966	26115.6641	28709.6641	
207	1348.077	269.6542	27738.0000	30140.0000	
208	1353.198	248.9436	26379.6680	28768.0000	
209	1358.311	478.5690	28316.0000	30941.0000	
210	1363.415	894.5266	27365.6680	30413.6680	
211	1368.513	936.1521	28782.0000	31878.6680	
212	1373.602	830.1103	27728.0000	30725.6680	
213	1378.684	759.1657	29167.0000	32106.0000	
214	1383.757	648.2253	27860.3320	30700.6680	
215	1388.823	168.2788	29528.3340	31901.0000	
216	1393.881	0.0000	28054.6680	30271.3320	
217	1398.932	17.1726	29515.6680	31750.6680	
218	1403.974	157.0561	28126.0000	30480.3320	
219	1409.009	325.2754	29746.0000	32248.0000	
220	1414.036	665.8254	28080.3320	30902.3320	
221	1419.054	906.5315	29648.3320	32693.6680	
222	1424.065	1248.5693	28340.6641	31710.6680	
223	1429.068	1614.9349	29620.3320	33339.3320	
224	1434.064	2195.3911	28259.3320	32525.3320	
225	1439.051	2434.2349	29781.6680	34252.3320	
226	1444.030	2822.7500	28426.3359	33251.3359	
227	1449.001	3161.5979	29931.3320	35061.0000	
228	1453.965	3594.1064	28125.6680	33653.6641	
229	1458.920	3815.4690	29945.6680	35619.3359	
230	1463.868	2877.4912	27948.3320	32608.3320	
231	1468.807	1651.8501	29200.3320	32559.0000	
232	1473.739	1059.8767	27391.3320	30082.3359	
233	1478.662	669.3955	28607.3320	30845.0000	
234	1483.578	400.9165	26926.0000	28832.3340	
235	1488.485	264.7712	28665.0000	30372.3340	
236	1493.385	189.6265	27244.0000	28813.3340	
237	1498.276	140.1505	28943.0000	30387.3320	
238	1503.159	172.3466	27792.3340	29273.3340	
239	1508.035	143.8574	28388.0000	29883.3320	
240	1512.902	142.9089	22809.6680	24144.3340	
241	1517.761	141.2946	26039.3320	27442.3320	
242	1522.612	165.0970	28121.3359	29503.3320	
243	1527.454	204.2321	30417.6680	31811.3320	
244	1532.289	282.3744	29047.3320	30495.3359	
245	1537.116	279.4316	30687.0000	32159.0000	
246	1541.934	237.4880	29390.6680	30816.0000	
247	1546.745	213.4597	30851.0000	32323.3320	
248	1551.547	218.5195	29840.0000	31359.3340	
249	1556.341	217.1624	31767.6680	33354.0000	
250	1561.126	124.1431	30239.3320	31801.0000	
251	1565.904	107.4558	31598.3320	33211.6680	
252	1570.673	226.4297	31086.3340	32887.0000	
253	1575.434	220.6633	32193.3320	34091.6680	
254	1580.187	250.5547	30357.6680	32389.3320	
255	1584.932	279.7898	31797.6641	33962.0000	
256	1589.668	358.0171	29537.0000	31883.0000	
257	1594.396	282.2444	29486.6680	31860.3320	
258	1599.116	316.4756	28201.6680	30713.0000	
259	1603.828	290.2751	31757.0000	34363.3320	
260	1608.531	268.3318	30985.3340	33660.6680	
261	1613.226	352.0281	32436.0000	35254.0000	
262	1617.912	437.3896	32102.6680	35065.0000	
263	1622.591	303.7510	33009.3359	35897.0000	
264	1627.261	421.4480	31146.0000	34210.3320	
265	1631.922	624.4434	31829.0000	35130.6680	
266	1636.576	941.1428	29792.3359	33424.6680	
267	1641.220	1670.9714	32474.0000	36849.6680	
268	1645.857	2001.7886	30546.6680	35266.6641	
269	1650.485	1331.1563	32720.6680	36708.6641	
270	1655.105	545.1912	29948.6680	33089.3320	
271	1659.716	315.8950	32039.3320	34889.3320	
272	1664.319	466.2629	31464.0000	34403.0000	
273	1668.913	977.2944	32633.3359	36022.0000	
274	1673.499	1416.9944	30701.6680	34468.6641	
275	1678.077	1445.3652	30518.3359	34252.3359	
276	1682.646	1165.0720	29993.0000	33385.3359	
277	1687.206	504.4390	29723.0000	32369.3320	
278	1691.759	219.4775	29776.6680	32052.6680	
279	1696.302	128.1804	32959.0000	35058.3320	
280	1700.837	184.8438	29603.3340	31689.3320	
281	1705.364	442.4937	30117.3320	32340.3340	
282	1709.882	708.4648	27583.3359	29951.6641	
283	1714.391	768.1147	31916.0000	34223.3320	
284	1718.892	575.0923	28846.3359	30840.0000	
285	1723.385	144.2183	29128.6680	30616.0000	
286	1727.868	77.5746	24353.6660	25635.3320	
287	1732.344	162.9111	28357.3320	29671.3320	
288	1736.810	173.1478	28802.3320	30136.3359	
289	1741.268	194.7786	28079.0000	29341.0000	
290	1745.717	91.3278	24407.9980	25509.0000	
291	1750.158	250.2065	28858.6680	30061.0000	
292	1754.590	350.7557	27342.6660	28588.0000	
293	1759.014	286.6313	27495.0000	28647.3359	
294	1763.428	143.8347	22416.0000	23396.6660	
295	1767.835	220.0394	25614.6660	26642.6641	
296	1772.232	456.2524	28536.0000	29771.3359	
297	1776.621	311.5717	25194.0000	26274.3320	
298	1781.001	231.5649	21935.3320	22925.3340	
299	1785.372	186.1366	22430.6680	23358.0000	
300	1789.735	220.7924	21663.6660	22635.0000	
301	1794.089	236.7531	22711.6660	23560.0000	
302	1798.434	280.0509	25289.3320	26376.6641	
303	1802.770	306.9332	26045.0000	27003.0000	
304	1807.098	312.8156	25907.6660	27028.6641	
305	1811.416	226.3658	22982.3340	23914.6680	
306	1815.726	171.5802	20567.0000	21438.6660	
307	1820.027	175.7964	21706.0000	22576.0000	
308	1824.320	228.6797	20557.3340	21465.6680	
309	1828.603	263.9041	23965.6660	24900.3320	
310	1832.878	270.2130	23135.3340	24144.0000	
311	1837.144	223.6884	19987.0000	20863.6660	
312	1841.401	201.2493	19760.6660	20606.0000	
313	1845.649	267.5986	21067.0000	21860.6660	
314	1849.889	311.7821	24138.0000	25177.3320	
315	1854.119	325.2154	22845.0000	23775.0000	
316	1858.340	298.1496	21429.6660	22413.3340	
317	1862.553	263.3138	19500.0000	20309.0000	
318	1866.757	222.8944	18439.3320	19332.0000	
319	1870.951	198.8498	14504.6660	15210.3340	
320	1875.137	220.0970	14526.3340	15263.3340	
321	1879.314	234.9687	16313.6660	17108.3320	
322	1883.482	213.5570	12059.3340	12759.6670	
323	1887.641	75.6788	9998.3330	10541.3340	
324	1891.791	150.1310	11442.3330	12040.3330	
325	1895.932	211.2925	14542.6660	15285.6660	
326	1900.064	211.8714	11057.3340	11580.6660	
327	1904.187	323.8661	16356.6680	17126.6660	
328	1908.300	326.8634	16364.3320	17190.0000	
329	1912.405	290.2676	14381.0000	15047.6660	
330	1916.501	279.9915	15587.3320	16414.6680	
331	1920.588	282.7991	12299.0000	12884.0000	
332	1924.666	277.6896	14551.3320	15290.6660	
333	1928.734	284.4369	15869.3340	16583.3340	
334	1932.794	284.0165	14646.3340	15428.6660	
335	1936.844	164.0142	10789.3330	11319.3330	
336	1940.885	310.1775	12923.0000	13578.6660	
337	1944.917	350.0088	13916.6660	14591.6660	
338	1948.940	355.9641	14734.0000	15499.6660	
339	1952.954	345.6701	11991.0000	12620.6670	
340	1956.959	166.8341	6171.3330	6601.6670	
341	1960.955	193.7445	6502.3330	6934.3330	
342	1964.941	279.7386	8236.0000	8788.3330	
343	1968.918	272.0225	6439.6670	6913.6660	
344	1972.886	303.4971	5226.3330	5739.0000	
345	1976.845	197.4011	2921.6665	3256.6667	
346	1980.794	210.9708	752.6667	1044.3333	
347	1984.735	238.3741	2225.0000	2554.6665	
348	1988.666	228.1525	2688.3333	3016.6665	
349	1992.588	195.0493	1188.3334	1423.0000	
350	1996.500	233.2371	271.3333	521.3333	
351	2000.404	276.5488	788.6667	1075.6666	
352	2004.298	238.5273	53.0000	295.6667	
353	2008.182	226.8391	438.6667	663.3334	
354	2012.058	234.6508	-184.3333	16.6667	
355	2015.924	238.5876	360.3333	620.0000	
356	2019.781	240.4406	-348.6667	-129.3333	
357	2023.628	249.7823	377.0000	587.3334	
358	2027.466	262.8739	-306.0000	-42.0000	
359	2031.295	259.2988	328.6667	529.0000	
360	2035.114	257.8276	-317.0000	-66.0000	
361	2038.924	250.0988	354.3333	529.6667	
362	2042.725	243.5158	-352.6667	-121.3333	
363	2046.516	238.5370	279.6667	483.0000	
364	2050.298	250.1146	-390.0000	-153.3333	
365	2054.070	244.7973	275.0000	512.6666	
366	2057.833	244.3968	-280.3333	-80.0000	
367	2061.586	244.5796	251.3333	501.3333	
368	2065.330	232.4500	-302.6667	-68.3333	
369	2069.065	216.2786	251.3333	439.3333	
370	2072.790	220.7947	-248.3333	-45.6667	
371	2076.505	239.6384	398.3333	581.0000	
372	2080.211	257.9473	-319.0000	-67.3333	
373	2083.908	271.1744	238.3333	466.0000	
374	2087.595	271.1517	-243.3333	25.0000	
375	2091.272	260.9622	64.0000	299.6667	
376	2094.940	228.2727	-243.6667	-40.6667	
377	2098.599	234.7378	307.3333	479.3333	
378	2102.248	265.7029	-126.6667	111.6667	
379	2105.887	248.7513	246.3333	466.6667	
380	2109.516	235.4246	-357.3333	-174.6667	
381	2113.136	239.9210	-663.3333	-452.0000	
382	2116.747	247.9590	-113.0000	115.3333	
383	2120.348	244.5180	237.0000	426.3334	
384	2123.939	249.0144	-502.6667	-293.6667	
385	2127.521	241.8549	197.3333	413.6667	
386	2131.093	225.9069	-340.3333	-161.3333	
387	2134.655	226.7088	181.6667	358.0000	
388	2138.207	235.7608	-225.6667	-70.3333	
389	2141.750	236.9352	355.0000	569.0000	
390	2145.283	233.8387	-384.0000	-202.0000	
391	2148.807	229.5339	284.3333	472.3333	
392	2152.321	238.8950	-551.0000	-390.0000	
393	2155.825	239.6105	154.6667	347.3333	
394	2159.319	251.1176	-214.0000	-39.3333	
395	2162.804	256.6247	350.6667	571.3333	
396	2166.279	262.3821	-250.0000	-30.3333	
397	2169.744	262.4874	155.3333	382.6667	
398	2173.199	253.4260	-369.0000	-158.6667	
399	2176.644	237.5314	211.6667	406.0000	
400	2180.080	251.3034	-179.3333	28.6667	
401	2183.506	252.3254	490.0000	704.3334	
402	2186.922	249.0141	-308.3333	-105.3333	
403	2190.328	249.1194	3.0000	213.3333	
404	2193.725	238.0578	-328.3333	-134.0000	
405	2197.111	231.4548	323.3333	511.0000	
406	2200.488	232.6817	-317.0000	-133.0000	
407	2203.854	260.0990	301.6667	525.6667	
408	2207.211	254.0993	-276.3333	-8.3333	
409	2210.558	225.3339	420.3333	607.0000	
410	2213.896	229.9852	-360.3333	-178.0000	
411	2217.223	238.1156	335.3333	536.3333	
412	2220.540	239.7667	-300.6667	-112.0000	
413	2223.847	252.0648	366.6667	590.0000	
414	2227.145	253.6194	-537.0000	-362.3333	
415	2230.432	251.5907	180.0000	390.0000	
416	2233.709	248.1452	-564.0000	-367.6667	
417	2236.977	208.7831	314.3333	471.6667	
418	2240.234	250.0877	-311.3333	-112.3333	
419	2243.482	245.4965	128.3333	353.0000	
420	2246.719	239.3637	-253.0000	-64.0000	
421	2249.946	240.4579	315.0000	505.3334	
422	2253.164	251.3853	-397.3333	-184.6667	
423	2256.371	251.1461	271.3333	469.3333	
424	2259.568	254.4072	-290.0000	-117.6667	
425	2262.755	266.8768	456.0000	687.6667	
426	2265.933	265.4298	83.3333	301.3333	
427	2269.100	257.4099	469.0000	672.6667	
428	2272.256	257.2097	-283.3333	-29.6667	
429	2275.403	245.7189	220.6667	429.3333	
430	2278.540	223.8949	-246.0000	-70.0000	
431	2281.667	215.8208	480.0000	681.6667	
432	2284.783	197.2467	-302.3333	-144.6667	
433	2287.889	213.4226	252.6667	425.6667	
434	2290.985	264.8736	-250.6667	-15.3333	
435	2294.071	263.7440	297.3333	514.0000	
436	2297.147	259.0310	-553.6667	-318.0000	
437	2300.212	247.5807	361.0000	533.6666	
438	2303.267	236.5470	-336.0000	-115.3333	
439	2306.312	232.6800	155.0000	341.3333	
440	2309.347	239.1465	-354.6667	-147.6667	
441	2312.372	272.4910	716.3333	958.6667	
442	2315.386	291.1687	440.6667	703.6666	
443	2318.390	270.5132	338.3333	582.6667	
444	2321.384	202.5246	-434.0000	-255.6667	
445	2324.368	210.2243	464.6667	648.3333	
446	2327.341	233.5907	-193.0000	11.6667	
447	2330.304	277.2903	951.3334	1197.3334	
448	2333.256	241.0472	90.0000	306.3333	
449	2336.199	236.3080	229.0000	436.0000	
450	2339.131	210.7353	-68.6667	107.3333	
451	2342.052	213.3295	666.3333	859.0000	
452	2344.963	217.9233	-478.3333	-346.6667	
453	2347.864	242.2259	472.0000	671.0000	
454	2350.755	260.1744	-176.3333	47.3333	
455	2353.635	268.9577	599.6666	818.3334	
456	2356.505	276.7129	205.3333	407.0000	
457	2359.364	295.7664	1056.6666	1302.3334	
458	2362.213	287.0698	15.0000	252.6667	
459	2365.051	188.7067	440.0000	580.0000	
460	2367.879	199.3437	351.0000	502.3333	
461	2370.697	224.4420	862.0000	1035.6667	
462	2373.504	260.8736	74.0000	290.0000	
463	2376.300	266.7219	895.6666	1077.3333	
464	2379.086	269.4868	552.0000	810.0000	
465	2381.862	247.8351	421.3333	607.3333	
466	2384.627	212.2667	-161.0000	-13.3333	
467	2387.382	219.0317	442.6667	594.3333	
468	2390.125	256.9630	-21.6667	186.0000	
469	2392.859	251.9460	901.3334	1071.0000	
470	2395.582	253.8967	671.6667	890.0000	
471	2398.294	229.1807	1192.3334	1355.3333	
472	2400.996	218.1318	-438.0000	-288.0000	
473	2403.687	241.6728	355.3333	526.0000	
474	2406.368	250.5473	-215.0000	-38.3333	
475	2409.038	246.8385	792.3333	988.0000	
476	2411.697	252.9718	-83.3333	67.6667	
477	2414.346	256.3056	477.3333	634.3334	
478	2416.984	250.2229	-132.3333	23.0000	
479	2419.612	245.3069	509.0000	649.6667	
480	2422.228	247.4740	-142.0000	7.6667	
481	2424.834	243.0580	470.0000	612.6667	
482	2427.430	246.3920	-373.6667	-223.0000	
483	2430.015	221.2259	363.0000	472.6667	
484	2432.589	224.3098	1568.3334	1674.3333	
485	2435.152	230.2415	523.0000	647.6666	
486	2437.705	236.8399	-425.6667	-328.3333	
487	2440.247	245.5217	381.6667	510.3334	
488	2442.778	258.3698	-244.0000	-116.3333	
489	2445.298	273.9376	146.3333	301.0000	
490	2447.808	254.3721	-334.3333	-190.3333	
491	2450.306	235.0403	539.3333	664.6667	
492	2452.794	254.3755	-157.3333	-12.0000	
493	2455.272	277.8422	569.3333	736.0000	
494	2457.738	244.6422	-392.3333	-261.0000	
495	2460.194	215.7755	451.6667	552.0000	
496	2462.638	231.5755	-224.6667	-110.6667	
497	2465.073	235.1464	518.6667	644.0000	
498	2467.496	237.2798	-223.0000	-124.6667	
499	2469.908	243.4756	600.3333	723.0000	
500	2472.309	249.7544	8.0000	114.3333	
501	2474.699	251.2260	254.0000	404.6667	
502	2477.079	255.6352	-192.3333	-74.0000	
503	2479.448	257.1069	442.0000	562.6667	
504	2481.805	248.6618	-275.6667	-159.0000	
505	2484.152	244.0501	259.0000	354.3333	
506	2486.488	245.5218	-294.3333	-172.6667	
507	2488.813	245.0768	353.6667	462.3334	
508	2491.127	238.2151	-467.0000	-366.6667	
509	2493.430	240.6867	421.6667	523.0000	
510	2495.722	265.4917	-19.6667	105.0000	
511	2498.003	218.6300	222.3333	298.6667	
