resultName	muna15-71
resultName	muna15-71
ID	RS20200227115944_P19331194
Command	SCANANDSEARCH
User	Admin
Application	_Analyze
SerialNumber	P19331194
Power	280
Integration	900
Averages	3
AutoExposure	Off
AutoCollect	Off
QuickCollect	Off
AutoBackground	On
BaselineCorrection	On
Algorithm	Wavelet
Searched Library	All,None,None,None
MixtureComponents	2
matchThreshold	0.0
displayMatches	1
Threshold	0.80
WL Start	
WL End	
ServerVersion	3.180316
FirmwareVersion	
date	2020-02-27
time	11:59:44
scanindex	0
specpath	RS20200227115944_P19331194.xml
Search Range	200 - 2500
Synced	false
lastCalDateTime	2020-02-27 08:30:34
lastCalUser	Admin
lastCalResult	PASS
lastVerifyDateTime	2019-10-16 15:05:37
lastVerifyUser	Admin
lastVerifyResult	PASS
selectedMaterial	
result	No Match
ValidationGUID	
ValidationMatchQuality	
topMatch	
topMatchGUID	
topMatchQuality	
secondMatch	
secondMatchGUID	
secondMatchQuality	
thirdMatch	
thirdMatchGUID	
thirdMatchQuality	
fourthMatch	
fourthMatchGUID	
fourthMatchQuality	
fifthMatch	
fifthMatchGUID	
fifthMatchQuality	
signedBy	
signedDateTime	
softwareVer	1.7.0.21
memo	
batchID	
inBatch	false
batchUID	
batchCID1	
batchCIDlbl1	
batchCID2	
batchCIDlbl2	
batchCID3	
batchCIDlbl3	
batchCID4	
batchCIDlbl4	
batchCID5	
batchCIDlbl5	
signedTitle	
signedReason	
rescanned	
barcode	
topMatchContribs	
secondMatchContribs	
thirdMatchContribs	
fourthMatchContribs	
fifthMatchContribs	
ValidationMatchContribs	
Threat	
PrecursorList	
CompundName	
WindowStart4C	
MatchLibrary	
lastModified	2020/02/27 12:00
Signal2Noise	43.55
Detector TEC SetPoint	0x8000
Detector Temp	4.95
Laser Temp	25.37
OE1 Temp	32.53
OE2 Temp	35.88
Detector Gain	200
SaturationDetected	false
InterpolatedPixelList	
PeakList	 297.2	919	398.9	591	442.6	751	650.0	2423	672.6	801	751.6	669	804.0	666	959.0	862	1146.2	610	1212.1	920	1333.7	701	1377.7	1283	1453.6	5064	1642.0	4235	1672.9	3549	1713.7	860
index	Raman Shift (cm-1)	Y value (counts)	background (counts)	raw value (counts)
0	137.455	657.8934	9488.6670	13191.6660	
1	143.948	450.6216	9898.0000	13290.3340	
2	150.436	286.0139	10412.6670	13537.0000	
3	156.918	269.4072	10619.6670	13624.0000	
4	163.394	354.8006	10103.3330	13089.6660	
5	169.865	385.8609	11221.6660	14135.6660	
6	176.330	318.2542	10862.0000	13605.0000	
7	182.790	197.9815	10739.6660	13259.0000	
8	189.244	137.3748	10212.6660	12568.0000	
9	195.693	143.7681	11306.0000	13564.3340	
10	202.136	254.4934	11257.3340	13523.0000	
11	208.573	345.5547	11782.0000	14035.3340	
12	215.005	391.9470	11092.3330	13288.6660	
13	221.431	295.6815	11590.6670	13637.0000	
14	227.851	265.2215	11799.0000	13752.0000	
15	234.266	176.4804	12270.0000	14138.6660	
16	240.675	179.4073	10211.0000	12087.0000	
17	247.078	194.3343	11322.6660	13218.0000	
18	253.476	192.5932	10272.6670	12170.6670	
19	259.868	251.8531	10957.3330	12919.0000	
20	266.254	207.1121	9613.6670	11535.0000	
21	272.635	349.7083	11339.6670	13431.3340	
22	279.009	653.3056	10956.6660	13379.6680	
23	285.378	732.2319	10150.0000	12679.6660	
24	291.742	768.8282	9691.6660	12285.6660	
25	298.099	918.5769	9663.6670	12434.3330	
26	304.451	707.9935	9432.0000	12019.0000	
27	310.797	512.0761	10473.3330	12891.3330	
28	317.137	509.4894	9130.3330	11584.6670	
29	323.471	662.3719	9326.3330	11877.0000	
30	329.800	573.5884	9100.0000	11505.3340	
31	336.122	657.1368	9830.6670	12263.0000	
32	342.439	574.0192	9449.0000	11741.6660	
33	348.750	312.5695	9308.6660	11283.3330	
34	355.055	209.1190	7471.0000	9285.6670	
35	361.354	203.1931	10097.6670	11838.6670	
36	367.648	0.0000	7926.6665	9415.0000	
37	373.935	147.7098	7807.3340	9427.6670	
38	380.216	486.0871	8392.3330	10335.3330	
39	386.492	366.7975	8779.6670	10587.6670	
40	392.762	267.5081	6632.6665	8325.6670	
41	399.025	591.3640	7820.3340	9822.3340	
42	405.283	434.8873	6939.3330	8770.0000	
43	411.535	268.3267	4411.6670	5977.6665	
44	417.781	252.0996	5028.6670	6632.3335	
45	424.020	259.6251	5671.6665	7268.3340	
46	430.254	355.3176	3475.0000	5181.3335	
47	436.482	623.8431	2645.0000	4612.3335	
48	442.704	751.3682	1931.3335	4018.6665	
49	448.920	508.1784	4084.0000	5933.6665	
50	455.129	388.6137	2425.3333	4144.6665	
51	461.333	185.7155	1970.3335	3476.0000	
52	467.531	74.8180	1934.6665	3318.6670	
53	473.722	298.6635	3164.6665	4751.0000	
54	479.908	472.5088	1626.0000	3364.6665	
55	486.087	428.3546	737.6667	2410.6665	
56	492.260	373.0300	1823.6665	3406.6667	
57	498.427	335.1142	2332.3335	3773.3335	
58	504.588	376.5734	2389.3333	3909.0000	
59	510.743	385.2411	1097.3334	2652.0000	
60	516.892	323.8669	1363.3334	2731.3333	
61	523.034	306.4856	2358.6665	3664.3330	
62	529.171	275.4377	969.3334	2199.0000	
63	535.301	205.3900	1950.3333	3065.0000	
64	541.425	214.4253	951.0000	1993.6665	
65	547.543	259.3773	2139.0000	3225.0000	
66	553.655	297.2461	4174.6670	5272.0000	
67	559.760	300.4481	4753.0000	5777.3335	
68	565.859	305.8170	2719.0000	3798.0000	
69	571.952	297.9009	2040.0000	2959.0000	
70	578.039	304.9524	551.6666	1490.6666	
71	584.119	261.9613	525.6666	1458.0000	
72	590.193	92.3034	914.3334	1685.0000	
73	596.261	167.2219	2276.6665	3162.0000	
74	602.323	307.4735	3221.6665	4287.0000	
75	608.378	594.7249	3032.6667	4425.0000	
76	614.427	890.6428	3105.3333	4833.3330	
77	620.469	965.7042	3940.3335	5759.3335	
78	626.505	916.6417	2807.6665	4414.0000	
79	632.535	1099.0793	2313.0000	4291.3335	
80	638.559	1383.4333	2296.3333	4572.0000	
81	644.576	2128.7874	3288.0000	6322.0000	
82	650.587	2423.4749	2455.6667	5797.3335	
83	656.591	1777.8289	1127.6666	3836.6665	
84	662.589	1114.5166	975.3333	3034.0000	
85	668.581	782.2402	1184.6667	2890.0000	
86	674.566	800.6310	359.0000	2061.6667	
87	680.544	736.3547	1001.6666	2619.0000	
88	686.517	497.0784	1999.6667	3356.6665	
89	692.483	264.8580	2083.3333	3199.3335	
90	698.442	264.8870	921.3333	2020.3335	
91	704.395	263.1756	1627.0000	2797.3333	
92	710.341	204.0245	1507.0000	2550.6667	
93	716.281	125.4382	1494.3333	2500.6667	
94	722.214	167.1849	1539.6666	2629.0000	
95	728.141	456.9320	1691.6665	3112.0000	
96	734.061	618.3453	1454.6666	3077.6665	
97	739.975	583.0920	2434.6667	4063.6665	
98	745.882	564.0724	2149.3333	3789.3335	
99	751.783	668.6618	3325.3335	5109.0000	
100	757.677	655.2519	2101.0000	3910.3335	
101	763.564	484.5087	3237.0000	4884.3335	
102	769.445	277.4323	2414.3333	3863.3333	
103	775.319	139.0224	2787.6667	4107.0000	
104	781.187	295.9461	2448.0000	3933.0000	
105	787.048	378.8950	3292.3335	4899.0000	
106	792.902	381.7607	3050.3335	4526.3335	
107	798.750	512.2095	3997.0000	5689.6665	
108	804.591	666.4083	3017.3335	4861.3335	
109	810.425	562.0034	3556.0000	5302.0000	
110	816.253	240.9319	2499.6667	3931.0000	
111	822.074	95.8604	3139.6665	4432.3330	
112	827.888	161.5228	2695.0000	3980.3335	
113	833.695	274.7440	3387.3335	4883.6670	
114	839.496	536.0482	2811.0000	4575.3335	
115	845.290	480.0191	3369.6665	5084.6665	
116	851.078	457.9070	2863.6667	4462.3330	
117	856.858	521.5767	3280.3333	5052.3335	
118	862.632	453.4958	3090.3333	4803.0000	
119	868.399	387.7193	3066.6665	4710.3335	
120	874.159	290.5379	2273.3335	3825.6670	
121	879.913	203.5638	2472.0000	3931.0000	
122	885.659	210.5897	2300.0000	3759.6665	
123	891.399	297.6160	2756.6665	4297.0000	
124	897.132	275.6426	2584.6665	4096.6670	
125	902.858	294.1339	2114.3333	3581.6665	
126	908.577	343.2503	1727.6667	3171.6667	
127	914.290	478.0131	2483.3333	4163.6670	
128	919.995	445.0252	1536.3334	3172.3335	
129	925.694	349.0374	2276.0000	3804.6665	
130	931.385	260.7167	1382.6666	2811.6667	
131	937.070	151.0624	1745.6665	3053.6665	
132	942.748	185.0745	1350.6666	2681.3333	
133	948.419	389.6490	1727.0000	3262.0000	
134	954.083	743.2642	1030.3334	2905.0000	
135	959.740	862.2129	1462.6667	3442.3335	
136	965.390	476.4949	1229.6667	2809.6665	
137	971.033	337.3005	1358.3333	2794.3333	
138	976.669	309.7101	516.3334	1903.6667	
139	982.299	314.5155	999.6666	2400.6667	
140	987.921	315.8780	959.0000	2389.6667	
141	993.536	254.5330	989.3334	2330.6665	
142	999.144	241.2716	669.0000	1952.3335	
143	1004.745	249.6769	1124.0000	2507.3335	
144	1010.339	271.4155	559.6667	1914.3333	
145	1015.926	334.7789	1000.3334	2425.6667	
146	1021.506	322.1841	939.6667	2360.3333	
147	1027.078	431.9643	1097.0000	2691.3333	
148	1032.644	444.7028	742.0000	2361.6667	
149	1038.203	396.0671	1099.6667	2684.6667	
150	1043.754	348.0982	807.6667	2358.6667	
151	1049.298	288.7959	1068.3334	2574.0000	
152	1054.836	123.1610	484.3333	1838.3333	
153	1060.366	172.2354	1287.3334	2703.6665	
154	1065.889	258.2646	1021.0000	2549.6667	
155	1071.404	292.5712	1356.0000	2931.3335	
156	1076.913	338.6907	1084.3333	2745.6667	
157	1082.414	328.1943	1560.6665	3170.3335	
158	1087.908	372.8022	801.6666	2386.0000	
159	1093.395	492.0561	1662.6666	3481.3335	
160	1098.875	405.8928	1600.6667	3343.6665	
161	1104.348	239.6586	2028.0000	3601.0000	
162	1109.813	256.0757	1577.6666	3160.6665	
163	1115.271	392.4932	2281.3333	3994.3335	
164	1120.721	462.5769	1716.6665	3493.3335	
165	1126.165	598.5906	2346.0000	4225.3335	
166	1131.601	522.9375	2020.6665	3791.0000	
167	1137.030	523.6177	2764.6665	4411.0000	
168	1142.452	589.2972	1917.3334	3687.3330	
169	1147.866	610.4963	2781.6667	4545.6665	
170	1153.273	337.0293	2694.3335	4157.6670	
171	1158.672	290.5621	3012.6665	4402.3335	
172	1164.064	195.5112	2643.0000	3857.6665	
173	1169.449	170.9955	3765.3335	5005.3335	
174	1174.827	156.6467	3262.3335	4487.6665	
175	1180.197	225.7244	4103.3330	5452.3330	
176	1185.560	343.5300	3670.0000	5173.0000	
177	1190.915	308.7527	4195.3335	5690.3330	
178	1196.263	431.7253	3975.3335	5634.6665	
179	1201.603	545.9487	4618.3335	6426.6670	
180	1206.936	860.8373	4037.3333	6195.3330	
181	1212.262	919.8085	4860.3330	7086.3330	
182	1217.580	705.5004	4545.3335	6555.6665	
183	1222.891	560.8279	5157.0000	7037.3330	
184	1228.194	474.4888	4921.6670	6730.3330	
185	1233.489	346.3313	5734.3335	7450.6660	
186	1238.778	150.5077	5539.0000	7095.3330	
187	1244.058	308.3499	5855.3335	7605.3330	
188	1249.331	388.5270	5624.6670	7490.6670	
189	1254.597	357.3807	6954.0000	8853.3330	
190	1259.855	165.9003	6359.3340	8131.6660	
191	1265.106	135.7560	7277.6660	9084.3330	
192	1270.349	285.2767	7141.3330	9162.0000	
193	1275.584	339.7972	7923.0000	10062.6670	
194	1280.812	288.9850	7292.6660	9446.0000	
195	1286.032	471.5048	8185.0000	10585.3330	
196	1291.244	370.2068	7778.0000	10159.0000	
197	1296.449	318.9047	8819.6660	11202.6670	
198	1301.647	267.6005	8433.0000	10818.0000	
199	1306.836	381.9644	9443.6660	11996.3330	
200	1312.018	407.3273	9021.6660	11653.0000	
201	1317.193	248.5581	9611.0000	12108.3330	
202	1322.359	153.4567	9453.6670	11880.6670	
203	1327.518	499.3763	10115.6670	12891.6680	
204	1332.670	701.4902	9636.6670	12622.3340	
205	1337.813	660.1313	10650.0000	13596.0000	
206	1342.949	301.1057	9888.3340	12477.0000	
207	1348.077	210.0818	10971.6660	13471.0000	
208	1353.198	218.7239	10184.6660	12694.3340	
209	1358.311	430.6980	11569.0000	14292.3340	
210	1363.415	882.0064	10918.0000	14094.3340	
211	1368.513	1034.3135	11848.6670	15179.0000	
212	1373.602	1041.9553	11248.0000	14587.6670	
213	1378.684	1283.2593	12217.6660	15809.0000	
214	1383.757	1210.2292	11538.3330	15067.0000	
215	1388.823	467.8676	12640.3320	15437.0000	
216	1393.881	6.1708	11716.3330	14061.6660	
217	1398.932	24.6641	12756.3340	15117.6660	
218	1403.974	267.7944	12006.0000	14582.0000	
219	1409.009	704.5894	13162.3340	16146.6660	
220	1414.036	1381.0537	12121.3330	15753.6660	
221	1419.054	1733.7388	13163.0000	17115.0000	
222	1424.065	2091.7588	12418.6660	16695.6680	
223	1429.068	2881.7751	13254.6660	18288.6660	
224	1434.064	3808.2810	12570.6670	18477.3340	
225	1439.051	4295.9307	13504.6660	19845.6680	
226	1444.030	4625.5776	12768.3340	19385.6680	
227	1449.001	5042.5586	13722.6660	20703.6660	
228	1453.965	5063.8750	12691.6660	19640.6680	
229	1458.920	5033.3120	13861.0000	20688.0000	
230	1463.868	3762.4172	12630.3340	18095.0000	
231	1468.807	2453.5242	13527.0000	17591.3340	
232	1473.739	1432.6284	12464.0000	15416.0000	
233	1478.662	828.2069	13306.6660	15575.3340	
234	1483.578	533.7841	12267.9990	14163.3340	
235	1488.485	353.6923	13471.3340	15107.6660	
236	1493.385	262.2704	12535.0000	14001.0000	
237	1498.276	188.4493	13751.0000	15087.0000	
238	1503.159	212.9510	12890.6670	14203.6660	
239	1508.035	178.7301	13343.6660	14585.6680	
240	1512.902	157.1721	10513.0000	11670.3340	
241	1517.761	180.6973	12615.0000	13788.3340	
242	1522.612	220.3069	13379.0000	14541.0000	
243	1527.454	272.7491	14845.3340	16034.3320	
244	1532.289	319.7762	13918.6660	15087.3320	
245	1537.116	321.8580	15064.6670	16300.6660	
246	1541.934	275.5284	14134.6660	15337.6680	
247	1546.745	238.2836	15273.6660	16488.3320	
248	1551.547	319.2894	14435.0000	15777.0000	
249	1556.341	271.7174	15779.6670	17133.6660	
250	1561.126	188.1456	14680.6680	16033.0000	
251	1565.904	190.2421	15694.6660	17158.3320	
252	1570.673	223.0077	15276.6660	16856.6680	
253	1575.434	314.8773	15884.3340	17684.3340	
254	1580.187	271.0814	14770.3340	16654.6660	
255	1584.932	428.9525	15724.3340	17894.6660	
256	1589.668	491.8241	14223.0000	16584.3320	
257	1594.396	578.0297	14597.6680	17173.3340	
258	1599.116	567.2348	13830.0000	16523.0000	
259	1603.828	596.4711	15633.0000	18505.6660	
260	1608.531	684.2497	15062.3340	18131.0000	
261	1613.226	943.8598	16007.3340	19398.0000	
262	1617.912	1085.1379	15779.3330	19373.6660	
263	1622.591	1048.0835	16263.3320	19883.0000	
264	1627.261	1303.0259	15051.6660	18988.6660	
265	1631.922	2000.4866	15552.0000	20217.6660	
266	1636.576	3141.9255	14344.0000	20157.6660	
267	1641.220	4235.0586	16174.3330	23087.0000	
268	1645.857	4069.1956	14936.6660	21689.3340	
269	1650.485	2987.0999	16222.0000	21816.6660	
270	1655.105	2038.6731	14633.3340	19203.6680	
271	1659.716	1936.2444	15986.3340	20378.3340	
272	1664.319	2431.1497	15465.0000	20276.0000	
273	1668.913	3333.0525	16359.6680	21996.6660	
274	1673.499	3548.6272	14911.3340	20688.0000	
275	1678.077	2892.5320	14967.0000	20011.6660	
276	1682.646	1723.4353	14626.6670	18426.3340	
277	1687.206	868.8356	14747.6670	17584.3340	
278	1691.759	383.5663	14743.0000	16986.0000	
279	1696.302	148.3007	16551.3320	18450.6660	
280	1700.837	188.5414	14400.6660	16248.6680	
281	1705.364	346.1219	14961.3320	16828.3320	
282	1709.882	663.3724	13533.0000	15578.6660	
283	1714.391	860.2934	15877.6660	17981.6680	
284	1718.892	512.8749	14005.0000	15623.0000	
285	1723.385	222.8031	14292.3340	15537.6680	
286	1727.868	115.7299	11764.0000	12819.6660	
287	1732.344	163.8610	14204.6660	15230.3320	
288	1736.810	226.6005	13850.0000	14883.0000	
289	1741.268	204.5063	13610.6670	14535.6660	
290	1745.717	236.5808	11715.0000	12609.3340	
291	1750.158	267.9844	14225.6680	15088.6660	
292	1754.590	282.3915	13025.3340	13840.0000	
293	1759.014	278.1210	13105.6660	13881.3340	
294	1763.428	267.8476	10509.6660	11240.3340	
295	1767.835	328.9062	12659.3320	13416.3320	
296	1772.232	348.8841	13352.6660	14170.3340	
297	1776.621	338.9496	11866.6660	12590.6660	
298	1781.001	298.3486	9962.6670	10593.3330	
299	1785.372	306.6643	10575.0000	11273.0000	
300	1789.735	287.5641	9689.3330	10337.0000	
301	1794.089	253.5633	10931.6660	11542.3330	
302	1798.434	316.7253	11875.0000	12542.6660	
303	1802.770	339.8880	12461.0000	13145.6660	
304	1807.098	325.4674	11958.6670	12646.6660	
305	1811.416	283.5476	10421.0000	11037.0000	
306	1815.726	246.7103	9189.0000	9762.0000	
307	1820.027	252.5402	10084.3330	10657.0000	
308	1824.320	306.3492	9329.3330	9938.6660	
309	1828.603	354.7522	11092.3340	11744.3330	
310	1832.878	328.1576	9962.3330	10582.0000	
311	1837.144	233.5606	8893.3340	9412.6670	
312	1841.401	271.9655	8745.6670	9297.6670	
313	1845.649	324.8698	9486.0000	10088.3340	
314	1849.889	365.7733	10530.6670	11171.3340	
315	1854.119	366.6779	10000.3330	10639.3340	
316	1858.340	340.9146	8894.6670	9505.3340	
317	1862.553	312.0222	8250.0000	8819.0000	
318	1866.757	275.4641	7174.3330	7694.0000	
319	1870.951	278.8638	5997.6665	6504.0000	
320	1875.137	291.6384	5524.0000	6037.0000	
321	1879.314	296.2879	6310.6670	6835.3340	
322	1883.482	259.7875	4188.3335	4653.0000	
323	1887.641	264.6011	3953.3333	4392.0000	
324	1891.791	279.3305	4179.6665	4651.6670	
325	1895.932	272.5620	5689.6665	6133.3335	
326	1900.064	286.7103	4297.0000	4706.3335	
327	1904.187	319.5249	6576.3330	7058.3330	
328	1908.300	320.8394	6051.6665	6530.6670	
329	1912.405	301.7315	5771.6670	6218.0000	
330	1916.501	308.5441	5642.6665	6101.0000	
331	1920.588	316.1904	4939.3330	5328.0000	
332	1924.666	321.2534	5461.0000	5947.0000	
333	1928.734	329.1866	6295.6670	6752.3330	
334	1932.794	326.7867	5247.6665	5683.6670	
335	1936.844	256.9281	4370.0000	4727.6670	
336	1940.885	307.0694	4715.6665	5115.0000	
337	1944.917	334.2105	5359.3335	5777.3335	
338	1948.940	352.3518	5107.0000	5534.6665	
339	1952.954	340.8264	4188.0000	4595.6665	
340	1956.959	300.6345	1957.6666	2316.6667	
341	1960.955	276.3885	2500.6667	2795.3333	
342	1964.941	291.1636	2567.0000	2880.3335	
343	1968.918	287.3427	2079.0000	2430.3335	
344	1972.886	286.6053	1242.6666	1529.0000	
345	1976.845	279.8603	876.6667	1177.3334	
346	1980.794	288.6152	77.6667	314.3333	
347	1984.735	302.2870	624.0000	893.6666	
348	1988.666	314.2086	357.6667	624.3333	
349	1992.588	293.4425	528.3334	770.3334	
350	1996.500	297.2540	-241.3333	-10.0000	
351	2000.404	287.6980	442.6666	666.3334	
352	2004.298	297.0586	-294.6667	-92.3333	
353	2008.182	336.5860	299.0000	575.3334	
354	2012.058	295.6965	-360.0000	-122.6667	
355	2015.924	292.2238	306.6667	534.0000	
356	2019.781	290.3345	-430.3333	-177.6667	
357	2023.628	294.4867	304.0000	529.6667	
358	2027.466	310.1390	-375.6667	-166.6667	
359	2031.295	347.9161	234.6667	517.6667	
360	2035.114	345.3600	-411.0000	-134.0000	
361	2038.924	318.4782	271.0000	512.0000	
362	2042.725	318.7006	-423.6667	-174.6667	
363	2046.516	301.6105	183.0000	437.0000	
364	2050.298	266.4233	-436.0000	-227.3333	
365	2054.070	278.0911	205.3333	424.0000	
366	2057.833	294.0921	-358.6667	-103.3333	
367	2061.586	296.4265	212.3333	437.3333	
368	2065.330	292.7610	-351.3333	-118.3333	
369	2069.065	294.4287	185.3333	406.6667	
370	2072.790	301.7631	-321.0000	-87.0000	
371	2076.505	316.5531	329.6667	585.6667	
372	2080.211	306.4374	-336.3333	-111.6667	
373	2083.908	259.7134	218.3333	397.0000	
374	2087.595	280.3226	-261.0000	-61.0000	
375	2091.272	314.5984	17.6667	252.6667	
376	2094.940	325.2074	-309.6667	-63.3333	
377	2098.599	324.9424	255.0000	502.3334	
378	2102.248	319.6564	-189.3333	137.0000	
379	2105.887	294.7455	209.3333	429.0000	
380	2109.516	292.6051	-406.0000	-209.6667	
381	2113.136	306.0704	-699.0000	-468.0000	
382	2116.747	304.4940	-169.6667	63.0000	
383	2120.348	299.5009	188.3333	408.6667	
384	2123.939	307.4245	-560.6667	-332.0000	
385	2127.521	305.2906	127.6667	333.6667	
386	2131.093	331.0273	-450.0000	-190.6667	
387	2134.655	327.4307	92.6667	345.3333	
388	2138.207	304.5009	-386.0000	-159.3333	
389	2141.750	296.2310	290.6667	506.0000	
390	2145.283	293.6278	-426.3333	-216.6667	
391	2148.807	268.6912	260.6667	442.3333	
392	2152.321	259.5071	-559.3333	-401.0000	
393	2155.825	271.1970	115.0000	261.3333	
394	2159.319	296.8868	-278.6667	-81.0000	
395	2162.804	307.2434	366.3333	581.6666	
396	2166.279	306.2658	-228.0000	-32.0000	
397	2169.744	320.2309	134.6667	361.6667	
398	2173.199	315.1126	-407.0000	-180.0000	
399	2176.644	306.4943	190.6667	403.0000	
400	2180.080	306.1260	-215.3333	22.0000	
401	2183.506	302.0911	446.0000	654.6667	
402	2186.922	314.7228	-366.0000	-124.3333	
403	2190.328	320.6877	-33.6667	218.0000	
404	2193.725	327.6536	-378.3333	-115.6667	
405	2197.111	313.4379	264.0000	513.6667	
406	2200.488	286.4653	-407.6667	-172.0000	
407	2203.854	262.8357	237.6667	448.6667	
408	2207.211	287.2063	-361.6667	-127.3333	
409	2210.558	308.1823	307.0000	559.0000	
410	2213.896	310.5750	-440.0000	-170.6667	
411	2217.223	305.7385	305.0000	540.3333	
412	2220.540	309.0482	-357.0000	-109.3333	
413	2223.847	310.4877	345.6667	575.3333	
414	2227.145	297.5340	-575.3333	-378.3333	
415	2230.432	300.1637	198.6667	417.0000	
416	2233.709	300.0434	-624.3333	-389.0000	
417	2236.977	266.6731	259.3333	434.6667	
418	2240.234	310.3028	-491.0000	-274.6667	
419	2243.482	313.9324	-16.6667	200.6667	
420	2246.719	320.5619	-379.6667	-158.3333	
421	2249.946	322.0006	271.6667	492.3333	
422	2253.164	313.9391	-421.0000	-202.0000	
423	2256.371	303.6278	193.3333	429.6666	
424	2259.568	273.6497	-331.3333	-165.3333	
425	2262.755	278.2616	225.6667	396.6667	
426	2265.933	306.1235	-134.6667	76.0000	
427	2269.100	294.3817	359.6667	564.6667	
428	2272.256	304.3717	-292.0000	-81.6667	
429	2275.403	317.6399	190.6667	416.6666	
430	2278.540	310.8248	-344.3333	-93.6667	
431	2281.667	286.1765	326.0000	525.3334	
432	2284.783	300.1946	-375.3333	-184.6667	
433	2287.889	307.3795	193.0000	442.6666	
434	2290.985	316.9160	-362.0000	-138.6667	
435	2294.071	314.4589	215.0000	452.6667	
436	2297.147	278.8349	-579.3334	-386.6667	
437	2300.212	291.8859	301.3333	493.6667	
438	2303.267	319.9369	-437.0000	-199.3333	
439	2306.312	288.3214	6.6667	214.6667	
440	2309.347	295.7263	-530.0000	-333.0000	
441	2312.372	312.5027	365.6667	600.0000	
442	2315.386	308.0499	-300.0000	-47.3333	
443	2318.390	279.7637	159.0000	361.0000	
444	2321.384	308.8936	-505.6667	-274.3333	
445	2324.368	318.1393	365.0000	602.3333	
446	2327.341	312.7182	-496.6667	-268.0000	
447	2330.304	307.6305	204.3333	424.6666	
448	2333.256	277.2424	-381.0000	-182.6667	
449	2336.199	288.8211	-20.6667	186.0000	
450	2339.131	298.0666	-369.3333	-135.6667	
451	2342.052	296.8953	421.3333	617.3333	
452	2344.963	295.5580	-554.6666	-340.3333	
453	2347.864	290.4878	341.0000	530.0000	
454	2350.755	290.5009	-420.0000	-204.6667	
455	2353.635	304.4942	223.0000	410.0000	
456	2356.505	302.2722	-472.0000	-246.3333	
457	2359.364	302.9414	280.6667	490.0000	
458	2362.213	306.9025	-283.3333	-79.0000	
459	2365.051	319.0092	196.6667	425.6667	
460	2367.879	310.0318	-221.0000	0.0000	
461	2370.697	304.6421	138.3333	332.0000	
462	2373.504	308.8149	-236.6667	-22.0000	
463	2376.300	309.1336	296.0000	500.0000	
464	2379.086	308.3896	-377.6667	-154.6667	
465	2381.862	298.5624	86.0000	274.6667	
466	2384.627	309.0685	-318.0000	-123.0000	
467	2387.382	311.5330	229.0000	431.3333	
468	2390.125	309.9150	-517.6667	-336.3333	
469	2392.859	296.1335	219.3333	448.6667	
470	2395.582	296.1225	-257.6667	-120.6667	
471	2398.294	299.1115	374.6667	557.0000	
472	2400.996	291.9339	-611.3333	-442.0000	
473	2403.687	284.6711	233.6667	400.6666	
474	2406.368	280.7416	-414.0000	-237.6667	
475	2409.038	276.1455	373.0000	492.3334	
476	2411.697	296.0341	-339.0000	-201.6667	
477	2414.346	304.0447	326.0000	458.3333	
478	2416.984	327.4930	-423.3333	-251.6667	
479	2419.612	320.8580	99.3333	261.6667	
480	2422.228	322.8895	-399.0000	-237.3333	
481	2424.834	318.2545	254.6667	400.6667	
482	2427.430	320.9528	-470.3333	-291.3333	
483	2430.015	299.9843	209.0000	339.6667	
484	2432.589	274.3494	1204.6667	1307.0000	
485	2435.152	295.7628	236.0000	355.0000	
486	2437.705	298.6553	-670.6666	-535.0000	
487	2440.247	289.9228	100.3333	204.0000	
488	2442.778	301.2528	-413.6667	-320.0000	
489	2445.298	308.1603	40.0000	170.3333	
490	2447.808	299.1360	-500.3333	-387.0000	
491	2450.306	304.0250	387.0000	510.0000	
492	2452.794	304.2260	-386.0000	-257.0000	
493	2455.272	306.9342	312.6667	403.0000	
494	2457.738	308.2466	-562.3334	-425.3334	
495	2460.194	309.9757	280.3333	408.6667	
496	2462.638	305.3715	-304.3333	-188.6667	
497	2465.073	295.0173	437.6667	537.0000	
498	2467.496	294.2464	-427.6667	-304.3333	
499	2469.908	295.5588	478.3333	556.0000	
500	2472.309	302.2885	-329.3333	-222.0000	
501	2474.699	298.1208	14.0000	122.6667	
502	2477.079	297.2240	-408.3334	-319.3333	
503	2479.448	297.1189	250.6667	366.0000	
504	2481.805	300.8679	-367.0000	-263.6667	
505	2484.152	298.9502	214.6667	338.6667	
506	2486.488	295.1159	-378.3333	-266.6667	
507	2488.813	293.1983	239.3333	351.0000	
508	2491.127	296.0307	-618.6667	-492.6667	
509	2493.430	295.8630	291.3333	349.3333	
510	2495.722	345.7787	-257.3333	-87.3333	
511	2498.003	292.5277	-39.6667	79.0000	
