resultName	muna8-29
resultName	muna8-29
ID	RS20191213110211_P19331194
Command	SCANANDSEARCH
User	Admin
Application	_Analyze
SerialNumber	P19331194
Power	280
Integration	900
Averages	3
AutoExposure	Off
AutoCollect	Off
QuickCollect	Off
AutoBackground	On
BaselineCorrection	On
Algorithm	Wavelet
Searched Library	All,None,None,None
MixtureComponents	2
matchThreshold	0.75
displayMatches	1
Threshold	0.80
WL Start	
WL End	
ServerVersion	3.180316
FirmwareVersion	
date	2019-12-13
time	11:02:11
scanindex	0
specpath	RS20191213110211_P19331194.xml
Search Range	200 - 2500
Synced	false
lastCalDateTime	2019-12-13 10:05:29
lastCalUser	Admin
lastCalResult	PASS
lastVerifyDateTime	2019-10-16 15:05:37
lastVerifyUser	Admin
lastVerifyResult	PASS
selectedMaterial	
result	No Match
ValidationGUID	
ValidationMatchQuality	
topMatch	
topMatchGUID	
topMatchQuality	
secondMatch	
secondMatchGUID	
secondMatchQuality	
thirdMatch	
thirdMatchGUID	
thirdMatchQuality	
fourthMatch	
fourthMatchGUID	
fourthMatchQuality	
fifthMatch	
fifthMatchGUID	
fifthMatchQuality	
signedBy	
signedDateTime	
softwareVer	1.7.0.21
memo	
batchID	
inBatch	false
batchUID	
batchCID1	
batchCIDlbl1	
batchCID2	
batchCIDlbl2	
batchCID3	
batchCIDlbl3	
batchCID4	
batchCIDlbl4	
batchCID5	
batchCIDlbl5	
signedTitle	
signedReason	
rescanned	
barcode	
topMatchContribs	
secondMatchContribs	
thirdMatchContribs	
fourthMatchContribs	
fifthMatchContribs	
ValidationMatchContribs	
Threat	
PrecursorList	
CompundName	
WindowStart4C	
MatchLibrary	
lastModified	2019/12/13 11:02
Signal2Noise	22.39
Detector TEC SetPoint	0x8000
Detector Temp	5.03
Laser Temp	25.38
OE1 Temp	34.53
OE2 Temp	38.00
Detector Gain	200
SaturationDetected	false
InterpolatedPixelList	
PeakList	 287.6	622	297.2	533	336.6	524	385.0	468	399.0	451	438.8	354	481.7	517	525.0	358	613.4	429	650.7	1362	675.4	674	747.0	504	840.8	537	960.6	430	1094.0	480	1127.9	540	1142.4	532	1208.8	469	1253.2	372	1334.5	612	1365.9	791	1377.2	684	1458.0	2834	1590.8	406	1619.1	486	1644.5	1736	1677.8	1237	1713.4	603
index	Raman Shift (cm-1)	Y value (counts)	background (counts)	raw value (counts)
0	137.589	449.7140	27020.6680	28783.6680	
1	144.103	320.7332	28888.6680	30462.3340	
2	150.611	191.0864	30034.6680	31418.3340	
3	157.114	232.1096	30570.0000	31934.3359	
4	163.610	228.7909	30404.6680	31705.3320	
5	170.101	306.4801	32646.0000	33964.0000	
6	176.586	197.4993	32259.3340	33408.0000	
7	183.065	228.8545	31841.3320	32961.0000	
8	189.538	58.5397	30837.0000	31726.0000	
9	196.005	141.2250	33309.0000	34220.3320	
10	202.467	209.2501	33055.3320	33974.3359	
11	208.922	212.6033	34089.3320	34951.3359	
12	215.372	222.9526	33086.6680	33898.6680	
13	221.815	235.4206	34276.6680	35066.6680	
14	228.253	161.0929	34743.0000	35377.6680	
15	234.685	215.3902	35321.0000	36054.6641	
16	241.111	140.8377	31543.6660	32092.6680	
17	247.531	128.9918	33598.0000	34250.3320	
18	253.945	121.0213	31081.6641	31697.3320	
19	260.353	146.2574	32988.0000	33662.6641	
20	266.755	205.0601	29978.0000	30714.0000	
21	273.151	214.9199	33812.3359	34580.3359	
22	279.541	498.4478	32564.0000	33637.6680	
23	285.925	622.3038	31220.3359	32440.0000	
24	292.303	480.4996	30518.0000	31618.0000	
25	298.675	532.7556	30229.3320	31408.6680	
26	305.041	436.3396	30132.0000	31242.0000	
27	311.401	357.2596	31913.0000	32971.0000	
28	317.754	450.5109	28538.0000	29722.6680	
29	324.102	390.0157	29702.6680	30801.0000	
30	330.444	395.1905	29676.0000	30753.6660	
31	336.780	523.6973	29959.0000	31139.3320	
32	343.109	443.8702	29949.3359	31024.0000	
33	349.433	337.3771	28681.3340	29623.6641	
34	355.750	86.5558	25560.0000	26225.6680	
35	362.061	98.5655	31420.3320	32066.0000	
36	368.366	24.1473	25770.6680	26320.6680	
37	374.665	102.1239	26590.6680	27222.6680	
38	380.958	468.1005	27638.3320	28640.3320	
39	387.245	272.4091	28233.0000	29043.3320	
40	393.526	326.3877	23336.3340	24204.6680	
41	399.800	450.9874	26521.0000	27521.0000	
42	406.068	273.5891	23765.0000	24594.6680	
43	412.330	203.1868	16878.0000	17644.3320	
44	418.586	190.9549	19832.6680	20474.3340	
45	424.835	333.0732	19400.6660	20310.3340	
46	431.079	144.0221	14903.3320	15630.3320	
47	437.316	354.3050	10009.0000	10952.6660	
48	443.547	349.2557	9297.6670	10242.6670	
49	449.771	416.0875	15246.0000	16272.3320	
50	455.990	378.5878	10399.6670	11390.3330	
51	462.202	135.7551	9049.6670	9799.3340	
52	468.408	163.9224	8506.6660	9286.3340	
53	474.607	321.6505	12515.0000	13444.6660	
54	480.801	517.0474	7235.0000	8352.3330	
55	486.988	334.7779	4451.0000	5378.3335	
56	493.168	275.1336	8334.0000	9186.0000	
57	499.343	122.3611	9814.6670	10497.3340	
58	505.511	222.9216	9957.3330	10724.0000	
59	511.672	152.1486	5101.6665	5781.0000	
60	517.828	199.7095	7355.6660	8066.0000	
61	523.977	357.5641	9106.6660	9958.0000	
62	530.119	240.7517	6057.0000	6774.6670	
63	536.255	226.6063	7731.6660	8418.3330	
64	542.385	170.7944	5209.3330	5823.3335	
65	548.509	187.7529	9220.3330	9771.0000	
66	554.626	242.8371	15943.6660	16596.0000	
67	560.736	196.0237	17130.6660	17719.3320	
68	566.840	145.8793	12104.3330	12626.0000	
69	572.938	158.8901	7960.6665	8396.3330	
70	579.030	222.8076	3686.6667	4305.3335	
71	585.114	171.1295	2497.6667	3087.6667	
72	591.193	103.1183	5224.0000	5769.0000	
73	597.265	130.0301	10262.6660	10798.6670	
74	603.330	244.6084	13650.3320	14406.6660	
75	609.389	429.0204	13159.3320	14135.0000	
76	615.442	422.0964	14825.6660	15829.3320	
77	621.488	675.8984	15867.6660	17142.6660	
78	627.527	348.8836	13336.0000	14295.6680	
79	633.560	531.8669	11053.0000	12207.3340	
80	639.586	676.8502	11859.0000	13170.0000	
81	645.606	1159.4994	15031.0000	16836.3320	
82	651.620	1361.8167	12813.6680	14833.0000	
83	657.626	740.8010	7110.6670	8520.6660	
84	663.626	559.4528	6510.3335	7750.6670	
85	669.620	423.9603	6976.3330	8067.0000	
86	675.607	674.4668	4126.3335	5453.3330	
87	681.587	588.3083	5853.0000	7079.6670	
88	687.561	436.1492	11926.3330	12986.6670	
89	693.528	175.9077	10784.6660	11560.3330	
90	699.489	137.9990	6694.3340	7407.6670	
91	705.443	241.6565	10188.0000	10989.0000	
92	711.390	141.8720	10244.0000	10915.6660	
93	717.331	127.3347	8897.6670	9544.0000	
94	723.265	180.4639	10411.3330	10999.0000	
95	729.192	351.5931	9076.0000	9925.0000	
96	735.113	415.3887	9861.6660	10763.6660	
97	741.026	490.1844	12443.6660	13409.6660	
98	746.934	504.2841	12459.0000	13421.6660	
99	752.834	481.1707	15703.0000	16639.0000	
100	758.728	433.3903	12846.0000	13730.6670	
101	764.615	271.9619	16107.3330	16817.0000	
102	770.495	267.5324	14204.6680	14896.3340	
103	776.369	118.1039	14408.0000	14936.6660	
104	782.236	130.0929	14388.3320	14876.6660	
105	788.096	168.7192	16748.6660	17302.0000	
106	793.949	177.7618	16771.0000	17309.0000	
107	799.795	277.1376	20093.0000	20740.0000	
108	805.635	342.1802	17954.3340	18657.3340	
109	811.468	384.4783	18389.0000	19142.6660	
110	817.294	274.4466	15683.6660	16335.6680	
111	823.113	61.0769	17518.0000	17965.0000	
112	828.925	126.5056	17258.0000	17785.3340	
113	834.731	339.0181	18855.0000	19609.6660	
114	840.530	536.5347	18069.3320	19036.3340	
115	846.322	278.7134	19794.6660	20518.6660	
116	852.107	189.2260	18233.0000	18882.3320	
117	857.885	235.6858	19982.0000	20684.6680	
118	863.656	260.8096	19530.3320	20265.0000	
119	869.420	197.8953	19791.0000	20406.3340	
120	875.177	310.2390	16740.6680	17520.6660	
121	880.928	219.4720	16404.6660	16957.0000	
122	886.672	245.0370	17162.6680	17865.6680	
123	892.408	245.9351	19484.0000	20182.0000	
124	898.138	298.5011	19663.0000	20407.6680	
125	903.861	224.3017	16367.3340	17029.3320	
126	909.576	170.1071	16382.0000	16891.6660	
127	915.285	178.5775	19127.6660	19758.6680	
128	920.987	182.3810	16750.3340	17345.0000	
129	926.682	180.0609	18807.3320	19332.6660	
130	932.370	257.6577	14865.3320	15518.3340	
131	938.051	149.5433	14403.0000	14835.6660	
132	943.724	156.2627	15354.6680	15889.3340	
133	949.391	232.9195	16572.3340	17181.3320	
134	955.051	404.5427	13701.0000	14475.3330	
135	960.704	429.8299	16565.0000	17358.3320	
136	966.349	287.7843	16446.6680	17091.6660	
137	971.988	282.6074	16347.0000	16844.6660	
138	977.619	352.5130	12583.6660	13290.6660	
139	983.244	247.7099	13825.0000	14379.3340	
140	988.861	255.0409	15141.0000	15731.0000	
141	994.471	196.4307	16038.0000	16590.0000	
142	1000.074	128.9870	14910.3330	15404.6660	
143	1005.670	133.2094	16827.6680	17336.0000	
144	1011.259	189.4346	16313.0000	16887.3340	
145	1016.841	186.9900	16284.0000	16865.6660	
146	1022.416	192.2152	16708.6660	17305.3340	
147	1027.983	192.4373	16745.0000	17386.0000	
148	1033.543	182.6604	15605.6670	16181.6660	
149	1039.096	168.3530	17707.3340	18320.3340	
150	1044.642	321.0461	16370.0000	17156.3340	
151	1050.181	220.7375	17400.3340	18107.0000	
152	1055.713	200.4299	13677.3340	14384.3330	
153	1061.237	269.6852	17143.6680	17933.0000	
154	1066.754	254.9357	16953.6680	17750.6680	
155	1072.264	190.6301	17625.6660	18366.6660	
156	1077.766	311.3224	17667.3340	18537.3320	
157	1083.262	257.9842	18301.3340	19106.6660	
158	1088.750	250.6478	13754.6660	14541.3340	
159	1094.231	480.3076	18355.0000	19360.0000	
160	1099.704	380.6332	18651.6680	19545.6660	
161	1105.171	165.7767	20550.6680	21208.6660	
162	1110.630	150.4190	18558.3340	19177.3340	
163	1116.081	265.7252	19737.0000	20447.6660	
164	1121.526	489.6974	17855.3340	18766.3320	
165	1126.963	539.5954	19548.0000	20478.6660	
166	1132.392	458.4932	19305.6660	20125.0000	
167	1137.815	466.0555	20125.0000	20921.6660	
168	1143.230	531.6211	17969.3320	18801.3340	
169	1148.637	418.8859	20063.3320	20756.6660	
170	1154.037	318.4847	20524.0000	21091.0000	
171	1159.430	211.4175	20260.3340	20694.3340	
172	1164.816	191.6843	19354.3340	19742.6680	
173	1170.194	133.6751	22498.3320	22809.6680	
174	1175.565	140.9164	20998.6680	21337.6680	
175	1180.928	161.4286	23330.6680	23601.3320	
176	1186.284	190.1976	22108.3340	22513.6680	
177	1191.632	178.0701	23128.6660	23528.6680	
178	1196.973	190.7961	22552.3340	22877.6660	
179	1202.307	306.5007	24281.3340	24828.6660	
180	1207.633	468.7091	22816.6660	23538.3340	
181	1212.951	378.6917	24479.6660	25099.0000	
182	1218.262	343.4736	23776.3340	24404.6680	
183	1223.566	308.5730	25120.0000	25698.6680	
184	1228.862	303.8387	24856.0000	25435.0000	
185	1234.151	216.1837	26778.0000	27276.6680	
186	1239.432	233.6941	26228.3359	26652.0000	
187	1244.705	311.2086	26467.3320	27091.3359	
188	1249.971	340.3851	26047.0000	26715.3359	
189	1255.230	371.9390	29195.3320	29906.6641	
190	1260.481	129.8328	27854.6641	28335.3320	
191	1265.724	165.5551	29822.6680	30255.3320	
192	1270.960	195.0291	29572.0000	30190.0000	
193	1276.188	227.9200	31177.3340	31757.3320	
194	1281.409	241.8953	29771.6680	30416.0000	
195	1286.622	214.7658	31340.3359	31950.3320	
196	1291.827	248.9656	30613.3340	31289.6680	
197	1297.025	98.7822	32573.6680	33124.0000	
198	1302.215	74.9366	31347.3320	31898.0000	
199	1307.397	234.0870	33249.3320	33983.3320	
200	1312.572	255.5776	32160.6641	32940.3359	
201	1317.739	212.8835	33694.6641	34446.0000	
202	1322.899	203.1855	32679.6680	33435.6641	
203	1328.051	382.9248	34054.6680	34994.6641	
204	1333.195	612.0464	32867.6641	34046.0000	
205	1338.331	540.2278	34842.0000	35949.0000	
206	1343.460	405.0771	33239.0000	34211.3320	
207	1348.581	172.2623	35230.3320	35970.3320	
208	1353.694	197.1078	33616.3359	34381.6641	
209	1358.800	415.9649	35960.6680	36945.3359	
210	1363.898	791.4822	34781.6680	36142.3359	
211	1368.988	763.3354	36641.6641	37974.6680	
212	1374.070	563.8448	35404.6680	36538.6641	
213	1379.145	684.2184	37104.3359	38368.6680	
214	1384.211	660.9279	35505.6641	36756.6680	
215	1389.270	161.6257	37601.0000	38362.6641	
216	1394.322	0.0000	35815.6641	36425.6641	
217	1399.365	12.4401	37645.0000	38266.6680	
218	1404.401	154.8848	35877.0000	36623.3320	
219	1409.428	215.0010	37835.0000	38623.6680	
220	1414.448	573.7816	35862.3320	36992.0000	
221	1419.460	750.0203	37772.0000	39064.6641	
222	1424.464	963.2620	36150.0000	37642.6641	
223	1429.461	1308.1726	37702.0000	39526.3320	
224	1434.449	1792.9994	36080.0000	38364.0000	
225	1439.430	1970.5691	37759.0000	40195.0000	
226	1444.403	2189.8074	36166.0000	38795.6680	
227	1449.367	2430.7048	37894.6680	40739.6641	
228	1454.324	2751.6106	35796.3359	38936.6680	
229	1459.273	2834.2070	37918.3320	41084.3320	
230	1464.214	2139.8040	35381.3320	37796.0000	
231	1469.147	1314.0653	36757.3320	38289.3320	
232	1474.073	729.9938	34621.6680	35512.6680	
233	1478.990	450.8771	36054.3359	36616.3320	
234	1483.899	357.4362	33923.6641	34342.3320	
235	1488.800	189.2380	36022.0000	36196.6680	
236	1493.693	153.2910	34280.3359	34482.3320	
237	1498.579	156.0283	36361.6680	36368.6680	
238	1503.456	190.2673	34933.0000	35008.3320	
239	1508.325	172.0733	35327.0000	35354.3320	
240	1513.187	149.0872	28535.6680	28486.6641	
241	1518.040	181.4760	32822.3320	32788.3320	
242	1522.885	185.4086	35185.6680	35208.3320	
243	1527.722	196.2144	38130.6641	37959.6680	
244	1532.551	214.8942	36428.6641	36385.0000	
245	1537.372	225.7580	38411.0000	38290.6680	
246	1542.185	198.2590	36807.3320	36757.3320	
247	1546.990	181.3857	38695.0000	38547.3320	
248	1551.787	175.2612	37374.6680	37283.0000	
249	1556.575	136.4965	39731.3359	39646.6680	
250	1561.356	199.0681	37733.3320	37757.0000	
251	1566.128	160.3032	39517.0000	39547.6680	
252	1570.893	166.5351	38790.6680	38873.3320	
253	1575.649	138.4318	40067.6680	40205.0000	
254	1580.397	299.3298	37826.6641	38207.6641	
255	1585.137	228.2260	39559.0000	39951.6680	
256	1589.868	405.7878	36783.6680	37436.6680	
257	1594.592	380.6816	36586.3359	37297.0000	
258	1599.307	389.9138	35317.3320	36120.0000	
259	1604.014	341.6619	39440.3320	40290.3359	
260	1608.713	263.1967	38510.6680	39353.3359	
261	1613.404	350.5587	40426.3320	41395.0000	
262	1618.086	485.9169	39762.0000	40904.6641	
263	1622.760	367.9429	40825.3359	41888.6641	
264	1627.426	457.9768	38594.6680	39786.6680	
265	1632.084	717.3118	39321.6641	40791.0000	
266	1636.734	1092.9620	36875.0000	38723.6680	
267	1641.375	1558.0874	39946.6680	42263.3359	
268	1646.008	1735.8796	37713.3320	40210.6680	
269	1650.632	1029.6469	40021.3359	41760.0000	
270	1655.249	429.0909	36826.0000	37911.6680	
271	1659.856	257.5305	39219.3320	40081.0000	
272	1664.456	413.3014	38302.0000	39267.0000	
273	1669.048	640.7405	39767.0000	40907.0000	
274	1673.631	1112.5118	37282.3359	38841.6680	
275	1678.205	1236.9520	37153.3320	38784.6641	
276	1682.772	1048.3912	36279.0000	37669.3320	
277	1687.329	482.8510	36081.3320	36847.0000	
278	1691.879	187.3056	36091.0000	36502.0000	
279	1696.420	41.0934	39552.0000	39757.6641	
280	1700.953	185.6862	35603.3320	35904.3320	
281	1705.478	380.0891	36117.3320	36531.0000	
282	1709.994	577.4885	33423.6680	33953.0000	
283	1714.501	602.5554	37949.3359	38422.0000	
284	1719.000	396.2907	34471.3359	34656.0000	
285	1723.491	204.3019	34446.6641	34389.6680	
286	1727.973	113.6347	29241.6680	29044.3340	
287	1732.447	138.3219	33960.6680	33733.3320	
288	1736.912	143.5195	33938.6680	33690.3320	
289	1741.369	149.0520	33024.0000	32767.3320	
290	1745.818	159.9183	29211.3320	28993.3320	
291	1750.257	165.1998	33848.3320	33495.3320	
292	1754.689	186.4808	32114.6641	31805.0000	
293	1759.112	197.2565	31940.3320	31600.0000	
294	1763.526	222.0315	26542.6680	26305.0000	
295	1767.932	235.9732	30294.0000	29953.3359	
296	1772.329	260.9988	32862.6641	32621.3320	
297	1776.718	278.6457	29237.0000	28921.6680	
298	1781.098	329.5435	25550.3320	25382.0000	
299	1785.470	272.1061	26017.3320	25806.3320	
300	1789.833	246.3368	25082.0000	24860.0000	
301	1794.187	199.7642	26378.3320	26086.3320	
302	1798.533	189.7939	29009.6641	28783.0000	
303	1802.870	191.9274	29637.0000	29288.6680	
304	1807.199	194.3528	29331.3320	29137.0000	
305	1811.519	222.9858	26224.3320	25894.3340	
306	1815.830	229.9522	23556.6660	23347.6680	
307	1820.133	230.9188	24608.3340	24366.0000	
308	1824.427	234.4457	23623.0000	23448.0000	
309	1828.712	221.9524	27060.3320	26755.0000	
310	1832.989	207.9596	25921.6680	25664.0000	
311	1837.257	202.4653	22676.0000	22400.0000	
312	1841.516	194.8880	22372.3320	22157.6680	
313	1845.767	182.6701	23951.6680	23640.6660	
314	1850.009	177.1186	26790.6680	26519.0000	
315	1854.242	180.8181	25625.6680	25342.0000	
316	1858.467	204.0171	23827.0000	23631.3340	
317	1862.682	182.7154	21951.3340	21696.3340	
318	1866.889	241.7462	20375.0000	20237.3320	
319	1871.088	237.1115	16469.3340	16348.3330	
320	1875.277	274.8105	16468.0000	16406.0000	
321	1879.458	265.1749	18174.0000	18123.6660	
322	1883.630	265.0284	13479.0000	13467.0000	
323	1887.793	244.2203	11373.0000	11330.0000	
324	1891.947	227.6622	12872.3340	12889.0000	
325	1896.093	231.1878	16054.0000	15983.6660	
326	1900.230	229.9644	12409.6660	12394.6660	
327	1904.358	233.0740	17919.0000	17850.6660	
328	1908.477	228.7664	17863.0000	17835.3340	
329	1912.587	240.9708	15942.6660	15845.3340	
330	1916.688	242.0251	16810.0000	16738.3320	
331	1920.781	236.7480	13676.6660	13602.6680	
332	1924.864	231.8007	15903.3340	15823.3340	
333	1928.939	152.5026	17233.0000	17088.6660	
334	1933.005	152.2056	15809.3340	15679.6670	
335	1937.062	142.9084	11911.0000	11787.0000	
336	1941.110	254.2783	14036.6660	14039.0000	
337	1945.149	202.9794	15246.3340	15212.3330	
338	1949.179	99.0172	15848.3330	15725.3340	
339	1953.200	183.0524	13032.0000	13008.0000	
340	1957.212	203.0892	6780.3330	6791.3340	
341	1961.216	254.4869	7238.3330	7391.0000	
342	1965.210	234.1351	8945.3340	8991.6670	
343	1969.195	244.6808	7220.3335	7341.3340	
344	1973.172	222.1572	5895.3335	6020.0000	
345	1977.139	224.4653	3230.6670	3383.0000	
346	1981.098	320.7734	924.0000	1198.0000	
347	1985.047	233.7480	2538.3335	2750.6665	
348	1988.987	174.0556	3047.3333	3225.3335	
349	1992.919	185.3134	1306.6666	1513.3334	
350	1996.841	239.1214	346.0000	633.3333	
351	2000.754	254.8930	861.3334	1140.6666	
352	2004.658	261.3315	60.6667	361.3333	
353	2008.553	245.3534	443.3333	733.0000	
354	2012.439	188.0419	-167.3333	70.0000	
355	2016.316	207.3972	363.6667	625.3334	
356	2020.184	237.4198	-382.3333	-85.6667	
357	2024.043	228.7947	349.0000	639.6667	
358	2027.892	207.2529	-303.3333	-31.0000	
359	2031.733	193.8779	268.6667	552.3334	
360	2035.564	170.5858	-300.0000	-59.6667	
361	2039.386	184.2338	313.3333	561.0000	
362	2043.199	201.9653	-380.6667	-105.6667	
363	2047.003	208.2802	254.6667	505.0000	
364	2050.798	211.4695	-370.0000	-106.6667	
365	2054.583	247.7061	214.0000	515.0000	
366	2058.360	221.6094	-299.0000	-22.6667	
367	2062.127	216.6793	233.6667	490.0000	
368	2065.885	215.2492	-303.3333	-10.3333	
369	2069.634	206.6524	222.0000	487.6666	
370	2073.373	199.3474	-247.3333	-33.0000	
371	2077.103	231.5270	356.0000	642.3333	
372	2080.824	241.8229	-319.0000	-20.3333	
373	2084.536	217.1119	220.3333	495.0000	
374	2088.238	214.0675	-239.0000	33.3333	
375	2091.932	192.3565	45.3333	296.6667	
376	2095.615	203.9787	-257.3333	6.3333	
377	2099.290	239.2566	252.0000	549.6666	
378	2102.955	235.8679	-169.6667	123.3333	
379	2106.611	218.1458	227.3333	506.3333	
380	2110.258	214.0907	-423.6667	-142.0000	
381	2113.895	209.8833	-687.0000	-444.6667	
382	2117.523	212.0092	-113.3333	158.3333	
383	2121.142	205.4684	241.3333	495.0000	
384	2124.751	183.9277	-507.3334	-277.3333	
385	2128.351	209.3186	193.0000	453.0000	
386	2131.942	233.5601	-388.3333	-105.3333	
387	2135.523	230.4684	125.0000	403.6667	
388	2139.095	222.0430	-250.3333	18.6667	
389	2142.657	204.5655	353.3333	594.6667	
390	2146.210	203.7547	-395.3333	-145.3333	
391	2149.754	199.6105	252.3333	501.3333	
392	2153.288	197.9207	-547.6667	-306.3333	
393	2156.812	198.5997	106.6667	350.3333	
394	2160.327	271.9455	-277.6667	41.0000	
395	2163.833	223.9579	340.6667	613.0000	
396	2167.330	211.6370	-239.0000	16.6667	
397	2170.816	209.6235	133.6667	399.3333	
398	2174.293	209.1099	-380.0000	-127.0000	
399	2177.761	214.7630	172.6667	439.0000	
400	2181.220	242.2494	-173.3333	121.0000	
401	2184.668	236.4024	415.6667	704.6666	
402	2188.108	232.5556	-305.0000	-19.3333	
403	2191.537	214.5420	-12.0000	241.3333	
404	2194.958	214.0283	-356.3333	-87.6667	
405	2198.368	212.3339	276.3333	541.3333	
406	2201.769	202.0073	-347.3333	-92.3333	
407	2205.161	204.3319	293.0000	579.6666	
408	2208.543	194.7817	-255.3333	-7.0000	
409	2211.915	193.7544	390.3333	635.3333	
410	2215.278	193.2897	-364.6667	-153.0000	
411	2218.631	199.9293	286.6667	560.0000	
412	2221.974	202.2361	-302.0000	-78.3333	
413	2225.308	223.0631	353.0000	615.3333	
414	2228.632	233.4857	-573.0000	-287.0000	
415	2231.947	234.4082	153.6667	431.0000	
416	2235.252	232.3309	-618.0000	-327.6667	
417	2238.547	226.7535	226.6667	487.6667	
418	2241.833	221.0927	-353.6667	-65.0000	
419	2245.109	219.0153	141.6667	399.0000	
420	2248.375	222.1872	-269.6667	6.3333	
421	2251.631	235.1083	272.6667	558.3333	
422	2254.878	224.3626	-413.6667	-142.0000	
423	2258.115	215.4505	263.6667	525.6667	
424	2261.343	214.7881	-284.6667	-22.3333	
425	2264.560	210.2834	454.0000	696.0000	
426	2267.768	214.2786	68.3333	324.3333	
427	2270.966	192.3768	431.6666	659.6666	
428	2274.154	198.1621	-258.3333	-32.3333	
429	2277.333	204.2604	182.6667	431.3333	
430	2280.502	201.2753	-252.0000	-32.3333	
431	2283.661	222.9570	446.6667	711.0000	
432	2286.810	236.9719	-339.6667	-58.3333	
433	2289.949	224.6535	198.0000	470.0000	
434	2293.079	225.4203	-259.0000	10.3333	
435	2296.198	223.2574	280.3333	552.0000	
436	2299.308	216.7195	-519.6666	-262.0000	
437	2302.408	216.8609	270.6667	556.3333	
438	2305.498	216.4189	-345.3333	-102.6667	
439	2308.579	213.6436	82.6667	348.6667	
440	2311.649	211.3683	-350.3333	-100.6667	
441	2314.709	213.8850	716.6666	985.0000	
442	2317.760	190.9016	540.6667	767.9999	
443	2320.801	188.4184	377.3333	599.6667	
444	2323.832	194.9354	-455.6667	-229.3333	
445	2326.853	255.2005	414.0000	698.0000	
446	2329.864	225.1323	-200.3333	51.0000	
447	2332.865	222.3974	1032.0000	1278.0000	
448	2335.855	181.1439	107.3333	316.3333	
449	2338.837	189.8190	241.0000	456.3334	
450	2341.808	218.1606	-27.0000	229.3333	
451	2344.769	227.5023	684.0000	926.6666	
452	2347.720	229.1771	-524.6666	-273.6667	
453	2350.661	230.0243	474.6667	718.0000	
454	2353.592	232.1214	-167.0000	86.6667	
455	2356.513	232.3300	629.3333	867.0000	
456	2359.424	203.6897	287.3333	494.0000	
457	2362.325	220.0376	1192.6666	1395.0000	
458	2365.216	238.7189	37.6667	275.6667	
459	2368.097	220.1502	388.3333	639.0000	
460	2370.968	209.6642	385.3333	569.3333	
461	2373.829	196.3924	925.0000	1122.6667	
462	2376.680	196.7872	129.0000	317.6667	
463	2379.520	201.5986	941.6666	1137.6666	
464	2382.351	231.5767	661.6667	884.6667	
465	2385.171	228.8882	488.6666	703.0000	
466	2387.982	229.2830	-211.0000	58.0000	
467	2390.782	190.8443	410.0000	593.6666	
468	2393.572	190.5730	16.6667	199.6667	
469	2396.352	192.0040	928.0000	1103.0000	
470	2399.121	207.8719	752.3334	969.0000	
471	2401.881	224.8233	1240.6666	1424.3333	
472	2404.630	247.6911	-481.0000	-239.3333	
473	2407.369	244.8694	340.0000	578.0000	
474	2410.098	223.3811	-220.3333	-4.6667	
475	2412.817	186.5595	842.6666	1020.6666	
476	2415.526	203.5306	-64.0000	123.3333	
477	2418.224	213.3984	468.6667	674.6666	
478	2420.912	217.3079	-125.0000	65.6667	
479	2423.590	215.3424	529.6667	733.6667	
480	2426.258	215.5436	-132.0000	71.6667	
481	2428.915	205.5364	464.0000	652.3333	
482	2431.562	193.0709	-357.3333	-181.6667	
483	2434.199	197.6054	323.6667	503.6667	
484	2436.826	275.9729	1095.6667	1566.3334	
485	2439.442	274.8524	558.0000	735.0000	
486	2442.048	203.8986	-469.6666	-264.6667	
487	2444.644	203.7156	393.3333	559.3333	
488	2447.229	207.1371	-253.6667	-76.3333	
489	2449.804	211.9930	159.3333	311.3333	
490	2452.368	211.4659	-372.3333	-147.0000	
491	2454.923	212.7424	501.3333	660.6667	
492	2457.467	201.6026	-166.3333	39.0000	
493	2460.000	200.1326	597.3333	740.3333	
494	2462.523	205.0791	-401.6667	-235.0000	
495	2465.036	221.4424	446.0000	597.6667	
496	2467.539	258.1390	-277.6667	-54.3333	
497	2470.031	241.9190	486.3333	693.0000	
498	2472.512	157.3656	-221.3333	-99.6667	
499	2474.983	203.8122	586.0000	753.6667	
500	2477.444	236.2585	-14.6667	185.0000	
501	2479.894	213.8629	252.3333	428.0000	
502	2482.334	198.8840	-179.3333	-39.0000	
503	2484.763	202.4051	438.3333	599.3333	
504	2487.182	210.9262	-260.3333	-101.0000	
505	2489.590	215.6973	226.6667	410.0000	
506	2491.988	216.8017	-301.6667	-133.6667	
507	2494.375	215.4062	300.3333	474.0000	
508	2496.752	217.0106	-477.0000	-319.6667	
509	2499.119	222.3650	407.0000	578.3333	
510	2501.475	241.6361	-47.3333	141.6667	
511	2503.820	197.5739	185.3333	328.6667	
