resultName	muna16-64
resultName	muna16-64
ID	RS20200227090251_P19331194
Command	SCANANDSEARCH
User	Admin
Application	_Analyze
SerialNumber	P19331194
Power	280
Integration	900
Averages	3
AutoExposure	Off
AutoCollect	Off
QuickCollect	Off
AutoBackground	On
BaselineCorrection	On
Algorithm	Wavelet
Searched Library	All,None,None,None
MixtureComponents	2
matchThreshold	0.0
displayMatches	1
Threshold	0.80
WL Start	
WL End	
ServerVersion	3.180316
FirmwareVersion	
date	2020-02-27
time	09:02:51
scanindex	0
specpath	RS20200227090251_P19331194.xml
Search Range	200 - 2500
Synced	false
lastCalDateTime	2020-02-27 08:30:34
lastCalUser	Admin
lastCalResult	PASS
lastVerifyDateTime	2019-10-16 15:05:37
lastVerifyUser	Admin
lastVerifyResult	PASS
selectedMaterial	
result	No Match
ValidationGUID	
ValidationMatchQuality	
topMatch	
topMatchGUID	
topMatchQuality	
secondMatch	
secondMatchGUID	
secondMatchQuality	
thirdMatch	
thirdMatchGUID	
thirdMatchQuality	
fourthMatch	
fourthMatchGUID	
fourthMatchQuality	
fifthMatch	
fifthMatchGUID	
fifthMatchQuality	
signedBy	
signedDateTime	
softwareVer	1.7.0.21
memo	
batchID	
inBatch	false
batchUID	
batchCID1	
batchCIDlbl1	
batchCID2	
batchCIDlbl2	
batchCID3	
batchCIDlbl3	
batchCID4	
batchCIDlbl4	
batchCID5	
batchCIDlbl5	
signedTitle	
signedReason	
rescanned	
barcode	
topMatchContribs	
secondMatchContribs	
thirdMatchContribs	
fourthMatchContribs	
fifthMatchContribs	
ValidationMatchContribs	
Threat	
PrecursorList	
CompundName	
WindowStart4C	
MatchLibrary	
lastModified	2020/02/27 09:03
Signal2Noise	65.09
Detector TEC SetPoint	0x8000
Detector Temp	4.96
Laser Temp	25.38
OE1 Temp	27.66
OE2 Temp	31.06
Detector Gain	200
SaturationDetected	false
InterpolatedPixelList	
PeakList	 286.2	930	323.6	528	334.6	495	398.4	677	444.1	562	481.1	527	649.6	1593	679.0	987	735.8	827	750.0	704	805.1	525	840.1	813	867.0	501	959.8	596	1092.8	563	1126.9	745	1141.3	691	1207.6	552	1249.6	560	1313.5	457	1365.3	965	1457.7	4595	1645.4	2343	1677.2	1630	1710.4	950
index	Raman Shift (cm-1)	Y value (counts)	background (counts)	raw value (counts)
0	137.455	431.8720	2209.3333	4774.0000	
1	143.948	306.2144	2337.6667	4710.3330	
2	150.436	233.8911	2469.3333	4703.3335	
3	156.918	257.5671	2665.3335	4856.6670	
4	163.394	328.2431	2239.3333	4435.0000	
5	169.865	365.5859	2796.6667	4963.3335	
6	176.330	318.9287	2486.3333	4540.0000	
7	182.790	278.6052	2662.6665	4609.6670	
8	189.244	211.6142	2254.3333	4068.0000	
9	195.693	205.9568	2732.3335	4474.0000	
10	202.136	226.9663	2573.6667	4270.0000	
11	208.573	301.9761	3048.3333	4753.3335	
12	215.005	322.9855	2433.6665	4093.3335	
13	221.431	325.9876	2862.6667	4492.6665	
14	227.851	260.2772	2688.0000	4212.3335	
15	234.266	149.3275	3142.3330	4566.3335	
16	240.675	164.0440	2328.6665	3778.0000	
17	247.078	218.0939	2680.3335	4194.3335	
18	253.476	253.4773	2368.0000	3928.0000	
19	259.868	254.5273	2730.0000	4301.6665	
20	266.254	229.5774	2027.6667	3585.0000	
21	272.635	448.1212	2800.6667	4603.0000	
22	279.009	809.6653	2578.0000	4768.3335	
23	285.378	930.2090	2493.0000	4830.3335	
24	291.742	774.0860	2057.3333	4265.0000	
25	298.099	705.7722	2358.6667	4527.6670	
26	304.451	671.1247	1923.3335	4087.3335	
27	310.797	483.8108	2709.3335	4715.6670	
28	317.137	458.2305	2117.3335	4139.6665	
29	323.471	527.7443	2185.6667	4242.0000	
30	329.800	490.2578	1747.6667	3731.0000	
31	336.122	494.7715	2562.3335	4514.6670	
32	342.439	457.6186	2138.6665	4018.3335	
33	348.750	281.1320	2402.3333	4070.0000	
34	355.055	74.9790	1655.6665	3081.6667	
35	361.354	181.7549	2308.3333	3794.0000	
36	367.648	156.2915	1810.3333	3100.6665	
37	373.935	230.1345	1652.6667	3140.6665	
38	380.216	511.1443	1870.3335	3631.0000	
39	386.492	421.4878	2076.6667	3739.3335	
40	392.762	345.4977	1475.0000	3053.3335	
41	399.025	676.6782	1903.3333	3796.6665	
42	405.283	500.8589	1630.0000	3331.3333	
43	411.535	236.0397	1043.0000	2463.3333	
44	417.781	221.2206	896.3334	2285.6667	
45	424.020	254.9815	1505.3333	2890.6667	
46	430.254	293.4091	563.0000	1988.6667	
47	436.482	370.3369	710.0000	2194.6667	
48	442.704	561.5977	314.3333	1972.3334	
49	448.920	512.7219	966.6666	2567.6667	
50	455.129	462.0931	375.3333	1904.0000	
51	461.333	256.1312	406.3333	1707.3335	
52	467.531	156.8356	377.3333	1557.3334	
53	473.722	369.1763	654.3333	2014.0000	
54	479.908	526.5171	253.3333	1737.6667	
55	486.087	454.5242	-2.0000	1377.6666	
56	492.260	290.2245	142.6667	1317.3333	
57	498.427	176.9655	509.0000	1549.3334	
58	504.588	159.0395	296.0000	1297.3333	
59	510.743	209.7803	290.0000	1321.0000	
60	516.892	280.8543	-7.6667	1073.3334	
61	523.034	365.3085	486.0000	1637.6667	
62	529.171	408.4294	-98.6667	1082.3334	
63	535.301	334.2170	551.0000	1644.0000	
64	541.425	224.3379	-30.6667	938.6666	
65	547.543	245.1254	458.0000	1434.3334	
66	553.655	266.4130	674.6666	1690.6667	
67	559.760	282.1174	1128.6667	2068.6665	
68	565.859	299.9048	400.3333	1403.3334	
69	571.952	300.5187	655.6667	1639.6667	
70	578.039	282.6532	-100.0000	932.0000	
71	584.119	243.0876	187.3333	1175.0000	
72	590.193	124.8555	-117.0000	778.0000	
73	596.261	143.9369	431.0000	1392.0000	
74	602.323	316.6850	450.0000	1630.6667	
75	608.378	658.0998	589.0000	2158.0000	
76	614.427	960.1809	392.6667	2310.6665	
77	620.469	1063.4368	839.6667	2886.0000	
78	626.505	662.3052	460.0000	2127.0000	
79	632.535	839.8402	568.0000	2434.3333	
80	638.559	1048.7085	341.0000	2438.0000	
81	644.576	1461.2432	942.3333	3473.6665	
82	650.587	1593.1118	319.3333	3004.3333	
83	656.591	1085.9800	177.6667	2377.3333	
84	662.589	733.5152	105.6667	1974.6667	
85	668.581	698.1965	256.6667	2079.6665	
86	674.566	898.8781	-196.3333	1816.6665	
87	680.544	987.2261	299.0000	2389.6665	
88	686.517	674.5744	203.0000	1970.3334	
89	692.483	341.1621	668.6666	2081.6667	
90	698.442	267.7496	42.0000	1338.0000	
91	704.395	279.9933	280.3333	1638.6666	
92	710.341	196.3500	114.0000	1321.3334	
93	716.281	85.2443	313.0000	1401.0000	
94	722.214	256.4719	61.3333	1312.3334	
95	728.141	629.3660	384.6667	2000.3333	
96	734.061	827.2602	64.3333	1869.6665	
97	739.975	677.4883	597.0000	2244.3335	
98	745.882	677.1258	300.6667	1932.6667	
99	751.783	704.0275	943.6666	2610.3335	
100	757.677	484.5955	73.6667	1528.6666	
101	763.564	336.4457	756.6667	2067.3333	
102	769.445	195.2963	182.0000	1355.3334	
103	775.319	110.1469	610.3333	1702.3335	
104	781.187	112.6638	233.0000	1331.3333	
105	787.048	180.1158	831.0000	2004.0000	
106	792.902	255.5678	560.3333	1816.0000	
107	798.750	459.0196	982.6666	2449.0000	
108	804.591	525.4716	425.6667	1965.6667	
109	810.425	522.3666	972.0000	2541.3335	
110	816.253	307.9281	363.6667	1751.0000	
111	822.074	252.8230	822.0000	2186.6665	
112	827.888	281.9843	373.0000	1810.0000	
113	833.695	592.2673	903.3334	2681.0000	
114	839.496	813.2166	491.3333	2520.3333	
115	845.290	572.1662	894.0000	2712.3333	
116	851.078	444.1155	594.3333	2315.0000	
117	856.858	455.5491	881.0000	2620.3333	
118	862.632	427.3163	774.0000	2492.3333	
119	868.399	500.5811	842.6666	2629.3335	
120	874.159	347.4122	451.0000	2077.0000	
121	879.913	262.2174	818.6666	2336.3333	
122	885.659	237.3562	499.0000	1968.6667	
123	891.399	321.4948	838.0000	2368.6667	
124	897.132	441.2998	649.0000	2276.3333	
125	902.858	346.6761	676.3334	2180.0000	
126	908.577	241.3857	290.6667	1660.0000	
127	914.290	233.0122	849.6666	2159.0000	
128	919.995	254.3051	159.0000	1507.6667	
129	925.694	257.4314	839.3333	2139.6667	
130	931.385	286.4745	244.0000	1582.3333	
131	937.070	222.9339	828.3334	2034.0000	
132	942.748	152.3104	376.0000	1482.0000	
133	948.419	279.0683	719.6667	1943.6665	
134	954.083	453.0781	254.0000	1641.6665	
135	959.740	595.7548	610.0000	2130.0000	
136	965.390	372.0987	379.0000	1665.0000	
137	971.033	334.4604	589.6666	1812.0000	
138	976.669	329.9264	-13.0000	1251.6667	
139	982.299	311.0797	431.0000	1716.3335	
140	987.921	297.8391	346.3333	1531.0000	
141	993.536	269.5077	391.6667	1611.3333	
142	999.144	260.1762	145.0000	1346.3334	
143	1004.745	248.5946	619.0000	1844.0000	
144	1010.339	235.3465	70.0000	1270.3334	
145	1015.926	235.1818	522.0000	1748.3333	
146	1021.506	239.9335	421.0000	1665.3333	
147	1027.078	266.6856	642.6666	1927.0000	
148	1032.644	261.4373	305.3333	1597.6667	
149	1038.203	307.6449	572.3334	1938.6667	
150	1043.754	350.1859	255.6667	1692.3335	
151	1049.298	284.3307	571.6667	1946.6666	
152	1054.836	274.3510	10.0000	1370.6667	
153	1060.366	316.5703	614.6666	2097.3335	
154	1065.889	245.2786	346.6667	1794.0000	
155	1071.404	276.4272	672.6666	2168.6667	
156	1076.913	416.5753	359.6667	2013.3333	
157	1082.414	402.4349	782.6667	2422.6667	
158	1087.908	338.2946	154.0000	1730.3333	
159	1093.395	563.1543	718.6667	2520.3333	
160	1098.875	447.0143	575.6666	2261.6667	
161	1104.348	248.8802	842.3334	2318.0000	
162	1109.813	216.8843	418.0000	1845.6667	
163	1115.271	443.2214	950.6667	2588.6667	
164	1120.721	553.5585	401.6667	2134.0000	
165	1126.165	745.3935	872.6666	2766.3333	
166	1131.601	658.8954	418.3333	2195.0000	
167	1137.030	595.3972	1058.0000	2740.6667	
168	1142.452	690.8989	269.3333	2017.0000	
169	1147.866	554.6765	920.6667	2509.3335	
170	1153.273	374.7878	534.6667	1920.6667	
171	1158.672	288.8988	986.3334	2263.6665	
172	1164.064	202.6773	464.0000	1632.3335	
173	1169.449	175.7662	1226.0000	2374.3333	
174	1174.827	188.1888	749.0000	1863.6665	
175	1180.197	246.9658	1243.0000	2482.3335	
176	1185.560	265.1677	795.0000	2095.0000	
177	1190.915	237.2862	1167.3334	2423.0000	
178	1196.263	270.6549	919.0000	2265.6667	
179	1201.603	465.7733	1197.6666	2767.3333	
180	1206.936	552.2251	704.3334	2388.3333	
181	1212.262	458.3377	1340.0000	2951.3333	
182	1217.580	401.9258	902.3333	2470.6667	
183	1222.891	397.5245	1323.0000	2910.0000	
184	1228.194	315.1241	855.0000	2382.6665	
185	1233.489	239.5690	1462.0000	2946.0000	
186	1238.778	191.0139	1141.6666	2609.0000	
187	1244.058	444.7920	1461.6667	3214.6667	
188	1249.331	559.9036	1076.3333	2976.3335	
189	1254.597	405.1219	1797.6667	3567.0000	
190	1259.855	264.6740	1311.0000	2964.0000	
191	1265.106	262.8925	1782.6667	3458.0000	
192	1270.349	321.7779	1453.6667	3212.0000	
193	1275.584	235.3297	1936.3333	3632.3330	
194	1280.812	264.8817	1294.6667	3044.3333	
195	1286.032	360.1006	1931.0000	3800.0000	
196	1291.244	268.1296	1313.6666	3127.3333	
197	1296.449	127.7691	1982.0000	3701.6665	
198	1301.647	104.0760	1535.0000	3277.3335	
199	1306.836	248.3824	2131.0000	4064.0000	
200	1312.018	457.0213	1719.0000	3907.0000	
201	1317.193	304.9160	1883.6667	3945.6670	
202	1322.359	277.8103	1780.3333	3841.3335	
203	1327.518	573.0313	2073.6667	4440.3335	
204	1332.670	808.9815	1700.0000	4320.6665	
205	1337.813	863.6021	2251.3333	4935.6670	
206	1342.949	544.8890	1589.6666	3964.3335	
207	1348.077	412.5087	2215.6667	4467.0000	
208	1353.198	338.1286	1609.6667	3795.6665	
209	1358.311	632.7487	2455.0000	4944.6665	
210	1363.415	965.0359	1843.3333	4674.3335	
211	1368.513	961.9893	2333.0000	5170.0000	
212	1373.602	855.2761	1855.6667	4595.0000	
213	1378.684	755.8743	2357.3333	5003.3335	
214	1383.757	630.4718	1885.3333	4412.0000	
215	1388.823	285.0699	2517.0000	4704.3335	
216	1393.881	0.0000	1824.0000	3732.3335	
217	1398.932	10.7875	2414.3335	4331.6665	
218	1403.974	178.2505	1961.3333	4018.3335	
219	1409.009	438.3790	2711.0000	5000.3335	
220	1414.036	701.1750	1974.6667	4499.0000	
221	1419.054	1104.9695	2474.0000	5381.0000	
222	1424.065	1435.4297	2010.6667	5227.0000	
223	1429.068	2039.2246	2426.0000	6225.0005	
224	1434.064	2667.1074	2077.3335	6465.6665	
225	1439.051	2957.2473	2477.0000	7116.0000	
226	1444.030	3353.3875	2054.0000	7049.6670	
227	1449.001	3798.1924	2633.6667	8034.6660	
228	1453.965	4277.3330	1879.0000	7719.6660	
229	1458.920	4594.6748	2601.3335	8673.3330	
230	1463.868	3406.3496	1929.6667	6727.3330	
231	1468.807	2081.0256	2526.6667	5913.0000	
232	1473.739	1287.3682	1830.3333	4337.0000	
233	1478.662	804.9932	2294.0000	4243.0000	
234	1483.578	402.9530	1762.6667	3234.3333	
235	1488.485	345.2452	2352.0000	3690.6670	
236	1493.385	243.2035	1684.0000	2845.3333	
237	1498.276	222.4566	2444.0000	3534.6665	
238	1503.159	163.0945	1798.3334	2781.6665	
239	1508.035	148.2798	2309.0000	3304.0000	
240	1512.902	159.2149	1424.3334	2308.0000	
241	1517.761	177.3997	2151.0000	3041.9998	
242	1522.612	221.0849	1957.6667	2844.3333	
243	1527.454	277.7701	2728.3333	3655.6667	
244	1532.289	303.5379	2028.0000	2946.0000	
245	1537.116	307.5423	2738.0000	3616.6665	
246	1541.934	279.7973	1989.6667	2936.0000	
247	1546.745	244.4477	2719.3333	3643.3335	
248	1551.547	252.5982	2055.3333	3029.6667	
249	1556.341	232.9898	2741.3333	3766.3333	
250	1561.126	214.0477	2151.3335	3227.6667	
251	1565.904	230.1058	2662.6667	3825.3335	
252	1570.673	263.8316	2330.0000	3596.6665	
253	1575.434	224.1502	2670.3333	3996.3335	
254	1580.187	287.1336	2127.3333	3615.3335	
255	1584.932	347.4512	2683.6665	4331.0000	
256	1589.668	364.1024	1920.6667	3683.6665	
257	1594.396	335.7540	2482.0000	4315.6665	
258	1599.116	282.4048	1901.0000	3780.3330	
259	1603.828	250.2803	2522.6667	4485.3330	
260	1608.531	227.3272	2224.3333	4248.6665	
261	1613.226	290.6649	2627.6665	4783.6665	
262	1617.912	310.3355	2547.3333	4791.3335	
263	1622.591	312.0045	2734.6667	5048.6665	
264	1627.261	394.6761	2151.3333	4616.3330	
265	1631.922	588.5982	2509.6665	5210.0000	
266	1636.576	1045.5696	1912.3333	5092.6670	
267	1641.220	1981.1453	2803.0000	6944.6660	
268	1645.857	2343.0576	1957.3333	6486.6660	
269	1650.485	1702.3340	2602.6665	6449.0000	
270	1655.105	768.2769	2100.6667	4970.6665	
271	1659.716	616.5530	2636.6667	5312.6665	
272	1664.319	721.8292	2083.6665	4822.6665	
273	1668.913	1124.7720	2772.3333	5872.0000	
274	1673.499	1541.3813	1910.3333	5384.3335	
275	1678.077	1629.6580	2208.6667	5728.6670	
276	1682.646	1201.9333	2063.6667	5113.6670	
277	1687.206	683.9324	2304.3335	4751.0000	
278	1691.759	328.6009	1921.6667	3927.6670	
279	1696.302	335.5999	2542.3333	4470.0000	
280	1700.837	396.0233	1799.3333	3716.6665	
281	1705.364	673.8831	2363.3333	4437.0000	
282	1709.882	949.7418	1593.6666	3821.6670	
283	1714.391	841.2676	2371.0000	4369.0000	
284	1718.892	493.7918	1646.6665	3175.6667	
285	1723.385	212.9088	2390.0000	3552.6665	
286	1727.868	75.0267	1380.3333	2319.6665	
287	1732.344	112.3140	2138.0000	3026.3333	
288	1736.810	181.0191	1639.3333	2547.6665	
289	1741.268	158.4742	2060.0000	2850.3335	
290	1745.717	174.0958	1314.3333	2031.0000	
291	1750.158	242.8017	2122.3335	2856.0000	
292	1754.590	282.5898	1457.3333	2165.6665	
293	1759.014	263.7461	2056.3335	2713.0000	
294	1763.428	285.2787	994.0000	1611.6667	
295	1767.835	318.1026	1766.3335	2431.6667	
296	1772.232	347.3846	1354.3334	2041.3333	
297	1776.621	314.0459	1685.3333	2282.6667	
298	1781.001	304.5401	821.3333	1398.0000	
299	1785.372	299.7011	1586.0000	2146.6667	
300	1789.735	269.8622	765.3333	1285.0000	
301	1794.089	235.4703	1575.6667	2057.0000	
302	1798.434	273.8322	1258.3334	1773.0000	
303	1802.770	303.6939	1803.6665	2362.3335	
304	1807.098	303.8891	1368.6667	1909.6667	
305	1811.416	308.9174	1255.6667	1799.3333	
306	1815.726	274.6123	912.0000	1407.3333	
307	1820.027	253.3076	1498.3333	1967.3333	
308	1824.320	270.5880	809.3333	1282.3333	
309	1828.603	323.5741	1604.0000	2123.0000	
310	1832.878	299.5604	878.0000	1366.0000	
311	1837.144	254.8797	1277.3334	1713.6667	
312	1841.401	264.8660	875.0000	1314.3333	
313	1845.649	306.7678	1019.6666	1500.0000	
314	1849.889	312.3358	1013.6667	1498.6666	
315	1854.119	321.2376	1300.3333	1793.3333	
316	1858.340	314.4727	690.0000	1175.3334	
317	1862.553	277.1695	1016.0000	1441.6666	
318	1866.757	278.8665	598.3334	1035.3334	
319	1870.951	291.1467	811.0000	1228.6667	
320	1875.137	321.2602	104.0000	569.6667	
321	1879.314	310.5404	845.3334	1293.6667	
322	1883.482	256.6984	128.3333	525.3333	
323	1887.641	259.2189	482.3333	858.0000	
324	1891.791	268.5933	77.6667	480.3333	
325	1895.932	268.3857	854.0000	1263.6667	
326	1900.064	265.0114	142.3333	472.3334	
327	1904.187	291.1787	816.3333	1215.0000	
328	1908.300	292.0335	212.0000	635.6667	
329	1912.405	287.8776	698.3333	1068.0000	
330	1916.501	276.5571	237.0000	624.3334	
331	1920.588	245.5698	588.0000	916.0000	
332	1924.666	285.6656	164.6667	529.3334	
333	1928.734	324.3207	904.0000	1303.6666	
334	1932.794	318.3091	202.3333	592.3333	
335	1936.844	294.2975	637.6667	1000.0000	
336	1940.885	305.6193	99.3333	469.3334	
337	1944.917	304.2950	493.6667	900.6666	
338	1948.940	297.2627	254.3333	608.6666	
339	1952.954	282.9177	654.6667	991.0000	
340	1956.959	288.5731	-102.0000	236.3333	
341	1960.955	295.1449	305.0000	678.6667	
342	1964.941	296.4252	91.0000	423.6667	
343	1968.918	277.8833	275.6667	592.0000	
344	1972.886	281.3360	-262.3333	38.0000	
345	1976.845	288.3323	182.0000	496.6667	
346	1980.794	287.4535	-303.0000	10.0000	
347	1984.735	268.9081	21.0000	298.6667	
348	1988.666	269.5715	-312.0000	-40.6667	
349	1992.588	279.9225	348.3333	594.0000	
350	1996.500	303.4419	-430.3333	-141.3333	
351	2000.404	295.9899	271.3333	572.6667	
352	2004.298	287.3714	-443.3334	-191.6667	
353	2008.182	288.7527	213.6667	492.3333	
354	2012.058	290.1341	-431.3333	-147.6667	
355	2015.924	286.5155	255.6667	486.3333	
356	2019.781	287.8963	-503.0000	-215.3333	
357	2023.628	288.6670	252.6667	511.3334	
358	2027.466	292.7711	-428.6667	-171.0000	
359	2031.295	298.2917	182.0000	456.6667	
360	2035.114	297.6458	-465.6667	-195.3333	
361	2038.924	292.8773	200.3333	471.6667	
362	2042.725	287.3587	-464.3334	-218.6667	
363	2046.516	283.3401	138.6667	394.0000	
364	2050.298	276.6626	-468.3334	-220.3333	
365	2054.070	279.6415	139.3333	394.3333	
366	2057.833	279.7664	-388.3333	-144.6667	
367	2061.586	301.2245	156.0000	433.3333	
368	2065.330	292.5992	-418.0000	-135.6667	
369	2069.065	271.1407	149.0000	396.0000	
370	2072.790	291.9321	-372.3333	-104.6667	
371	2076.505	296.3982	285.0000	555.6667	
372	2080.211	290.0156	-386.6667	-130.6667	
373	2083.908	292.4150	149.6667	398.3333	
374	2087.595	292.9812	-309.3333	-36.3333	
375	2091.272	289.3807	3.3333	257.0000	
376	2094.940	284.2800	-335.3333	-87.3333	
377	2098.599	278.1935	274.3333	480.3333	
378	2102.248	280.3570	-194.0000	94.3333	
379	2105.887	281.6871	158.6667	378.6667	
380	2109.516	292.9346	-441.0000	-189.6667	
381	2113.136	303.6733	-757.3334	-498.0000	
382	2116.747	298.4118	-205.3333	57.0000	
383	2120.348	282.1504	166.0000	398.3333	
384	2123.939	267.2223	-575.0000	-360.3333	
385	2127.521	278.1003	68.6667	300.3333	
386	2131.093	299.1993	-464.0000	-197.0000	
387	2134.655	297.2984	67.6667	314.0000	
388	2138.207	295.3134	-398.6667	-146.6667	
389	2141.750	289.6366	280.0000	490.0000	
390	2145.283	292.1472	-455.0000	-210.0000	
391	2148.807	291.7620	198.0000	450.0000	
392	2152.321	292.5618	-590.0000	-390.0000	
393	2155.825	286.2751	73.0000	285.0000	
394	2159.319	279.5718	-288.0000	-84.3333	
395	2162.804	279.4518	317.6667	550.3333	
396	2166.279	277.9990	-284.6667	-105.6667	
397	2169.744	285.4641	126.0000	343.3333	
398	2173.199	287.7624	-431.0000	-209.6667	
399	2176.644	299.7274	162.3333	397.3333	
400	2180.080	297.2758	-236.6667	23.6667	
401	2183.506	295.4908	455.3333	652.0000	
402	2186.922	293.7892	-379.6667	-134.6667	
403	2190.328	286.3793	-43.6667	191.0000	
404	2193.725	284.6771	-393.6667	-187.0000	
405	2197.111	293.1296	222.3333	460.6667	
406	2200.488	350.4113	-448.3334	-142.3333	
407	2203.854	276.2376	189.3333	422.3333	
408	2207.211	230.0644	-348.6667	-160.6667	
409	2210.558	255.5553	324.0000	538.6667	
410	2213.896	270.6087	-439.6667	-196.3333	
411	2217.223	275.3496	289.3333	520.6667	
412	2220.540	282.4452	-404.0000	-135.0000	
413	2223.847	289.4430	343.0000	523.3334	
414	2227.145	315.5457	-632.6667	-360.0000	
415	2230.432	312.0649	123.0000	436.0000	
416	2233.709	287.9175	-625.6666	-377.6667	
417	2236.977	287.4369	179.3333	424.6667	
418	2240.234	288.9562	-536.6666	-280.0000	
419	2243.482	287.4755	-31.0000	215.0000	
420	2246.719	290.6610	-410.6667	-154.0000	
421	2249.946	292.1032	233.3333	502.0000	
422	2253.164	293.8788	-441.0000	-205.3333	
423	2256.371	297.0710	204.6667	472.3333	
424	2259.568	301.3463	-409.3333	-149.3333	
425	2262.755	303.2784	150.6667	428.3333	
426	2265.933	290.6273	-149.3333	99.6667	
427	2269.100	282.1337	348.3333	577.3333	
428	2272.256	285.2200	-357.3333	-95.0000	
429	2275.403	285.4875	154.6667	394.3333	
430	2278.540	286.1510	-365.3333	-100.0000	
431	2281.667	260.9810	302.0000	523.3334	
432	2284.783	274.8110	-413.0000	-200.6667	
433	2287.889	279.3911	184.0000	458.6667	
434	2290.985	288.7267	-412.3333	-182.6667	
435	2294.071	301.9280	186.6667	423.6667	
436	2297.147	326.0039	-650.6667	-371.6667	
437	2300.212	304.2130	228.0000	486.6667	
438	2303.267	292.4221	-475.6666	-227.3333	
439	2306.312	214.6312	17.0000	189.0000	
440	2309.347	281.5070	-588.3334	-348.0000	
441	2312.372	281.6249	339.6667	581.0000	
442	2315.386	323.7427	-329.3333	-45.0000	
443	2318.390	301.5273	86.6667	349.6667	
444	2321.384	297.9786	-521.6666	-261.3333	
445	2324.368	283.5666	371.6667	585.6667	
446	2327.341	284.7377	-506.6666	-249.3333	
447	2330.304	288.4922	154.6667	402.0000	
448	2333.256	280.6548	-432.3333	-207.0000	
449	2336.199	304.8173	-57.0000	211.3333	
450	2339.131	288.8131	-388.3333	-139.3333	
451	2342.052	276.2255	404.0000	602.3333	
452	2344.963	273.8879	-590.3333	-326.6667	
453	2347.864	275.4851	330.6667	552.0000	
454	2350.755	282.9365	-455.3333	-229.0000	
455	2353.635	303.1603	163.3333	406.3333	
456	2356.505	296.4989	-528.3333	-272.0000	
457	2359.364	281.1592	196.0000	415.6667	
458	2362.213	277.5695	-331.3333	-123.3333	
459	2365.051	289.6464	140.6667	379.3333	
460	2367.879	290.7227	-250.0000	-57.3333	
461	2370.697	290.1294	54.6667	317.3333	
462	2373.504	290.9112	-290.6667	-78.0000	
463	2376.300	287.8179	264.0000	488.0000	
464	2379.086	288.5997	-409.0000	-205.0000	
465	2381.862	308.7149	35.3333	274.6667	
466	2384.627	303.4132	-366.0000	-123.3333	
467	2387.382	290.9450	211.6667	431.6667	
468	2390.125	288.2274	-598.6667	-367.6667	
469	2392.859	278.0766	188.3333	374.6667	
470	2395.582	282.6788	-376.0000	-147.3333	
471	2398.294	278.5310	299.3333	503.0000	
472	2400.996	271.1331	-617.6666	-426.0000	
473	2403.687	284.7739	234.3333	413.6667	
474	2406.368	318.4146	-472.0000	-243.3333	
475	2409.038	295.8889	327.6667	528.6667	
476	2411.697	291.8774	-406.0000	-223.0000	
477	2414.346	273.3087	300.3333	462.0000	
478	2416.984	279.0734	-447.6666	-310.3333	
479	2419.612	290.8383	39.0000	256.0000	
480	2422.228	298.0196	-404.3333	-261.6667	
481	2424.834	300.7843	168.3333	366.0000	
482	2427.430	280.4658	-477.6667	-322.6667	
483	2430.015	218.2304	217.0000	307.0000	
484	2432.589	256.7461	1227.3333	1287.0000	
485	2435.152	331.7935	210.6667	409.0000	
486	2437.705	334.5911	-696.0000	-497.3333	
487	2440.247	282.0551	74.3333	218.0000	
488	2442.778	282.1859	-445.6667	-304.3333	
489	2445.298	285.9079	30.6667	163.3333	
490	2447.808	294.7498	-554.3333	-391.6667	
491	2450.306	317.5936	357.0000	543.3333	
492	2452.794	306.5204	-440.0000	-235.6667	
493	2455.272	281.6133	260.0000	411.0000	
494	2457.738	271.1230	-578.0000	-437.6666	
495	2460.194	271.6327	260.3333	401.0000	
496	2462.638	288.1423	-319.0000	-160.3333	
497	2465.073	288.3186	432.6667	588.0000	
498	2467.496	304.8282	-444.3333	-271.0000	
499	2469.908	305.3378	398.0000	571.6666	
500	2472.309	299.8062	-392.3333	-183.3333	
501	2474.699	280.8762	-32.3333	116.3333	
502	2477.079	258.5713	-457.0000	-331.0000	
503	2479.448	264.9330	256.3333	388.3333	
504	2481.805	287.0446	-404.3333	-216.6667	
505	2484.152	288.6564	180.6667	319.6667	
506	2486.488	289.0181	-407.0000	-250.6667	
507	2488.813	271.3798	189.0000	326.0000	
508	2491.127	282.5748	-635.0000	-514.6667	
509	2493.430	312.7698	209.0000	386.6667	
510	2495.722	325.1315	-296.0000	-106.3333	
511	2498.003	265.4932	-75.3333	54.3333	
