resultName	chilca1-72
resultName	chilca1-72
ID	RS20200227092053_P19331194
Command	SCANANDSEARCH
User	Admin
Application	_Analyze
SerialNumber	P19331194
Power	280
Integration	900
Averages	3
AutoExposure	Off
AutoCollect	Off
QuickCollect	Off
AutoBackground	On
BaselineCorrection	On
Algorithm	Wavelet
Searched Library	All,None,None,None
MixtureComponents	2
matchThreshold	0.0
displayMatches	1
Threshold	0.80
WL Start	
WL End	
ServerVersion	3.180316
FirmwareVersion	
date	2020-02-27
time	09:20:53
scanindex	0
specpath	RS20200227092053_P19331194.xml
Search Range	200 - 2500
Synced	false
lastCalDateTime	2020-02-27 08:30:34
lastCalUser	Admin
lastCalResult	PASS
lastVerifyDateTime	2019-10-16 15:05:37
lastVerifyUser	Admin
lastVerifyResult	PASS
selectedMaterial	
result	No Match
ValidationGUID	
ValidationMatchQuality	
topMatch	
topMatchGUID	
topMatchQuality	
secondMatch	
secondMatchGUID	
secondMatchQuality	
thirdMatch	
thirdMatchGUID	
thirdMatchQuality	
fourthMatch	
fourthMatchGUID	
fourthMatchQuality	
fifthMatch	
fifthMatchGUID	
fifthMatchQuality	
signedBy	
signedDateTime	
softwareVer	1.7.0.21
memo	
batchID	
inBatch	false
batchUID	
batchCID1	
batchCIDlbl1	
batchCID2	
batchCIDlbl2	
batchCID3	
batchCIDlbl3	
batchCID4	
batchCIDlbl4	
batchCID5	
batchCIDlbl5	
signedTitle	
signedReason	
rescanned	
barcode	
topMatchContribs	
secondMatchContribs	
thirdMatchContribs	
fourthMatchContribs	
fifthMatchContribs	
ValidationMatchContribs	
Threat	
PrecursorList	
CompundName	
WindowStart4C	
MatchLibrary	
lastModified	2020/02/27 09:21
Signal2Noise	66.31
Detector TEC SetPoint	0x8000
Detector Temp	4.94
Laser Temp	25.38
OE1 Temp	29.41
OE2 Temp	32.88
Detector Gain	200
SaturationDetected	false
InterpolatedPixelList	
PeakList	 304.7	1057	328.6	799	431.0	798	524.4	646	560.4	770	667.3	996	677.4	648	759.4	3576	796.9	1245	1077.9	649	1157.7	794	1292.5	915	1304.9	756	1376.9	1615	1439.7	5578	1564.9	1440	1614.4	1441	1645.1	4418	1676.6	3773
index	Raman Shift (cm-1)	Y value (counts)	background (counts)	raw value (counts)
0	137.455	260.5299	1341.6667	4481.6670	
1	143.948	281.3293	1422.3334	4475.0000	
2	150.436	210.4622	1541.0000	4414.6665	
3	156.918	219.2620	1722.6667	4497.0000	
4	163.394	329.3954	1315.0000	4091.3335	
5	169.865	439.5283	1818.0000	4596.3335	
6	176.330	486.3278	1512.0000	4229.0000	
7	182.790	464.4613	1700.6667	4287.6670	
8	189.244	420.9276	1313.0000	3748.3335	
9	195.693	381.7270	1748.0000	4036.0000	
10	202.136	297.1934	1584.3333	3679.6665	
11	208.573	194.9930	2060.6667	3945.6665	
12	215.005	240.4594	1483.3334	3305.6665	
13	221.431	171.3055	1892.6666	3591.0000	
14	227.851	176.5965	1674.6665	3313.3330	
15	234.266	126.7065	2058.0000	3648.6670	
16	240.675	156.1489	1499.6666	3121.6665	
17	247.078	234.2587	1720.3333	3422.3333	
18	253.476	299.7014	1488.3334	3257.6665	
19	259.868	344.4775	1799.6667	3615.6665	
20	266.254	301.9209	1136.3333	2911.6667	
21	272.635	127.3901	1902.0000	3522.3330	
22	279.009	72.1934	1615.0000	3199.6665	
23	285.378	302.9966	1604.0000	3439.0000	
24	291.742	527.4666	1236.0000	3315.0000	
25	298.099	833.9172	1504.3334	3920.0000	
26	304.451	1057.3683	1073.0000	3742.3333	
27	310.797	861.8191	1781.6666	4285.6665	
28	317.137	579.5355	1294.0000	3559.0000	
29	323.471	725.3964	1366.3334	3731.6665	
30	329.800	798.5911	947.6666	3340.6665	
31	336.122	540.4520	1679.3333	3768.6665	
32	342.439	388.9801	1308.6666	3201.0000	
33	348.750	373.5079	1598.6666	3430.0000	
34	355.055	364.0355	971.0000	2747.3333	
35	361.354	295.3281	1422.0000	3072.3333	
36	367.648	243.3882	1048.6666	2606.0000	
37	373.935	158.5052	939.3334	2377.6667	
38	380.216	63.6224	1126.0000	2435.3335	
39	386.492	174.0724	1241.6667	2627.3333	
40	392.762	280.5229	806.0000	2264.0000	
41	399.025	222.9196	1155.0000	2666.3333	
42	405.283	122.4831	965.0000	2213.6667	
43	411.535	180.4632	596.6667	1877.6667	
44	417.781	306.7766	406.0000	1787.6667	
45	424.020	766.1816	904.3333	2761.0000	
46	430.254	798.2532	258.0000	2162.3335	
47	436.482	700.9913	427.3333	2250.0000	
48	442.704	525.7292	132.3333	1795.3333	
49	448.920	326.1677	558.3333	2048.6667	
50	455.129	274.1035	117.0000	1565.6666	
51	461.333	241.6855	164.0000	1624.3335	
52	467.531	213.4547	206.0000	1656.6667	
53	473.722	204.9260	371.0000	1778.3333	
54	479.908	287.5432	81.6667	1657.6667	
55	486.087	596.4105	-44.0000	1860.6667	
56	492.260	536.0696	-50.3333	1799.6667	
57	498.427	582.8387	288.6667	2173.0000	
58	504.588	326.6081	18.0000	1633.6667	
59	510.743	172.7106	172.6667	1622.0000	
60	516.892	295.4803	-152.3333	1407.3334	
61	523.034	646.1482	253.0000	2117.6665	
62	529.171	421.1497	-240.3333	1353.6666	
63	535.301	324.7346	358.3333	1770.6666	
64	541.425	304.6527	-154.6667	1323.0000	
65	547.543	287.8208	300.3333	1624.0000	
66	553.655	340.8224	270.0000	1601.0000	
67	559.760	770.1575	642.6666	2357.3335	
68	565.859	641.1583	88.0000	1628.0000	
69	571.952	250.1398	463.3334	1579.3335	
70	578.039	135.7751	-179.0000	801.0000	
71	584.119	135.1033	146.6667	1097.3333	
72	590.193	150.1819	-217.0000	704.0000	
73	596.261	166.1003	239.3333	1188.3334	
74	602.323	172.6021	48.3333	976.0000	
75	608.378	196.1455	199.3333	1038.3333	
76	614.427	234.7724	8.0000	966.0000	
77	620.469	340.5529	328.6667	1478.6666	
78	626.505	325.6005	108.0000	1112.0000	
79	632.535	392.3984	316.6667	1463.0000	
80	638.559	616.1129	71.3333	1456.3334	
81	644.576	736.8271	558.0000	2078.6665	
82	650.587	873.5416	-73.6667	1598.6665	
83	656.591	992.9227	-0.3333	1806.3333	
84	662.589	831.9706	-40.6667	1620.0000	
85	668.581	996.2286	103.6667	1899.6667	
86	674.566	619.5702	-276.6667	945.6667	
87	680.544	648.4949	196.0000	1464.0000	
88	686.517	368.6691	-131.3333	950.3334	
89	692.483	350.4736	380.0000	1367.6666	
90	698.442	350.1951	-133.6667	998.0000	
91	704.395	328.1883	22.0000	1076.0000	
92	710.341	316.7806	-168.0000	872.6667	
93	716.281	222.5056	63.6667	1055.3333	
94	722.214	6.8977	-131.6667	689.6666	
95	728.141	50.2900	133.0000	1043.0000	
96	734.061	105.3487	-170.0000	840.3334	
97	739.975	162.0741	274.0000	1386.3334	
98	745.882	545.3622	-46.6667	1482.3334	
99	751.783	1589.8879	491.0000	3111.6670	
100	757.677	3576.4126	-302.6667	4351.6665	
101	763.564	3155.1316	321.6667	4586.6665	
102	769.445	1234.5170	-243.3333	2133.0000	
103	775.319	647.9026	228.0000	2049.6667	
104	781.187	728.2883	-156.6667	1777.3335	
105	787.048	1000.1591	352.3333	2575.3333	
106	792.902	1025.6968	112.0000	2377.6667	
107	798.750	1244.9011	340.6667	2842.6667	
108	804.591	870.4384	-143.0000	2001.6667	
109	810.425	356.7414	441.6667	2061.0000	
110	816.253	153.7114	-76.0000	1328.6667	
111	822.074	156.0144	356.0000	1751.3334	
112	827.888	71.6591	-141.3333	1170.6666	
113	833.695	153.2270	356.3333	1642.0000	
114	839.496	309.2950	-58.3333	1459.6667	
115	845.290	569.4462	284.3333	2046.6667	
116	851.078	377.9308	72.0000	1627.0000	
117	856.858	230.8175	311.6667	1729.3333	
118	862.632	133.3707	226.6667	1556.6666	
119	868.399	215.2745	297.3333	1707.0000	
120	874.159	264.7424	-22.3333	1449.3334	
121	879.913	490.0316	430.6666	2131.0000	
122	885.659	595.3209	27.3333	1836.3333	
123	891.399	605.2770	323.6667	2146.0000	
124	897.132	225.8994	137.6667	1584.0000	
125	902.858	223.8816	232.6667	1671.6665	
126	908.577	292.5306	-141.0000	1361.3334	
127	914.290	446.5128	300.6667	1951.6665	
128	919.995	493.1617	-271.0000	1421.3333	
129	925.694	339.8107	308.3333	1842.0000	
130	931.385	211.7929	-144.6667	1255.6666	
131	937.070	206.7752	461.3333	1851.3333	
132	942.748	235.7578	-62.0000	1351.6666	
133	948.419	358.7412	240.0000	1787.0000	
134	954.083	489.4196	-89.3333	1587.3335	
135	959.740	412.0976	158.6667	1757.0000	
136	965.390	181.7751	-61.3333	1305.6666	
137	971.033	202.2931	165.6667	1552.3333	
138	976.669	236.0820	-346.6667	1089.0000	
139	982.299	236.9332	121.0000	1547.3333	
140	987.921	260.1894	13.3333	1405.6667	
141	993.536	290.4027	7.3333	1472.0000	
142	999.144	326.8661	-230.0000	1266.3334	
143	1004.745	322.1630	208.3333	1691.0000	
144	1010.339	391.2931	-366.0000	1213.6667	
145	1015.926	411.2566	101.6667	1706.0000	
146	1021.506	326.2201	-17.6667	1506.3334	
147	1027.078	282.6833	208.0000	1681.6665	
148	1032.644	262.1466	-117.0000	1402.3334	
149	1038.203	260.0710	134.6667	1558.3333	
150	1043.754	267.6620	-217.6667	1243.0000	
151	1049.298	250.5865	13.0000	1448.0000	
152	1054.836	253.1777	-367.0000	1063.0000	
153	1060.366	192.3380	132.6667	1493.6666	
154	1065.889	252.8852	-141.0000	1284.0000	
155	1071.404	438.3149	123.3333	1718.6667	
156	1076.913	649.4113	-182.3333	1609.0000	
157	1082.414	636.3933	189.6667	1955.6665	
158	1087.908	365.0424	-272.3333	1210.0000	
159	1093.395	135.6913	204.0000	1444.6666	
160	1098.875	248.0070	-45.3333	1295.3334	
161	1104.348	346.6159	193.3333	1610.6667	
162	1109.813	339.8443	-189.6667	1222.3334	
163	1115.271	324.0726	289.3333	1687.0000	
164	1120.721	271.3009	-236.0000	1110.3333	
165	1126.165	167.0119	231.6667	1475.3333	
166	1131.601	142.3896	-220.0000	1000.6666	
167	1137.030	174.4339	328.6667	1583.0000	
168	1142.452	298.8112	-349.0000	1031.3334	
169	1147.866	427.2315	258.6667	1784.6667	
170	1153.273	689.9854	-205.3333	1600.6667	
171	1158.672	793.7388	252.3333	2179.3333	
172	1164.064	455.8262	-197.6667	1408.6667	
173	1169.449	312.9659	398.6667	1880.0000	
174	1174.827	249.8975	-50.6667	1310.0000	
175	1180.197	207.8974	355.3333	1778.6665	
176	1185.560	191.4852	-40.0000	1380.3333	
177	1190.915	185.0314	258.0000	1622.3334	
178	1196.263	263.6192	48.0000	1577.3334	
179	1201.603	424.8738	272.6667	1979.6667	
180	1206.936	425.7947	-162.3333	1562.0000	
181	1212.262	443.0508	355.6667	2114.0000	
182	1217.580	473.0135	13.3333	1805.0000	
183	1222.891	554.1196	389.3333	2275.6665	
184	1228.194	527.8929	-56.0000	1817.6667	
185	1233.489	430.1060	384.6667	2178.3335	
186	1238.778	359.9848	112.3333	1853.6665	
187	1244.058	274.5310	411.0000	2084.6665	
188	1249.331	206.4104	93.3333	1716.6667	
189	1254.597	241.8893	631.3333	2331.3335	
190	1259.855	146.7009	251.3333	1897.3333	
191	1265.106	174.1796	677.3334	2392.0000	
192	1270.349	329.6586	309.0000	2220.3333	
193	1275.584	480.1374	678.3333	2781.3335	
194	1280.812	451.6157	119.6667	2235.3333	
195	1286.032	571.4279	744.0000	3020.6667	
196	1291.244	914.7526	100.0000	2775.0000	
197	1296.449	912.7363	682.3333	3350.6665	
198	1301.647	708.7201	348.0000	2807.6667	
199	1306.836	756.0366	861.0000	3363.3333	
200	1312.018	752.3536	508.6667	3002.6667	
201	1317.193	261.8846	583.3334	2560.6667	
202	1322.359	125.4156	531.6666	2346.3333	
203	1327.518	463.8893	718.3333	2831.6667	
204	1332.670	502.1446	444.3333	2585.0000	
205	1337.813	272.2548	919.0000	2851.3335	
206	1342.949	147.6984	260.6667	2090.0000	
207	1348.077	99.4753	888.6666	2691.3333	
208	1353.198	175.5856	345.0000	2245.3333	
209	1358.311	260.6960	1095.6666	3102.6670	
210	1363.415	783.8059	529.6667	3081.3333	
211	1368.513	1380.2498	925.0000	4094.6665	
212	1373.602	1479.3604	542.0000	3832.3335	
213	1378.684	1615.1497	948.0000	4406.3330	
214	1383.757	1151.9392	552.6666	3580.0000	
215	1388.823	472.0621	1095.6666	3475.3333	
216	1393.881	156.5177	459.0000	2555.3333	
217	1398.932	40.7844	997.0000	3000.0000	
218	1403.974	0.0000	649.0000	2597.0000	
219	1409.009	342.5499	1293.6666	3570.0000	
220	1414.036	827.0991	630.0000	3376.6670	
221	1419.054	1341.4740	1000.3333	4242.3335	
222	1424.065	1803.8494	683.6667	4369.0000	
223	1429.068	3479.5576	1028.3334	6370.3330	
224	1434.064	5427.4014	735.3334	7985.6670	
225	1439.051	5577.5322	1073.0000	8431.0000	
226	1444.030	5377.6636	698.0000	7813.6670	
227	1449.001	5151.4595	1197.6667	8044.6660	
228	1453.965	4691.9243	529.3333	6874.3330	
229	1458.920	3866.1252	1171.6667	6586.3330	
230	1463.868	2811.9929	622.0000	4878.0000	
231	1468.807	2026.1936	1149.0000	4514.6665	
232	1473.739	1267.3948	589.6667	3091.9998	
233	1478.662	702.0852	1035.3334	2877.3335	
234	1483.578	327.4430	509.0000	1881.3335	
235	1488.485	221.1335	1027.3334	2198.3335	
236	1493.385	231.1583	403.0000	1489.0000	
237	1498.276	197.9679	1110.6667	2099.0000	
238	1503.159	176.7267	513.6667	1424.3334	
239	1508.035	128.2740	1043.3334	1863.6667	
240	1512.902	104.8209	447.3333	1202.3334	
241	1517.761	146.7009	980.0000	1735.0000	
242	1522.612	171.2477	646.0000	1383.6666	
243	1527.454	174.4611	1325.6667	2024.6666	
244	1532.289	228.3409	734.3333	1445.3334	
245	1537.116	260.1960	1291.6666	2030.6667	
246	1541.934	264.9633	631.0000	1410.6667	
247	1546.745	256.3967	1291.3334	2098.3335	
248	1551.547	421.8310	665.6667	1674.0000	
249	1556.341	643.2061	1284.6666	2586.0000	
250	1561.126	1314.9153	731.3333	2776.0000	
251	1565.904	1440.2903	1210.3334	3452.0000	
252	1570.673	778.6667	907.3334	2559.0000	
253	1575.434	438.4502	1094.3334	2478.3333	
254	1580.187	162.5670	735.0000	1915.6667	
255	1584.932	136.3503	1224.3334	2451.3335	
256	1589.668	65.8002	544.6667	1773.6665	
257	1594.396	7.2507	1129.3334	2372.3335	
258	1599.116	105.0341	557.3333	1970.6667	
259	1603.828	372.6366	1027.3334	2803.3335	
260	1608.531	1221.4315	773.0001	3449.6670	
261	1613.226	1441.2552	1145.6666	4111.6665	
262	1617.912	1097.0790	1064.6667	3756.0000	
263	1622.591	1101.5697	1180.6666	3946.0000	
264	1627.261	1796.0598	696.6666	4226.0000	
265	1631.922	2723.7898	1063.6666	5560.0000	
266	1636.576	3344.9534	558.3333	5690.3335	
267	1641.220	3916.4587	1333.0000	7048.0000	
268	1645.857	4418.2979	527.6667	6756.0000	
269	1650.485	3234.9065	1103.6666	6059.6665	
270	1655.105	2209.8479	682.3334	4524.3335	
271	1659.716	1889.4563	1167.3334	4600.0000	
272	1664.319	1904.7324	614.3333	3973.3335	
273	1668.913	2315.3406	1285.0000	4965.6665	
274	1673.499	3142.2820	526.3333	4945.0000	
275	1678.077	3772.5574	850.0000	5810.0000	
276	1682.646	2205.4993	746.0000	4050.0000	
277	1687.206	760.7773	1001.0000	2764.6667	
278	1691.759	290.7219	604.6666	1802.6667	
279	1696.302	116.3325	1126.3334	2054.3333	
280	1700.837	101.3991	508.3333	1341.3334	
281	1705.364	96.2170	1071.3334	1800.3335	
282	1709.882	114.0343	451.3334	1099.3334	
283	1714.391	181.1855	978.6666	1595.0000	
284	1718.892	252.6696	402.0000	989.6666	
285	1723.385	282.3832	1134.0000	1726.3333	
286	1727.868	282.7639	334.0000	893.6666	
287	1732.344	284.8401	911.6666	1414.0000	
288	1736.810	278.2940	457.0000	973.0000	
289	1741.268	271.8312	902.0000	1410.6666	
290	1745.717	281.2015	310.6667	820.3334	
291	1750.158	287.3224	955.0000	1407.6667	
292	1754.590	293.2762	327.6667	857.3334	
293	1759.014	300.4440	940.3333	1449.6666	
294	1763.428	285.1118	119.3333	583.6667	
295	1767.835	281.3634	796.3334	1243.0000	
296	1772.232	299.0727	228.3333	671.6667	
297	1776.621	304.8543	703.3333	1161.6667	
298	1781.001	297.9276	-43.3333	452.6667	
299	1785.372	290.5006	788.0000	1207.6667	
300	1789.735	288.4071	-24.3333	415.6667	
301	1794.089	269.5417	708.0000	1145.0000	
302	1798.434	256.9522	281.0000	687.6666	
303	1802.770	259.3627	853.0000	1276.6667	
304	1807.098	268.1064	391.6667	797.0000	
305	1811.416	273.3293	439.3333	861.0000	
306	1815.726	271.6773	176.3333	593.0000	
307	1820.027	269.5876	731.6666	1184.6666	
308	1824.320	228.0608	109.0000	449.3333	
309	1828.603	274.2001	799.0001	1187.3333	
310	1832.878	278.0064	85.6667	479.6667	
311	1837.144	290.1458	601.0000	1009.0000	
312	1841.401	291.9527	234.6667	646.3334	
313	1845.649	271.5628	310.0000	705.0000	
314	1849.889	252.1729	164.3333	543.6666	
315	1854.119	259.7833	554.6667	945.3334	
316	1858.340	278.9764	-26.6667	391.3333	
317	1862.553	289.1933	364.0000	766.0000	
318	1866.757	313.6603	-12.0000	431.6667	
319	1870.951	294.6272	377.3333	799.6667	
320	1875.137	282.7609	-317.3333	91.6667	
321	1879.314	277.7278	366.6667	790.0000	
322	1883.482	259.6380	-177.0000	201.0000	
323	1887.641	257.9717	204.6667	597.6666	
324	1891.791	261.4724	-232.0000	145.0000	
325	1895.932	265.4254	451.0000	842.0000	
326	1900.064	270.2951	-190.6667	175.6667	
327	1904.187	283.5814	337.0000	726.3333	
328	1908.300	301.4504	-313.6667	88.6667	
329	1912.405	308.7531	264.6667	658.0000	
330	1916.501	283.1253	-207.3333	158.6667	
331	1920.588	280.1225	254.6667	614.0000	
332	1924.666	281.8284	-275.3333	56.3333	
333	1928.734	280.2450	431.0000	833.3333	
334	1932.794	266.4533	-187.3333	159.0000	
335	1936.844	242.5783	366.3333	689.0000	
336	1940.885	267.0365	-212.0000	135.3333	
337	1944.917	286.4115	103.0000	525.0000	
338	1948.940	281.2864	-155.3333	175.0000	
339	1952.954	265.9114	330.3333	698.3334	
340	1956.959	273.1194	-204.6667	123.0000	
341	1960.955	283.8149	151.0000	512.3333	
342	1964.941	294.8437	-112.0000	248.0000	
343	1968.918	316.7202	113.6667	521.0000	
344	1972.886	278.2277	-400.3333	-32.0000	
345	1976.845	267.1367	136.0000	485.3333	
346	1980.794	262.3790	-346.6667	19.3333	
347	1984.735	255.0379	-55.0000	289.6667	
348	1988.666	259.1967	-387.0000	-38.3333	
349	1992.588	268.3611	273.0000	635.6667	
350	1996.500	283.2925	-450.0000	-116.0000	
351	2000.404	290.8491	225.6667	616.0000	
352	2004.298	292.7390	-467.6667	-104.0000	
353	2008.182	293.2122	168.6667	559.6666	
354	2012.058	262.1854	-456.0000	-116.3333	
355	2015.924	272.9919	201.0000	539.0000	
356	2019.781	284.7987	-543.3333	-182.0000	
357	2023.628	288.2210	203.6667	564.6667	
358	2027.466	270.3100	-470.6667	-131.3333	
359	2031.295	284.0655	138.0000	487.3333	
360	2035.114	291.1545	-462.6666	-110.0000	
361	2038.924	286.6036	193.3333	537.6667	
362	2042.725	266.3861	-484.6667	-164.3333	
363	2046.516	260.8352	143.0000	454.0000	
364	2050.298	264.3032	-489.3333	-190.6667	
365	2054.070	285.5038	132.3333	477.0000	
366	2057.833	275.9543	-433.0000	-97.0000	
367	2061.586	262.9881	160.0000	456.0000	
368	2065.330	263.8553	-417.6667	-74.0000	
369	2069.065	273.5558	126.6667	446.6666	
370	2072.790	272.6730	-377.0000	-34.0000	
371	2076.505	284.1678	252.0000	590.3333	
372	2080.211	282.6732	-421.0000	-85.3333	
373	2083.908	281.0282	118.6667	452.6666	
374	2087.595	267.2998	-334.0000	-47.0000	
375	2091.272	275.2381	-38.0000	297.6667	
376	2094.940	290.5929	-359.0000	-34.6667	
377	2098.599	295.5088	187.6667	553.3334	
378	2102.248	288.5914	-252.3333	96.0000	
379	2105.887	287.5907	112.6667	470.3333	
380	2109.516	277.3398	-476.3333	-177.3333	
381	2113.136	270.9057	-790.0000	-426.0000	
382	2116.747	273.0549	-199.0000	110.6667	
383	2120.348	268.2874	157.3333	471.0000	
384	2123.939	263.4366	-623.0000	-311.3333	
385	2127.521	256.2061	48.3333	381.6667	
386	2131.093	258.0328	-454.3333	-172.6667	
387	2134.655	271.4430	36.6667	361.0000	
388	2138.207	284.2701	-455.3334	-120.0000	
389	2141.750	277.7045	229.6667	565.3333	
390	2145.283	268.8057	-483.3334	-161.6667	
391	2148.807	274.8236	168.0000	500.3333	
392	2152.321	288.6534	-641.3334	-331.6667	
393	2155.825	289.1129	-2.0000	367.6667	
394	2159.319	287.3224	-350.0000	-11.6667	
395	2162.804	285.3652	292.6667	634.0000	
396	2166.279	281.4911	-348.6667	8.3333	
397	2169.744	259.4943	87.3333	400.6667	
398	2173.199	271.3932	-468.6666	-166.6667	
399	2176.644	293.5005	98.0000	441.0000	
400	2180.080	286.5869	-265.6667	91.0000	
401	2183.506	283.1733	386.0000	689.0000	
402	2186.922	285.3431	-401.3333	-68.3333	
403	2190.328	279.8462	-78.0000	242.6667	
404	2193.725	257.3497	-421.0000	-125.0000	
405	2197.111	268.0222	168.3333	463.6667	
406	2200.488	273.3885	-490.6667	-142.6667	
407	2203.854	274.7404	191.3333	475.3333	
408	2207.211	275.5088	-433.0000	-71.0000	
409	2210.558	249.9785	284.6667	582.3333	
410	2213.896	261.5316	-443.6666	-163.6667	
411	2217.223	276.1471	239.3333	572.3334	
412	2220.540	275.8663	-388.3333	-61.0000	
413	2223.847	289.4517	292.3333	606.3334	
414	2227.145	288.1844	-665.6667	-307.0000	
415	2230.432	283.5837	145.0000	456.0000	
416	2233.709	274.2747	-689.6667	-337.0000	
417	2236.977	271.7157	190.0000	475.6667	
418	2240.234	280.5733	-573.6666	-242.0000	
419	2243.482	282.3477	-61.3333	274.6667	
420	2246.719	285.4558	-423.3333	-81.6667	
421	2249.946	298.9687	225.0000	581.0000	
422	2253.164	281.8149	-500.3333	-160.6667	
423	2256.371	259.9944	195.3333	514.0000	
424	2259.568	272.8408	-408.6667	-76.3333	
425	2262.755	319.4972	109.0000	487.6666	
426	2265.933	265.8203	-196.0000	128.6667	
427	2269.100	250.8062	295.0000	597.3333	
428	2272.256	260.5317	-365.0000	-39.3333	
429	2275.403	269.2214	140.3333	448.3333	
430	2278.540	289.6612	-403.0000	-46.3333	
431	2281.667	279.9134	257.3333	615.6667	
432	2284.783	277.9990	-424.6667	-117.0000	
433	2287.889	279.0012	139.3333	500.3333	
434	2290.985	289.0031	-459.6667	-114.6667	
435	2294.071	277.7509	183.3333	495.0000	
436	2297.147	277.5606	-656.3333	-295.6667	
437	2300.212	247.0920	241.6667	540.0000	
438	2303.267	262.8524	-460.0000	-164.0000	
439	2306.312	281.6546	-57.3333	275.3333	
440	2309.347	281.7692	-634.0000	-301.3333	
441	2312.372	284.5321	305.0000	607.6666	
442	2315.386	305.6284	-352.3333	3.6667	
443	2318.390	299.2249	77.3333	426.6667	
444	2321.384	250.8200	-554.3333	-253.6667	
445	2324.368	263.3935	335.6667	623.6666	
446	2327.341	276.1336	-545.6667	-194.0000	
447	2330.304	276.8738	135.0000	448.0000	
448	2333.256	268.8938	-478.0000	-126.0000	
449	2336.199	278.7338	-50.3333	241.0000	
450	2339.131	279.4072	-442.0000	-73.0000	
451	2342.052	281.6013	339.3333	689.0000	
452	2344.963	277.6718	-604.6667	-263.3333	
453	2347.864	274.1763	297.6667	641.6666	
454	2350.755	255.9310	-466.3333	-151.6667	
455	2353.635	287.5669	138.6667	472.3333	
456	2356.505	293.8906	-556.3334	-216.6667	
457	2359.364	288.7775	158.6667	490.6667	
458	2362.213	278.3313	-342.0000	-23.0000	
459	2365.051	264.6350	167.3333	459.6667	
460	2367.879	265.7725	-283.6667	44.3333	
461	2370.697	269.2041	59.6667	331.3333	
462	2373.504	284.6355	-315.3333	-2.0000	
463	2376.300	284.7336	215.3333	539.3333	
464	2379.086	279.4985	-480.6667	-150.3333	
465	2381.862	271.4300	64.6667	322.0000	
466	2384.627	266.8615	-362.0000	-68.3333	
467	2387.382	279.9597	214.6667	492.6667	
468	2390.125	290.2240	-618.3334	-320.0000	
469	2392.859	278.7186	138.6667	434.6667	
470	2395.582	263.5522	-419.6667	-142.0000	
471	2398.294	274.0524	255.0000	540.0000	
472	2400.996	283.2188	-680.3333	-351.0000	
473	2403.687	281.4332	205.3333	472.3333	
474	2406.368	269.0643	-481.0000	-198.3333	
475	2409.038	269.6121	277.6667	545.3333	
476	2411.697	282.3507	-418.6667	-149.0000	
477	2414.346	279.0518	277.3333	539.3334	
478	2416.984	280.0238	-515.6667	-216.0000	
479	2419.612	270.6624	43.6667	260.3333	
480	2422.228	263.3011	-464.0000	-183.0000	
481	2424.834	264.2730	186.3333	402.6667	
482	2427.430	286.4950	-509.6666	-243.3333	
483	2430.015	306.1336	148.3333	433.3333	
484	2432.589	286.0433	1081.3334	1472.6667	
485	2435.152	257.4255	175.3333	406.3333	
486	2437.705	281.0786	-716.3334	-466.0000	
487	2440.247	295.3982	27.0000	287.3333	
488	2442.778	299.7185	-490.6667	-230.3333	
489	2445.298	303.2332	-14.0000	246.3333	
490	2447.808	280.3682	-580.6667	-318.6667	
491	2450.306	273.3940	341.6667	561.3333	
492	2452.794	270.2540	-444.6666	-202.6667	
493	2455.272	266.1031	225.3333	442.6667	
494	2457.738	266.6187	-625.6667	-391.3333	
495	2460.194	244.4677	233.0000	434.0000	
496	2462.638	239.3167	-343.6667	-148.3333	
497	2465.073	243.8323	390.0000	589.3333	
498	2467.496	324.3480	-488.6666	-209.3333	
499	2469.908	292.8636	407.3333	654.6666	
500	2472.309	291.2326	-400.6667	-168.6667	
501	2474.699	292.0201	-58.3333	195.6667	
502	2477.079	290.7869	-510.6667	-265.6667	
503	2479.448	291.5744	188.3333	440.0000	
504	2481.805	271.1953	-414.0000	-192.0000	
505	2484.152	242.3161	185.3333	377.6667	
506	2486.488	267.7703	-424.3334	-207.3333	
507	2488.813	272.3078	157.3333	409.6667	
508	2491.127	273.0953	-666.3334	-470.0000	
509	2493.430	276.4870	194.6667	412.0000	
510	2495.722	305.2537	-330.3333	-79.0000	
511	2498.003	258.7079	-108.3333	95.6667	
