resultName	muna-16-226
resultName	muna-16-226
ID	RS20201106095253_P19331194
Command	SCANANDSEARCH
User	Admin
Application	_Analyze
SerialNumber	P19331194
Power	280
Integration	900
Averages	3
AutoExposure	Off
AutoCollect	Off
QuickCollect	Off
AutoBackground	On
BaselineCorrection	On
Algorithm	Wavelet
Searched Library	All,None,None,None
MixtureComponents	2
matchThreshold	0.0
displayMatches	1
Threshold	0.80
WL Start	
WL End	
ServerVersion	3.180316
FirmwareVersion	
date	2020-11-06
time	09:52:53
scanindex	0
specpath	RS20201106095253_P19331194.xml
Search Range	200 - 2500
Synced	false
lastCalDateTime	2020-10-28 08:17:07
lastCalUser	Admin
lastCalResult	PASS
lastVerifyDateTime	2020-11-06 08:24:10
lastVerifyUser	Admin
lastVerifyResult	PASS
selectedMaterial	
result	No Match
ValidationGUID	
ValidationMatchQuality	
topMatch	
topMatchGUID	
topMatchQuality	
secondMatch	
secondMatchGUID	
secondMatchQuality	
thirdMatch	
thirdMatchGUID	
thirdMatchQuality	
fourthMatch	
fourthMatchGUID	
fourthMatchQuality	
fifthMatch	
fifthMatchGUID	
fifthMatchQuality	
signedBy	
signedDateTime	
softwareVer	1.7.0.21
memo	
batchID	
inBatch	false
batchUID	
batchCID1	
batchCIDlbl1	
batchCID2	
batchCIDlbl2	
batchCID3	
batchCIDlbl3	
batchCID4	
batchCIDlbl4	
batchCID5	
batchCIDlbl5	
signedTitle	
signedReason	
rescanned	
barcode	
topMatchContribs	
secondMatchContribs	
thirdMatchContribs	
fourthMatchContribs	
fifthMatchContribs	
ValidationMatchContribs	
Threat	
PrecursorList	
CompundName	
WindowStart4C	
MatchLibrary	
lastModified	2020/11/06 09:58
Signal2Noise	35.63
Detector TEC SetPoint	0x8000
Detector Temp	4.93
Laser Temp	25.37
OE1 Temp	36.16
OE2 Temp	40.38
Detector Gain	200
SaturationDetected	false
InterpolatedPixelList	
PeakList	 286.1	701	295.6	475	399.4	574	444.6	437	452.0	405	481.4	353	650.3	1081	679.2	869	736.3	764	749.2	556	840.4	681	959.8	436	1126.6	589	1141.3	521	1207.6	444	1249.9	441	1337.7	682	1368.4	682	1457.7	4037	1645.7	1907	1676.9	1299	1709.6	753
index	Raman Shift (cm-1)	Y value (counts)	background (counts)	raw value (counts)
0	137.234	328.5653	5848.3335	8066.3340	
1	143.735	222.4047	6308.0000	8361.0000	
2	150.232	208.5787	6504.3330	8484.6670	
3	156.722	239.7515	6778.0000	8730.6670	
4	163.207	208.5915	6513.6660	8376.3330	
5	169.686	278.0974	7234.3330	9107.6660	
6	176.159	238.6043	6902.0000	8677.0000	
7	182.627	199.4453	7117.3330	8794.3340	
8	189.089	129.6172	6523.0000	8071.3330	
9	195.545	88.4581	7277.0000	8725.3340	
10	201.996	127.2980	7038.6660	8467.0000	
11	208.440	166.8040	7722.0000	9131.0000	
12	214.879	268.3099	7014.3340	8466.0000	
13	221.313	216.6326	7674.6670	9055.3330	
14	227.740	205.4675	7393.0000	8736.6660	
15	234.162	113.1619	7849.6670	9117.3330	
16	240.578	93.5235	6881.0000	8145.3330	
17	246.988	96.8851	7334.0000	8618.0000	
18	253.392	103.2467	6754.3330	8061.0000	
19	259.791	178.6073	7406.6670	8805.0000	
20	266.184	172.9689	6421.6670	7830.6670	
21	272.570	282.3677	7536.0000	9086.6660	
22	278.951	530.7686	7165.3330	8996.6670	
23	285.327	700.5004	7135.6670	9169.0000	
24	291.696	422.5672	6679.6670	8467.3340	
25	298.059	474.8596	6969.0000	8839.3330	
26	304.417	418.4857	6585.0000	8429.3330	
27	310.768	257.7800	7494.3330	9208.3340	
28	317.114	258.1429	6519.0000	8273.3340	
29	323.454	251.0951	6888.6670	8594.6660	
30	329.788	223.3827	6428.3335	8065.3330	
31	336.116	279.0033	7133.3330	8784.6660	
32	342.438	262.2903	6782.0000	8375.3330	
33	348.754	138.9113	6936.0000	8364.6670	
34	355.064	59.1985	5976.0000	7283.6670	
35	361.368	126.5239	7103.3340	8427.6660	
36	367.666	47.0706	6034.6665	7238.0000	
37	373.958	130.4701	6128.6665	7407.6670	
38	380.244	325.5351	6314.0000	7780.3330	
39	386.524	301.6005	6486.3340	7921.0000	
40	392.798	309.0010	5354.3330	6788.6670	
41	399.066	574.4513	6122.3330	7811.6670	
42	405.328	468.5674	5549.0000	7122.0000	
43	411.583	275.0172	4197.6670	5566.6665	
44	417.833	188.8011	4524.3335	5796.6665	
45	424.077	161.9812	4968.6665	6206.3340	
46	430.314	189.1595	3679.3335	4936.3335	
47	436.546	300.3386	2788.6667	4149.0000	
48	442.771	436.8512	2490.3333	3979.3335	
49	448.991	389.9147	4107.0000	5550.0000	
50	455.204	404.7079	2820.6667	4267.0000	
51	461.411	228.8345	2580.0000	3839.0000	
52	467.611	113.6278	2524.3333	3656.6665	
53	473.806	234.1631	3604.3335	4834.3335	
54	479.995	352.6981	2192.0000	3517.6665	
55	486.177	299.5669	1245.3334	2495.0000	
56	492.353	225.0598	2280.6667	3425.3335	
57	498.523	126.5184	2855.6667	3885.0000	
58	504.686	88.3105	2804.6667	3779.0000	
59	510.844	158.7693	1617.0000	2645.0000	
60	516.995	229.5611	1978.0000	3057.6665	
61	523.140	254.6354	2815.3335	3878.6665	
62	529.279	326.7098	1630.3335	2787.3333	
63	535.411	264.7842	2575.6667	3659.6665	
64	541.537	201.6087	1576.0000	2565.6665	
65	547.657	212.6830	2600.6667	3600.6665	
66	553.771	179.3411	3860.6665	4826.0000	
67	559.878	127.0820	4401.3335	5303.3335	
68	565.979	172.8232	3011.6665	3948.3335	
69	572.074	199.5915	2367.0000	3341.0000	
70	578.162	258.6230	911.6666	1962.0000	
71	584.244	200.1640	750.0000	1762.0000	
72	590.319	77.7052	1262.6666	2172.3335	
73	596.389	60.7598	2595.0000	3523.6665	
74	602.451	219.8151	2949.6667	4073.3335	
75	608.508	503.8701	2970.3333	4414.0000	
76	614.558	703.5917	2799.0000	4478.3335	
77	620.601	870.8926	3225.3335	5088.6670	
78	626.639	470.9553	2569.0000	4049.3333	
79	632.669	621.6851	2405.3333	4053.3333	
80	638.694	665.0813	2324.6667	4033.0000	
81	644.712	965.4777	3088.3335	5114.0000	
82	650.723	1080.5411	2220.0000	4377.6670	
83	656.728	848.9373	1398.3334	3341.3335	
84	662.727	580.3337	1331.0000	3022.3335	
85	668.719	541.3508	1550.3334	3192.0000	
86	674.704	728.7017	664.6667	2483.0000	
87	680.683	869.3855	1213.6667	3162.0000	
88	686.655	570.0693	1775.0000	3413.3335	
89	692.621	264.5945	2033.0000	3346.3335	
90	698.581	190.7863	964.3333	2161.6667	
91	704.534	201.9904	1622.3333	2853.0000	
92	710.480	145.6884	1444.6666	2583.3335	
93	716.420	71.9053	1447.6666	2502.3335	
94	722.353	147.1221	1353.3334	2473.0000	
95	728.279	495.3391	1571.6666	3029.3333	
96	734.199	763.8893	1239.3334	2955.3333	
97	740.112	613.4399	1958.6665	3514.0000	
98	746.019	547.1725	1661.0000	3133.0000	
99	751.919	556.3646	2487.3333	3971.3330	
100	757.813	339.8905	1415.0000	2685.3333	
101	763.699	197.5104	2266.6667	3396.0000	
102	769.580	189.7974	1485.3333	2608.3335	
103	775.453	114.7503	1929.3335	2978.6667	
104	781.320	32.7042	1560.9999	2529.6667	
105	787.180	92.3277	2209.3333	3244.3335	
106	793.033	126.6174	1962.0000	3038.0000	
107	798.880	311.2407	2425.6667	3693.0000	
108	804.720	386.8646	1778.6665	3128.3335	
109	810.553	420.5348	2336.3335	3750.0000	
110	816.379	280.2057	1654.0000	2957.6667	
111	822.199	203.8764	2174.3333	3432.0000	
112	828.012	218.9016	1685.6665	2999.0000	
113	833.818	455.5996	2232.0000	3812.6667	
114	839.617	680.6306	1799.3335	3635.6665	
115	845.410	502.9957	2203.6667	3893.0000	
116	851.195	347.0267	1910.3333	3474.3330	
117	856.974	322.2552	2231.0000	3778.3335	
118	862.746	330.8165	2015.6667	3579.6665	
119	868.512	356.4367	2100.3333	3686.0000	
120	874.270	288.7929	1589.0000	3099.3335	
121	880.022	224.5332	1938.6667	3362.6665	
122	885.766	185.6075	1624.6667	2987.6667	
123	891.504	240.6814	1986.0000	3382.0000	
124	897.235	254.0889	1832.0000	3219.3335	
125	902.959	310.0142	1722.0000	3138.0000	
126	908.676	182.9394	1333.6667	2595.3333	
127	914.386	140.1983	1964.3333	3132.6665	
128	920.090	155.1237	1210.0000	2389.3335	
129	925.786	173.1325	1898.0000	3055.3335	
130	931.475	200.3912	1184.0000	2396.3333	
131	937.158	188.8997	1742.6667	2874.0000	
132	942.833	159.4920	1247.0000	2321.6667	
133	948.502	203.7544	1661.3334	2772.0000	
134	954.163	311.0022	1106.3334	2314.0000	
135	959.818	436.2502	1536.3333	2859.0000	
136	965.465	292.1647	1294.6666	2463.0000	
137	971.106	210.3939	1464.6666	2551.3335	
138	976.739	244.9562	763.3334	1884.6667	
139	982.366	274.1853	1261.6666	2412.3333	
140	987.985	245.8564	1152.0000	2267.3333	
141	993.597	196.0203	1253.3333	2305.0000	
142	999.202	180.2675	956.6667	2024.6667	
143	1004.800	168.3478	1507.3334	2568.0000	
144	1010.392	170.1784	899.3334	1985.3333	
145	1015.975	168.5922	1363.3334	2401.0000	
146	1021.552	172.2562	1257.0000	2366.0000	
147	1027.122	163.8366	1516.6666	2604.6667	
148	1032.685	197.5004	1164.6667	2299.0000	
149	1038.240	211.0028	1507.0000	2678.0000	
150	1043.788	248.5054	1166.0000	2397.6667	
151	1049.329	236.1121	1446.0000	2687.0000	
152	1054.863	209.8645	843.3334	2066.0000	
153	1060.390	210.8312	1638.3333	2900.6667	
154	1065.910	168.2203	1394.6666	2614.0000	
155	1071.422	191.7894	1715.0000	2922.3335	
156	1076.927	261.7962	1401.6666	2782.6665	
157	1082.425	249.3973	1846.6667	3214.0000	
158	1087.916	217.6652	1119.0000	2453.3335	
159	1093.399	356.9330	1864.3334	3336.6670	
160	1098.875	310.8671	1706.0000	3131.0000	
161	1104.344	187.4953	2003.0000	3291.3335	
162	1109.806	184.2629	1543.0001	2812.0000	
163	1115.260	342.6981	2146.3333	3557.6670	
164	1120.707	425.1319	1544.0000	3021.6665	
165	1126.147	589.2664	2075.6667	3690.6665	
166	1131.580	491.0679	1636.3333	3126.3335	
167	1137.005	406.5357	2276.0000	3654.6670	
168	1142.422	520.6702	1532.6666	2998.6667	
169	1147.833	460.6618	2270.0000	3654.3335	
170	1153.236	243.6535	1941.6665	3087.3335	
171	1158.632	187.6447	2390.0000	3458.0000	
172	1164.020	141.6360	1887.3335	2887.6667	
173	1169.401	143.3044	2673.6665	3671.6670	
174	1174.775	163.3065	2191.0000	3205.3335	
175	1180.141	170.0724	2817.0000	3823.0000	
176	1185.500	176.3903	2333.0000	3424.0000	
177	1190.851	154.7083	2747.3333	3808.3335	
178	1196.195	188.2762	2489.0000	3615.3333	
179	1201.531	331.2614	2864.6665	4155.6670	
180	1206.860	444.2455	2335.0000	3760.6665	
181	1212.182	388.9432	3018.3335	4408.3335	
182	1217.496	274.7941	2636.0000	3923.3335	
183	1222.802	330.9809	3092.6667	4455.3335	
184	1228.101	224.5013	2707.3335	3982.6665	
185	1233.393	145.4669	3338.6670	4562.0000	
186	1238.677	166.4326	3002.3333	4273.6665	
187	1243.953	277.3983	3374.6665	4784.0000	
188	1249.222	441.3632	3031.3333	4631.6665	
189	1254.484	350.0270	3833.0000	5356.3335	
190	1259.737	230.0237	3325.3333	4743.0000	
191	1264.984	147.3535	3976.6670	5326.0000	
192	1270.222	249.3505	3596.0000	5061.6665	
193	1275.453	183.0146	4126.0000	5539.6670	
194	1280.677	177.3439	3510.3335	4932.6665	
195	1285.893	258.0079	4250.0000	5767.3335	
196	1291.101	183.9623	3593.0000	5062.3335	
197	1296.302	55.5477	4335.0000	5718.3335	
198	1301.495	24.7999	3915.0000	5310.0000	
199	1306.680	83.3854	4595.3335	6091.3335	
200	1311.858	264.3039	4201.3335	5920.6670	
201	1317.028	231.2180	4375.3330	6087.6665	
202	1322.190	189.1314	4226.0000	5922.3330	
203	1327.345	325.8320	4618.6670	6463.6670	
204	1332.492	545.9910	4241.0000	6325.6665	
205	1337.631	682.0873	4877.0000	7101.6670	
206	1342.762	470.5160	4151.6665	6168.6665	
207	1347.886	389.9455	4876.6665	6817.0000	
208	1353.002	275.7083	4230.6665	6060.6670	
209	1358.110	410.1372	5202.6665	7171.0000	
210	1363.211	654.9000	4624.6665	6841.6670	
211	1368.304	682.3284	5157.0000	7405.3330	
212	1373.389	532.7590	4689.6665	6792.3340	
213	1378.466	502.2142	5280.3335	7345.0000	
214	1383.535	399.6705	4780.6665	6735.3330	
215	1388.597	144.7940	5536.0000	7228.3340	
216	1393.651	0.2488	4731.6670	6272.0000	
217	1398.696	0.0000	5393.6665	6920.3330	
218	1403.734	124.6826	4888.6665	6505.0000	
219	1408.765	345.6977	5714.6665	7517.0000	
220	1413.787	595.3801	4887.0000	6904.0000	
221	1418.801	888.1597	5490.3330	7777.3330	
222	1423.808	1150.2723	5010.6665	7537.0000	
223	1428.807	1664.3848	5476.6665	8494.3330	
224	1433.797	2122.4158	5091.6665	8529.3330	
225	1438.780	2441.9731	5559.0000	9278.6670	
226	1443.755	2756.8621	5058.6670	9055.6660	
227	1448.722	3196.4197	5718.3335	10117.3340	
228	1453.681	3602.9746	4899.6670	9667.6660	
229	1458.632	4037.0979	5706.6665	10847.0000	
230	1463.575	3153.8867	4954.6665	9150.0000	
231	1468.510	1986.0088	5614.0000	8579.6660	
232	1473.438	1250.1321	4804.0000	6972.0000	
233	1478.357	741.4407	5401.6665	7007.3340	
234	1483.268	464.0807	4705.3335	5980.0000	
235	1488.171	268.7228	5455.0000	6480.6670	
236	1493.066	188.0305	4700.0000	5591.3335	
237	1497.953	148.1572	5554.6665	6363.6670	
238	1502.832	136.3538	4876.3330	5638.6665	
239	1507.703	168.6657	5341.3330	6118.6665	
240	1512.566	136.5606	4025.0000	4722.0000	
241	1517.421	140.2059	5014.3335	5682.6670	
242	1522.267	107.5178	5061.6665	5665.0000	
243	1527.106	200.1628	5929.6665	6593.3330	
244	1531.937	238.4538	5209.0000	5877.6665	
245	1536.759	251.1116	5942.6665	6610.0000	
246	1541.573	241.0137	5182.6665	5837.0000	
247	1546.379	225.8116	5914.3335	6630.6670	
248	1551.177	206.4429	5258.3330	5936.0000	
249	1555.967	154.6630	6057.3335	6741.3330	
250	1560.749	174.3010	5343.6665	6100.0000	
251	1565.522	164.2722	5956.3335	6755.3340	
252	1570.288	181.9086	5594.0000	6463.3330	
253	1575.045	118.8447	5991.3330	6869.3340	
254	1579.793	228.4457	5321.0000	6380.3330	
255	1584.534	251.0473	5946.0000	7099.6665	
256	1589.266	215.6489	5042.0000	6232.0000	
257	1593.991	204.9169	5452.3330	6703.3330	
258	1598.707	237.1855	4800.6665	6155.6670	
259	1603.414	147.1113	5724.0000	7075.6670	
260	1608.114	155.4116	5427.0000	6849.3330	
261	1612.805	149.7270	5955.0000	7435.3330	
262	1617.488	195.7102	5773.6665	7363.6670	
263	1622.162	264.6911	5971.3335	7694.0000	
264	1626.828	264.6738	5383.3335	7169.6670	
265	1631.486	416.4498	5776.0000	7758.3340	
266	1636.136	743.4775	5074.6670	7410.6665	
267	1640.777	1413.3721	6069.3330	9100.6670	
268	1645.410	1906.9309	5073.6670	8624.0000	
269	1650.034	1544.6211	5832.0000	8999.3330	
270	1654.650	878.9779	5177.0000	7658.0000	
271	1659.258	610.3347	5840.3330	8032.0000	
272	1663.857	711.3582	5154.6665	7426.6670	
273	1668.448	926.0480	5913.6670	8379.6670	
274	1673.031	1209.0718	5008.3330	7736.6670	
275	1677.605	1298.7605	5348.0000	8145.3330	
276	1682.170	1015.4519	5159.3335	7652.6670	
277	1686.728	642.8450	5365.3335	7432.3340	
278	1691.276	402.2357	4929.6670	6702.3330	
279	1695.817	321.6294	5667.6665	7306.0000	
280	1700.348	450.4926	4741.0000	6468.0000	
281	1704.872	552.4634	5351.3330	7091.3335	
282	1709.386	752.7666	4504.0000	6355.3330	
283	1713.893	665.0708	5335.0000	7009.6670	
284	1718.391	451.3740	4475.3335	5847.3330	
285	1722.880	126.0595	5133.6670	6104.6670	
286	1727.361	99.0781	3960.6670	4829.0000	
287	1731.833	104.9795	4848.3335	5637.6670	
288	1736.296	71.9733	4377.3330	5072.3335	
289	1740.751	116.6326	4698.0000	5376.3335	
290	1745.198	118.3751	3841.3330	4456.6665	
291	1749.636	179.7019	4721.3335	5352.3335	
292	1754.065	172.6109	4019.3330	4569.6665	
293	1758.486	192.1057	4574.3335	5108.6670	
294	1762.898	212.1829	3323.3335	3891.3335	
295	1767.301	236.2600	4230.3335	4743.6670	
296	1771.696	264.5886	3793.0000	4310.3335	
297	1776.082	261.8499	3960.3335	4477.6665	
298	1780.460	255.7779	2968.3335	3470.6665	
299	1784.829	219.3731	3775.6665	4232.6665	
300	1789.189	194.9680	2936.3333	3360.0000	
301	1793.540	182.8122	3726.3335	4094.6667	
302	1797.883	188.6213	3395.3330	3835.0000	
303	1802.217	191.3682	3961.0000	4364.3335	
304	1806.542	197.1776	3433.6665	3820.3330	
305	1810.859	202.0494	3256.6665	3706.0000	
306	1815.167	207.8586	2798.3333	3182.6665	
307	1819.466	207.5849	3373.0000	3771.6670	
308	1823.756	219.5734	2624.0000	3042.3333	
309	1828.038	222.3454	3556.6665	3927.0000	
310	1832.311	226.2838	2727.0000	3128.3335	
311	1836.575	228.2224	3004.6665	3398.6665	
312	1840.830	231.1609	2574.3333	2967.3333	
313	1845.076	203.9777	2762.6667	3132.3335	
314	1849.314	168.4610	2760.3335	3098.3335	
315	1853.542	196.6108	2995.6667	3365.6665	
316	1857.762	221.0111	2318.6665	2714.6665	
317	1861.973	228.1630	2529.6667	2920.0000	
318	1866.176	230.0650	1997.3333	2434.0000	
319	1870.369	219.4669	2122.6665	2513.6665	
320	1874.553	205.3689	1464.0000	1839.0000	
321	1878.729	206.6043	2202.0000	2576.3335	
322	1882.895	201.4858	1264.3334	1638.6667	
323	1887.053	209.7960	1478.3334	1863.0000	
324	1891.202	209.2727	1174.3334	1545.3334	
325	1895.342	209.7019	1983.0000	2372.3335	
326	1899.473	189.3811	1140.3333	1494.3333	
327	1903.595	191.9768	2018.3334	2338.6665	
328	1907.708	201.9063	1332.3334	1727.3333	
329	1911.812	218.2651	1746.0000	2101.3333	
330	1915.907	216.0596	1290.6666	1682.6667	
331	1919.993	216.0207	1554.3333	1906.3333	
332	1924.070	230.8981	1155.0000	1541.3334	
333	1928.138	232.8534	1858.3334	2279.0000	
334	1932.197	216.7256	1104.3334	1460.3333	
335	1936.247	197.7643	1408.6667	1789.6665	
336	1940.288	166.3866	1029.6666	1342.3334	
337	1944.319	191.6752	1408.3334	1744.0000	
338	1948.342	237.6307	1093.6666	1473.0000	
339	1952.356	234.2528	1369.6666	1743.3333	
340	1956.361	213.2086	419.6667	770.0000	
341	1960.356	202.6424	855.0000	1195.3333	
342	1964.343	203.4098	716.3333	1058.0000	
343	1968.320	215.7635	818.3334	1184.0000	
344	1972.288	213.4328	217.6667	576.6667	
345	1976.247	213.0674	444.3333	829.6667	
346	1980.197	211.6185	-115.0000	227.0000	
347	1984.138	209.1696	284.3333	659.0000	
348	1988.069	214.6376	-18.3333	345.3333	
349	1991.992	214.5353	456.3333	842.3333	
350	1995.905	222.7190	-309.6667	64.6667	
351	1999.809	203.8061	400.6667	725.0000	
352	2003.704	200.7266	-347.3333	21.3333	
353	2007.589	201.7305	279.6667	630.0000	
354	2011.466	210.4010	-353.3333	4.6667	
355	2015.333	220.4048	266.3333	632.0000	
356	2019.191	218.9918	-426.6667	-65.0000	
357	2023.039	216.7198	266.0000	648.6667	
358	2026.879	206.1977	-409.0000	-60.6667	
359	2030.708	201.2590	201.6667	563.6667	
360	2034.529	200.6744	-389.0000	-64.0000	
361	2038.341	202.1460	242.3333	610.6666	
362	2042.143	201.5342	-410.3333	-69.3333	
363	2045.936	206.4016	183.3333	568.0000	
364	2049.719	208.9584	-413.3333	-99.3333	
365	2053.493	238.2748	164.6667	562.0000	
366	2057.258	232.3412	-396.0000	-7.6667	
367	2061.014	211.4076	199.6667	564.0000	
368	2064.760	198.7031	-340.0000	1.0000	
369	2068.496	201.7694	181.0000	528.6667	
370	2072.224	197.5233	-310.0000	38.0000	
371	2075.942	206.9568	335.6667	657.0000	
372	2079.650	207.7643	-335.3333	12.6667	
373	2083.349	208.2908	190.6667	529.3333	
374	2087.039	211.3174	-271.6667	67.6667	
375	2090.719	215.1772	52.3333	395.0000	
376	2094.390	223.3701	-307.0000	80.3333	
377	2098.051	223.5393	266.3333	589.0000	
378	2101.703	222.0417	-165.0000	183.6667	
379	2105.345	218.9609	184.3333	574.6667	
380	2108.978	214.7138	-411.3333	-101.3333	
381	2112.601	214.6559	-696.3334	-363.6667	
382	2116.215	204.5980	-138.0000	193.0000	
383	2119.819	186.2067	202.6667	515.3334	
384	2123.414	189.1488	-543.3333	-227.6667	
385	2126.999	221.3598	99.3333	477.3333	
386	2130.575	227.9955	-418.3333	-54.6667	
387	2134.141	219.4646	94.0000	462.6667	
388	2137.697	214.4331	-358.6667	-18.3333	
389	2141.244	214.6125	291.0000	633.0000	
390	2144.781	214.2918	-421.0000	-79.3333	
391	2148.309	216.5545	211.6667	572.0000	
392	2151.827	213.7290	-582.3333	-252.3333	
393	2155.336	211.7202	109.6667	421.0000	
394	2158.835	211.6281	-281.6667	81.0000	
395	2162.324	212.7027	369.0000	672.3333	
396	2165.803	205.5272	-275.3333	49.6667	
397	2169.273	204.2569	169.0000	480.0000	
398	2172.733	206.9033	-411.3333	-82.0000	
399	2176.184	207.9664	203.0000	501.3333	
400	2179.625	208.8628	-181.0000	154.6667	
401	2183.056	208.8425	460.0000	775.3334	
402	2186.477	221.2389	-343.6667	-10.6667	
403	2189.889	207.5103	-55.3333	341.6667	
404	2193.291	190.1983	-350.6667	-48.6667	
405	2196.683	195.1146	249.6667	557.0000	
406	2200.065	222.0764	-427.0000	-52.0000	
407	2203.438	228.7617	220.3333	560.6667	
408	2206.801	221.8633	-362.6667	-12.6667	
409	2210.154	216.8684	345.3333	686.6667	
410	2213.497	212.9778	-410.3333	-55.6667	
411	2216.831	209.5872	310.6667	638.3333	
412	2220.154	207.3423	-371.6667	-4.3333	
413	2223.468	211.8185	373.0000	673.6667	
414	2226.772	207.4854	-615.0000	-250.6667	
415	2230.066	207.6106	198.3333	521.3334	
416	2233.351	206.1108	-605.6667	-266.0000	
417	2236.625	206.2360	241.0000	550.0000	
418	2239.889	232.9446	-520.3333	-161.0000	
419	2243.144	233.7365	-6.0000	354.0000	
420	2246.389	229.1952	-380.0000	-24.6667	
421	2249.624	204.9886	277.3333	597.6667	
422	2252.848	199.3654	-444.0000	-92.3333	
423	2256.063	195.5756	252.0000	544.0000	
424	2259.268	194.5359	-350.6667	-23.0000	
425	2262.463	196.3215	226.0000	526.0000	
426	2265.649	205.8569	-122.0000	220.3333	
427	2268.824	212.5481	385.3333	679.0000	
428	2271.989	235.9311	-315.3333	45.0000	
429	2275.144	230.1674	174.6667	529.6667	
430	2278.289	189.7370	-312.0000	3.0000	
431	2281.424	211.9733	339.3333	677.0000	
432	2284.549	232.9596	-398.3333	-21.3333	
433	2287.665	224.5292	195.0000	531.3333	
434	2290.770	232.4584	-412.0000	-26.6667	
435	2293.865	185.4939	245.3333	551.0000	
436	2296.949	173.2796	-546.0000	-251.0000	
437	2300.024	207.3811	301.3333	632.0000	
438	2303.089	207.1076	-407.6667	-73.6667	
439	2306.144	205.5425	16.3333	345.3333	
440	2309.188	206.1858	-557.0000	-229.3333	
441	2312.223	217.0881	356.0000	702.0000	
442	2315.247	241.1570	-286.3333	84.6667	
443	2318.261	213.2259	133.0000	477.0000	
444	2321.265	192.1280	-490.3333	-178.0000	
445	2324.259	199.9275	370.3333	701.6666	
446	2327.243	211.0605	-479.0000	-171.3333	
447	2330.216	242.6100	196.0000	567.6666	
448	2333.180	216.3832	-388.3333	-35.0000	
449	2336.133	206.1584	15.6667	356.0000	
450	2339.076	214.1003	-315.6667	11.6667	
451	2342.009	216.8755	405.3333	783.6667	
452	2344.931	210.1508	-569.3333	-233.3333	
453	2347.843	207.9536	352.3333	676.3333	
454	2350.745	208.3399	-429.0000	-75.3333	
455	2353.637	203.8303	204.6667	524.6666	
456	2356.519	192.0504	-458.0000	-148.6667	
457	2359.390	192.8639	250.0000	519.3333	
458	2362.251	198.5107	-299.3333	69.6667	
459	2365.102	211.4908	223.6667	517.3333	
460	2367.942	211.3038	-232.3333	100.3333	
461	2370.772	213.0036	109.0000	431.0000	
462	2373.592	220.9951	-240.0000	71.3333	
463	2376.401	247.9657	275.6667	635.0000	
464	2379.200	236.5197	-423.3333	-77.6667	
465	2381.989	212.3237	104.3333	418.3333	
466	2384.767	214.5443	-318.6667	-2.0000	
467	2387.535	203.4525	273.0000	573.6667	
468	2390.292	205.6735	-537.6667	-248.3333	
469	2393.039	192.5488	195.0000	517.0000	
470	2395.776	193.2301	-344.3333	-47.0000	
471	2398.502	195.3281	334.6667	632.0000	
472	2401.218	204.4259	-616.0000	-293.6667	
473	2403.923	207.2288	231.3333	535.0000	
474	2406.618	209.9482	-422.3333	-100.3333	
475	2409.303	198.9178	343.3333	641.0000	
476	2411.977	209.6664	-351.3333	-54.3333	
477	2414.640	220.3734	317.6667	592.6666	
478	2417.293	236.1222	-447.3333	-135.3333	
479	2419.936	232.1834	79.6667	382.0000	
480	2422.568	218.1613	-388.0000	-111.6667	
481	2425.189	223.8891	227.6667	504.6667	
482	2427.801	221.7003	-462.0000	-182.6667	
483	2430.401	218.7615	226.0000	492.0000	
484	2432.991	154.2390	1397.3334	1340.6666	
485	2435.570	160.2690	242.6667	543.3334	
486	2438.139	163.6324	-664.3333	-391.3333	
487	2440.697	245.2458	93.6667	370.3333	
488	2443.245	239.9426	-433.0000	-149.6667	
489	2445.782	213.3217	73.3333	315.0000	
490	2448.308	233.5423	-505.0000	-234.6667	
491	2450.824	234.5277	369.0000	642.6667	
492	2453.329	228.1803	-396.3333	-97.3333	
493	2455.823	217.4825	296.6667	543.0000	
494	2458.307	201.7846	-571.0000	-311.3333	
495	2460.780	190.5034	271.3333	506.6667	
496	2463.243	194.7222	-292.3333	-51.6667	
497	2465.694	211.9410	431.0000	690.0000	
498	2468.135	213.4099	-411.0000	-131.0000	
499	2470.566	212.2953	474.0000	697.6667	
500	2472.986	233.2638	-347.3333	-63.6667	
501	2475.395	230.5252	-25.6667	293.0000	
502	2477.793	208.3283	-450.3333	-192.6667	
503	2480.180	207.9440	260.6667	507.0000	
504	2482.557	215.9763	-391.0000	-121.3333	
505	2484.923	217.5085	230.3333	483.6667	
506	2487.278	218.0409	-390.6667	-103.0000	
507	2489.622	203.6565	224.3333	474.6666	
508	2491.956	201.8555	-605.6667	-357.6667	
509	2494.279	208.7211	235.6667	490.0000	
510	2496.591	227.2534	-271.3333	1.0000	
511	2498.892	192.4524	-62.3333	174.6667	
