resultName	muna16-67
resultName	muna16-67
ID	RS20200227090450_P19331194
Command	SCANANDSEARCH
User	Admin
Application	_Analyze
SerialNumber	P19331194
Power	280
Integration	900
Averages	3
AutoExposure	Off
AutoCollect	Off
QuickCollect	Off
AutoBackground	On
BaselineCorrection	On
Algorithm	Wavelet
Searched Library	All,None,None,None
MixtureComponents	2
matchThreshold	0.0
displayMatches	1
Threshold	0.80
WL Start	
WL End	
ServerVersion	3.180316
FirmwareVersion	
date	2020-02-27
time	09:04:50
scanindex	0
specpath	RS20200227090450_P19331194.xml
Search Range	200 - 2500
Synced	false
lastCalDateTime	2020-02-27 08:30:34
lastCalUser	Admin
lastCalResult	PASS
lastVerifyDateTime	2019-10-16 15:05:37
lastVerifyUser	Admin
lastVerifyResult	PASS
selectedMaterial	
result	No Match
ValidationGUID	
ValidationMatchQuality	
topMatch	
topMatchGUID	
topMatchQuality	
secondMatch	
secondMatchGUID	
secondMatchQuality	
thirdMatch	
thirdMatchGUID	
thirdMatchQuality	
fourthMatch	
fourthMatchGUID	
fourthMatchQuality	
fifthMatch	
fifthMatchGUID	
fifthMatchQuality	
signedBy	
signedDateTime	
softwareVer	1.7.0.21
memo	
batchID	
inBatch	false
batchUID	
batchCID1	
batchCIDlbl1	
batchCID2	
batchCIDlbl2	
batchCID3	
batchCIDlbl3	
batchCID4	
batchCIDlbl4	
batchCID5	
batchCIDlbl5	
signedTitle	
signedReason	
rescanned	
barcode	
topMatchContribs	
secondMatchContribs	
thirdMatchContribs	
fourthMatchContribs	
fifthMatchContribs	
ValidationMatchContribs	
Threat	
PrecursorList	
CompundName	
WindowStart4C	
MatchLibrary	
lastModified	2020/02/27 09:05
Signal2Noise	35.74
Detector TEC SetPoint	0x8000
Detector Temp	4.95
Laser Temp	25.37
OE1 Temp	27.81
OE2 Temp	31.25
Detector Gain	200
SaturationDetected	false
InterpolatedPixelList	
PeakList	 286.2	749	323.3	446	398.6	603	444.4	432	452.4	427	480.9	410	649.6	1289	679.0	855	736.0	700	749.9	595	805.5	448	840.1	672	866.9	438	897.5	398	959.5	502	1092.6	431	1141.4	618	1207.5	472	1249.3	431	1336.9	668	1368.9	756	1457.8	3833	1645.4	1994	1677.1	1403	1710.4	732
index	Raman Shift (cm-1)	Y value (counts)	background (counts)	raw value (counts)
0	137.455	378.3788	1386.6666	3562.6665	
1	143.948	315.8533	1498.3333	3558.3330	
2	150.436	145.9948	1596.3335	3433.0000	
3	156.918	258.4698	1796.6667	3692.3335	
4	163.394	276.2773	1332.3334	3192.3330	
5	169.865	356.0858	1836.0000	3722.3335	
6	176.330	271.5609	1541.3333	3289.6670	
7	182.790	233.0351	1773.3333	3429.6665	
8	189.244	210.1766	1333.0000	2913.0000	
9	195.693	155.3175	1765.6667	3237.3330	
10	202.136	205.1260	1563.0000	3031.0000	
11	208.573	207.6010	2079.3333	3496.3335	
12	215.005	276.7421	1475.0000	2907.6667	
13	221.431	261.1640	1905.6665	3294.3335	
14	227.851	253.8998	1641.0000	2987.3333	
15	234.266	177.9496	2071.3335	3349.0000	
16	240.675	104.3329	1475.6666	2687.0000	
17	247.078	118.7161	1746.0000	2979.0000	
18	253.476	149.4325	1489.3334	2760.3333	
19	259.868	250.4820	1802.0000	3181.3330	
20	266.254	233.1989	1142.6666	2512.0000	
21	272.635	367.8842	1870.3333	3402.0000	
22	279.009	628.2359	1637.0000	3456.6665	
23	285.378	748.5878	1653.0000	3620.6665	
24	291.742	595.6064	1226.0000	3068.3333	
25	298.099	562.2606	1527.3334	3362.3335	
26	304.451	521.2476	1082.0000	2902.0000	
27	310.797	389.2346	1823.6667	3537.6665	
28	317.137	367.0916	1302.3334	3030.0000	
29	323.471	446.1981	1402.0000	3175.3330	
30	329.800	367.3053	946.0000	2607.0000	
31	336.122	360.4122	1750.3334	3371.0000	
32	342.439	363.5192	1325.0000	2915.3335	
33	348.750	186.2926	1660.0000	3039.6667	
34	355.055	94.3994	972.6667	2227.0000	
35	361.354	155.2013	1454.3334	2726.3335	
36	367.648	141.6156	1113.6666	2229.0000	
37	373.935	180.7884	990.6666	2246.3333	
38	380.216	380.6277	1124.6666	2572.3333	
39	386.492	368.4671	1297.3334	2725.0000	
40	392.762	302.3066	851.3333	2205.0000	
41	399.025	602.9368	1211.3334	2853.0000	
42	405.283	423.9005	1005.0000	2455.0000	
43	411.535	245.3641	679.0000	1870.3333	
44	417.781	222.4945	401.3333	1624.6665	
45	424.020	206.7495	992.0000	2162.6665	
46	430.254	223.3380	276.6667	1480.0000	
47	436.482	325.4261	470.6667	1765.6667	
48	442.704	432.1813	151.3333	1542.6667	
49	448.920	411.7735	637.6667	2007.3333	
50	455.129	426.7786	97.3333	1467.3334	
51	461.333	240.7834	231.0000	1400.3334	
52	467.531	155.4548	189.3333	1258.6666	
53	473.722	341.5043	397.6667	1628.3333	
54	479.908	409.8875	103.6667	1378.0000	
55	486.087	380.6038	-70.0000	1150.3334	
56	492.260	259.8662	-63.3333	1003.6666	
57	498.427	158.8632	346.6667	1294.3333	
58	504.588	153.1937	37.3333	961.0000	
59	510.743	176.1907	149.6667	1078.0000	
60	516.892	238.5209	-142.6667	829.6666	
61	523.034	299.7723	316.3333	1335.0000	
62	529.171	368.6903	-242.3333	830.3334	
63	535.301	302.9415	390.0000	1382.0000	
64	541.425	181.8595	-114.0000	742.0000	
65	547.543	208.7775	318.0000	1186.0000	
66	553.655	215.4663	336.0000	1245.6666	
67	559.760	215.9468	762.0000	1607.3335	
68	565.859	244.4689	159.6667	1004.0000	
69	571.952	251.7400	508.0000	1384.3334	
70	578.039	273.6498	-172.0000	743.0000	
71	584.119	233.1144	133.3333	1029.6667	
72	590.193	93.9124	-201.0000	578.0000	
73	596.261	78.0160	299.3333	1103.3334	
74	602.323	279.1193	160.3333	1206.3333	
75	608.378	575.2228	311.3333	1694.3333	
76	614.427	761.3262	128.6667	1738.6665	
77	620.469	862.1276	498.6667	2228.6665	
78	626.505	483.2998	245.3333	1614.6667	
79	632.535	640.1387	428.0000	1972.3335	
80	638.559	795.3107	182.0000	1899.6667	
81	644.576	1204.1494	687.0000	2831.6667	
82	650.587	1288.6549	76.0000	2323.3335	
83	656.591	873.4936	112.6667	1963.0000	
84	662.589	590.9987	25.0000	1611.0000	
85	668.581	578.4934	202.6667	1764.6665	
86	674.566	740.3218	-268.0000	1444.3333	
87	680.544	855.4835	210.6667	2026.6667	
88	686.517	544.3116	26.6667	1520.0000	
89	692.483	282.2974	515.3333	1726.0000	
90	698.442	236.1996	-70.3333	1047.0000	
91	704.395	248.3139	117.6667	1311.6666	
92	710.341	200.8157	-62.6667	1006.6666	
93	716.281	104.3610	142.6667	1106.3334	
94	722.214	163.9061	-51.3333	962.6667	
95	728.141	541.1176	271.3333	1653.3333	
96	734.061	700.3293	-75.6667	1456.3333	
97	739.975	534.5411	439.3333	1796.3333	
98	745.882	588.5807	121.6667	1516.6667	
99	751.783	595.0572	720.6667	2126.3333	
100	757.677	384.5341	-104.0000	1095.3334	
101	763.564	265.4059	532.0000	1614.6667	
102	769.445	215.6110	-60.3333	975.0000	
103	775.319	107.1494	398.0000	1327.3333	
104	781.187	69.0211	66.0000	959.6666	
105	787.048	162.4513	549.6667	1543.0000	
106	792.902	180.5480	316.3333	1334.0000	
107	798.750	360.9781	651.0000	1855.3334	
108	804.591	447.7415	113.6667	1411.0000	
109	810.425	389.4615	728.3333	1992.3333	
110	816.253	292.5152	107.6667	1299.6667	
111	822.074	242.2349	575.3334	1742.0000	
112	827.888	245.9696	114.0000	1319.3334	
113	833.695	495.4256	617.3334	2096.3333	
114	839.496	671.5485	194.6667	1874.0000	
115	845.290	483.3377	566.6667	2082.0000	
116	851.078	377.7940	315.0000	1749.0000	
117	856.858	408.2211	546.3333	2015.6667	
118	862.632	354.9814	471.6667	1892.6667	
119	868.399	438.4072	539.0000	2037.0000	
120	874.159	315.9236	183.6667	1551.0000	
121	879.913	208.9000	624.0000	1864.0000	
122	885.659	202.5433	259.6667	1473.0000	
123	891.399	255.5197	546.0000	1792.0000	
124	897.132	397.8297	342.0000	1710.0000	
125	902.858	343.0561	418.3333	1710.0000	
126	908.577	203.2824	65.3333	1195.6667	
127	914.290	209.1754	565.0000	1679.6666	
128	919.995	208.9851	-59.6667	1026.0000	
129	925.694	230.5449	547.0000	1639.0000	
130	931.385	238.5213	67.6667	1147.0000	
131	937.070	230.7476	624.6667	1674.6667	
132	942.748	166.9741	135.6667	1100.3334	
133	948.419	271.9913	490.6666	1553.0000	
134	954.083	373.1543	76.0000	1230.6666	
135	959.740	502.3178	390.6667	1665.6667	
136	965.390	368.4806	130.0000	1262.3334	
137	971.033	232.5515	372.0000	1370.6666	
138	976.669	284.2891	-181.0000	871.6666	
139	982.299	283.3601	279.3333	1333.3334	
140	987.921	237.6681	155.6667	1159.0000	
141	993.536	207.8285	217.0000	1203.3333	
142	999.144	222.3224	-57.6667	956.0000	
143	1004.745	235.1495	419.3333	1458.6666	
144	1010.339	227.6433	-171.3333	873.3334	
145	1015.926	233.5121	290.0000	1359.6667	
146	1021.506	220.6726	219.6667	1263.0000	
147	1027.078	231.1247	412.0000	1498.6667	
148	1032.644	233.6183	91.3333	1193.3334	
149	1038.203	222.6754	357.6667	1473.3334	
150	1043.754	288.3987	44.3333	1250.3333	
151	1049.298	226.3096	303.0000	1468.0000	
152	1054.836	220.5958	-192.0000	967.0000	
153	1060.366	232.9139	415.0000	1635.6665	
154	1065.889	185.1086	125.3333	1330.3334	
155	1071.404	194.1456	403.6667	1633.3333	
156	1076.913	306.1832	121.0000	1478.3333	
157	1082.414	311.3029	481.6667	1841.6667	
158	1087.908	295.7557	-27.0000	1315.0000	
159	1093.395	430.8755	483.6667	1958.3335	
160	1098.875	317.9948	331.0000	1690.3333	
161	1104.348	194.9579	538.0000	1760.0000	
162	1109.813	210.5890	108.0000	1328.6666	
163	1115.271	359.8871	689.3333	2042.3335	
164	1120.721	464.1842	144.3333	1584.6667	
165	1126.165	601.3063	596.3334	2143.0000	
166	1131.601	542.0948	134.3333	1591.0000	
167	1137.030	523.5502	734.6667	2142.0000	
168	1142.452	618.0056	-14.0000	1457.0000	
169	1147.866	528.1068	586.6667	1945.3333	
170	1153.273	307.8751	218.0000	1334.0000	
171	1158.672	257.6431	671.6667	1715.0000	
172	1164.064	200.7444	143.3333	1107.3334	
173	1169.449	135.2048	835.6666	1741.3333	
174	1174.827	137.9985	370.3333	1286.0000	
175	1180.197	204.2186	839.0000	1834.0000	
176	1185.560	235.7444	414.6667	1512.3333	
177	1190.915	208.7700	749.3334	1779.6667	
178	1196.263	219.2957	514.0000	1605.0000	
179	1201.603	367.3214	780.0001	2046.0000	
180	1206.936	472.3470	264.0000	1662.0000	
181	1212.262	413.8383	840.6666	2202.0000	
182	1217.580	297.4753	507.0000	1766.0000	
183	1222.891	332.4581	870.3334	2185.3333	
184	1228.194	270.4414	429.0000	1703.0000	
185	1233.489	193.3274	948.3334	2171.6665	
186	1238.778	225.7141	653.6667	1836.6667	
187	1244.058	365.4337	941.3334	2389.6667	
188	1249.331	430.6532	611.0000	2151.0000	
189	1254.597	363.6998	1198.0000	2686.0000	
190	1259.855	228.4131	767.3333	2135.0000	
191	1265.106	234.4595	1207.6667	2596.3333	
192	1270.349	208.5060	924.6667	2302.3333	
193	1275.584	235.8860	1310.0000	2730.0000	
194	1280.812	223.5995	705.6666	2128.3335	
195	1286.032	242.3124	1366.6667	2823.0000	
196	1291.244	264.0125	704.3333	2208.6667	
197	1296.449	141.4781	1317.3334	2743.3333	
198	1301.647	81.2777	933.6666	2343.6667	
199	1306.836	176.4103	1481.6666	3031.0000	
200	1312.018	351.5427	1096.0000	2864.6667	
201	1317.193	249.0200	1170.6667	2866.3335	
202	1322.359	230.1637	1100.6667	2807.0000	
203	1327.518	408.3210	1409.6666	3309.6670	
204	1332.670	628.7935	1045.6667	3189.3335	
205	1337.813	667.7521	1553.3334	3742.3333	
206	1342.949	455.3772	854.6666	2837.6665	
207	1348.077	289.0025	1516.6666	3339.6665	
208	1353.198	233.6281	907.0000	2681.0000	
209	1358.311	445.9201	1746.6667	3739.3335	
210	1363.415	748.8787	1150.0000	3452.0000	
211	1368.513	755.5043	1581.3333	3896.3335	
212	1373.602	659.4623	1116.6667	3342.0000	
213	1378.684	631.3468	1574.6667	3775.3335	
214	1383.757	432.5648	1178.3334	3183.6670	
215	1388.823	194.4493	1761.0000	3531.6670	
216	1393.881	0.0000	1040.0000	2619.6665	
217	1398.932	34.7679	1621.0000	3231.3335	
218	1403.974	138.8024	1200.0000	2887.0000	
219	1409.009	336.8372	1951.6666	3809.3335	
220	1414.036	647.8710	1188.6666	3330.0000	
221	1419.054	938.5065	1661.0000	4073.6667	
222	1424.065	1147.8088	1239.3333	3842.0000	
223	1429.068	1712.1110	1631.0000	4778.6665	
224	1434.064	2216.9248	1314.6666	4932.0000	
225	1439.051	2448.0151	1698.6667	5512.0000	
226	1444.030	2796.7727	1259.6666	5386.6665	
227	1449.001	3177.8635	1823.0000	6296.0000	
228	1453.965	3588.9548	1130.0000	5979.0000	
229	1458.920	3833.4812	1833.0000	6856.6665	
230	1463.868	2922.3411	1144.3334	5187.0000	
231	1468.807	1753.5342	1751.3333	4555.3330	
232	1473.739	1075.3940	1097.0000	3153.0000	
233	1478.662	654.6145	1571.3333	3146.0000	
234	1483.578	372.5016	999.3334	2231.3333	
235	1488.485	245.0554	1634.6667	2678.6665	
236	1493.385	213.6099	959.3334	1911.3334	
237	1498.276	180.3567	1688.0000	2560.3333	
238	1503.159	143.2424	1085.6666	1862.6665	
239	1508.035	176.4471	1587.6667	2381.6667	
240	1512.902	153.3184	841.3334	1580.6667	
241	1517.761	128.5229	1498.3333	2179.6667	
242	1522.612	167.4775	1205.6667	1886.6667	
243	1527.454	212.2653	1914.3333	2661.6667	
244	1532.289	248.1367	1283.6667	1922.3333	
245	1537.116	255.5529	1913.0000	2640.6665	
246	1541.934	257.1824	1221.0000	1912.6667	
247	1546.745	246.8955	1871.6665	2640.3333	
248	1551.547	217.6914	1244.0000	2006.0000	
249	1556.341	204.8345	1901.0000	2704.3335	
250	1561.126	177.3942	1320.6666	2156.3335	
251	1565.904	235.6201	1793.6667	2747.3335	
252	1570.673	211.1802	1491.0000	2480.0000	
253	1575.434	230.4417	1793.0000	2885.0000	
254	1580.187	257.0358	1301.3334	2503.6667	
255	1584.932	228.9639	1865.3335	3123.3335	
256	1589.668	274.5585	1155.3334	2542.6665	
257	1594.396	325.8201	1681.0000	3203.3333	
258	1599.116	271.7485	1106.3333	2658.3335	
259	1603.828	243.2212	1654.3335	3277.6665	
260	1608.531	215.2498	1379.3334	3044.6665	
261	1613.226	202.2280	1802.3333	3513.0000	
262	1617.912	247.5404	1711.6667	3526.0000	
263	1622.591	277.5184	1857.3335	3760.0000	
264	1627.261	304.4968	1326.0000	3314.0000	
265	1631.922	520.8848	1707.0000	3948.3335	
266	1636.576	889.4266	1115.0000	3744.0000	
267	1641.220	1651.4939	2011.0000	5424.0000	
268	1645.857	1993.8940	1135.0000	4912.3335	
269	1650.485	1412.0320	1738.6667	4897.6665	
270	1655.105	700.5033	1284.6666	3695.6665	
271	1659.716	544.6416	1813.6667	4032.3335	
272	1664.319	656.1129	1245.6667	3539.3333	
273	1668.913	988.5845	1941.0000	4530.6665	
274	1673.499	1341.7231	1122.0000	4028.3335	
275	1678.077	1403.1938	1469.6667	4401.0000	
276	1682.646	1014.6647	1317.3334	3823.6665	
277	1687.206	603.2305	1561.3333	3588.6667	
278	1691.759	262.4631	1183.3334	2802.3333	
279	1696.302	201.3630	1796.6665	3287.0000	
280	1700.837	308.0881	1075.0000	2618.3335	
281	1705.364	604.8928	1605.3335	3343.6665	
282	1709.882	731.6986	974.3334	2737.6665	
283	1714.391	692.8364	1603.6667	3226.3330	
284	1718.892	416.9755	944.6666	2189.6667	
285	1723.385	164.4609	1711.0000	2627.3333	
286	1727.868	141.6129	784.6667	1602.0000	
287	1732.344	116.0969	1466.0000	2172.6667	
288	1736.810	142.5283	985.6666	1660.3333	
289	1741.268	115.9597	1436.6667	2026.3333	
290	1745.717	142.9746	772.6666	1330.3334	
291	1750.158	183.1556	1476.3334	2046.0000	
292	1754.590	217.5878	845.0000	1361.0000	
293	1759.014	244.3562	1435.3333	1952.0000	
294	1763.428	290.7910	494.6667	1031.6666	
295	1767.835	301.2249	1229.0000	1750.3333	
296	1772.232	311.9942	699.0000	1205.0000	
297	1776.621	261.5521	1158.0000	1608.0000	
298	1781.001	255.1097	374.0000	812.0000	
299	1785.372	245.3343	1146.3334	1569.0000	
300	1789.735	247.5588	326.0000	745.3333	
301	1794.089	212.8867	1107.6666	1491.6666	
302	1798.434	210.0568	719.0000	1095.3334	
303	1802.770	255.8936	1313.0000	1730.3335	
304	1807.098	265.7302	833.3334	1255.6667	
305	1811.416	253.5669	854.6666	1260.0000	
306	1815.726	240.7369	514.3333	902.0000	
307	1820.027	220.5733	1132.0000	1494.6666	
308	1824.320	216.2264	413.0000	758.3334	
309	1828.603	227.3240	1217.0000	1560.6665	
310	1832.878	242.0051	428.6666	805.0000	
311	1837.144	257.0196	929.3334	1271.6666	
312	1841.401	274.9508	516.3334	902.3334	
313	1845.649	273.6307	622.3333	1008.0000	
314	1849.889	256.3104	530.3334	897.3334	
315	1854.119	253.4902	900.6666	1277.0000	
316	1858.340	244.5863	321.6667	670.0000	
317	1862.553	244.5444	662.6667	1041.0000	
318	1866.757	247.5859	241.3333	576.6666	
319	1870.951	251.7106	606.3333	966.0000	
320	1875.137	245.5021	-114.6667	229.3333	
321	1879.314	235.2937	610.0000	939.6667	
322	1883.482	238.3807	-46.0000	291.3333	
323	1887.641	245.6503	333.6667	672.6667	
324	1891.791	246.9201	-81.3333	260.3333	
325	1895.932	235.0001	639.0000	959.6667	
326	1900.064	229.0801	-45.3333	267.3333	
327	1904.187	237.8266	600.0000	919.3333	
328	1908.300	245.9064	-78.0000	272.3333	
329	1912.405	257.1287	481.6666	786.6666	
330	1916.501	252.9427	-5.6667	321.0000	
331	1920.588	252.1942	411.0000	734.0000	
332	1924.666	253.1743	-76.0000	253.6667	
333	1928.734	249.4765	686.6666	982.0000	
334	1932.794	242.2162	-47.0000	297.3333	
335	1936.844	243.2892	499.6667	788.6666	
336	1940.885	244.4247	-57.0000	239.3333	
337	1944.917	255.6018	322.0000	647.3333	
338	1948.940	262.1749	38.0000	321.3333	
339	1952.954	263.2478	418.6667	779.3334	
340	1956.959	260.7380	-181.0000	137.3333	
341	1960.955	242.4634	242.6667	513.3333	
342	1964.941	241.3554	-40.3333	283.3333	
343	1968.918	234.3367	216.3333	490.0000	
344	1972.886	236.4051	-328.6667	-31.6667	
345	1976.845	242.8516	160.6667	436.3334	
346	1980.794	247.2147	-311.3333	-7.0000	
347	1984.735	243.8279	-12.3333	269.6667	
348	1988.666	236.2528	-352.0000	-87.0000	
349	1992.588	237.8934	300.6667	602.0000	
350	1996.500	249.7959	-427.0000	-211.6667	
351	2000.404	252.2608	264.3333	547.3333	
352	2004.298	252.7467	-448.0000	-154.3333	
353	2008.182	253.0868	256.3333	472.6666	
354	2012.058	253.5726	-445.3333	-143.6667	
355	2015.924	253.4335	208.0000	492.6667	
356	2019.781	241.4617	-504.6666	-243.6667	
357	2023.628	234.4727	244.6667	499.3333	
358	2027.466	235.9836	-438.0000	-183.3333	
359	2031.295	237.9944	192.0000	429.6667	
360	2035.114	247.5054	-439.3333	-180.3333	
361	2038.924	256.3991	194.0000	461.0000	
362	2042.725	266.9595	-485.6667	-209.0000	
363	2046.516	258.6033	135.6667	419.0000	
364	2050.298	244.4915	-489.6667	-259.6667	
365	2054.070	241.6884	142.3333	422.0000	
366	2057.833	241.8645	-420.3333	-169.3333	
367	2061.586	241.2697	183.6667	440.3334	
368	2065.330	235.1125	-399.3334	-148.6667	
369	2069.065	228.0386	118.3333	389.0000	
370	2072.790	210.2146	-358.0000	-132.3333	
371	2076.505	221.2238	293.6667	521.3334	
372	2080.211	281.9049	-428.6667	-142.0000	
373	2083.908	282.4749	148.6667	435.6667	
374	2087.595	275.0449	-349.3333	-70.0000	
375	2091.272	262.7816	-15.3333	242.0000	
376	2094.940	263.0184	-388.0000	-106.0000	
377	2098.599	244.4153	244.0000	492.6667	
378	2102.248	232.1454	-165.3333	47.3333	
379	2105.887	231.7088	161.0000	404.3333	
380	2109.516	237.1058	-471.6666	-207.3333	
381	2113.136	216.4882	-748.0000	-526.3333	
382	2116.747	236.5373	-199.6667	41.6667	
383	2120.348	276.9197	119.3333	400.6667	
384	2123.939	265.3021	-595.3333	-326.0000	
385	2127.521	246.0952	70.6667	329.0000	
386	2131.093	235.7091	-460.3334	-231.6667	
387	2134.655	233.9063	49.6667	305.0000	
388	2138.207	235.0618	-426.6666	-174.3333	
389	2141.750	239.8077	230.6667	484.6667	
390	2145.283	296.0120	-510.0000	-200.0000	
391	2148.807	242.5496	207.3333	463.6667	
392	2152.321	238.8248	-631.6666	-388.0000	
393	2155.825	228.3346	48.6667	280.0000	
394	2159.319	248.8443	-328.0000	-78.0000	
395	2162.804	253.1040	314.6667	583.6666	
396	2166.279	254.6132	-316.6667	-80.3333	
397	2169.744	254.8709	89.0000	343.3333	
398	2173.199	251.7119	-471.6666	-223.0000	
399	2176.644	219.6362	136.0000	352.3333	
400	2180.080	254.5605	-252.0000	-1.0000	
401	2183.506	260.4015	406.0000	670.0000	
402	2186.922	249.9925	-421.0000	-166.0000	
403	2190.328	249.8335	-51.3333	205.0000	
404	2193.725	249.7583	-404.3333	-196.0000	
405	2197.111	252.3216	197.6667	460.0000	
406	2200.488	248.8167	-438.3333	-184.6667	
407	2203.854	247.5526	189.6667	440.6667	
408	2207.211	248.7885	-412.6667	-147.0000	
409	2210.558	238.1823	319.3333	532.0000	
410	2213.896	232.2842	-465.0000	-209.3333	
411	2217.223	230.6362	271.0000	477.6667	
412	2220.540	230.1550	-410.0000	-165.6667	
413	2223.847	244.8116	332.3333	540.6666	
414	2227.145	253.4117	-662.0000	-406.0000	
415	2230.432	250.3246	148.3333	397.6667	
416	2233.709	255.9665	-646.0000	-397.0000	
417	2236.977	278.2960	169.0000	454.3333	
418	2240.234	276.8755	-556.0000	-269.0000	
419	2243.482	249.7881	-55.3333	207.6667	
420	2246.719	240.1592	-400.0000	-169.3333	
421	2249.946	241.5370	243.0000	514.0000	
422	2253.164	247.6231	-497.3333	-205.6667	
423	2256.371	236.0009	211.3333	438.0000	
424	2259.568	234.1496	-428.3333	-173.0000	
425	2262.755	236.7023	165.3333	384.3333	
426	2265.933	239.9841	-182.3333	75.6667	
427	2269.100	236.0701	316.6667	569.0000	
428	2272.256	243.8375	-364.0000	-110.6667	
429	2275.403	252.9558	149.6667	409.0000	
430	2278.540	253.9074	-363.6667	-106.6667	
431	2281.667	251.8174	279.6667	560.3333	
432	2284.783	248.4357	-444.6667	-187.0000	
433	2287.889	248.3040	160.0000	422.6667	
434	2290.985	248.8143	-437.6667	-205.3333	
435	2294.071	243.3564	158.3333	447.0000	
436	2297.147	234.8980	-623.3333	-404.3333	
437	2300.212	222.3652	246.0000	492.6667	
438	2303.267	226.2491	-426.3333	-222.0000	
439	2306.312	238.5497	-10.0000	236.6667	
440	2309.347	258.9333	-613.6666	-371.0000	
441	2312.372	290.5187	294.0000	598.0000	
442	2315.386	279.9376	-371.6667	-77.6667	
443	2318.390	248.1062	90.0000	329.3333	
444	2321.384	240.9417	-533.6666	-270.0000	
445	2324.368	245.6079	329.0000	583.0000	
446	2327.341	249.1075	-551.3333	-283.6667	
447	2330.304	239.2737	162.3333	406.3333	
448	2333.256	210.4978	-441.3333	-220.6667	
449	2336.199	229.3592	-35.0000	199.0000	
450	2339.131	236.7205	-424.6667	-139.6667	
451	2342.052	237.0819	391.0000	621.6667	
452	2344.963	244.9431	-616.0000	-383.0000	
453	2347.864	253.8029	321.0000	582.6667	
454	2350.755	255.5795	-463.6667	-233.0000	
455	2353.635	264.3043	147.3333	389.3333	
456	2356.505	259.3789	-531.6667	-291.6667	
457	2359.364	211.2804	192.6667	385.6667	
458	2362.213	256.8486	-338.0000	-98.3333	
459	2365.051	267.0835	142.3333	393.3333	
460	2367.879	241.6518	-280.3333	-53.6667	
461	2370.697	240.8094	71.0000	277.3333	
462	2373.504	245.9671	-342.0000	-92.3333	
463	2376.300	251.8747	237.0000	450.3333	
464	2379.086	254.1990	-462.6666	-222.6667	
465	2381.862	251.9400	31.3333	254.0000	
466	2384.627	251.6810	-380.0000	-128.3333	
467	2387.382	251.8386	210.0000	407.0000	
468	2390.125	251.9128	-605.0000	-373.3333	
469	2392.859	248.2402	153.3333	369.3333	
470	2395.582	252.7993	-433.6667	-189.0000	
471	2398.294	237.2752	275.3333	479.3333	
472	2400.996	244.0844	-653.3334	-451.6667	
473	2403.687	248.5812	187.3333	408.0000	
474	2406.368	245.4947	-446.3333	-247.6667	
475	2409.038	191.6582	315.0000	455.3333	
476	2411.697	257.5182	-393.0000	-200.0000	
477	2414.346	260.9019	297.3333	494.3333	
478	2416.984	244.9520	-482.6667	-301.0000	
479	2419.612	239.6690	63.0000	240.0000	
480	2422.228	250.7191	-432.0000	-271.6667	
481	2424.834	297.1026	161.6667	397.3333	
482	2427.430	242.4862	-509.0000	-327.3333	
483	2430.015	220.8697	200.0000	360.6667	
484	2432.589	232.0030	1128.6666	1272.6666	
485	2435.152	253.1980	194.6667	392.3333	
486	2437.705	261.7263	-722.6666	-535.3333	
487	2440.247	258.5046	21.3333	249.6667	
488	2442.778	257.1996	-469.6666	-308.6667	
489	2445.298	249.8694	22.3333	190.0000	
490	2447.808	245.4279	-577.0000	-412.0000	
491	2450.306	262.3742	335.3333	518.0000	
492	2452.794	254.2376	-460.3333	-273.6667	
493	2455.272	234.8210	257.0000	407.3333	
494	2457.738	223.2378	-610.6667	-473.3333	
495	2460.194	238.1545	258.0000	392.0000	
496	2462.638	248.7379	-357.3333	-176.6667	
497	2465.073	255.0713	410.0000	561.3334	
498	2467.496	256.4880	-476.6667	-302.6667	
499	2469.908	246.6547	416.0000	569.6666	
500	2472.309	243.0712	-391.3333	-242.6667	
501	2474.699	235.4462	4.3333	145.3333	
502	2477.079	207.1546	-465.6667	-353.0000	
503	2479.448	221.5295	220.3333	347.3333	
504	2481.805	243.9046	-435.0000	-261.3333	
505	2484.152	243.9462	170.0000	302.0000	
506	2486.488	259.3214	-419.0000	-254.3333	
507	2488.813	267.7797	180.6667	370.0000	
508	2491.127	267.8214	-663.6667	-495.3333	
509	2493.430	253.3005	205.3333	375.3333	
510	2495.722	282.4881	-317.0000	-129.3333	
511	2498.003	198.1964	-77.3333	26.0000	
