resultName	muna8-105
resultName	muna8-105
ID	RS20200904151028_P19331194
Command	SCANANDSEARCH
User	Admin
Application	_Analyze
SerialNumber	P19331194
Power	280
Integration	900
Averages	3
AutoExposure	Off
AutoCollect	Off
QuickCollect	Off
AutoBackground	On
BaselineCorrection	On
Algorithm	Wavelet
Searched Library	All,None,None,None
MixtureComponents	2
matchThreshold	0.0
displayMatches	1
Threshold	0.80
WL Start	
WL End	
ServerVersion	3.180316
FirmwareVersion	
date	2020-09-04
time	15:10:28
scanindex	0
specpath	RS20200904151028_P19331194.xml
Search Range	200 - 2500
Synced	false
lastCalDateTime	2020-08-20 09:29:50
lastCalUser	Admin
lastCalResult	PASS
lastVerifyDateTime	2020-09-04 13:30:42
lastVerifyUser	Admin
lastVerifyResult	PASS
selectedMaterial	
result	No Match
ValidationGUID	
ValidationMatchQuality	
topMatch	
topMatchGUID	
topMatchQuality	
secondMatch	
secondMatchGUID	
secondMatchQuality	
thirdMatch	
thirdMatchGUID	
thirdMatchQuality	
fourthMatch	
fourthMatchGUID	
fourthMatchQuality	
fifthMatch	
fifthMatchGUID	
fifthMatchQuality	
signedBy	
signedDateTime	
softwareVer	1.7.0.21
memo	
batchID	
inBatch	false
batchUID	
batchCID1	
batchCIDlbl1	
batchCID2	
batchCIDlbl2	
batchCID3	
batchCIDlbl3	
batchCID4	
batchCIDlbl4	
batchCID5	
batchCIDlbl5	
signedTitle	
signedReason	
rescanned	
barcode	
topMatchContribs	
secondMatchContribs	
thirdMatchContribs	
fourthMatchContribs	
fifthMatchContribs	
ValidationMatchContribs	
Threat	
PrecursorList	
CompundName	
WindowStart4C	
MatchLibrary	
lastModified	2020/09/04 15:15
Signal2Noise	34.03
Detector TEC SetPoint	0x8000
Detector Temp	4.99
Laser Temp	25.39
OE1 Temp	36.31
OE2 Temp	40.81
Detector Gain	200
SaturationDetected	false
InterpolatedPixelList	
PeakList	 286.8	719	398.8	460	649.7	1044	679.0	774	736.1	644	744.3	579	805.3	427	839.8	665	1126.8	630	1141.2	532	1337.3	699	1368.7	815	1457.8	3714	1645.5	1773	1677.5	1292	1710.9	618
index	Raman Shift (cm-1)	Y value (counts)	background (counts)	raw value (counts)
0	137.471	283.2696	1756.0000	3887.6665	
1	143.961	197.4986	1925.6667	3913.3330	
2	150.446	170.3948	2000.3333	3902.6665	
3	156.925	242.2907	2163.0000	4079.0000	
4	163.399	261.1866	1799.0000	3675.6667	
5	169.867	268.0826	2325.3335	4150.6670	
6	176.330	234.6452	2022.0000	3755.6670	
7	182.787	211.5409	2235.0000	3887.3335	
8	189.239	133.7699	1851.3333	3367.6665	
9	195.685	74.9993	2318.0000	3717.3335	
10	202.125	101.8945	2118.3335	3486.3330	
11	208.560	198.4577	2625.0000	4031.3335	
12	214.989	250.3534	2033.0000	3433.0000	
13	221.413	248.6536	2472.6667	3847.3335	
14	227.831	188.0424	2241.0000	3524.6665	
15	234.243	161.8972	2583.6665	3851.6665	
16	240.650	118.4187	2043.6667	3278.6670	
17	247.051	130.9395	2270.6667	3528.6665	
18	253.446	111.7940	2049.3335	3298.6665	
19	259.836	200.6490	2376.3333	3725.0000	
20	266.220	178.1703	1704.6667	3041.3335	
21	272.598	240.4421	2499.6667	3926.3335	
22	278.971	519.0469	2199.6667	3932.6665	
23	285.338	719.3187	2233.6667	4194.6665	
24	291.699	541.2574	1843.3333	3654.0000	
25	298.054	515.3877	2099.0000	3909.0000	
26	304.404	484.1844	1689.3335	3493.3333	
27	310.748	367.3152	2447.0000	4159.3335	
28	317.086	322.4051	1900.0000	3602.3333	
29	323.418	396.7280	2014.3335	3757.0000	
30	329.744	335.0508	1589.6667	3236.6665	
31	336.065	369.0406	2318.3333	3965.3330	
32	342.380	353.0303	1961.3335	3558.3335	
33	348.689	201.0199	2184.0000	3595.0000	
34	354.992	122.0099	1605.3333	2903.3335	
35	361.289	104.5779	2112.6667	3350.0000	
36	367.581	10.1263	1688.0000	2800.6667	
37	373.866	148.2624	1650.0000	2895.6667	
38	380.146	348.0651	1790.0000	3230.3333	
39	386.420	276.8676	1902.6667	3266.6665	
40	392.688	266.3375	1419.3334	2767.6667	
41	398.949	459.7728	1869.3335	3402.0000	
42	405.205	370.5421	1564.3333	2998.6667	
43	411.456	210.3107	1136.3333	2401.3333	
44	417.700	196.0798	1034.0000	2275.6667	
45	423.938	150.6388	1488.3333	2676.6665	
46	430.170	197.1978	774.3334	2001.3333	
47	436.396	282.7572	845.0000	2149.6667	
48	442.616	394.3165	618.3333	2026.6667	
49	448.830	385.0312	1856.0000	3257.3335	
50	455.039	332.8277	781.0000	2115.0000	
51	461.241	216.2908	735.3334	1937.6665	
52	467.437	134.7541	649.3334	1755.0000	
53	473.627	255.0706	944.3334	2143.3335	
54	479.811	425.7201	463.0000	1805.6667	
55	485.989	389.7028	264.3333	1544.0000	
56	492.160	254.5664	406.0000	1514.6666	
57	498.326	162.3370	775.3333	1770.0000	
58	504.486	118.7742	529.3333	1458.6667	
59	510.639	200.8779	499.6666	1489.3333	
60	516.787	239.3151	325.3333	1331.6667	
61	522.928	270.7202	821.3334	1844.6667	
62	529.063	254.5417	447.6667	1545.0000	
63	535.192	120.1967	16671.0000	17515.0000	
64	541.315	42.5998	13312.3340	14064.3320	
65	547.431	169.0063	3805.6670	4669.6665	
66	553.542	205.2450	2148.3335	3081.6665	
67	559.646	219.6500	1741.3333	2569.0000	
68	565.744	266.5552	785.6666	1704.0000	
69	571.835	294.9769	972.0000	1930.6667	
70	577.921	319.0999	136.3333	1137.3334	
71	584.000	231.9129	392.0000	1334.6666	
72	590.073	72.0593	191.6667	1003.3334	
73	596.140	90.1347	832.6666	1708.0000	
74	602.200	182.5434	818.3334	1831.6665	
75	608.255	411.9523	1004.3334	2292.6665	
76	614.302	637.3616	867.6666	2427.0000	
77	620.344	684.6002	1238.6666	2868.0000	
78	626.379	464.2997	886.3334	2314.0000	
79	632.408	598.6660	1012.0000	2592.6667	
80	638.431	670.6987	858.0000	2529.3333	
81	644.447	950.7319	1438.0000	3408.0000	
82	650.457	1044.0981	802.6666	2884.6667	
83	656.460	755.7977	580.6666	2393.0000	
84	662.457	508.8304	505.6667	2089.6667	
85	668.448	470.3488	700.3334	2234.6667	
86	674.432	677.8674	87.0000	1817.6667	
87	680.410	773.7191	649.6666	2465.0000	
88	686.381	519.2375	775.3333	2325.0000	
89	692.346	228.8964	1238.0000	2474.3333	
90	698.305	201.4516	468.6667	1623.0000	
91	704.257	246.4862	815.6666	2032.0000	
92	710.202	171.6848	640.0000	1751.3335	
93	716.142	74.2140	771.0000	1766.0000	
94	722.074	164.0767	654.3333	1720.3333	
95	728.000	481.6059	893.6666	2258.3333	
96	733.920	644.1351	626.3333	2134.6665	
97	739.833	546.3313	1203.0000	2594.6667	
98	745.739	579.4899	920.0000	2319.6667	
99	751.639	566.6975	1646.6667	3031.0000	
100	757.533	314.9054	733.6667	1863.6667	
101	763.419	186.7726	1508.0000	2472.6667	
102	769.300	187.5562	856.3334	1875.3335	
103	775.173	77.9235	1331.0000	2221.6667	
104	781.040	45.0403	987.6666	1844.6665	
105	786.901	107.8120	1578.0000	2503.6665	
106	792.755	186.5840	1353.0000	2363.3333	
107	798.602	320.3559	1865.0000	3015.0000	
108	804.442	427.1276	1253.0000	2515.6665	
109	810.276	379.7794	1859.6665	3105.3335	
110	816.103	267.4303	1135.3334	2299.0000	
111	821.924	189.7482	1651.0000	2767.3333	
112	827.738	240.6248	1259.3334	2467.0000	
113	833.545	440.2758	1778.3333	3215.0000	
114	839.345	665.2598	1380.6666	3071.6665	
115	845.139	439.9107	1807.0000	3302.0000	
116	850.926	332.2282	1497.3334	2914.0000	
117	856.706	358.4372	1782.6667	3231.0000	
118	862.479	328.9797	1674.3333	3098.6665	
119	868.246	390.5625	1768.3335	3248.0000	
120	874.006	304.8245	1261.3334	2646.0000	
121	879.759	219.2565	1621.0000	2900.3333	
122	885.505	169.3553	1356.3333	2566.0000	
123	891.245	281.1208	1710.6667	3012.3335	
124	896.978	358.2190	1606.6667	2965.6665	
125	902.703	317.3720	1524.6667	2822.6665	
126	908.422	153.5252	1128.6667	2242.6665	
127	914.135	143.3454	1744.3333	2828.0000	
128	919.840	160.4984	991.0000	2071.6667	
129	925.538	182.4848	1706.3333	2756.0000	
130	931.230	229.1380	987.6666	2096.6667	
131	936.914	230.9578	1508.0000	2598.6667	
132	942.592	127.7778	1093.6666	2061.0000	
133	948.263	215.1311	1490.6666	2540.3335	
134	953.927	324.7628	932.3334	2085.6667	
135	959.584	448.0613	1374.3333	2645.0000	
136	965.234	295.3591	1181.6666	2293.6667	
137	970.877	245.8953	1346.0000	2355.6667	
138	976.513	242.9109	626.3334	1703.6665	
139	982.142	237.4887	1243.6666	2357.3333	
140	987.764	200.7479	1254.0000	2276.0000	
141	993.379	208.7767	1190.0000	2229.3333	
142	998.987	204.0555	893.0000	1940.0000	
143	1004.588	193.7512	1430.0000	2470.3333	
144	1010.182	184.4468	814.3333	1863.3333	
145	1015.769	175.3715	1255.3333	2290.6667	
146	1021.349	174.3378	1202.6666	2235.3335	
147	1026.922	195.7833	1427.3334	2537.3335	
148	1032.487	186.4788	1074.0000	2101.6665	
149	1038.046	240.2430	1331.3334	2489.6667	
150	1043.597	235.0905	1076.3334	2272.3333	
151	1049.142	212.6880	1436.0000	2598.0000	
152	1054.679	200.7016	731.6666	1879.0000	
153	1060.209	217.3524	1442.0000	2662.6667	
154	1065.732	181.5227	1176.0000	2390.0000	
155	1071.248	194.0309	1484.3333	2724.3333	
156	1076.757	258.2056	1406.3333	2724.0000	
157	1082.258	250.9960	1684.0000	2992.6665	
158	1087.753	208.4534	865.6666	2130.0000	
159	1093.240	405.9104	1576.3335	3036.3333	
160	1098.720	389.3680	1429.3333	2871.0000	
161	1104.192	198.3915	1768.6667	3005.6667	
162	1109.658	182.2168	1704.6667	2909.6667	
163	1115.116	316.7086	3019.3335	4343.0000	
164	1120.567	438.5342	1431.3334	2861.0000	
165	1126.010	629.9709	1765.6667	3360.0000	
166	1131.447	459.7409	1355.6666	2753.0000	
167	1136.876	477.1776	1963.0000	3351.0000	
168	1142.298	532.2814	1215.6667	2632.0000	
169	1147.712	445.1286	1927.3335	3237.3335	
170	1153.120	251.6427	1765.0000	2862.3335	
171	1158.519	194.4899	1978.0000	2999.0000	
172	1163.912	150.0041	1434.0000	2391.3333	
173	1169.297	124.1963	2185.3333	3119.3330	
174	1174.675	165.0557	1702.6666	2680.0000	
175	1180.045	177.1407	2236.6667	3235.0000	
176	1185.408	177.7447	1795.3333	2825.0000	
177	1190.764	156.5149	2154.3333	3139.6670	
178	1196.112	182.4518	1896.0000	2963.3333	
179	1201.453	295.5556	2223.3335	3425.0000	
180	1206.786	390.6591	1700.3333	3018.3333	
181	1212.112	346.5387	2316.3333	3611.6667	
182	1217.431	275.0838	1900.6666	3137.6665	
183	1222.742	246.6956	2337.3333	3565.6665	
184	1228.045	226.2033	1915.3333	3109.6665	
185	1233.341	215.5128	2468.3335	3668.6665	
186	1238.630	190.4685	2145.3333	3334.3333	
187	1243.911	307.5075	2426.3333	3810.3335	
188	1249.185	382.1288	2108.3335	3592.0000	
189	1254.451	311.0934	2828.3335	4252.0000	
190	1259.709	199.0582	2362.3333	3685.0000	
191	1264.960	205.0229	2828.6667	4168.3335	
192	1270.203	186.9872	2533.6667	3866.3333	
193	1275.439	167.2855	2957.6667	4281.6670	
194	1280.668	171.2498	2353.0000	3692.0000	
195	1285.888	252.8816	3012.0000	4443.6670	
196	1291.101	247.1278	2342.6665	3791.0000	
197	1296.307	126.5829	3069.0000	4433.6670	
198	1301.505	92.0378	2635.6665	4002.6665	
199	1306.695	129.8266	3244.3330	4686.0000	
200	1311.877	274.6147	2831.6665	4455.0000	
201	1317.052	223.3712	2955.3333	4551.3330	
202	1322.219	185.1283	2853.6667	4435.3330	
203	1327.379	422.1316	3114.6665	4943.3330	
204	1332.531	573.5979	2896.6667	4894.3330	
205	1337.675	698.7240	3401.0000	5530.6665	
206	1342.811	515.1833	2600.0000	4553.0000	
207	1347.940	359.9762	3276.0000	5080.6670	
208	1353.061	304.1020	2702.0000	4457.6670	
209	1358.174	448.5609	3849.0000	5756.0000	
210	1363.280	771.3534	2989.3333	5226.0000	
211	1368.377	815.4786	3514.6670	5802.3330	
212	1373.467	671.9373	2934.3335	5085.3330	
213	1378.550	616.7030	3387.3335	5484.0000	
214	1383.624	527.4686	2963.6667	4972.0000	
215	1388.690	203.9007	3942.3335	5628.0000	
216	1393.749	0.0000	2944.3335	4427.0000	
217	1398.800	56.4827	3424.3335	4959.0000	
218	1403.843	147.5605	2970.6665	4569.3330	
219	1408.878	331.3052	3743.0000	5498.3335	
220	1413.906	578.0496	2967.3333	4942.3335	
221	1418.925	860.6879	3449.6667	5684.3335	
222	1423.937	1153.6592	2979.3335	5484.0000	
223	1428.940	1535.9640	3403.3335	6267.3330	
224	1433.936	2021.2852	3080.6667	6391.6660	
225	1438.924	2345.2505	3436.3333	7034.3335	
226	1443.904	2612.5481	3006.6667	6835.0000	
227	1448.876	3012.1792	3591.6670	7782.6670	
228	1453.840	3414.1436	2844.6667	7400.6670	
229	1458.796	3714.1990	3559.3330	8356.3340	
230	1463.744	2928.9192	2864.3333	6817.0000	
231	1468.685	1814.3071	3454.3335	6233.3330	
232	1473.617	1114.0286	2765.0000	4784.6665	
233	1478.541	705.3864	3238.0000	4798.0000	
234	1483.457	409.0773	2628.6667	3841.3333	
235	1488.365	263.7675	3296.0000	4312.3330	
236	1493.265	195.7917	2615.3333	3512.6665	
237	1498.157	142.0692	3378.0000	4185.6670	
238	1503.041	140.2606	2703.6665	3474.0000	
239	1507.917	146.3434	3212.0000	4017.6670	
240	1512.785	158.5934	2229.6667	2954.0000	
241	1517.645	183.0098	2924.3335	3658.6665	
242	1522.496	182.5928	2920.3333	3642.0000	
243	1527.340	202.0093	3741.0000	4457.6670	
244	1532.175	179.7594	3029.6667	3699.6670	
245	1537.002	214.1486	3678.6665	4376.0000	
246	1541.822	219.0720	2990.6665	3706.0000	
247	1546.633	212.4952	3693.0000	4389.3330	
248	1551.435	210.0023	3060.6665	3854.6667	
249	1556.230	157.0433	3767.3335	4532.3335	
250	1561.016	139.7502	3141.6665	3941.0000	
251	1565.795	159.1242	3646.6665	4518.3335	
252	1570.565	178.1630	3381.0000	4324.6665	
253	1575.327	201.1259	3661.3335	4709.3330	
254	1580.080	178.4218	3194.6665	4301.3330	
255	1584.825	256.3849	3876.0000	5142.0000	
256	1589.562	236.0138	3094.6665	4421.6665	
257	1594.291	244.6427	3492.6670	4909.6670	
258	1599.012	234.6059	2883.0000	4371.3335	
259	1603.724	217.8548	3569.0000	5137.6665	
260	1608.428	189.5826	3321.3335	4930.0000	
261	1613.124	200.3493	3730.3335	5404.3330	
262	1617.811	229.7837	3676.0000	5434.0000	
263	1622.490	229.5497	3836.3335	5648.6665	
264	1627.161	268.9837	3295.6665	5202.0000	
265	1631.823	406.0238	3664.3335	5742.0000	
266	1636.477	775.3625	3024.3335	5488.3335	
267	1641.123	1377.1846	3989.6665	7075.6670	
268	1645.760	1772.6711	3125.6665	6627.3330	
269	1650.389	1357.3738	3765.6665	6820.6660	
270	1655.009	643.0767	3221.6665	5531.0000	
271	1659.621	435.7785	3822.0000	5892.6665	
272	1664.225	606.1484	3290.0000	5499.6670	
273	1668.820	836.1838	4017.0000	6425.3330	
274	1673.406	1195.5530	3164.6667	5901.0000	
275	1677.985	1291.5881	3668.3335	6469.3330	
276	1682.554	1006.6243	3586.6670	6071.3330	
277	1687.116	649.4971	3502.3330	5568.3335	
278	1691.668	354.7023	3106.0000	4815.6665	
279	1696.213	189.5741	3844.0000	5327.0000	
280	1700.749	200.2536	3104.6665	4550.3335	
281	1705.276	430.6842	3673.0000	5252.6665	
282	1709.794	617.7816	3040.6667	4711.0000	
283	1714.305	617.5475	3751.6665	5325.3335	
284	1718.806	376.3119	2955.6667	4191.6670	
285	1723.299	170.0705	3666.6665	4620.0000	
286	1727.784	96.1618	2571.0000	3374.0000	
287	1732.260	107.1357	3372.3335	4101.0000	
288	1736.727	116.1287	2971.0000	3649.3330	
289	1741.186	109.1217	3382.3335	3994.3335	
290	1745.636	123.1156	2545.6667	3112.3335	
291	1750.077	175.7749	3443.6665	4003.6665	
292	1754.510	172.7679	2822.3333	3320.0000	
293	1758.934	171.5461	3428.6665	3900.3330	
294	1763.349	212.9914	2256.3333	2744.6667	
295	1767.756	250.4372	3076.0000	3577.0000	
296	1772.154	250.8807	2766.6667	3243.3330	
297	1776.544	232.4052	3028.0000	3490.0000	
298	1780.924	225.2628	2087.0000	2550.6667	
299	1785.296	202.1206	2849.6665	3270.0000	
300	1789.659	222.3116	2061.6667	2499.6667	
301	1794.014	225.2625	2841.3335	3282.6665	
302	1798.360	223.3402	2622.6667	3059.0000	
303	1802.697	205.0010	3256.0000	3669.3335	
304	1807.025	204.3286	2793.3335	3218.0000	
305	1811.344	201.9060	2666.0000	3051.3333	
306	1815.655	200.8169	2154.0000	2575.3333	
307	1819.957	203.8943	2840.3333	3231.6665	
308	1824.250	221.8075	2195.6667	2603.6667	
309	1828.534	230.0100	3514.6665	3967.6665	
310	1832.809	231.6292	2589.3333	2973.6665	
311	1837.076	234.2484	2714.0000	3123.0000	
312	1841.333	228.2843	2412.3333	2816.3333	
313	1845.582	208.7390	2396.3333	2783.0000	
314	1849.822	197.1935	2523.6667	2901.0000	
315	1854.053	195.3149	2768.3333	3146.0000	
316	1858.275	216.4361	2196.0000	2597.0000	
317	1862.488	224.9371	2630.0000	3064.0000	
318	1866.692	222.1881	2372.0000	2729.0000	
319	1870.888	224.1058	1953.3333	2391.6667	
320	1875.074	205.4400	1244.0000	1626.3333	
321	1879.251	207.6079	2076.6665	2451.3335	
322	1883.420	204.7869	1268.0000	1666.0000	
323	1887.579	209.0525	1734.3333	2109.6667	
324	1891.730	218.3181	1141.3334	1540.6667	
325	1895.871	222.3418	1978.0000	2349.6667	
326	1900.004	225.1990	1084.6666	1505.6667	
327	1904.127	215.0559	2007.3335	2387.3333	
328	1908.241	211.5797	1473.0000	1842.0000	
329	1912.347	223.4916	1923.0000	2296.3333	
330	1916.443	224.1889	1906.0000	2278.3333	
331	1920.530	195.5530	2125.6665	2467.3333	
332	1924.609	213.5827	1318.3334	1676.0000	
333	1928.678	226.7466	2099.0000	2468.6665	
334	1932.738	207.9108	1386.0000	1735.6667	
335	1936.788	204.4081	1593.6665	1941.0000	
336	1940.830	209.3220	1324.0000	1697.6667	
337	1944.863	211.2359	1664.3333	1973.6665	
338	1948.886	223.0665	1602.3333	1967.0000	
339	1952.901	229.6472	1955.0000	2305.3335	
340	1956.906	226.1452	590.3333	1006.6667	
341	1960.902	198.9925	948.0000	1279.0000	
342	1964.888	216.7565	884.0000	1230.0000	
343	1968.866	220.0659	970.0000	1325.3333	
344	1972.834	222.4833	498.3333	861.3333	
345	1976.793	220.0576	794.6666	1150.6666	
346	1980.743	220.1320	11.0000	387.6667	
347	1984.684	212.1438	435.6667	747.3333	
348	1988.616	212.2179	258.0000	628.3333	
349	1992.538	186.2562	1210.3334	1533.0000	
350	1996.451	191.9937	572.3334	895.0000	
351	2000.354	229.8148	520.6667	882.6666	
352	2004.249	226.3026	-243.6667	116.3333	
353	2008.134	225.6655	448.0000	750.3333	
354	2012.009	235.6115	-263.6667	108.6667	
355	2015.876	246.0994	388.3333	772.6667	
356	2019.733	215.5874	-213.0000	142.3333	
357	2023.580	197.8929	1283.3334	1612.0000	
358	2027.419	192.1983	2789.3333	3159.6665	
359	2031.248	192.8370	8595.3330	8889.0000	
360	2035.067	195.9552	807.3333	1137.3334	
361	2038.878	205.8590	447.3333	818.0000	
362	2042.678	209.4919	-295.3333	25.0000	
363	2046.470	213.5415	324.3333	668.3333	
364	2050.252	216.8609	-314.3333	23.0000	
365	2054.024	243.8800	322.6667	702.3334	
366	2057.787	228.0656	-103.0000	258.0000	
367	2061.541	221.2512	421.3334	772.6666	
368	2065.285	221.5203	-252.3333	95.6667	
369	2069.020	221.4561	258.3333	622.6667	
370	2072.745	206.6418	-177.0000	154.3333	
371	2076.461	198.9777	843.0000	1182.6667	
372	2080.167	184.7220	1658.3335	1935.6667	
373	2083.864	191.4550	8488.0000	8775.6670	
374	2087.551	204.8548	9759.6670	10024.6670	
375	2091.228	230.0878	767.3334	1137.3333	
376	2094.896	229.2373	-129.0000	205.3333	
377	2098.555	229.6061	373.6667	700.0000	
378	2102.204	227.5583	-89.6667	300.6667	
379	2105.843	202.7605	440.0000	760.0000	
380	2109.473	202.5457	228.0000	539.6666	
381	2113.093	217.0468	-454.3333	-100.0000	
382	2116.703	219.0479	-51.0000	250.3333	
383	2120.304	224.0490	269.0000	649.3333	
384	2123.895	234.8835	-465.3333	-143.3333	
385	2127.477	226.0472	178.6667	555.3333	
386	2131.049	234.4424	-361.0000	-14.0000	
387	2134.611	235.1708	126.6667	509.6666	
388	2138.163	223.7329	-331.3333	21.3333	
389	2141.706	165.4901	377.3333	670.3333	
390	2145.239	184.9139	-354.3333	-43.3333	
391	2148.763	198.0045	301.0000	638.3333	
392	2152.276	206.3304	-518.6666	-207.6667	
393	2155.780	205.1357	152.6667	484.0000	
394	2159.275	206.8578	-211.6667	92.0000	
395	2162.759	216.3298	390.6667	716.3333	
396	2166.234	227.3851	-235.6667	139.3333	
397	2169.698	225.1689	189.6667	486.0000	
398	2173.154	220.9318	-375.3333	-32.3333	
399	2176.599	221.0489	231.0000	547.3333	
400	2180.034	218.2702	-149.3333	199.3333	
401	2183.460	218.0540	508.0000	816.3334	
402	2186.876	218.1711	-258.3333	70.0000	
403	2190.282	208.2049	50.0000	365.0000	
404	2193.678	184.9888	-303.0000	-11.3333	
405	2197.064	210.7130	273.6667	588.6667	
406	2200.440	230.2836	-340.6667	0.3333	
407	2203.807	231.5849	269.0000	638.6666	
408	2207.164	232.9700	-254.3333	53.6667	
409	2210.510	233.7028	396.0000	735.0000	
410	2213.847	231.5188	-381.6667	-46.6667	
411	2217.174	203.2515	375.3333	681.3333	
412	2220.491	213.3180	-229.0000	86.3333	
413	2223.798	238.6744	777.6667	1112.3333	
414	2227.094	214.2937	1038.6666	1376.3333	
415	2230.381	148.5795	2688.3335	2939.6667	
416	2233.658	224.8654	-415.6667	-84.6667	
417	2236.925	222.4845	282.6667	614.6666	
418	2240.182	219.4370	-447.6667	-112.3333	
419	2243.429	216.0562	91.0000	403.6667	
420	2246.666	229.6748	-329.6667	19.6667	
421	2249.893	223.2128	309.6667	678.6667	
422	2253.110	204.6674	-385.0000	-59.3333	
423	2256.317	208.4970	274.6667	600.3333	
424	2259.513	218.6595	-301.3333	39.6667	
425	2262.700	206.8086	297.3333	625.6667	
426	2265.876	206.2910	-58.0000	269.0000	
427	2269.043	203.2370	424.0000	716.6667	
428	2272.199	222.0354	-268.3333	80.3333	
429	2275.345	218.1809	233.0000	586.0000	
430	2278.481	216.3680	-258.0000	72.3333	
431	2281.607	218.0135	386.3333	752.3333	
432	2284.723	214.7839	-306.0000	-12.6667	
433	2287.828	210.0127	231.3333	597.0000	
434	2290.924	225.4067	-331.6667	-17.3333	
435	2294.009	225.5736	293.0000	633.3333	
436	2297.083	205.9071	-532.6667	-219.0000	
437	2300.148	199.1488	398.6666	702.3334	
438	2303.203	204.8070	-353.6667	-45.3333	
439	2306.247	205.2152	87.6667	392.6667	
440	2309.281	206.7071	-510.0000	-170.6667	
441	2312.305	206.4591	438.3333	746.6667	
442	2315.318	220.5861	-184.3333	133.0000	
443	2318.322	256.7964	162.6667	531.0000	
444	2321.314	212.5486	-441.6667	-117.3333	
445	2324.297	214.7991	422.3333	746.6667	
446	2327.269	216.2371	-404.0000	-72.6667	
447	2330.231	215.3001	310.6667	631.0000	
448	2333.183	194.0724	-306.3333	-27.3333	
449	2336.124	196.9263	56.3333	378.6667	
450	2339.055	199.6969	-270.3333	31.0000	
451	2341.976	217.3008	463.0000	783.6667	
452	2344.886	228.7379	-540.6667	-211.3333	
453	2347.786	215.0356	396.6667	713.3333	
454	2350.675	187.6666	-349.3333	-59.0000	
455	2353.554	215.1778	266.0000	576.0000	
456	2356.423	230.9173	-392.0000	-49.3333	
457	2359.281	234.4543	329.0000	637.0000	
458	2362.128	231.8247	-265.0000	82.3333	
459	2364.966	228.3617	245.0000	570.3333	
460	2367.792	196.5655	-127.6667	163.0000	
461	2370.609	197.4740	193.3333	503.6667	
462	2373.415	206.8826	-162.0000	87.0000	
463	2376.210	229.6245	360.3333	681.0000	
464	2378.995	231.0331	-313.6667	6.3333	
465	2381.769	224.4416	147.6667	453.6667	
466	2384.533	226.5168	-304.0000	18.0000	
467	2387.286	214.5920	287.3333	584.6667	
468	2390.029	203.0005	-494.0000	-210.3333	
469	2392.760	197.4630	280.6667	564.6667	
470	2395.482	201.1841	-257.6667	33.3333	
471	2398.193	205.8011	400.6667	679.3334	
472	2400.893	212.7309	-566.6666	-293.6667	
473	2403.583	233.9459	265.3333	567.0000	
474	2406.262	225.5776	-396.6667	-108.3333	
475	2408.931	209.5425	394.0000	661.3333	
476	2411.589	197.8076	-306.3333	-64.3333	
477	2414.236	209.2532	371.0000	623.6667	
478	2416.872	228.3654	-385.6667	-114.6667	
479	2419.498	208.1443	147.6667	397.6667	
480	2422.113	185.5898	-322.0000	-95.3333	
481	2424.718	204.7020	275.0000	486.3333	
482	2427.312	247.1476	-433.6666	-147.0000	
483	2429.895	216.5931	238.6667	494.0000	
484	2432.467	213.7052	1133.6666	1385.3333	
485	2435.029	208.5354	272.0000	501.6667	
486	2437.580	213.0323	-617.6667	-369.0000	
487	2440.120	216.1959	130.3333	373.6667	
488	2442.649	231.6925	-405.0000	-148.0000	
489	2445.167	260.3611	65.3333	349.0000	
490	2447.675	234.5936	-506.0000	-241.3333	
491	2450.172	236.1401	394.3333	658.3333	
492	2452.658	217.6865	-340.6667	-97.3333	
493	2455.134	198.7424	344.0000	561.3333	
494	2457.598	192.8818	-510.0000	-276.0000	
495	2460.052	175.8544	314.0000	511.3333	
496	2462.495	194.2437	-279.0000	-64.6667	
497	2464.927	214.5497	454.3334	694.0000	
498	2467.348	218.2724	-376.0000	-149.3333	
499	2469.758	216.8284	469.6667	722.0000	
500	2472.157	215.6970	-302.0000	-78.3333	
501	2474.546	214.6989	41.6667	270.0000	
502	2476.923	209.6383	-403.3333	-179.3333	
503	2479.290	214.1402	280.3333	495.6666	
504	2481.645	226.8088	-346.3333	-105.3333	
505	2483.990	219.2273	239.0000	472.3333	
506	2486.323	215.6459	-349.3333	-119.6667	
507	2488.646	201.3978	263.6667	479.0000	
508	2490.958	203.3997	-582.0000	-389.0000	
509	2493.258	217.2349	252.0000	483.0000	
510	2495.548	268.6534	-261.6667	20.6667	
511	2497.827	171.0720	-6.6667	178.0000	
