resultName	chilca7-55
resultName	chilca7-55
ID	RS20200227103917_P19331194
Command	SCANANDSEARCH
User	Admin
Application	_Analyze
SerialNumber	P19331194
Power	280
Integration	900
Averages	3
AutoExposure	Off
AutoCollect	Off
QuickCollect	Off
AutoBackground	On
BaselineCorrection	On
Algorithm	Wavelet
Searched Library	All,None,None,None
MixtureComponents	2
matchThreshold	0.0
displayMatches	1
Threshold	0.80
WL Start	
WL End	
ServerVersion	3.180316
FirmwareVersion	
date	2020-02-27
time	10:39:17
scanindex	0
specpath	RS20200227103917_P19331194.xml
Search Range	200 - 2500
Synced	false
lastCalDateTime	2020-02-27 08:30:34
lastCalUser	Admin
lastCalResult	PASS
lastVerifyDateTime	2019-10-16 15:05:37
lastVerifyUser	Admin
lastVerifyResult	PASS
selectedMaterial	
result	No Match
ValidationGUID	
ValidationMatchQuality	
topMatch	
topMatchGUID	
topMatchQuality	
secondMatch	
secondMatchGUID	
secondMatchQuality	
thirdMatch	
thirdMatchGUID	
thirdMatchQuality	
fourthMatch	
fourthMatchGUID	
fourthMatchQuality	
fifthMatch	
fifthMatchGUID	
fifthMatchQuality	
signedBy	
signedDateTime	
softwareVer	1.7.0.21
memo	
batchID	
inBatch	false
batchUID	
batchCID1	
batchCIDlbl1	
batchCID2	
batchCIDlbl2	
batchCID3	
batchCIDlbl3	
batchCID4	
batchCIDlbl4	
batchCID5	
batchCIDlbl5	
signedTitle	
signedReason	
rescanned	
barcode	
topMatchContribs	
secondMatchContribs	
thirdMatchContribs	
fourthMatchContribs	
fifthMatchContribs	
ValidationMatchContribs	
Threat	
PrecursorList	
CompundName	
WindowStart4C	
MatchLibrary	
lastModified	2020/02/27 10:39
Signal2Noise	61.17
Detector TEC SetPoint	0x8000
Detector Temp	4.96
Laser Temp	25.39
OE1 Temp	31.81
OE2 Temp	35.50
Detector Gain	200
SaturationDetected	false
InterpolatedPixelList	
PeakList	 305.2	918	322.1	741	427.4	833	434.7	758	651.1	1202	665.9	658	759.5	2015	787.8	1218	880.7	562	1158.3	657	1208.9	642	1217.4	605	1226.2	595	1296.5	1068	1377.7	1649	1444.2	5493	1565.4	1992	1644.8	4267	1675.8	2982
index	Raman Shift (cm-1)	Y value (counts)	background (counts)	raw value (counts)
0	137.455	373.3389	3294.0000	6812.0000	
1	143.948	345.2159	3575.0000	6941.0000	
2	150.436	253.4258	3760.6670	6911.0000	
3	156.918	274.9693	3965.3335	7013.3330	
4	163.394	285.8465	3589.3335	6524.3330	
5	169.865	259.3909	4289.3330	7074.0000	
6	176.330	289.6009	3987.0000	6678.0000	
7	182.790	273.8108	4179.6670	6731.0000	
8	189.244	225.6882	3739.3335	6118.6670	
9	195.693	260.2322	4274.6665	6564.6670	
10	202.136	260.1087	4104.0000	6270.0000	
11	208.573	214.9856	4679.0000	6676.0000	
12	215.005	253.8628	4044.3335	5956.3335	
13	221.431	236.6296	4547.3335	6386.3335	
14	227.851	216.1399	4399.6665	6150.6665	
15	234.266	179.7612	4801.3330	6522.6670	
16	240.675	214.7149	3979.6667	5742.6670	
17	247.078	229.0026	4353.0000	6137.0005	
18	253.476	263.6226	3937.3335	5762.6665	
19	259.868	320.2445	4393.6665	6282.3340	
20	266.254	301.5310	3589.0000	5465.6665	
21	272.635	177.1835	4509.0000	6285.0000	
22	279.009	152.1689	4166.3335	5941.0000	
23	285.378	252.8214	4170.6665	6069.6665	
24	291.742	552.8066	3696.3335	5919.0000	
25	298.099	763.3250	3941.0000	6406.0000	
26	304.451	917.8435	3514.0000	6165.3335	
27	310.797	875.3623	4281.6665	6922.3340	
28	317.137	715.4329	3645.6670	6173.0000	
29	323.471	741.2476	3783.3330	6298.3330	
30	329.800	717.7281	3317.6670	5771.0000	
31	336.122	481.2093	4069.6665	6248.3330	
32	342.439	305.6904	3685.0000	5650.0000	
33	348.750	331.1715	3882.6665	5835.0000	
34	355.055	413.3187	3061.3335	5057.6665	
35	361.354	519.3490	3876.6665	5927.0000	
36	367.648	361.4877	3158.0000	5012.6665	
37	373.935	278.2674	3112.3335	4856.3335	
38	380.216	100.0468	3313.3335	4851.6665	
39	386.492	149.4936	3499.6665	5060.0000	
40	392.762	269.9398	2771.3333	4424.6665	
41	399.025	290.7547	3292.6665	4940.3335	
42	405.283	82.5688	2949.0000	4362.0000	
43	411.535	169.0501	2093.3333	3566.3335	
44	417.781	375.8641	2036.3333	3689.6665	
45	424.020	832.8568	2570.6665	4678.0000	
46	430.254	754.5159	1558.3334	3584.3335	
47	436.482	758.1750	1384.6666	3411.3335	
48	442.704	668.8340	966.3333	2900.6667	
49	448.920	397.6323	1882.3333	3554.6670	
50	455.129	314.9688	1093.6666	2692.0000	
51	461.333	199.3055	1010.3334	2501.6667	
52	467.531	178.8088	984.6667	2443.6665	
53	473.722	257.8891	1513.3333	3007.6667	
54	479.908	341.8859	809.3334	2282.6665	
55	486.087	507.5495	341.6667	2151.6667	
56	492.260	508.4896	722.6666	2520.0000	
57	498.427	513.7673	1133.6667	2914.0000	
58	504.588	413.7121	966.3333	2624.3333	
59	510.743	201.3236	675.3333	2098.6667	
60	516.892	279.9346	508.0000	1987.6665	
61	523.034	502.9570	1067.6666	2739.3335	
62	529.171	329.3123	328.6667	1795.6667	
63	535.301	243.0009	1059.3334	2409.0000	
64	541.425	231.3564	358.0000	1665.0000	
65	547.543	271.0451	983.6667	2237.3333	
66	553.655	338.7339	1425.0000	2777.3335	
67	559.760	522.0893	1897.3333	3402.0000	
68	565.859	442.4444	1045.3334	2439.3333	
69	571.952	185.4766	1126.6666	2244.0000	
70	578.039	299.2841	149.6667	1372.3333	
71	584.119	338.2805	286.0000	1538.0000	
72	590.193	260.2765	158.0000	1322.3333	
73	596.261	243.0767	849.6667	1997.6665	
74	602.323	236.1271	857.6666	2117.6667	
75	608.378	111.9271	999.0000	2014.3333	
76	614.427	232.4774	752.6667	1888.3333	
77	620.469	341.4774	1122.3333	2482.3333	
78	626.505	342.2906	706.0000	1877.3333	
79	632.535	388.8539	832.3334	2115.6667	
80	638.559	467.0006	603.0000	1963.6667	
81	644.576	895.4806	1147.3333	2935.6667	
82	650.587	1202.2936	440.6667	2535.0000	
83	656.591	942.4401	334.0000	2167.6665	
84	662.589	620.5869	223.6667	1686.3333	
85	668.581	657.7577	437.3333	1901.6667	
86	674.566	467.2619	-157.6667	1125.6666	
87	680.544	334.4333	366.3333	1479.6666	
88	686.517	344.2712	227.3333	1313.3334	
89	692.483	393.1367	707.0000	1777.3333	
90	698.442	474.3358	50.0000	1256.3334	
91	704.395	418.9100	305.0000	1462.3333	
92	710.341	298.6540	99.3333	1135.0000	
93	716.281	149.2173	270.6667	1225.3333	
94	722.214	2.4475	100.3333	976.6666	
95	728.141	59.6777	355.0000	1357.0000	
96	734.061	142.2409	34.3333	1187.3334	
97	739.975	231.1378	502.6667	1813.0000	
98	745.882	382.0478	232.6667	1750.6667	
99	751.783	923.6055	774.3334	2905.0000	
100	757.677	2015.4973	-29.0000	3264.6665	
101	763.564	2003.0630	582.3333	3901.0000	
102	769.445	776.6288	2.6667	2132.3333	
103	775.319	586.5282	455.0000	2432.0000	
104	781.187	1128.4272	90.0000	2646.3335	
105	787.048	1218.3785	583.6666	3252.0000	
106	792.902	1047.6630	353.0000	2872.6667	
107	798.750	965.9475	652.6666	3112.6665	
108	804.591	841.8989	118.0000	2476.0000	
109	810.425	367.6770	689.6667	2548.6665	
110	816.253	155.7055	134.0000	1661.0000	
111	822.074	180.4837	584.0000	2143.6667	
112	827.888	112.5247	120.3333	1663.6667	
113	833.695	0.0000	603.0000	2002.3333	
114	839.496	125.4748	177.3333	1670.6665	
115	845.290	358.6173	551.3333	2246.3335	
116	851.078	481.0924	293.0000	2079.0000	
117	856.858	363.5632	513.6667	2188.0000	
118	862.632	368.2007	441.3333	2021.3333	
119	868.399	444.0761	510.0000	2263.3333	
120	874.159	414.7795	159.0000	1890.6667	
121	879.913	561.6373	624.0000	2502.0000	
122	885.659	551.4953	195.3333	2062.6667	
123	891.399	543.3529	497.0000	2355.6665	
124	897.132	252.5444	331.0000	1898.3333	
125	902.858	111.5395	420.6667	1852.0000	
126	908.577	192.2012	62.3333	1492.0000	
127	914.290	309.8630	526.3333	2166.0000	
128	919.995	490.5244	-138.6667	1686.6665	
129	925.694	338.1864	489.6667	2167.6667	
130	931.385	267.5148	32.3333	1644.6667	
131	937.070	194.8431	648.0000	2192.6667	
132	942.748	289.1713	76.0000	1720.0000	
133	948.419	358.1881	419.6667	2146.0000	
134	954.083	489.1098	42.0000	1901.0000	
135	959.740	580.0316	309.0000	2260.6667	
136	965.390	313.6193	73.6667	1760.6667	
137	971.033	239.8796	280.6667	1891.0000	
138	976.669	235.1401	-257.3333	1345.3334	
139	982.299	185.4004	264.6667	1814.6667	
140	987.921	211.4098	123.0000	1683.0000	
141	993.536	292.3571	124.0000	1758.0000	
142	999.144	330.3043	-110.3333	1554.6665	
143	1004.745	389.2518	318.6667	2035.6667	
144	1010.339	388.8655	-280.0000	1429.6666	
145	1015.926	354.4792	220.3333	1888.6665	
146	1021.506	240.0935	96.3333	1643.3335	
147	1027.078	232.3741	322.0000	1837.3333	
148	1032.644	239.3211	32.6667	1580.6665	
149	1038.203	236.9160	219.0000	1738.0000	
150	1043.754	184.1773	-96.6667	1358.6666	
151	1049.298	218.1056	166.3333	1644.6667	
152	1054.836	392.3679	-261.0000	1380.6666	
153	1060.366	346.3239	250.3333	1847.6667	
154	1065.889	397.0471	-45.6667	1595.6667	
155	1071.404	443.0212	246.3333	1926.0000	
156	1076.913	579.3290	-91.0000	1717.3333	
157	1082.414	440.3606	310.3333	1971.6667	
158	1087.908	291.7253	-131.0000	1373.6666	
159	1093.395	153.7568	290.3333	1649.0000	
160	1098.875	292.4548	102.0000	1591.3333	
161	1104.348	453.1409	287.6667	1920.0000	
162	1109.813	358.6642	-101.3333	1440.3334	
163	1115.271	346.1870	447.6667	1980.6666	
164	1120.721	204.3766	-49.6667	1345.3334	
165	1126.165	133.7880	395.0000	1725.0000	
166	1131.601	171.8661	-90.0000	1283.6667	
167	1137.030	226.6109	487.6666	1921.6665	
168	1142.452	299.3549	-186.3333	1326.0000	
169	1147.866	476.5476	388.3333	2098.6667	
170	1153.273	565.7403	-21.6667	1798.6667	
171	1158.672	656.5995	455.0000	2387.0000	
172	1164.064	488.4589	-46.0000	1738.6667	
173	1169.449	431.2886	560.6667	2311.6665	
174	1174.827	213.4517	167.6667	1724.3333	
175	1180.197	222.9399	581.3334	2184.3333	
176	1185.560	261.1357	142.0000	1798.6665	
177	1190.915	217.9565	490.6667	2042.3333	
178	1196.263	216.1940	304.6667	1947.3334	
179	1201.603	453.7228	520.6667	2416.3333	
180	1206.936	641.5854	42.0000	2141.0000	
181	1212.262	591.7004	650.0000	2704.3333	
182	1217.580	604.6652	298.3333	2357.6667	
183	1222.891	591.9037	682.0000	2740.6665	
184	1228.194	595.1417	226.3333	2300.3333	
185	1233.489	361.0611	748.0000	2603.6667	
186	1238.778	262.6474	436.3334	2209.3335	
187	1244.058	143.5669	779.0000	2448.6667	
188	1249.331	185.1535	457.0000	2184.0000	
189	1254.597	281.2574	1020.0000	2895.6667	
190	1259.855	154.3611	596.3334	2397.6667	
191	1265.106	211.4653	1076.3333	2987.3333	
192	1270.349	381.2354	754.3334	2887.6665	
193	1275.584	486.0062	1147.3333	3438.0000	
194	1280.812	340.7773	606.3333	2804.3335	
195	1286.032	562.8811	1233.0000	3705.6670	
196	1291.244	991.0266	606.0000	3575.6670	
197	1296.449	1068.2488	1251.0000	4297.0000	
198	1301.647	795.8041	873.3334	3646.0000	
199	1306.836	694.6931	1440.0000	4110.6665	
200	1312.018	633.5830	1114.3334	3723.0000	
201	1317.193	231.8769	1175.0000	3359.6665	
202	1322.359	150.5042	1129.0000	3210.0000	
203	1327.518	445.1408	1397.0000	3733.6665	
204	1332.670	557.8929	1079.0000	3511.0000	
205	1337.813	369.3275	1573.6665	3819.3335	
206	1342.949	215.0948	932.3334	3026.0000	
207	1348.077	124.5293	1627.0000	3632.3335	
208	1353.198	160.2969	1017.6666	3061.0000	
209	1358.311	229.3979	1845.3333	3960.0000	
210	1363.415	510.1652	1289.3334	3687.0000	
211	1368.513	1032.2661	1734.6667	4656.6665	
212	1373.602	1365.7015	1326.3334	4584.0000	
213	1378.684	1648.8124	1768.0000	5331.6670	
214	1383.757	1237.5891	1428.6666	4604.0000	
215	1388.823	525.3662	2012.6667	4498.6670	
216	1393.881	58.4778	1343.3334	3385.3335	
217	1398.932	3.8634	1922.0000	3919.0000	
218	1403.974	105.3094	1491.6667	3573.3335	
219	1409.009	359.4225	2214.0000	4533.0000	
220	1414.036	854.8672	1529.6667	4327.3335	
221	1419.054	1389.4917	1978.3333	5287.6665	
222	1424.065	1852.4500	1562.6667	5312.0000	
223	1429.068	2948.7424	1977.3333	6800.0000	
224	1434.064	4700.9414	1666.6667	8198.6670	
225	1439.051	5322.0049	2054.3333	9164.0000	
226	1444.030	5493.0674	1632.3333	8869.6670	
227	1449.001	5462.1299	2206.0000	9369.0000	
228	1453.965	5133.8608	1486.6666	8278.0000	
229	1458.920	4297.0840	2189.0000	8048.0000	
230	1463.868	3295.9749	1561.3333	6323.6670	
231	1468.807	2367.8640	2156.6667	5895.3330	
232	1473.739	1513.7535	1540.6667	4329.6665	
233	1478.662	821.3905	2024.6665	4036.0000	
234	1483.578	501.3596	1440.6666	3046.6665	
235	1488.485	290.6629	2062.0000	3372.0000	
236	1493.385	185.2994	1446.0000	2565.3333	
237	1498.276	151.4698	2180.0000	3198.6667	
238	1503.159	198.1241	1517.6666	2547.0000	
239	1508.035	152.8201	2070.3333	3019.6667	
240	1512.902	99.3493	1336.6667	2198.0000	
241	1517.761	109.1293	2001.3333	2780.6667	
242	1522.612	138.6585	1682.0000	2546.6667	
243	1527.454	187.3543	2441.6667	3282.6665	
244	1532.289	227.8842	1775.0000	2616.3333	
245	1537.116	192.5671	2414.0000	3250.0000	
246	1541.934	156.3875	1720.3335	2609.0000	
247	1546.745	208.2921	2371.0000	3384.6667	
248	1551.547	290.5287	1755.0000	2924.0000	
249	1556.341	643.2443	2383.3333	4013.6665	
250	1561.126	1473.6266	1833.6667	4403.0000	
251	1565.904	1992.0095	2344.6665	5541.0000	
252	1570.673	1144.7238	2012.3335	4470.0000	
253	1575.434	501.4206	2280.3335	4171.0000	
254	1580.187	371.4496	1797.6667	3634.6667	
255	1584.932	447.1466	2308.3333	4297.3330	
256	1589.668	409.8432	1627.3335	3655.3330	
257	1594.396	303.2072	2166.3333	4164.0000	
258	1599.116	220.5710	1558.6667	3550.0000	
259	1603.828	220.3604	2111.3333	4203.3335	
260	1608.531	436.1472	1865.3333	4228.3335	
261	1613.226	614.9819	2252.3335	4834.0000	
262	1617.912	731.1509	2170.6667	4908.3335	
263	1622.591	924.6521	2277.6667	5248.6665	
264	1627.261	1825.8215	1778.6667	5690.6670	
265	1631.922	3087.4978	2143.3335	7329.6670	
266	1636.576	3969.0193	1559.0000	7613.0000	
267	1641.220	4146.7388	2427.0000	8643.3330	
268	1645.857	4267.1255	1574.6667	7896.0000	
269	1650.485	3303.5647	2203.0000	7453.0000	
270	1655.105	2413.3381	1717.6667	5969.6665	
271	1659.716	2082.4446	2250.6665	6064.0000	
272	1664.319	2235.8835	1650.3335	5509.3335	
273	1668.913	2716.6589	2339.0000	6571.0000	
274	1673.499	2943.7649	1563.0000	5914.3335	
275	1678.077	2981.5378	1819.3335	6100.6665	
276	1682.646	1722.3113	1717.0000	4631.3335	
277	1687.206	575.7394	1944.3333	3609.0000	
278	1691.759	214.8368	1546.0000	2746.6665	
279	1696.302	101.9320	2095.6667	3080.3333	
280	1700.837	70.5204	1439.6667	2306.3333	
281	1705.364	76.8377	1994.3335	2760.3335	
282	1709.882	154.8236	1279.3333	2016.3333	
283	1714.391	233.1402	1885.6667	2594.0000	
284	1718.892	300.4601	1281.0000	1949.6667	
285	1723.385	280.4397	2025.3334	2622.3333	
286	1727.868	310.5450	1074.0000	1686.0000	
287	1732.344	330.0353	1678.0000	2298.3335	
288	1736.810	313.4416	1248.0000	1822.6665	
289	1741.268	297.4308	1648.3333	2227.3335	
290	1745.717	284.1704	1006.0000	1524.0000	
291	1750.158	278.4932	1698.0000	2226.6667	
292	1754.590	286.7318	1068.6666	1562.6667	
293	1759.014	303.7920	1656.6667	2185.3333	
294	1763.428	317.9355	727.6667	1251.0000	
295	1767.835	321.5789	1420.0000	1922.3333	
296	1772.232	310.6383	906.3334	1380.6666	
297	1776.621	312.4626	1343.0000	1811.3334	
298	1781.001	312.9534	537.6666	1034.0000	
299	1785.372	301.4444	1309.6666	1773.3334	
300	1789.735	295.2682	491.6667	948.6667	
301	1794.089	261.5078	1269.0000	1701.6667	
302	1798.434	263.0703	853.0000	1268.3334	
303	1802.770	267.7789	1392.3334	1833.0000	
304	1807.098	272.3831	910.6667	1353.0000	
305	1811.416	264.7581	954.0000	1359.6666	
306	1815.726	278.0499	631.0000	1060.0000	
307	1820.027	286.6751	1211.3334	1602.6666	
308	1824.320	304.0058	470.0000	946.6667	
309	1828.603	296.5841	1250.3334	1671.6667	
310	1832.878	295.7459	533.3333	953.0000	
311	1837.144	279.9075	1003.0000	1406.0000	
312	1841.401	283.4023	586.0000	991.6666	
313	1845.649	290.2085	685.6667	1103.0000	
314	1849.889	288.4313	590.6667	1009.3334	
315	1854.119	289.4040	911.3334	1314.6666	
316	1858.340	299.2937	346.6667	775.3333	
317	1862.553	298.2038	673.6667	1115.0000	
318	1866.757	295.1138	331.0000	725.6667	
319	1870.951	289.0240	638.6666	1071.0000	
320	1875.137	292.1841	-74.3333	328.6667	
321	1879.314	295.5108	643.0000	1046.6667	
322	1883.482	271.3265	14.6667	408.6667	
323	1887.641	266.2966	404.3333	781.3334	
324	1891.791	278.2666	-49.6667	350.0000	
325	1895.932	281.9427	666.6666	1030.3333	
326	1900.064	281.4937	-67.3333	353.0000	
327	1904.187	277.7948	570.6666	954.3334	
328	1908.300	283.7418	-73.3333	309.6667	
329	1912.405	303.7059	489.0000	860.6666	
330	1916.501	305.6295	-54.3333	380.0000	
331	1920.588	294.3030	401.0000	779.6666	
332	1924.666	292.5603	-91.6667	283.3333	
333	1928.734	280.3611	636.0000	993.6667	
334	1932.794	285.4951	-35.0000	328.0000	
335	1936.844	290.0459	492.0000	838.0000	
336	1940.885	313.0967	-98.3333	287.6667	
337	1944.917	295.8140	277.3333	643.6666	
338	1948.940	288.9482	18.6667	361.6667	
339	1952.954	291.3322	439.6667	812.6666	
340	1956.959	282.6326	-147.3333	198.6667	
341	1960.955	265.5645	255.3333	579.6667	
342	1964.941	292.8297	-5.0000	342.0000	
343	1968.918	293.4187	218.0000	574.0000	
344	1972.886	298.3762	-322.6667	41.3333	
345	1976.845	291.9745	168.6667	493.6666	
346	1980.794	294.3228	-284.6667	95.6667	
347	1984.735	270.0879	22.6667	343.6667	
348	1988.666	270.4358	-324.6667	-5.6667	
349	1992.588	275.0746	347.3333	673.3333	
350	1996.500	287.3533	-389.3333	-61.6667	
351	2000.404	294.2947	272.3333	622.6666	
352	2004.298	291.4863	-398.3333	-66.0000	
353	2008.182	290.5944	252.3333	591.6667	
354	2012.058	292.4525	-425.0000	-81.0000	
355	2015.924	297.0397	226.6667	587.6666	
356	2019.781	294.2315	-504.0000	-155.6667	
357	2023.628	298.6819	235.0000	597.3333	
358	2027.466	303.9448	-457.3334	-114.3333	
359	2031.295	305.7910	161.3333	523.6667	
360	2035.114	302.9287	-453.3333	-91.3333	
361	2038.924	286.9043	213.0000	547.0000	
362	2042.725	288.2551	-454.3333	-121.6667	
363	2046.516	284.9392	155.6667	482.3334	
364	2050.298	260.5016	-461.3333	-148.6667	
365	2054.070	265.3538	201.6667	517.3333	
366	2057.833	281.5394	-390.6666	-60.6667	
367	2061.586	298.0583	162.6667	507.3333	
368	2065.330	303.9106	-390.0000	-41.3333	
369	2069.065	291.7629	159.3333	494.0000	
370	2072.790	286.9485	-363.6667	-35.6667	
371	2076.505	299.2368	298.6667	624.3333	
372	2080.211	288.1112	-362.6667	-67.3333	
373	2083.908	287.6278	166.3333	488.6667	
374	2087.595	285.6234	-316.6667	-1.0000	
375	2091.272	279.6609	5.0000	312.6667	
376	2094.940	279.1775	-333.3333	-9.0000	
377	2098.599	253.6804	261.6667	545.0000	
378	2102.248	264.3708	-184.0000	83.3333	
379	2105.887	290.1863	154.3333	476.3334	
380	2109.516	293.6898	-478.6667	-132.3333	
381	2113.136	299.8782	-722.6666	-408.0000	
382	2116.747	303.7125	-184.6667	138.6667	
383	2120.348	319.7134	158.6667	505.3333	
384	2123.939	309.0269	-604.3334	-270.3333	
385	2127.521	278.6021	87.3333	402.0000	
386	2131.093	236.4075	-418.3333	-149.0000	
387	2134.655	247.5464	76.0000	353.3333	
388	2138.207	316.3512	-437.6667	-94.6667	
389	2141.750	326.9625	242.3333	595.6667	
390	2145.283	286.5738	-464.6667	-152.0000	
391	2148.807	267.1850	208.3333	501.3333	
392	2152.321	287.7340	-601.3333	-301.0000	
393	2155.825	291.3126	82.3333	398.0000	
394	2159.319	294.3912	-293.0000	-7.0000	
395	2162.804	294.2408	334.6667	655.0000	
396	2166.279	290.8399	-296.3333	23.0000	
397	2169.744	288.6510	97.3333	426.3333	
398	2173.199	281.1288	-423.6667	-146.3333	
399	2176.644	287.1274	146.3333	468.3333	
400	2180.080	291.2094	-209.0000	76.3333	
401	2183.506	292.9580	404.6667	763.6667	
402	2186.922	297.8733	-388.3333	-88.6667	
403	2190.328	297.7053	-32.3333	302.6667	
404	2193.725	302.4543	-418.6666	-107.6667	
405	2197.111	302.5770	175.6667	540.0000	
406	2200.488	280.4419	-429.6667	-105.0000	
407	2203.854	273.3325	190.3333	501.6667	
408	2207.211	274.2860	-361.3333	-44.6667	
409	2210.558	273.3412	293.6667	638.0000	
410	2213.896	275.2507	-439.3333	-164.0000	
411	2217.223	282.0769	271.0000	589.6667	
412	2220.540	291.1513	-376.3333	-47.0000	
413	2223.847	297.5619	326.0000	632.0000	
414	2227.145	295.6844	-638.3333	-289.0000	
415	2230.432	287.9736	163.6667	456.0000	
416	2233.709	278.5127	-626.0000	-302.6667	
417	2236.977	278.1352	204.3333	481.0000	
418	2240.234	289.4243	-543.0000	-230.0000	
419	2243.482	306.7136	-33.3333	297.3333	
420	2246.719	302.3376	-407.6667	-81.0000	
421	2249.946	297.2847	239.6667	558.3333	
422	2253.164	271.5650	-458.3333	-168.3333	
423	2256.371	294.7620	214.3333	497.0000	
424	2259.568	337.1253	-416.3333	-66.6667	
425	2262.755	311.9029	153.0000	504.3333	
426	2265.933	285.0137	-169.0000	123.6667	
427	2269.100	276.0730	329.6667	624.0000	
428	2272.256	279.6248	-330.0000	2.0000	
429	2275.403	276.2212	212.6667	461.6667	
430	2278.540	267.4010	-341.0000	-34.0000	
431	2281.667	265.0807	314.6667	604.6667	
432	2284.783	280.7605	-411.3333	-105.3333	
433	2287.889	304.7736	168.6667	501.0000	
434	2290.985	294.8544	-407.3333	-95.6667	
435	2294.071	271.2557	195.6667	486.0000	
436	2297.147	305.9899	-607.6667	-280.3333	
437	2300.212	323.7679	237.0000	582.6667	
438	2303.267	321.8791	-467.3334	-123.0000	
439	2306.312	273.1569	1.3333	280.3333	
440	2309.347	260.2677	-561.3334	-277.6667	
441	2312.372	262.1361	354.0000	631.6667	
442	2315.386	262.5253	-330.0000	-50.6667	
443	2318.390	279.6855	98.6667	409.0000	
444	2321.384	280.0752	-532.6667	-237.6667	
445	2324.368	304.8465	343.0000	666.6666	
446	2327.341	310.0345	-526.0000	-200.3333	
447	2330.304	309.5559	154.3333	494.3334	
448	2333.256	276.3356	-428.6667	-130.0000	
449	2336.199	270.8208	-13.0000	249.0000	
450	2339.131	274.0561	-378.0000	-56.3333	
451	2342.052	276.3747	393.6667	674.6666	
452	2344.963	289.2761	-564.6666	-262.3333	
453	2347.864	297.9348	318.3333	631.3334	
454	2350.755	289.2599	-442.3333	-126.0000	
455	2353.635	287.8738	176.6667	470.3333	
456	2356.505	276.5932	-513.3333	-230.3333	
457	2359.364	278.1729	201.6667	486.0000	
458	2362.213	317.7523	-320.6667	3.0000	
459	2365.051	294.3318	178.3333	478.3333	
460	2367.879	291.9117	-242.6667	54.6667	
461	2370.697	287.8044	90.3333	363.6667	
462	2373.504	291.1971	-302.0000	8.0000	
463	2376.300	291.0898	256.6667	533.0000	
464	2379.086	287.6492	-444.0000	-149.0000	
465	2381.862	292.2086	95.6667	352.6667	
466	2384.627	296.1847	-334.0000	-53.6667	
467	2387.382	289.4315	241.0000	519.6667	
468	2390.125	272.3864	-597.3333	-351.3333	
469	2392.859	280.1231	187.0000	452.6667	
470	2395.582	289.7603	-378.0000	-103.6667	
471	2398.294	284.3976	303.0000	571.0000	
472	2400.996	267.3682	-622.6667	-372.6667	
473	2403.687	271.9002	220.0000	472.0000	
474	2406.368	274.8904	-430.6667	-178.6667	
475	2409.038	277.4223	309.0000	551.0000	
476	2411.697	295.0229	-401.6667	-134.6667	
477	2414.346	303.6846	296.3333	535.3333	
478	2416.984	309.2630	-491.6667	-221.3333	
479	2419.612	311.5079	74.6667	329.0000	
480	2422.228	301.9196	-440.6667	-196.3333	
481	2424.834	302.4980	181.6667	436.0000	
482	2427.430	245.3263	-477.0000	-273.3333	
483	2430.015	242.9879	177.0000	411.3333	
484	2432.589	248.5662	1273.0000	1266.3334	
485	2435.152	309.1193	227.3333	450.0000	
486	2437.705	300.3389	-690.6667	-453.3334	
487	2440.247	297.8085	106.0000	275.6667	
488	2442.778	294.2783	-478.6667	-258.3333	
489	2445.298	292.9513	44.6667	251.6667	
490	2447.808	292.7048	-553.3334	-335.6667	
491	2450.306	303.4198	357.3333	615.3334	
492	2452.794	294.1343	-419.3333	-205.3333	
493	2455.272	284.6373	264.3333	495.0000	
494	2457.738	285.8070	-574.3333	-387.0000	
495	2460.194	290.4767	239.6667	455.0000	
496	2462.638	301.1463	-368.3333	-110.6667	
497	2465.073	302.3160	398.6667	606.6667	
498	2467.496	296.9856	-435.6667	-217.3333	
499	2469.908	289.1553	421.0000	640.3333	
500	2472.309	272.6588	-356.0000	-164.3333	
501	2474.699	275.1749	-5.0000	178.3333	
502	2477.079	281.7742	-462.0000	-252.6667	
503	2479.448	284.5403	246.0000	427.3333	
504	2481.805	285.0562	-380.6667	-173.6667	
505	2484.152	287.8224	190.3333	373.6667	
506	2486.488	297.9217	-392.0000	-191.6667	
507	2488.813	296.9377	203.0000	403.3333	
508	2491.127	295.7870	-655.3334	-441.3333	
509	2493.430	287.6155	268.3333	428.0000	
510	2495.722	305.3192	-274.6667	-78.0000	
511	2498.003	267.4185	-82.0000	74.0000	
