resultName	muna15-9
resultName	muna15-9
ID	RS20191212121845_P19331194
Command	SCANANDSEARCH
User	Admin
Application	_Analyze
SerialNumber	P19331194
Power	280
Integration	900
Averages	3
AutoExposure	Off
AutoCollect	Off
QuickCollect	Off
AutoBackground	On
BaselineCorrection	On
Algorithm	Wavelet
Searched Library	All,None,None,None
MixtureComponents	2
matchThreshold	0.75
displayMatches	1
Threshold	0.80
WL Start	
WL End	
ServerVersion	3.180316
FirmwareVersion	
date	2019-12-12
time	12:18:45
scanindex	0
specpath	RS20191212121845_P19331194.xml
Search Range	200 - 2500
Synced	false
lastCalDateTime	2019-12-12 08:43:43
lastCalUser	Admin
lastCalResult	PASS
lastVerifyDateTime	2019-10-16 15:05:37
lastVerifyUser	Admin
lastVerifyResult	PASS
selectedMaterial	
result	No Match
ValidationGUID	
ValidationMatchQuality	
topMatch	
topMatchGUID	
topMatchQuality	
secondMatch	
secondMatchGUID	
secondMatchQuality	
thirdMatch	
thirdMatchGUID	
thirdMatchQuality	
fourthMatch	
fourthMatchGUID	
fourthMatchQuality	
fifthMatch	
fifthMatchGUID	
fifthMatchQuality	
signedBy	
signedDateTime	
softwareVer	1.7.0.21
memo	
batchID	
inBatch	false
batchUID	
batchCID1	
batchCIDlbl1	
batchCID2	
batchCIDlbl2	
batchCID3	
batchCIDlbl3	
batchCID4	
batchCIDlbl4	
batchCID5	
batchCIDlbl5	
signedTitle	
signedReason	
rescanned	
barcode	
topMatchContribs	
secondMatchContribs	
thirdMatchContribs	
fourthMatchContribs	
fifthMatchContribs	
ValidationMatchContribs	
Threat	
PrecursorList	
CompundName	
WindowStart4C	
MatchLibrary	
lastModified	2019/12/12 12:21
Signal2Noise	63.59
Detector TEC SetPoint	0x8000
Detector Temp	5.01
Laser Temp	23.85
OE1 Temp	35.16
OE2 Temp	39.69
Detector Gain	200
SaturationDetected	false
InterpolatedPixelList	
PeakList	 297.5	913	335.2	694	384.5	556	443.0	805	650.4	2497	756.5	821	804.4	719	959.2	927	1142.0	667	1211.9	985	1333.4	739	1377.9	1466	1457.5	5346	1619.0	1135	1645.1	4507	1673.1	3960	1713.9	932
index	Raman Shift (cm-1)	Y value (counts)	background (counts)	raw value (counts)
0	137.923	612.1707	13387.0000	16841.0000	
1	144.410	423.5592	14594.3340	17763.0000	
2	150.891	284.9489	15308.6670	18242.0000	
3	157.367	288.3385	15761.0000	18601.0000	
4	163.837	443.7270	15406.3340	18305.0000	
5	170.302	480.7837	16800.3340	19639.3340	
6	176.762	401.8403	16391.3340	19054.6680	
7	183.215	293.8968	16189.6660	18648.3340	
8	189.664	238.9516	15600.0000	17907.0000	
9	196.106	225.6721	17161.3340	19358.3320	
10	202.544	325.7287	16864.3340	19064.6660	
11	208.975	404.4534	17545.6660	19728.0000	
12	215.401	397.5080	16766.3340	18845.0000	
13	221.822	376.4537	17585.6660	19584.0000	
14	228.236	335.3088	17844.0000	19734.0000	
15	234.646	222.1425	18250.6660	20025.0000	
16	241.049	225.3080	15959.3340	17734.3340	
17	247.447	232.4738	17124.3340	18904.0000	
18	253.839	299.3075	15644.0000	17488.0000	
19	260.226	271.1391	16660.6680	18474.0000	
20	266.607	252.3087	14607.6660	16399.6680	
21	272.982	376.5790	17157.0000	19097.0000	
22	279.352	685.1851	16191.3320	18463.6660	
23	285.716	793.4573	15514.0000	17918.3340	
24	292.074	832.3933	14697.6680	17164.6660	
25	298.426	912.9977	14464.0000	17042.0000	
26	304.773	786.9342	14213.6660	16696.0000	
27	311.114	525.8698	15600.3330	17852.0000	
28	317.449	564.1663	13510.0000	15842.0000	
29	323.779	659.4897	14034.0000	16416.6660	
30	330.102	667.8151	13836.6660	16183.0000	
31	336.420	693.8065	14302.3320	16630.0000	
32	342.732	611.7960	14197.0000	16398.0000	
33	349.039	395.1194	13448.6660	15388.3320	
34	355.339	279.7769	11644.0000	13423.6660	
35	361.634	229.1376	14785.6680	16458.3320	
36	367.923	0.0000	11729.0000	13129.6660	
37	374.205	211.6006	12005.6660	13606.0000	
38	380.483	555.5342	12557.3330	14489.6680	
39	386.754	399.7999	12856.0000	14620.6680	
40	393.019	406.7320	10277.0000	11886.6670	
41	399.278	550.6639	11844.0000	13735.3340	
42	405.532	444.5952	10168.3330	11941.3330	
43	411.779	289.1932	6839.0000	8444.3330	
44	418.021	294.1256	7934.6670	9532.6670	
45	424.257	321.0814	7824.0000	9407.6670	
46	430.487	390.5369	5466.3335	7142.3330	
47	436.710	691.4101	3720.0000	5687.6665	
48	442.928	805.2830	3205.6665	5278.0000	
49	449.140	567.7473	5551.0000	7389.3330	
50	455.346	461.8890	3533.3333	5254.6665	
51	461.546	240.3635	3091.0000	4579.6665	
52	467.739	119.1715	2817.6667	4174.0000	
53	473.927	327.2043	4246.0000	5792.3330	
54	480.109	520.9043	2289.6665	4011.6665	
55	486.285	492.6041	1362.6666	3038.3335	
56	492.454	442.0777	2481.6667	4076.0000	
57	498.618	370.1898	3373.0000	4773.6670	
58	504.775	408.9271	3169.0000	4653.0000	
59	510.926	419.7892	1728.0000	3299.3330	
60	517.072	370.0265	2181.6667	3549.0000	
61	523.211	364.0698	2967.0000	4282.6665	
62	529.344	351.1133	1677.3333	2934.3333	
63	535.471	297.4901	2511.6667	3669.3335	
64	541.591	221.2001	1357.0000	2392.6667	
65	547.706	273.9098	3269.0000	4311.6665	
66	553.814	317.1617	5809.3335	6926.0000	
67	559.917	351.4967	6518.3330	7530.3330	
68	566.013	397.2067	4091.6665	5135.0000	
69	572.102	319.1712	2794.6667	3738.0000	
70	578.186	305.5961	977.6666	1919.6667	
71	584.263	289.9840	827.6666	1799.6667	
72	590.334	260.2884	1305.6666	2170.3335	
73	596.399	236.7299	3451.6665	4295.6665	
74	602.458	328.9213	4556.3335	5635.6665	
75	608.510	556.7795	4456.0000	5810.3330	
76	614.556	861.9727	5178.3330	6885.0000	
77	620.596	976.7819	5611.6670	7443.6670	
78	626.630	922.0199	4465.6670	6100.6665	
79	632.657	1092.7581	3598.0000	5558.6665	
80	638.677	1401.7465	3670.0000	5946.0000	
81	644.692	2131.0674	5033.6670	8045.3330	
82	650.700	2497.0554	3889.6667	7273.6660	
83	656.702	1938.0441	1970.6667	4802.0000	
84	662.697	1236.3651	1621.3333	3757.3335	
85	668.686	875.3931	1848.0000	3600.6665	
86	674.669	850.7550	792.6666	2498.3335	
87	680.645	848.1165	1711.3333	3392.0000	
88	686.615	474.4786	3414.0000	4698.6670	
89	692.578	290.7191	3343.3335	4431.6665	
90	698.535	297.7940	1747.6665	2830.6667	
91	704.486	299.7016	2798.3335	3945.0000	
92	710.430	236.6619	2798.3333	3811.6665	
93	716.368	232.8572	2493.0000	3491.3335	
94	722.299	247.4690	2938.3335	4043.0000	
95	728.223	532.5394	2637.0000	4067.0000	
96	734.141	731.9431	2788.3333	4458.0000	
97	740.053	595.4508	3971.3333	5583.0000	
98	745.958	606.4562	3835.0000	5448.0000	
99	751.857	662.5870	5456.6665	7160.6670	
100	757.749	821.3834	3902.0000	5799.6665	
101	763.634	563.6995	5508.6665	7154.6670	
102	769.513	340.0139	4491.3335	5919.6665	
103	775.385	210.9965	4760.6665	6066.0000	
104	781.251	367.9784	4617.0000	6085.3335	
105	787.110	437.7777	5736.3335	7351.6660	
106	792.963	441.9104	5638.3335	7073.6670	
107	798.809	529.0439	7053.3330	8670.3340	
108	804.648	718.8420	5840.3335	7643.0000	
109	810.481	646.3898	6228.3330	7955.3330	
110	816.307	326.9370	4882.3330	6286.6660	
111	822.126	153.4845	5712.6665	6940.3330	
112	827.938	90.8699	5366.0000	6539.0000	
113	833.744	293.5843	6188.3330	7563.3330	
114	839.544	632.9647	5621.0000	7334.6660	
115	845.336	495.8254	6476.6670	8067.0000	
116	851.122	544.9774	5629.6670	7192.6660	
117	856.901	643.5333	6348.6670	8086.0000	
118	862.673	498.0057	6104.0000	7710.3330	
119	868.439	475.3148	6057.3335	7644.0000	
120	874.198	367.3895	4732.0000	6224.0000	
121	879.950	299.2920	4902.6665	6332.6670	
122	885.695	324.5273	4824.6665	6286.0000	
123	891.434	349.4289	5767.0000	7259.3330	
124	897.165	289.9986	5635.3335	7074.3340	
125	902.890	328.6448	4478.0000	5899.3335	
126	908.608	399.5412	4223.3335	5632.6670	
127	914.319	540.0626	5292.3330	6967.3330	
128	920.024	520.7507	4074.0000	5725.0000	
129	925.721	365.1058	4937.3330	6428.0000	
130	931.412	330.1274	3420.6665	4871.6670	
131	937.095	231.1481	3614.3335	4961.6665	
132	942.772	294.5863	3527.3335	4820.6665	
133	948.442	419.1496	3945.3335	5478.0000	
134	954.105	817.6472	2796.6667	4709.3335	
135	959.761	927.4780	3658.3330	5662.3330	
136	965.410	560.3097	3373.3335	4991.6670	
137	971.053	390.8018	3386.0000	4821.0000	
138	976.688	359.6279	2047.3333	3437.3335	
139	982.316	355.5371	2609.0000	3988.0000	
140	987.937	378.8127	2789.3333	4173.6670	
141	993.552	326.9022	2892.6667	4227.6665	
142	999.159	267.4092	2387.3333	3677.6665	
143	1004.759	259.9160	3097.3333	4395.0000	
144	1010.352	285.4228	2491.6667	3829.6670	
145	1015.939	309.2623	2800.0000	4176.6665	
146	1021.518	420.4358	2775.6667	4278.3335	
147	1027.090	478.9424	2927.6667	4503.6665	
148	1032.655	457.0327	2497.3333	4104.0000	
149	1038.213	416.6570	3086.6667	4626.0000	
150	1043.764	399.9484	2647.3333	4201.0000	
151	1049.307	319.3227	3040.6667	4522.0000	
152	1054.844	226.9477	2020.6666	3426.3335	
153	1060.373	220.4788	3200.0000	4613.0000	
154	1065.896	327.9622	2943.3335	4498.6665	
155	1071.411	359.2638	3363.3335	4916.6665	
156	1076.919	428.5650	3208.0000	4876.3330	
157	1082.420	377.0419	3683.0000	5261.6665	
158	1087.914	370.5602	2425.3333	4039.6665	
159	1093.400	545.8909	3882.0000	5673.6665	
160	1098.880	494.8888	3949.3330	5692.0000	
161	1104.352	257.3611	4675.0000	6168.0000	
162	1109.817	358.6620	3930.0000	5510.6670	
163	1115.274	495.6285	4789.6665	6493.6660	
164	1120.725	509.2632	4109.0000	5813.0000	
165	1126.168	619.2888	4965.6670	6747.3335	
166	1131.604	564.9813	4746.0000	6441.0000	
167	1137.032	591.2573	5451.6665	7105.3340	
168	1142.453	667.3656	4373.6665	6106.3330	
169	1147.868	634.3311	5542.6665	7217.0000	
170	1153.274	431.9624	5566.3335	7013.0000	
171	1158.674	303.5943	5848.6670	7141.6670	
172	1164.066	262.8927	5399.0000	6626.0000	
173	1169.450	213.3904	7037.0000	8227.6660	
174	1174.828	216.5561	6312.3330	7519.3330	
175	1180.198	259.1428	7601.6670	8872.6660	
176	1185.560	366.7467	7060.0000	8472.6660	
177	1190.916	372.3506	7699.6670	9152.0000	
178	1196.263	442.9539	7439.6665	8996.6660	
179	1201.604	644.2246	8347.6670	10140.0000	
180	1206.937	915.8295	7557.6660	9655.6670	
181	1212.262	985.2153	8683.0000	10855.6660	
182	1217.581	758.0431	8333.6670	10274.0000	
183	1222.891	609.7777	9093.3340	10894.0000	
184	1228.194	549.5131	8916.6660	10665.6660	
185	1233.490	398.8112	10069.0000	11698.0000	
186	1238.778	236.4428	9803.0000	11300.3330	
187	1244.059	350.4084	10085.6670	11727.6670	
188	1249.333	503.7066	9969.6670	11795.6670	
189	1254.598	410.2518	11751.3330	13547.0000	
190	1259.856	208.4625	11037.0000	12694.0000	
191	1265.107	197.6744	12267.0000	13976.3340	
192	1270.350	311.8844	12238.0000	14124.6660	
193	1275.586	357.0985	13258.6660	15253.6680	
194	1280.814	380.6412	12446.0000	14527.6670	
195	1286.034	493.8521	13557.6660	15815.6660	
196	1291.247	486.4150	13196.0000	15526.3340	
197	1296.452	433.0066	14546.6680	16876.3340	
198	1301.650	406.2660	14014.6660	16370.3320	
199	1306.840	435.1913	15243.0000	17680.3320	
200	1312.022	562.1194	14705.0000	17322.0000	
201	1317.197	287.5715	15629.3340	17997.6680	
202	1322.364	253.3535	15245.6680	17605.6660	
203	1327.523	517.4039	16189.6680	18818.6660	
204	1332.674	738.6831	15578.3340	18439.0000	
205	1337.818	637.2633	16874.3320	19637.6660	
206	1342.955	373.5095	15903.3320	18407.0000	
207	1348.083	234.0877	17290.0000	19658.3340	
208	1353.204	202.3341	16349.6660	18690.3340	
209	1358.317	447.2461	17994.3320	20584.0000	
210	1363.422	972.1561	17287.0000	20405.6660	
211	1368.520	1098.4026	18490.3340	21739.3340	
212	1373.610	1139.9810	17731.0000	21025.6660	
213	1378.692	1466.1057	18922.3340	22556.0000	
214	1383.766	1348.5649	18056.0000	21585.0000	
215	1388.832	534.6901	19448.0000	22176.0000	
216	1393.891	122.4812	18297.0000	20625.6660	
217	1398.942	61.7354	19617.0000	21882.3340	
218	1403.984	267.6390	18634.6660	21075.3320	
219	1409.020	809.2106	19957.3340	22909.0000	
220	1414.047	1471.4489	18778.3320	22361.6660	
221	1419.066	1838.6918	20041.3340	23968.6680	
222	1424.078	2113.9351	19054.0000	23233.3340	
223	1429.081	2858.5117	20091.3320	24992.0000	
224	1434.077	3902.2585	19178.6680	25078.6680	
225	1439.065	4428.3213	20259.3320	26641.0000	
226	1444.045	4859.0488	19295.6660	26063.6660	
227	1449.016	5138.4443	20501.0000	27504.0000	
228	1453.980	5296.5088	19104.3320	26221.0000	
229	1458.936	5345.8467	20484.3320	27548.6641	
230	1463.885	4010.8542	18903.3340	24531.0000	
231	1468.825	2596.5298	19945.0000	24056.6680	
232	1473.757	1595.5341	18523.0000	21532.0000	
233	1478.681	886.0219	19537.0000	21747.6680	
234	1483.597	555.1732	18231.3340	20022.3340	
235	1488.505	355.9935	19715.0000	21218.0000	
236	1493.405	356.1463	18492.0000	19906.3340	
237	1498.297	217.0965	20043.6660	21256.6660	
238	1503.181	248.9579	18987.6660	20179.0000	
239	1508.057	200.2214	19203.3320	20303.3340	
240	1512.924	220.1488	15249.3320	16326.6660	
241	1517.784	228.0766	18172.6660	19215.3320	
242	1522.635	237.6721	19571.0000	20580.6660	
243	1527.479	297.4352	21501.3320	22486.0000	
244	1532.314	369.6140	20382.3340	21468.0000	
245	1537.142	380.6844	21834.0000	22861.3340	
246	1541.961	348.8104	20727.6680	21855.6660	
247	1546.772	301.6029	22142.3340	23185.0000	
248	1551.574	315.1449	21241.0000	22388.0000	
249	1556.369	301.6161	22896.3340	24116.6680	
250	1561.155	261.0877	21542.6660	22809.3340	
251	1565.933	276.8895	22710.6660	24080.0000	
252	1570.703	278.3597	22368.6660	23826.3320	
253	1575.465	286.0872	23136.6660	24731.3320	
254	1580.219	398.1463	21640.6660	23476.6660	
255	1584.964	483.2059	22857.0000	24907.3320	
256	1589.701	554.9330	21012.6660	23264.0000	
257	1594.430	651.9921	21333.3320	23811.0000	
258	1599.150	748.0497	20522.6680	23225.6660	
259	1603.863	643.3658	22968.3320	25719.0000	
260	1608.567	833.1710	22157.6680	25207.0000	
261	1613.262	960.1356	23495.3320	26729.6680	
262	1617.949	1135.0917	23200.0000	26667.3320	
263	1622.629	1099.7201	23746.0000	27236.0000	
264	1627.299	1404.6808	22190.6680	26043.6680	
265	1631.961	2169.8987	22556.0000	27200.6680	
266	1636.615	3350.7786	21038.6660	26865.0000	
267	1641.261	4474.0630	23404.3320	30355.6680	
268	1645.898	4507.3481	21993.0000	28979.3359	
269	1650.527	3371.5017	23534.0000	29310.0000	
270	1655.147	2429.3245	21275.6660	26035.0000	
271	1659.759	2182.1438	23041.0000	27478.6641	
272	1664.363	2690.9707	22531.6660	27403.6680	
273	1668.958	3545.4597	23513.6660	29165.6680	
274	1673.544	3959.6130	21612.3340	27604.0000	
275	1678.123	3242.7698	21525.6660	26726.0000	
276	1682.692	2042.2548	21035.0000	24960.3320	
277	1687.254	1112.8055	21068.0000	23960.3340	
278	1691.806	480.0199	21338.0000	23494.0000	
279	1696.350	239.5685	23672.6660	25484.6660	
280	1700.886	129.7997	20845.0000	22462.3340	
281	1705.413	386.3153	21207.0000	22935.0000	
282	1709.932	737.8300	19547.6680	21481.3340	
283	1714.442	932.0126	22688.0000	24670.0000	
284	1718.944	617.5287	20186.3340	21708.0000	
285	1723.437	283.4085	20233.3340	21329.0000	
286	1727.921	240.2879	16818.3340	17779.0000	
287	1732.397	236.6331	20178.0000	21032.0000	
288	1736.864	249.4674	19905.3320	20709.6680	
289	1741.323	261.6298	19190.0000	19944.0000	
290	1745.773	267.4611	16834.6680	17532.0000	
291	1750.214	318.9608	20019.0000	20705.3340	
292	1754.647	311.4998	18586.6660	19167.6660	
293	1759.071	343.0038	18321.0000	18924.6660	
294	1763.486	352.6313	14960.3340	15577.6660	
295	1767.893	373.5510	17839.0000	18414.0000	
296	1772.291	405.0545	19135.3340	19717.3340	
297	1776.680	383.5291	16609.3340	17170.6680	
298	1781.061	351.9185	14068.0000	14596.6660	
299	1785.432	350.1421	14594.3340	15120.0000	
300	1789.796	357.1997	13652.6680	14190.0000	
301	1794.150	356.8240	15078.3340	15590.0000	
302	1798.495	364.5768	16835.0000	17387.6660	
303	1802.832	359.2884	17365.6680	17930.0000	
304	1807.160	346.0619	16875.3340	17369.3340	
305	1811.480	349.9189	14554.3320	15049.6660	
306	1815.790	328.6091	12898.0000	13382.3330	
307	1820.092	325.7160	13862.6680	14337.0000	
308	1824.385	345.9208	13196.6670	13688.6660	
309	1828.669	353.7464	15351.3320	15811.0000	
310	1832.944	383.5735	14110.0000	14614.6680	
311	1837.210	399.0642	12211.3330	12723.6660	
312	1841.468	380.3896	12219.6670	12733.6660	
313	1845.716	363.6256	13385.0000	13811.6660	
314	1849.956	360.0080	14836.0000	15326.3340	
315	1854.187	362.4944	14057.3340	14492.6660	
316	1858.409	359.0849	12620.0000	13108.3340	
317	1862.622	355.4570	11503.6670	11932.0000	
318	1866.826	340.0785	10171.6660	10638.0000	
319	1871.021	320.9506	8204.0000	8607.3340	
320	1875.207	331.3212	7810.0000	8219.3330	
321	1879.384	368.0268	8740.6660	9182.3330	
322	1883.552	352.6895	5986.3335	6419.6665	
323	1887.712	342.5444	5323.0000	5741.6665	
324	1891.862	349.3998	5896.3335	6317.3340	
325	1896.003	354.8976	7715.0000	8170.3330	
326	1900.135	359.4798	6094.0000	6477.3330	
327	1904.258	362.8118	9004.3340	9437.3330	
328	1908.372	360.7279	8659.6660	9085.6670	
329	1912.478	358.0797	7999.6670	8376.3330	
330	1916.574	351.3355	7997.0000	8417.3330	
331	1920.661	355.2581	6723.6670	7105.3340	
332	1924.738	352.0140	7755.6670	8139.0000	
333	1928.807	355.5852	8620.3340	9018.6660	
334	1932.867	345.3232	7486.0000	7855.0000	
335	1936.917	351.8317	5993.3330	6335.0000	
336	1940.959	376.9654	6608.0000	7001.0000	
337	1944.991	382.1204	7439.0000	7833.3340	
338	1949.014	374.7741	7290.3330	7685.3330	
339	1953.028	345.7611	5853.3335	6203.6660	
340	1957.033	343.7494	2898.0000	3229.6667	
341	1961.029	349.1399	3319.3335	3668.3333	
342	1965.015	339.7387	3644.0000	3991.0000	
343	1968.992	314.3909	2864.6667	3175.0000	
344	1972.960	327.1387	1885.6667	2202.6667	
345	1976.919	346.2754	1191.6666	1563.3333	
346	1980.869	350.6621	205.3333	516.0000	
347	1984.809	362.2363	869.0000	1196.6666	
348	1988.740	385.3517	685.0000	1042.6667	
349	1992.661	368.8480	639.3334	978.0000	
350	1996.574	356.5269	-159.0000	153.6667	
351	2000.477	344.5006	487.0000	736.3333	
352	2004.371	345.8076	-267.3333	60.3333	
353	2008.256	355.4479	315.3333	623.0000	
354	2012.131	360.2549	-294.3333	5.0000	
355	2015.997	360.4787	267.6667	607.3333	
356	2019.853	359.2862	-404.6666	-106.6667	
357	2023.701	357.7842	299.3333	618.0000	
358	2027.538	356.1154	-350.6667	-76.6667	
359	2031.367	356.1967	232.3333	556.3333	
360	2035.186	356.6110	-364.6667	-83.0000	
361	2038.996	354.5490	266.6667	581.0000	
362	2042.796	355.3412	-403.3333	-122.6667	
363	2046.587	350.8207	231.0000	517.3334	
364	2050.368	340.2106	-409.3333	-124.3333	
365	2054.140	348.2380	204.3333	500.6666	
366	2057.903	348.3488	-334.6667	-37.0000	
367	2061.656	357.7931	205.3333	513.6667	
368	2065.399	396.2372	-373.6667	-25.6667	
369	2069.133	349.0146	177.3333	479.3333	
370	2072.858	348.0213	-313.0000	-26.3333	
371	2076.573	358.8054	323.0000	637.3334	
372	2080.278	357.9676	-342.6667	-41.0000	
373	2083.974	358.8239	193.6667	503.3333	
374	2087.661	356.2009	-255.3333	29.6667	
375	2091.338	358.3906	24.6667	344.0000	
376	2095.005	348.3508	-285.6667	-9.6667	
377	2098.663	332.2014	253.6667	564.3334	
378	2102.311	296.3019	-178.0000	49.6667	
379	2105.949	317.8191	229.6667	477.0000	
380	2109.578	385.3368	-445.0000	-132.0000	
381	2113.198	409.9540	-711.3334	-376.0000	
382	2116.807	357.2378	-127.3333	153.0000	
383	2120.407	356.8758	190.3333	467.0000	
384	2123.998	359.1597	-528.3333	-249.3333	
385	2127.579	347.3705	146.6667	442.6667	
386	2131.150	320.6758	-391.3333	-144.0000	
387	2134.711	341.8979	132.0000	348.0000	
388	2138.263	353.0362	-400.0000	-64.6667	
389	2141.805	359.6579	297.6667	570.3333	
390	2145.337	358.1338	-404.3333	-115.3333	
391	2148.859	357.5472	242.0000	517.3334	
392	2152.372	371.5959	-608.0000	-297.3333	
393	2155.875	366.1867	62.0000	336.3333	
394	2159.368	357.1941	-287.6667	18.3333	
395	2162.852	350.6182	347.6667	614.0000	
396	2166.326	345.6262	-283.6667	3.6667	
397	2169.790	348.9551	135.0000	395.6667	
398	2173.244	362.2007	-409.0000	-110.3333	
399	2176.688	348.9463	177.6667	465.0000	
400	2180.123	342.0252	-184.3333	98.0000	
401	2183.547	349.4375	481.0000	738.0000	
402	2186.962	360.8497	-325.6667	9.0000	
403	2190.367	358.9286	-26.3333	266.3333	
404	2193.762	387.6735	-353.6667	-18.0000	
405	2197.147	374.6111	221.6667	566.3334	
406	2200.522	348.6374	-377.6667	-78.3333	
407	2203.888	333.4872	211.0000	532.6667	
408	2207.243	319.7535	-368.6667	-80.0000	
409	2210.589	324.1573	321.6667	613.6667	
410	2213.924	336.5611	-434.0000	-130.6667	
411	2217.250	347.9650	272.6667	587.6667	
412	2220.565	358.1183	-323.3333	-43.3333	
413	2223.871	406.4980	316.3333	672.6667	
414	2227.167	392.8396	-580.6667	-241.0000	
415	2230.453	328.1811	201.3333	473.3333	
416	2233.728	321.5226	-568.6667	-306.3333	
417	2236.994	337.8641	226.3333	502.0000	
418	2240.250	349.1223	-495.0000	-198.0000	
419	2243.495	357.0054	36.6667	274.6667	
420	2246.731	361.3475	-384.3333	-59.3333	
421	2249.957	369.8798	270.3333	560.6666	
422	2253.172	363.7872	-453.6667	-160.3333	
423	2256.377	365.4445	243.3333	522.6667	
424	2259.573	371.8519	-365.0000	-71.0000	
425	2262.758	365.2007	190.0000	541.0000	
426	2265.933	361.3203	-99.3333	171.0000	
427	2269.098	349.2982	373.6667	660.6667	
428	2272.253	344.5585	-318.0000	-21.3333	
429	2275.397	331.0757	190.6667	460.6667	
430	2278.532	343.2595	-310.6667	-55.0000	
431	2281.656	348.9434	333.6667	655.0000	
432	2284.771	350.2939	-384.0000	-92.3333	
433	2287.875	348.3320	199.0000	501.6667	
434	2290.968	357.3301	-362.3333	-91.3333	
435	2294.052	354.9490	178.0000	512.6667	
436	2297.125	359.1727	-563.3334	-291.6667	
437	2300.188	357.3723	243.0000	554.0000	
438	2303.241	348.9885	-436.6667	-139.6667	
439	2306.284	353.1048	-2.3333	274.6667	
440	2309.316	368.3876	-557.0000	-237.0000	
441	2312.338	366.6432	350.6667	668.3333	
442	2315.350	345.2530	-211.3333	41.6667	
443	2318.352	345.8419	137.6667	444.3333	
444	2321.343	356.1610	-519.3333	-201.0000	
445	2324.323	356.9240	375.6667	666.0000	
446	2327.294	360.4369	-478.6667	-172.3333	
447	2330.254	356.9498	229.0000	524.6667	
448	2333.204	330.5670	-350.6667	-73.3333	
449	2336.144	346.3584	10.6667	300.0000	
450	2339.073	354.4832	-329.6667	-36.0000	
451	2341.991	351.6079	389.6667	707.3333	
452	2344.900	346.6484	-560.3333	-295.0000	
453	2347.798	346.5886	330.6667	602.0000	
454	2350.685	326.9455	-389.3333	-130.6667	
455	2353.562	353.9221	256.6667	501.0000	
456	2356.429	379.3711	-409.0000	-109.3333	
457	2359.285	374.4701	295.0000	589.0000	
458	2362.130	364.5692	-256.0000	27.3333	
459	2364.966	356.3349	194.0000	465.3333	
460	2367.790	357.1017	-177.0000	107.0000	
461	2370.604	344.2755	170.0000	428.6666	
462	2373.408	349.5743	-211.6667	31.3333	
463	2376.202	354.9564	331.6667	597.3334	
464	2378.984	357.7969	-297.6667	-35.0000	
465	2381.756	365.8040	115.6667	376.6667	
466	2384.518	363.2277	-319.3333	-21.0000	
467	2387.269	355.9848	242.6667	496.0000	
468	2390.010	329.8242	-491.3333	-267.0000	
469	2392.739	339.5160	261.0000	503.6666	
470	2395.458	354.4308	-237.0000	27.6667	
471	2398.167	358.4289	434.3333	683.3333	
472	2400.865	359.3855	-605.3333	-345.6667	
473	2403.553	355.9075	247.3333	491.6666	
474	2406.229	350.8879	-398.6667	-163.3333	
475	2408.896	342.1809	390.3333	601.6667	
476	2411.551	357.4230	-336.6667	-104.6667	
477	2414.196	355.8016	334.3333	512.6667	
478	2416.830	357.5761	-448.6667	-178.0000	
479	2419.453	360.6838	146.6667	337.3333	
480	2422.066	373.8748	-380.3333	-153.6667	
481	2424.668	362.1909	228.3333	474.3333	
482	2427.260	323.0903	-450.0000	-231.0000	
483	2429.840	317.6149	199.3333	446.0000	
484	2432.410	286.9940	958.3333	925.3334	
485	2434.969	372.3652	264.6667	476.3333	
486	2437.517	409.7575	-683.0000	-435.0000	
487	2440.055	371.4829	116.6667	325.3333	
488	2442.581	369.8749	-422.6667	-216.6667	
489	2445.097	361.6048	59.3333	243.3333	
490	2447.602	345.7302	-504.6667	-275.0000	
491	2450.096	345.1442	411.6667	585.3334	
492	2452.580	345.4539	-346.0000	-155.6667	
493	2455.052	354.5919	302.0000	513.6666	
494	2457.514	359.4591	-547.6667	-358.0000	
495	2459.965	361.8263	274.6667	491.3334	
496	2462.405	359.9435	-296.6667	-96.3333	
497	2464.834	347.6440	416.0000	601.6667	
498	2467.252	345.3444	-388.6667	-207.6667	
499	2469.659	346.7325	462.0000	637.3333	
500	2472.056	349.0997	-284.3333	-97.0000	
501	2474.441	351.4525	35.3333	203.6667	
502	2476.816	352.2428	-412.6667	-221.3333	
503	2479.179	355.2831	263.3333	438.3333	
504	2481.532	359.5733	-383.6667	-200.6667	
505	2483.873	365.7802	187.3333	399.0000	
506	2486.204	364.1539	-367.3333	-202.0000	
507	2488.523	356.2775	215.0000	404.3333	
508	2490.832	358.1510	-598.3334	-429.3333	
509	2493.130	352.0455	269.3333	442.0000	
510	2495.416	390.1483	-260.3333	-58.0000	
511	2497.692	305.0219	-12.0000	103.3333	
