resultName	muna8-234
resultName	muna8-234
ID	RS20201106110454_P19331194
Command	SCANANDSEARCH
User	Admin
Application	_Analyze
SerialNumber	P19331194
Power	280
Integration	900
Averages	3
AutoExposure	Off
AutoCollect	Off
QuickCollect	Off
AutoBackground	On
BaselineCorrection	On
Algorithm	Wavelet
Searched Library	All,None,None,None
MixtureComponents	2
matchThreshold	0.0
displayMatches	1
Threshold	0.80
WL Start	
WL End	
ServerVersion	3.180316
FirmwareVersion	
date	2020-11-06
time	11:04:54
scanindex	0
specpath	RS20201106110454_P19331194.xml
Search Range	200 - 2500
Synced	false
lastCalDateTime	2020-10-28 08:17:07
lastCalUser	Admin
lastCalResult	PASS
lastVerifyDateTime	2020-11-06 08:24:10
lastVerifyUser	Admin
lastVerifyResult	PASS
selectedMaterial	
result	No Match
ValidationGUID	
ValidationMatchQuality	
topMatch	
topMatchGUID	
topMatchQuality	
secondMatch	
secondMatchGUID	
secondMatchQuality	
thirdMatch	
thirdMatchGUID	
thirdMatchQuality	
fourthMatch	
fourthMatchGUID	
fourthMatchQuality	
fifthMatch	
fifthMatchGUID	
fifthMatchQuality	
signedBy	
signedDateTime	
softwareVer	1.7.0.21
memo	
batchID	
inBatch	false
batchUID	
batchCID1	
batchCIDlbl1	
batchCID2	
batchCIDlbl2	
batchCID3	
batchCIDlbl3	
batchCID4	
batchCIDlbl4	
batchCID5	
batchCIDlbl5	
signedTitle	
signedReason	
rescanned	
barcode	
topMatchContribs	
secondMatchContribs	
thirdMatchContribs	
fourthMatchContribs	
fifthMatchContribs	
ValidationMatchContribs	
Threat	
PrecursorList	
CompundName	
WindowStart4C	
MatchLibrary	
lastModified	2020/11/06 11:08
Signal2Noise	56.97
Detector TEC SetPoint	0x8000
Detector Temp	4.96
Laser Temp	23.84
OE1 Temp	38.59
OE2 Temp	43.44
Detector Gain	200
SaturationDetected	false
InterpolatedPixelList	
PeakList	 286.6	878	323.1	485	398.9	614	448.1	468	480.9	458	649.9	1183	679.3	914	736.1	767	744.2	631	806.4	522	840.1	790	867.0	447	960.4	506	1093.7	480	1126.9	658	1140.8	582	1208.0	518	1249.8	512	1337.5	810	1368.5	904	1457.8	4453	1645.3	2184	1677.0	1436	1710.1	750
index	Raman Shift (cm-1)	Y value (counts)	background (counts)	raw value (counts)
0	137.234	314.8417	3180.3333	5875.3330	
1	143.735	277.2441	3380.6667	5965.0000	
2	150.232	199.9798	3555.0000	5989.0000	
3	156.722	234.3823	3768.6665	6164.0000	
4	163.207	318.4512	3467.0000	5873.3335	
5	169.686	346.1868	4065.0000	6426.0000	
6	176.159	234.9227	3799.6665	5976.3335	
7	182.627	204.3246	4019.0000	6092.0000	
8	189.089	198.3936	3540.0000	5534.0000	
9	195.545	180.4625	4083.6665	5986.6665	
10	201.996	157.5312	3886.6667	5693.6665	
11	208.440	241.9339	4478.3335	6296.6670	
12	214.879	287.6699	3850.6665	5641.6670	
13	221.313	262.3888	4397.0000	6130.6665	
14	227.740	183.6576	4146.0000	5762.3330	
15	234.162	173.6578	4535.0000	6147.6670	
16	240.578	118.9900	3898.0000	5462.3330	
17	246.988	112.3232	4190.3335	5754.3335	
18	253.392	183.9894	3803.6665	5445.6665	
19	259.791	235.3222	4304.3335	6004.0000	
20	266.184	266.3219	3482.0000	5219.0000	
21	272.570	325.3558	4427.6670	6247.3330	
22	278.951	720.0574	4031.0000	6269.0000	
23	285.327	877.7588	4111.3335	6530.6670	
24	291.696	691.4592	3680.0000	5936.6665	
25	298.059	682.2269	4017.0000	6292.0000	
26	304.417	600.6612	3576.0000	5797.0000	
27	310.768	483.7623	4350.6670	6482.3340	
28	317.114	429.2914	3721.0000	5836.0000	
29	323.454	485.3082	3928.0000	6057.6670	
30	329.788	427.6578	3446.0000	5476.6670	
31	336.116	417.6735	4191.0000	6170.3330	
32	342.438	352.3573	3811.0000	5683.6670	
33	348.754	224.7071	4060.0000	5763.6670	
34	355.064	112.0564	3386.6667	4936.3335	
35	361.368	113.8928	4027.0000	5527.3335	
36	367.666	70.9442	3358.0002	4774.6670	
37	373.958	195.6501	3399.0000	4929.6665	
38	380.244	431.0232	3500.3330	5255.6665	
39	386.524	382.0624	3632.0000	5327.6665	
40	392.798	387.4353	2950.0000	4640.3330	
41	399.066	614.1371	3523.0000	5425.3335	
42	405.328	525.1717	3129.3333	4928.0000	
43	411.583	293.2062	2414.0000	3966.0000	
44	417.833	269.2404	2422.3335	3935.6665	
45	424.077	140.5887	2888.3333	4261.0000	
46	430.314	221.9365	2034.0000	3476.0000	
47	436.546	346.9507	1691.6667	3246.6665	
48	442.771	463.9655	1447.3334	3107.3335	
49	448.991	467.7103	2340.6665	4001.6665	
50	455.204	402.3708	1511.0000	3089.0000	
51	461.411	240.6979	1500.6666	2899.3333	
52	467.611	165.3584	1458.0000	2763.6665	
53	473.806	354.6153	1992.3335	3459.0000	
54	479.995	457.8722	1202.3333	2744.0000	
55	486.177	361.7953	718.0000	2135.3333	
56	492.353	276.3599	1141.3333	2437.3333	
57	498.523	183.9277	1609.6666	2793.0000	
58	504.686	107.4956	1378.0000	2464.6667	
59	510.844	153.3967	965.6666	2078.0000	
60	516.995	256.2980	955.0000	2150.0000	
61	523.140	318.9907	1472.3333	2714.0000	
62	529.279	344.6835	762.3334	2013.6667	
63	535.411	308.0428	1506.6666	2705.3333	
64	541.537	188.0690	740.6667	1803.3335	
65	547.657	198.8451	1382.3334	2403.6665	
66	553.771	218.7877	1708.6666	2810.3333	
67	559.878	234.8138	2131.3333	3175.3333	
68	565.979	267.8399	1344.3334	2422.6667	
69	572.074	291.8770	1323.6666	2433.6667	
70	578.162	261.7049	388.3333	1508.0000	
71	584.244	212.5163	489.0000	1554.3333	
72	590.319	75.9946	429.6667	1379.6666	
73	596.389	108.2374	1109.6666	2134.0000	
74	602.451	251.8133	999.6667	2209.6667	
75	608.508	544.7228	1139.3334	2684.3335	
76	614.558	815.2987	929.9999	2787.6667	
77	620.601	956.8302	1143.3333	3173.3335	
78	626.639	611.6228	833.6667	2546.6665	
79	632.669	697.7493	980.6666	2808.0000	
80	638.694	795.8760	746.6667	2700.3335	
81	644.712	1120.3358	1264.6666	3571.0000	
82	650.723	1182.7952	541.6667	2938.6665	
83	656.728	861.2551	478.3333	2582.0000	
84	662.727	617.0481	388.3333	2276.0000	
85	668.719	569.9167	554.3334	2385.0000	
86	674.704	823.7852	31.3333	2106.0000	
87	680.683	913.6538	529.0000	2683.6667	
88	686.655	588.5222	361.0000	2180.6665	
89	692.621	321.2112	777.0000	2304.3335	
90	698.581	240.9833	174.6667	1568.6667	
91	704.534	258.1411	435.0000	1846.3333	
92	710.480	224.4415	190.6667	1546.3333	
93	716.420	86.8198	394.6667	1589.0000	
94	722.353	171.1982	228.6667	1483.6667	
95	728.279	605.2430	463.6667	2129.0000	
96	734.199	767.2881	172.0000	1975.6667	
97	740.112	599.3330	641.0000	2253.0000	
98	746.019	630.5098	334.6667	1948.3333	
99	751.919	630.1053	870.9999	2479.0000	
100	757.813	305.7008	83.3333	1361.6667	
101	763.699	160.2137	675.6667	1809.6667	
102	769.580	133.0600	127.3333	1235.3333	
103	775.453	127.9066	550.0000	1652.6666	
104	781.320	134.8360	165.3333	1282.6666	
105	787.180	124.4601	707.0000	1795.0000	
106	793.033	142.3341	478.6667	1619.0000	
107	798.880	371.6249	718.6666	2098.6667	
108	804.720	521.9157	208.3333	1749.0000	
109	810.553	498.7022	787.0000	2344.3333	
110	816.379	342.4888	236.3333	1677.3333	
111	822.199	254.6091	678.0000	2071.0000	
112	828.012	306.3184	188.6667	1684.0000	
113	833.818	526.5231	695.0000	2449.6667	
114	839.617	790.3947	254.0000	2311.6667	
115	845.410	548.2664	648.3333	2503.0000	
116	851.195	410.4708	403.6667	2159.6667	
117	856.974	429.1943	638.0000	2419.6667	
118	862.746	398.9176	532.0000	2290.3333	
119	868.512	446.5914	606.3333	2406.3335	
120	874.270	368.8759	225.6667	1935.0000	
121	880.022	203.7670	718.0000	2236.3333	
122	885.766	186.6584	313.0000	1788.3335	
123	891.504	291.2164	581.3333	2135.3333	
124	897.235	401.4410	371.3333	2009.6667	
125	902.959	301.5569	552.3333	2061.3335	
126	908.676	211.3390	155.0000	1544.3333	
127	914.386	183.4551	594.0000	1926.0000	
128	920.090	182.9042	-8.6667	1293.3334	
129	925.786	198.3533	609.6666	1891.3333	
130	931.475	227.8026	109.6667	1410.0000	
131	937.158	237.2516	743.3334	2011.3333	
132	942.833	174.0341	182.0000	1357.3333	
133	948.502	210.7997	543.3333	1747.6665	
134	954.163	322.4050	166.6667	1474.3333	
135	959.818	506.3436	431.3333	1914.6667	
136	965.465	347.2824	215.6667	1531.6667	
137	971.106	280.9964	441.6667	1648.3334	
138	976.739	279.3772	-64.6667	1177.6666	
139	982.366	266.7578	372.6667	1667.0000	
140	987.985	259.8204	245.3333	1433.0000	
141	993.597	243.0031	238.0000	1475.0000	
142	999.202	230.7692	73.6667	1268.0000	
143	1004.800	221.7855	486.0000	1748.0000	
144	1010.392	213.0516	-99.3333	1074.3334	
145	1015.975	202.0677	365.3333	1598.3333	
146	1021.552	193.3338	273.0000	1481.3334	
147	1027.122	212.3499	497.0000	1739.0000	
148	1032.685	235.2830	175.6667	1449.3333	
149	1038.240	214.0013	410.0000	1690.0000	
150	1043.788	262.0528	96.6667	1452.3334	
151	1049.329	257.0212	343.6667	1730.3333	
152	1054.863	246.5722	-69.6667	1255.3334	
153	1060.390	271.8633	458.6667	1904.3333	
154	1065.910	214.7783	196.6667	1621.0000	
155	1071.422	204.2053	476.3333	1911.6667	
156	1076.927	293.9652	199.3333	1746.0000	
157	1082.425	298.5501	547.6667	2098.3335	
158	1087.916	275.4681	66.3333	1593.3333	
159	1093.399	480.0529	524.3334	2255.3333	
160	1098.875	459.3046	361.0000	2070.6667	
161	1104.344	261.8496	538.3333	2038.0000	
162	1109.806	206.3640	135.3333	1560.6665	
163	1115.260	356.5454	699.6667	2256.3333	
164	1120.707	477.0605	190.3333	1848.6667	
165	1126.147	658.4480	612.3334	2420.3333	
166	1131.580	614.5021	130.3333	1862.6666	
167	1137.005	476.5562	775.6667	2338.3333	
168	1142.422	581.9442	48.6667	1685.0000	
169	1147.833	477.3481	688.0000	2194.3333	
170	1153.236	261.0859	234.6667	1499.3333	
171	1158.632	224.4900	698.3333	1901.0000	
172	1164.020	164.7277	218.0000	1307.6666	
173	1169.401	159.6780	850.3333	1942.6665	
174	1174.775	177.4615	434.0000	1519.3334	
175	1180.141	226.4150	841.3334	2031.6667	
176	1185.500	218.0125	429.6667	1634.6667	
177	1190.851	212.2761	755.3334	1977.6667	
178	1196.195	220.8733	527.0000	1781.0000	
179	1201.531	352.4705	796.0001	2204.6667	
180	1206.860	518.4006	278.6667	1876.3333	
181	1212.182	464.0786	868.3334	2432.6665	
182	1217.496	377.8568	522.6666	2014.6666	
183	1222.802	332.4585	879.6667	2347.6667	
184	1228.101	250.7263	460.0000	1867.6666	
185	1233.393	185.9427	952.6667	2326.3333	
186	1238.677	192.4927	643.0000	2054.0000	
187	1243.953	365.3762	963.3334	2578.0000	
188	1249.222	512.2595	652.6667	2445.0000	
189	1254.484	431.0533	1209.6666	2939.0000	
190	1259.737	257.5138	802.3333	2376.3333	
191	1264.984	215.3077	1244.0000	2794.0000	
192	1270.222	218.1016	957.6667	2528.6667	
193	1275.453	208.2285	1295.3333	2874.6665	
194	1280.677	241.0227	708.3333	2338.6667	
195	1285.893	255.1497	1382.3334	3045.0000	
196	1291.101	262.4667	744.6667	2444.0000	
197	1296.302	109.2239	1348.6666	2940.3333	
198	1301.495	91.6478	983.3334	2603.0000	
199	1306.680	165.4050	1497.0000	3236.0000	
200	1311.858	357.8293	1179.3333	3156.3330	
201	1317.028	306.8201	1191.6667	3145.0000	
202	1322.190	233.4771	1167.3333	3074.6665	
203	1327.345	451.9524	1404.0000	3543.6665	
204	1332.492	670.3823	1102.3334	3481.6665	
205	1337.631	809.6925	1597.3333	4123.6665	
206	1342.762	613.6691	927.6667	3265.6665	
207	1347.886	457.6463	1554.0000	3743.6670	
208	1353.002	315.9562	989.6666	3045.3335	
209	1358.110	551.9327	1763.0000	4062.3335	
210	1363.211	866.9091	1184.0000	3806.0000	
211	1368.304	903.5526	1618.3334	4284.6670	
212	1373.389	764.1954	1214.3334	3749.0000	
213	1378.466	662.8419	1667.3334	4097.0000	
214	1383.535	567.4886	1258.0000	3588.6665	
215	1388.597	280.4690	1852.3333	3892.3335	
216	1393.651	69.7810	1178.0000	3003.6667	
217	1398.696	0.0000	1729.6667	3473.0000	
218	1403.734	186.8496	1337.3334	3230.6665	
219	1408.765	433.3672	2047.6665	4150.6670	
220	1413.787	733.2157	1338.0000	3704.0000	
221	1418.801	1079.6292	1777.3333	4461.6665	
222	1423.808	1431.0432	1361.6666	4369.3335	
223	1428.807	1861.4559	1732.3334	5142.3330	
224	1433.797	2402.8447	1468.6666	5378.0000	
225	1438.780	2696.6980	1824.3334	5987.3335	
226	1443.755	3168.2178	1389.3334	5983.6665	
227	1448.722	3594.0713	1962.0000	6942.0000	
228	1453.681	3981.2588	1294.0000	6621.0000	
229	1458.632	4453.3618	1967.0000	7697.6670	
230	1463.575	3602.1328	1336.6666	6147.6670	
231	1468.510	2260.5686	1891.6665	5292.6665	
232	1473.438	1383.0057	1282.0000	3737.0000	
233	1478.357	850.5297	1747.6665	3611.0000	
234	1483.268	501.7194	1207.0000	2662.3335	
235	1488.171	282.2428	1816.3333	2993.0000	
236	1493.066	202.7660	1173.0000	2211.0000	
237	1497.953	229.6715	1849.3333	2868.0000	
238	1502.832	176.6973	1241.3334	2166.0000	
239	1507.703	148.7585	1790.0000	2654.6667	
240	1512.566	172.8187	1106.6666	1963.3333	
241	1517.421	156.2123	1695.0000	2483.0000	
242	1522.267	175.6900	1407.0000	2214.6667	
243	1527.106	208.3339	2106.0000	2885.6665	
244	1531.937	242.1444	1462.3334	2268.6667	
245	1536.759	253.9430	2063.0000	2853.3333	
246	1541.573	254.3234	1384.3333	2199.0000	
247	1546.379	251.8704	2030.0000	2841.6665	
248	1551.177	266.1877	1372.6666	2287.0000	
249	1555.967	204.6677	2026.0000	2913.0000	
250	1560.749	197.2935	1462.3334	2414.3333	
251	1565.522	162.1063	1954.6667	2933.0000	
252	1570.288	207.5867	1648.0001	2733.3333	
253	1575.045	207.2111	1903.6665	3078.3335	
254	1579.793	266.5022	1435.3334	2759.0000	
255	1584.534	248.7921	1962.0000	3357.6665	
256	1589.266	348.0837	1206.3334	2791.0000	
257	1593.991	272.0421	1803.6665	3402.0000	
258	1598.707	237.3319	1264.0000	2917.3333	
259	1603.414	236.8857	1713.6666	3472.0000	
260	1608.114	220.5523	1504.0000	3323.6667	
261	1612.805	235.9474	1877.3333	3780.0000	
262	1617.488	266.3426	1772.6665	3773.3335	
263	1622.162	282.0704	1922.0000	4006.0000	
264	1626.828	362.7975	1463.3334	3695.6665	
265	1631.486	507.5749	1806.3333	4226.3335	
266	1636.136	937.9882	1247.0000	4122.0000	
267	1640.777	1674.9569	2077.0000	5713.3330	
268	1645.410	2183.5913	1235.6667	5405.0000	
269	1650.034	1656.4723	1816.6666	5434.3335	
270	1654.650	874.0190	1402.3334	4213.0000	
271	1659.258	614.8998	1909.6665	4436.6665	
272	1663.857	751.4469	1300.6666	3939.6667	
273	1668.448	1054.3274	1958.6665	4876.0000	
274	1673.031	1393.5406	1216.3334	4448.3330	
275	1677.605	1436.4213	1534.3334	4784.6665	
276	1682.170	1200.6361	1433.0000	4423.0000	
277	1686.728	772.0748	1658.6667	4147.0000	
278	1691.276	403.5147	1240.6666	3287.3335	
279	1695.817	261.2870	1749.0000	3580.3330	
280	1700.348	305.7072	1166.6666	2983.6667	
281	1704.872	544.6974	1716.0000	3660.3335	
282	1709.386	750.0199	1074.3333	3112.3335	
283	1713.893	716.6777	1607.6666	3500.6670	
284	1718.391	428.0013	1022.3333	2515.0000	
285	1722.880	161.9843	1773.6667	2907.6665	
286	1727.361	125.3021	932.3333	1937.0000	
287	1731.833	88.4446	1493.6667	2359.6667	
288	1736.296	72.8480	1023.0000	1798.0000	
289	1740.751	100.2506	1498.6666	2225.6667	
290	1745.198	127.6528	882.3334	1561.3333	
291	1749.636	169.2240	1504.3334	2134.0000	
292	1754.065	244.6265	869.9999	1520.3333	
293	1758.486	250.4700	1495.3333	2117.0000	
294	1762.898	267.4800	647.0000	1256.3334	
295	1767.301	260.1575	1293.6666	1866.3333	
296	1771.696	288.5009	716.3333	1288.0000	
297	1776.082	272.4673	1224.3334	1772.6667	
298	1780.460	271.7671	482.3333	1022.6666	
299	1784.829	249.2333	1273.6666	1769.3333	
300	1789.189	256.5327	459.3333	979.0000	
301	1793.540	240.0647	1200.6667	1687.0000	
302	1797.883	237.1035	737.0000	1210.6666	
303	1802.217	247.0587	1324.3334	1802.0000	
304	1806.542	239.5971	863.0001	1319.0000	
305	1810.859	230.2190	942.0000	1378.6666	
306	1815.167	226.9034	618.3333	1034.0000	
307	1819.466	236.8587	1206.3334	1627.0000	
308	1823.756	251.1479	532.3334	971.3333	
309	1828.038	240.9640	1239.6666	1646.6667	
310	1832.311	250.5298	567.3333	959.3334	
311	1836.575	277.4291	1057.3333	1494.0000	
312	1840.830	261.1622	654.3333	1071.3334	
313	1845.076	232.7382	737.3333	1131.3333	
314	1849.314	232.9808	643.3333	1043.0000	
315	1853.542	256.8901	949.6667	1378.6666	
316	1857.762	255.7999	409.0000	860.0000	
317	1861.973	256.8852	775.3333	1195.0000	
318	1866.176	258.3039	385.0000	818.6666	
319	1870.369	259.2643	767.6667	1202.6667	
320	1874.553	258.9746	32.6667	474.3333	
321	1878.729	253.5600	770.6667	1191.6667	
322	1882.895	246.1140	131.0000	562.0000	
323	1887.053	234.5419	513.6666	922.6666	
324	1891.202	234.9694	82.3333	477.3333	
325	1895.342	231.1670	789.0000	1232.0000	
326	1899.473	205.8645	114.0000	484.3333	
327	1903.595	221.9789	711.6666	1095.6667	
328	1907.708	279.4261	47.6667	486.6667	
329	1911.812	267.6589	594.6667	1010.0000	
330	1915.907	259.6101	129.0000	533.6667	
331	1919.993	264.3113	551.0000	943.0000	
332	1924.070	266.9293	35.6667	486.6666	
333	1928.138	241.6177	788.6667	1168.0000	
334	1932.197	238.7227	121.3333	495.6666	
335	1936.247	236.4946	632.3333	1001.3334	
336	1940.288	234.6830	109.6667	495.3333	
337	1944.319	221.7047	466.3333	817.3334	
338	1948.342	231.4764	196.3333	555.0000	
339	1952.356	276.5814	598.3334	1000.0000	
340	1956.361	273.4363	-26.3333	378.3333	
341	1960.356	265.5290	346.0000	729.6667	
342	1964.343	265.1216	133.6667	529.3334	
343	1968.320	254.5142	364.6667	721.0000	
344	1972.288	258.0122	-178.0000	211.3333	
345	1976.247	250.8785	292.6667	659.0000	
346	1980.197	251.1823	-212.6667	150.6667	
347	1984.138	247.9860	87.6667	491.6667	
348	1988.069	215.5395	-193.6667	131.6667	
349	1991.992	236.2817	437.3333	783.3333	
350	1995.905	247.7653	-338.3333	11.0000	
351	1999.809	243.1328	365.3333	710.6667	
352	2003.704	243.8753	-332.6667	-8.6667	
353	2007.589	246.5346	292.6667	642.6667	
354	2011.466	254.1520	-351.6667	17.0000	
355	2015.333	252.9362	281.6667	628.6666	
356	2019.191	248.8872	-434.3333	-67.0000	
357	2023.039	249.6259	302.3333	650.0000	
358	2026.879	251.1146	-412.3333	-57.3333	
359	2030.708	262.8532	223.3333	589.3333	
360	2034.529	259.2584	-383.6667	-22.0000	
361	2038.341	245.3523	292.3333	627.3334	
362	2042.143	246.5086	-395.6667	-49.0000	
363	2045.936	244.1441	220.3333	577.0000	
364	2049.719	235.5859	-401.3333	-94.3333	
365	2053.493	239.0739	210.0000	572.0000	
366	2057.258	248.4786	-348.6667	-7.6667	
367	2061.014	252.3833	207.0000	572.6666	
368	2064.760	254.4547	-325.0000	14.6667	
369	2068.496	255.6928	193.6667	566.3333	
370	2072.224	245.6809	-279.3333	65.0000	
371	2075.942	253.4597	374.6667	717.3333	
372	2079.650	230.1275	-327.6667	-9.3333	
373	2083.349	243.9181	233.3333	543.0000	
374	2087.039	278.8753	-273.3333	90.0000	
375	2090.719	247.0825	51.6667	381.3333	
376	2094.390	238.2896	-263.0000	56.0000	
377	2098.051	238.0351	287.3333	604.3333	
378	2101.703	244.8640	-160.0000	178.0000	
379	2105.345	249.9429	260.0000	557.0000	
380	2108.978	250.9389	-424.0000	-81.6667	
381	2112.601	249.8017	-686.3334	-353.0000	
382	2116.215	241.3729	-127.0000	191.6667	
383	2119.819	250.0066	241.0000	543.0000	
384	2123.414	279.8069	-520.6667	-163.0000	
385	2126.999	245.7182	140.6667	472.6666	
386	2130.575	234.7668	-400.6667	-79.6667	
387	2134.141	220.4820	134.0000	440.6667	
388	2137.697	232.5300	-354.0000	-35.3333	
389	2141.244	298.2001	277.6667	660.3334	
390	2144.781	248.5368	-391.3333	-60.0000	
391	2148.309	239.4569	265.3333	578.6667	
392	2151.827	248.0697	-583.6666	-240.0000	
393	2155.336	248.6509	135.0000	429.0000	
394	2158.835	256.7321	-253.3333	73.6667	
395	2162.324	261.3549	341.6667	711.6667	
396	2165.803	238.5611	-232.3333	75.3333	
397	2169.273	235.2146	188.6667	493.6667	
398	2172.733	237.5349	-342.0000	-34.0000	
399	2176.184	254.5217	194.6667	520.3333	
400	2179.625	258.6754	-165.3333	172.0000	
401	2183.056	252.5790	464.6667	794.0000	
402	2186.477	251.8992	-325.6667	4.0000	
403	2189.889	230.1361	15.6667	319.6667	
404	2193.291	241.4564	-330.0000	-38.6667	
405	2196.683	264.6012	257.3333	596.3333	
406	2200.065	257.1678	-388.0000	-48.3333	
407	2203.438	256.6108	245.6667	592.6667	
408	2206.801	248.7210	-327.3333	4.3333	
409	2210.154	238.8224	375.0000	688.3334	
410	2213.497	238.4239	-397.3333	-68.0000	
411	2216.831	230.1919	337.3333	651.6667	
412	2220.154	234.4598	-299.6667	-14.6667	
413	2223.468	262.6410	363.0000	704.0000	
414	2226.772	256.6634	-561.3334	-225.6667	
415	2230.066	245.5191	209.0000	512.0000	
416	2233.351	256.4582	-588.3333	-211.3333	
417	2236.625	264.2306	261.0000	546.0000	
418	2239.889	263.5864	-481.6666	-99.6667	
419	2243.144	254.4421	19.0000	355.6667	
420	2246.389	253.1315	-350.6667	-14.6667	
421	2249.624	246.1869	308.3333	635.0000	
422	2252.848	245.2214	-399.0000	-86.6667	
423	2256.063	247.6102	258.3333	592.0000	
424	2259.268	247.2694	-349.3333	9.0000	
425	2262.463	207.0906	269.3333	547.0000	
426	2265.649	244.8284	-81.6667	231.0000	
427	2268.824	255.6968	373.0000	742.0000	
428	2271.989	257.2490	-267.0000	48.6667	
429	2275.144	249.9339	225.3333	543.3333	
430	2278.289	249.1604	-304.6667	41.0000	
431	2281.424	245.7620	380.0000	688.0000	
432	2284.549	239.6552	-346.6667	-27.6667	
433	2287.665	242.2984	230.0000	536.0000	
434	2290.770	256.2357	-365.0000	-40.6667	
435	2293.865	252.7453	274.6667	596.3333	
436	2296.949	227.2554	-544.3333	-247.3333	
437	2300.024	243.1408	325.0000	639.0000	
438	2303.089	259.0262	-405.3333	-56.0000	
439	2306.144	257.9116	39.6667	351.0000	
440	2309.188	260.8389	-533.0000	-183.6667	
441	2312.223	254.0833	379.0000	730.6666	
442	2315.247	247.9529	-232.0000	55.0000	
443	2318.261	247.4056	166.3333	493.6667	
444	2321.265	250.6078	-468.3334	-141.3333	
445	2324.259	250.4611	380.0000	705.0000	
446	2327.243	245.7519	-444.3333	-130.6667	
447	2330.216	247.6053	221.3333	543.0000	
448	2333.180	236.0967	-364.6667	-28.0000	
449	2336.133	231.1947	46.6667	315.3333	
450	2339.076	239.8135	-318.3333	8.3333	
451	2342.009	246.4532	475.0000	766.3333	
452	2344.931	253.0518	-545.6666	-212.6667	
453	2347.843	255.9939	361.3333	683.0000	
454	2350.745	255.8318	-396.3333	-78.3333	
455	2353.637	264.9973	219.0000	549.3333	
456	2356.519	257.2298	-440.3333	-128.0000	
457	2359.390	231.6988	264.3333	549.6667	
458	2362.251	236.1678	-228.0000	60.3333	
459	2365.102	267.3034	224.0000	542.0000	
460	2367.942	251.1057	-182.0000	118.3333	
461	2370.772	241.5279	162.6667	452.3333	
462	2373.592	241.6167	-198.6667	90.0000	
463	2376.401	241.5181	356.3333	634.6666	
464	2379.200	244.0444	-364.3333	-80.3333	
465	2381.989	245.1331	133.6667	405.3333	
466	2384.767	251.7220	-318.3333	13.3333	
467	2387.535	256.1442	296.3333	565.6667	
468	2390.292	249.8996	-540.6667	-235.6667	
469	2393.039	244.0134	235.0000	520.0000	
470	2395.776	259.2142	-331.0000	-28.6667	
471	2398.502	264.8316	333.0000	637.6666	
472	2401.218	259.7823	-590.3333	-294.0000	
473	2403.923	239.4964	283.3333	545.6667	
474	2406.618	243.5646	-385.0000	-118.6667	
475	2409.303	238.5701	369.0000	639.6667	
476	2411.977	240.1087	-304.6667	-52.3333	
477	2414.640	243.3872	378.6667	593.0000	
478	2417.293	251.7906	-408.6667	-150.3333	
479	2419.936	251.6316	119.3333	374.6667	
480	2422.568	240.1392	-354.3333	-113.3333	
481	2425.189	229.9803	257.0000	485.0000	
482	2427.801	245.4879	-416.6667	-176.0000	
483	2430.401	259.3288	223.6667	492.6667	
484	2432.991	263.7532	1165.6666	1412.0000	
485	2435.570	266.5681	265.3333	516.0000	
486	2438.139	263.1328	-638.0000	-391.0000	
487	2440.697	248.8644	136.3333	353.0000	
488	2443.245	251.6793	-388.3333	-152.6667	
489	2445.782	242.9392	97.3333	317.6667	
490	2448.308	218.9692	-461.0000	-257.3333	
491	2450.824	221.9716	439.3333	616.6667	
492	2453.329	238.8074	-341.3333	-119.6667	
493	2455.823	280.4354	296.3333	559.3334	
494	2458.307	249.3966	-538.6667	-307.0000	
495	2460.780	246.0245	315.6667	543.6667	
496	2463.243	268.6525	-268.6667	-18.3333	
497	2465.694	269.2804	433.3333	684.0000	
498	2468.135	254.4084	-379.6667	-111.0000	
499	2470.566	225.8696	491.6667	698.3333	
500	2472.986	235.4975	-266.0000	-50.0000	
501	2475.395	256.7256	30.6667	267.0000	
502	2477.793	251.9538	-411.3333	-180.6667	
503	2480.180	235.7652	291.3333	489.3333	
504	2482.557	231.9934	-323.6667	-113.0000	
505	2484.923	232.8882	251.3333	454.0000	
506	2487.278	236.8663	-338.0000	-135.6667	
507	2489.622	246.0111	261.0000	487.0000	
508	2491.956	246.9059	-566.6667	-349.6667	
509	2494.279	253.5507	265.6667	479.3333	
510	2496.591	303.7789	-241.3333	34.0000	
511	2498.892	227.3403	-36.6667	161.3333	
