resultName	chilca0-21
resultName	chilca0-21
ID	RS20191213122839_P19331194
Command	SCANANDSEARCH
User	Admin
Application	_Analyze
SerialNumber	P19331194
Power	280
Integration	900
Averages	3
AutoExposure	Off
AutoCollect	Off
QuickCollect	Off
AutoBackground	On
BaselineCorrection	On
Algorithm	Wavelet
Searched Library	All,None,None,None
MixtureComponents	2
matchThreshold	0.75
displayMatches	1
Threshold	0.80
WL Start	
WL End	
ServerVersion	3.180316
FirmwareVersion	
date	2019-12-13
time	12:28:39
scanindex	0
specpath	RS20191213122839_P19331194.xml
Search Range	200 - 2500
Synced	false
lastCalDateTime	2019-12-13 10:05:29
lastCalUser	Admin
lastCalResult	PASS
lastVerifyDateTime	2019-10-16 15:05:37
lastVerifyUser	Admin
lastVerifyResult	PASS
selectedMaterial	
result	No Match
ValidationGUID	
ValidationMatchQuality	
topMatch	
topMatchGUID	
topMatchQuality	
secondMatch	
secondMatchGUID	
secondMatchQuality	
thirdMatch	
thirdMatchGUID	
thirdMatchQuality	
fourthMatch	
fourthMatchGUID	
fourthMatchQuality	
fifthMatch	
fifthMatchGUID	
fifthMatchQuality	
signedBy	
signedDateTime	
softwareVer	1.7.0.21
memo	
batchID	
inBatch	false
batchUID	
batchCID1	
batchCIDlbl1	
batchCID2	
batchCIDlbl2	
batchCID3	
batchCIDlbl3	
batchCID4	
batchCIDlbl4	
batchCID5	
batchCIDlbl5	
signedTitle	
signedReason	
rescanned	
barcode	
topMatchContribs	
secondMatchContribs	
thirdMatchContribs	
fourthMatchContribs	
fifthMatchContribs	
ValidationMatchContribs	
Threat	
PrecursorList	
CompundName	
WindowStart4C	
MatchLibrary	
lastModified	2019/12/13 12:29
Signal2Noise	77.04
Detector TEC SetPoint	0x8000
Detector Temp	4.96
Laser Temp	25.39
OE1 Temp	36.16
OE2 Temp	39.69
Detector Gain	200
SaturationDetected	false
InterpolatedPixelList	
PeakList	 305.2	1363	328.9	1090	432.0	966	497.0	863	561.8	1047	657.6	1381	667.3	1093	760.2	4155	798.0	1556	1158.6	1012	1227.9	897	1297.0	1261	1305.3	1003	1377.6	2241	1440.3	7566	1565.2	2367	1615.0	2361	1645.1	5813	1676.6	4764
index	Raman Shift (cm-1)	Y value (counts)	background (counts)	raw value (counts)
0	137.589	370.4684	21779.0000	25926.6680	
1	144.103	338.2529	23587.0000	27568.6660	
2	150.611	312.0394	24853.3340	28675.0000	
3	157.114	386.4916	25144.3359	28906.6680	
4	163.610	490.6120	24655.0020	28387.6680	
5	170.101	591.7324	26519.6680	30219.6680	
6	176.586	526.1869	26042.0000	29542.6680	
7	183.065	528.6371	25360.3320	28729.6641	
8	189.538	464.0916	24653.0000	27824.0000	
9	196.005	374.5460	26913.6680	29861.3359	
10	202.467	349.6644	26621.6680	29410.6680	
11	208.922	371.4467	27242.3359	29919.3320	
12	215.372	308.9051	26310.3320	28791.0000	
13	221.815	278.2711	27296.3320	29684.0000	
14	228.253	242.5869	27996.6680	30274.0000	
15	234.685	246.7158	28281.0000	30570.3359	
16	241.111	363.5070	24781.6660	27195.6680	
17	247.531	350.2943	26537.6680	28946.3320	
18	253.945	444.0875	24144.0000	26654.3320	
19	260.353	459.2124	25615.0000	28148.3320	
20	266.755	470.6716	22679.3340	25232.0000	
21	273.151	208.9282	26472.3320	28785.0000	
22	279.541	114.8470	25063.0000	27303.3320	
23	285.925	389.4373	23645.0000	26181.6680	
24	292.303	806.6921	22653.0000	25628.6680	
25	298.675	1253.6050	21824.6660	25279.6641	
26	305.041	1362.8556	21784.3340	25381.0000	
27	311.401	1153.4403	23564.0000	26983.6680	
28	317.754	927.5499	20317.6660	23559.6680	
29	324.102	1051.3118	21014.6660	24335.6660	
30	330.444	1090.0757	21105.3340	24420.3340	
31	336.780	785.5055	21171.3340	24137.0000	
32	343.109	542.6016	21299.6680	23977.6660	
33	349.433	534.7034	19626.3320	22251.6680	
34	355.750	536.4672	17167.3320	19749.6680	
35	362.061	458.7727	22125.3340	24570.0000	
36	368.366	400.3422	17258.3320	19600.0000	
37	374.665	151.5100	18015.0000	20075.3320	
38	380.958	60.3497	18976.6660	20913.3340	
39	387.245	215.5197	19332.0000	21391.3340	
40	393.526	414.6895	15483.6660	17709.6660	
41	399.800	460.4242	18023.3340	20269.0000	
42	406.068	178.4929	15430.0000	17367.6660	
43	412.330	199.2296	10217.0000	12149.3340	
44	418.586	393.2973	12358.6670	14459.0000	
45	424.835	875.6629	11628.0000	14207.0000	
46	431.079	966.3618	8402.0000	11068.0000	
47	437.316	861.7275	5404.0000	7961.6670	
48	443.547	665.4261	4918.0000	7275.6670	
49	449.771	384.7153	8383.3330	10470.6670	
50	455.990	376.1117	5305.0000	7395.3330	
51	462.202	283.0096	4675.6670	6609.3340	
52	468.408	278.9074	4228.0000	6244.3340	
53	474.607	277.2028	6407.3330	8402.3330	
54	480.801	423.9982	3439.0000	5648.3335	
55	486.988	815.0436	2146.0000	4770.3335	
56	493.168	771.6445	3922.0000	6509.6670	
57	499.343	863.4650	5161.6665	7818.3330	
58	505.511	559.9525	4847.0000	7177.3330	
59	511.672	295.7736	2519.3333	4562.6665	
60	517.828	386.5942	3506.0000	5617.3330	
61	523.977	800.4163	4405.6670	6866.0000	
62	530.119	501.5724	2734.0000	4830.6670	
63	536.255	384.1442	3610.3333	5495.0000	
64	542.385	377.6331	2148.3333	4069.3333	
65	548.509	354.7047	4889.0000	6644.3330	
66	554.626	475.5277	8624.0000	10435.3340	
67	560.736	1047.0157	9341.0000	11659.0000	
68	566.840	923.1714	5881.3335	8010.6670	
69	572.938	409.3913	3735.6670	5307.6665	
70	579.030	270.8102	1392.3334	2794.0000	
71	585.114	240.8730	1127.0000	2467.6667	
72	591.193	256.6021	1931.6667	3257.0000	
73	597.265	239.2936	4699.3335	6005.6665	
74	603.330	272.4017	6049.6670	7405.0000	
75	609.389	282.9265	5798.3335	7001.3330	
76	615.442	389.0352	6757.0000	8172.6670	
77	621.488	490.8962	7096.6660	8715.6660	
78	627.527	479.3200	5577.6670	7022.3340	
79	633.560	540.6600	4420.3335	6010.6665	
80	639.586	714.4177	4472.0000	6247.6670	
81	645.606	977.1744	5995.0000	8045.0000	
82	651.620	1310.2646	4620.6665	7015.3330	
83	657.626	1381.0217	2372.6667	4849.6665	
84	663.626	1066.4452	1929.3334	4103.3330	
85	669.620	1093.0240	2066.0000	4226.3330	
86	675.607	653.9360	921.6666	2602.6665	
87	681.587	662.1815	1844.0000	3493.0000	
88	687.561	455.7604	3606.3335	5008.6665	
89	693.528	497.1958	3568.6670	4949.3330	
90	699.489	627.1313	1846.0000	3412.3335	
91	705.443	462.7126	2841.3333	4252.3335	
92	711.390	401.5881	2816.3335	4164.3330	
93	717.331	312.5191	2498.6665	3821.0000	
94	723.265	135.7822	2854.6667	4063.6665	
95	729.192	104.0462	2604.6667	3845.3335	
96	735.113	176.3094	2709.3335	4085.6665	
97	741.026	285.5734	3786.3335	5335.3335	
98	746.934	762.6527	3635.6665	5711.6665	
99	752.834	2040.2130	5103.6665	8520.0000	
100	758.728	4155.4404	3726.3335	9320.6670	
101	764.615	3700.5273	5118.0000	10299.3330	
102	770.495	1477.2814	4167.0000	7167.0000	
103	776.369	932.7022	4408.6665	6906.0000	
104	782.236	979.1220	4215.6665	6801.3330	
105	788.096	1289.8728	5289.6665	8211.0000	
106	793.949	1301.9565	5141.3335	8099.6670	
107	799.795	1556.0399	6402.3340	9639.6670	
108	805.635	1083.7904	5288.6670	8078.6670	
109	811.468	534.9592	5600.0000	7814.3330	
110	817.294	285.8785	4383.6670	6232.6665	
111	823.113	312.7143	5092.0000	7008.0000	
112	828.925	160.8265	4804.3330	6578.6670	
113	834.731	151.0429	5540.6665	7274.0000	
114	840.530	355.9262	5104.0000	7011.0000	
115	846.322	745.1432	5909.0000	8174.0000	
116	852.107	596.6938	5232.3335	7317.6670	
117	857.885	352.3140	5914.3335	7771.3330	
118	863.656	233.2680	5732.6665	7486.6660	
119	869.420	364.0315	5714.6670	7601.3330	
120	875.177	459.7231	4460.3335	6460.6665	
121	880.928	754.0937	4620.3330	6926.6670	
122	886.672	827.7963	4577.0000	6968.6670	
123	892.408	841.1663	5462.6665	7879.3340	
124	898.138	450.2023	5316.3330	7353.6670	
125	903.861	325.6056	4248.0000	6160.3335	
126	909.576	294.0094	3873.3335	5753.6670	
127	915.285	450.0792	4910.3335	6946.3330	
128	920.987	701.8164	3693.0000	5980.3330	
129	926.682	437.2202	4503.6670	6526.0000	
130	932.370	309.6240	3090.0000	4984.3330	
131	938.051	338.0283	3228.0000	5150.3335	
132	943.724	339.4320	3060.3333	4983.6665	
133	949.391	425.9266	3440.6665	5470.6665	
134	955.051	667.7791	2419.6667	4705.3335	
135	960.704	546.9646	3119.3335	5298.0000	
136	966.349	261.4846	2862.0000	4769.0000	
137	971.988	276.2907	2910.3335	4841.6670	
138	977.619	420.4300	1732.3333	3817.3335	
139	983.244	390.9025	2229.0000	4294.0000	
140	988.861	386.2809	2395.3333	4344.0000	
141	994.471	453.0617	2488.0000	4605.3330	
142	1000.074	480.5103	2057.3333	4198.6670	
143	1005.670	389.6246	2697.6667	4744.6670	
144	1011.259	474.0722	2056.0000	4184.0000	
145	1016.841	481.1865	2387.0000	4518.6665	
146	1022.416	402.6346	2305.3333	4355.0000	
147	1027.983	423.0822	2402.6665	4469.3330	
148	1033.543	401.5303	1925.6667	3967.3335	
149	1039.096	343.1891	2353.6665	4328.0000	
150	1044.642	328.2226	1908.0000	3807.0000	
151	1050.181	332.1312	2178.6667	4145.6665	
152	1055.713	341.1237	1360.3334	3298.3335	
153	1061.237	362.6845	2196.0000	4096.0000	
154	1066.754	419.2352	1934.6667	3945.6665	
155	1072.264	618.3804	2244.6667	4438.3330	
156	1077.766	901.1929	1996.0000	4456.0000	
157	1083.262	804.9382	2426.6667	4776.0000	
158	1088.750	514.6837	1488.3334	3533.0000	
159	1094.231	216.7626	2521.0000	4253.3335	
160	1099.704	407.1745	2548.0000	4456.3335	
161	1105.171	556.4219	3124.0000	5156.0000	
162	1110.630	495.8231	2592.6667	4564.0000	
163	1116.081	380.5578	3376.0000	5232.0000	
164	1121.526	249.2926	2792.6665	4517.3335	
165	1126.963	263.7244	3509.3335	5228.3330	
166	1132.392	306.1565	3207.3335	4977.0000	
167	1137.815	310.5887	3912.6665	5638.0000	
168	1143.230	419.0209	2919.3333	4796.0000	
169	1148.637	652.2254	3844.0000	5970.6665	
170	1154.037	873.4299	3822.0000	6186.6665	
171	1159.430	1011.9672	4179.6670	6699.6660	
172	1164.816	687.1729	3791.3333	6003.3335	
173	1170.194	473.5409	5196.3335	7216.0000	
174	1175.565	334.5758	4678.3335	6580.3335	
175	1180.928	219.0207	5818.0000	7639.6670	
176	1186.284	258.2211	5401.6665	7282.3330	
177	1191.632	239.4218	5970.3335	7852.0000	
178	1196.973	269.2897	5769.3335	7700.6670	
179	1202.307	540.1566	6515.6670	8737.6670	
180	1207.633	556.3575	5870.0000	8128.0000	
181	1212.951	551.5642	6819.0000	9090.3340	
182	1218.262	656.3289	6506.0000	8885.3340	
183	1223.566	828.2120	7183.6670	9753.6670	
184	1228.862	896.7627	6899.6670	9557.0000	
185	1234.151	621.0958	7986.0000	10392.3330	
186	1239.432	461.7639	7826.6660	10098.3340	
187	1244.705	409.7620	8110.0000	10354.3330	
188	1249.971	292.4305	7958.6660	10110.3340	
189	1255.230	306.3304	9634.6660	11856.3340	
190	1260.481	191.5623	9031.0000	11194.0000	
191	1265.724	344.7952	10171.3330	12543.6660	
192	1270.960	492.0295	10176.6660	12752.3340	
193	1276.188	649.2600	11118.6670	13907.6660	
194	1281.409	633.8279	10493.0000	13322.6670	
195	1286.622	872.3948	11511.0000	14635.3340	
196	1291.827	1214.0685	11245.6670	14785.0000	
197	1297.025	1261.4318	12566.0000	16150.3340	
198	1302.215	969.7943	12194.0000	15484.3340	
199	1307.397	1003.1545	13427.0000	16748.3320	
200	1312.572	980.5189	13043.0000	16339.3340	
201	1317.739	346.7929	13951.0000	16581.6660	
202	1322.899	154.7351	13791.0000	16197.6660	
203	1328.051	550.1988	14792.0000	17544.3340	
204	1333.195	630.4686	14378.0000	17187.0000	
205	1338.331	417.2298	15635.6670	18245.6680	
206	1343.460	237.6570	14922.0000	17366.6680	
207	1348.581	206.7496	16354.0000	18782.0000	
208	1353.694	324.8438	15590.6660	18151.0000	
209	1358.800	406.6021	17307.3340	19963.6660	
210	1363.898	970.0301	16793.0000	20027.0000	
211	1368.988	1722.7904	18065.0000	22066.0000	
212	1374.070	1963.2179	17515.0000	21770.6680	
213	1379.145	2240.6670	18733.3340	23293.6660	
214	1384.211	1572.7853	18079.3340	21999.0000	
215	1389.270	645.9061	19495.6660	22515.6680	
216	1394.322	172.0230	18521.6660	21095.0000	
217	1399.365	0.0000	19916.3320	22326.0000	
218	1404.401	38.9908	19030.3340	21453.6660	
219	1409.428	413.6505	20430.0000	23202.6660	
220	1414.448	1059.6447	19293.3340	22686.6680	
221	1419.460	1784.4764	20542.0000	24625.0000	
222	1424.464	2543.6426	19664.6660	24471.6680	
223	1429.461	4463.4722	20758.6660	27450.3320	
224	1434.449	7041.1025	19829.3340	29040.0000	
225	1439.430	7566.0459	21009.3340	30682.3320	
226	1444.403	7470.6592	20015.0000	29530.0000	
227	1449.367	7154.9370	21303.3320	30440.0000	
228	1454.324	6602.5488	19922.0000	28443.6680	
229	1459.273	5562.2446	21431.0000	28781.6641	
230	1464.214	4166.6133	19810.3340	25634.6680	
231	1469.147	3076.3140	20832.6660	25436.0000	
232	1474.073	2019.0118	19414.3340	22829.6660	
233	1478.990	1156.2291	20474.6680	22909.0000	
234	1483.899	607.1153	19134.0000	20901.0000	
235	1488.800	384.6646	20609.3340	22035.6660	
236	1493.693	282.2178	19584.0000	20789.6680	
237	1498.579	303.4583	21041.0000	22194.3320	
238	1503.456	270.0033	20139.0000	21195.3340	
239	1508.325	197.8441	20597.3340	21536.6660	
240	1513.187	228.3548	15920.0000	16845.0000	
241	1518.040	235.5305	18705.6660	19593.0000	
242	1522.885	215.9567	20605.6660	21397.3340	
243	1527.722	249.4660	22687.6660	23500.0000	
244	1532.551	299.8087	21652.6660	22453.0000	
245	1537.372	317.8809	23067.0000	23909.0000	
246	1542.185	255.5489	22085.3320	22899.0000	
247	1546.990	298.9654	23374.6680	24334.3320	
248	1551.787	506.9673	22522.6680	23752.6660	
249	1556.575	954.3075	24240.6660	26027.6641	
250	1561.356	1980.6495	22901.3320	25824.3320	
251	1566.128	2367.3179	24042.3340	27461.6641	
252	1570.893	1266.9987	23809.6660	26238.3359	
253	1575.649	627.2820	24563.6680	26426.6660	
254	1580.397	440.2398	22972.0000	24722.0000	
255	1585.137	287.8616	24277.6660	25949.3320	
256	1589.868	130.4849	22472.6660	24061.0000	
257	1594.592	100.1063	22612.6680	24244.6680	
258	1599.307	127.0601	21703.3340	23436.3320	
259	1604.014	619.3866	24310.0000	26637.3320	
260	1608.713	1771.5192	23548.6660	27071.6641	
261	1613.404	2361.2441	24688.3340	28875.3320	
262	1618.086	1884.9716	24496.0000	28281.0000	
263	1622.760	2013.3649	24881.3320	28869.0000	
264	1627.426	3072.4214	23250.6680	28371.6660	
265	1632.084	4399.0132	23615.0000	30101.6680	
266	1636.734	5028.9683	21720.6680	28847.3320	
267	1641.375	5357.3828	24066.6660	31532.6641	
268	1646.008	5812.7979	22688.6660	30621.0000	
269	1650.632	4433.0996	24339.6660	30772.6680	
270	1655.249	3084.0669	21714.6660	26679.0000	
271	1659.856	2662.3652	23339.0000	27762.0000	
272	1664.456	2680.0024	23126.6660	27447.6680	
273	1669.048	3360.9697	23999.3340	28881.6680	
274	1673.631	4184.2656	22175.3340	27761.3320	
275	1678.205	4764.2354	21661.0000	27707.3320	
276	1682.772	2902.2065	21311.0000	25375.6680	
277	1687.329	1112.6066	20980.6660	23125.3340	
278	1691.879	392.0054	21207.3340	22501.0000	
279	1696.420	142.4083	23954.0000	24867.6660	
280	1700.953	119.9630	21095.3340	21873.3340	
281	1705.478	219.1285	21195.3340	21943.6660	
282	1709.994	254.6299	19008.6660	19663.6660	
283	1714.501	253.2969	22687.0000	23148.6660	
284	1719.000	352.4656	20173.0000	20700.3320	
285	1723.491	383.8946	20294.0000	20749.3340	
286	1727.973	420.9068	16213.6670	16750.0000	
287	1732.447	419.6158	19351.6660	19791.0000	
288	1736.912	387.4967	19780.3340	20109.3340	
289	1741.369	399.5438	18915.6660	19322.3340	
290	1745.818	407.6744	15791.6670	16197.3330	
291	1750.257	397.4718	19323.6660	19692.6660	
292	1754.689	406.5196	18012.0000	18378.0000	
293	1759.112	408.5371	17911.0000	18227.0000	
294	1763.526	428.8879	13847.0000	14236.6670	
295	1767.932	420.5729	16277.3320	16596.3340	
296	1772.329	431.9226	18633.6660	18862.0000	
297	1776.718	439.9956	15893.0000	16254.0000	
298	1781.098	460.7364	13167.0000	13498.6660	
299	1785.470	452.4773	13428.3340	13788.6660	
300	1789.833	423.8846	12486.3330	12806.6680	
301	1794.187	386.2049	13317.3330	13654.3340	
302	1798.533	351.5422	15340.0000	15566.3330	
303	1802.870	334.7962	15938.6660	16197.3340	
304	1807.199	339.4670	15756.6660	15919.6670	
305	1811.519	370.6378	13383.3340	13634.6680	
306	1815.830	399.8079	11497.6660	11789.3330	
307	1820.133	409.3952	12399.0000	12636.6660	
308	1824.427	427.6371	11293.6670	11616.3330	
309	1828.712	426.0634	13598.3340	13869.3340	
310	1832.989	435.1150	12878.3320	13115.3340	
311	1837.257	505.8526	10670.6670	11035.6670	
312	1841.516	434.8418	10348.6660	10644.6670	
313	1845.767	286.6841	11177.3340	11333.6670	
314	1850.009	357.1933	13094.3340	13329.6660	
315	1854.242	376.7881	12112.0000	12408.6670	
316	1858.467	368.2986	11107.3330	11343.0000	
317	1862.682	385.8312	9877.0000	10163.0000	
318	1866.889	390.4473	9129.0000	9424.6670	
319	1871.088	495.7293	6873.0000	7279.0000	
320	1875.277	429.6784	6384.3330	6729.3330	
321	1879.458	360.2934	7745.0000	8025.6660	
322	1883.630	448.2592	5286.0000	5674.3335	
323	1887.793	489.5244	4199.6665	4629.0000	
324	1891.947	429.1222	4661.0000	5029.6665	
325	1896.093	406.5013	6489.3340	6818.3330	
326	1900.230	384.9641	4494.3335	4908.3330	
327	1904.358	328.7603	7285.6670	7541.3335	
328	1908.477	342.9737	7023.3330	7289.0000	
329	1912.587	392.2012	6309.6670	6606.3340	
330	1916.688	395.4006	6709.0000	6950.3330	
331	1920.781	397.6831	5029.0000	5418.0000	
332	1924.864	401.6123	5878.3335	6161.0000	
333	1928.939	395.5713	6970.3330	7280.3330	
334	1933.005	396.9679	6188.0000	6453.3330	
335	1937.062	443.7602	4527.0000	4898.0000	
336	1941.110	393.0527	5054.6665	5381.0000	
337	1945.149	331.0117	5628.6665	5899.0000	
338	1949.179	347.8039	6113.0000	6362.3330	
339	1953.200	375.2627	5003.0000	5329.6665	
340	1957.212	452.8881	2281.6665	2692.0000	
341	1961.216	450.5219	2389.6665	2837.3333	
342	1965.210	444.3226	3067.3335	3450.0000	
343	1969.195	421.3682	2321.6667	2753.0000	
344	1973.172	408.7151	1585.0000	2010.6667	
345	1977.139	428.6843	1153.0000	1606.0000	
346	1981.098	409.4869	14.6667	496.0000	
347	1985.047	370.6227	643.3333	1058.0000	
348	1988.987	371.7588	631.3333	1057.0000	
349	1992.919	407.4702	599.3333	1063.3334	
350	1996.841	418.2446	-200.6667	261.6667	
351	2000.754	406.0623	474.0000	901.0000	
352	2004.658	407.8802	-260.0000	198.3333	
353	2008.553	407.0313	312.6667	758.3333	
354	2012.439	384.0991	-281.0000	122.3333	
355	2016.316	383.6669	306.3333	731.0000	
356	2020.184	385.4846	-390.6667	19.3333	
357	2024.043	404.4374	302.6667	739.3333	
358	2027.892	417.0570	-372.6667	75.6667	
359	2031.733	426.3434	227.3333	684.0000	
360	2035.564	420.6299	-371.3333	78.6667	
361	2039.386	401.7064	264.3333	684.6667	
362	2043.199	399.0329	-423.0000	18.6667	
363	2047.003	395.6094	225.3333	622.6666	
364	2050.798	382.5835	-422.3333	2.0000	
365	2054.583	388.6988	234.3333	626.0000	
366	2058.360	397.9806	-363.6667	69.0000	
367	2062.127	402.0958	242.6667	664.6666	
368	2065.885	406.2110	-371.0000	90.6667	
369	2069.634	409.7429	202.6667	611.0000	
370	2073.373	409.6914	-304.6667	144.6667	
371	2077.103	421.3963	344.3333	780.6666	
372	2080.824	392.9313	-301.6667	72.3333	
373	2084.536	388.1595	213.6667	628.3334	
374	2088.238	398.2210	-255.3333	154.0000	
375	2091.932	398.4492	48.3333	464.6666	
376	2095.615	398.5943	-287.0000	126.3333	
377	2099.290	394.1703	276.0000	673.6667	
378	2102.955	396.8924	-160.0000	254.3333	
379	2106.611	398.4476	235.6667	628.6667	
380	2110.258	409.4824	-402.0000	16.0000	
381	2113.895	416.6937	-692.0000	-272.0000	
382	2117.523	416.9048	-145.6667	269.3333	
383	2121.142	409.1160	222.6667	624.6666	
384	2124.751	397.1399	-522.3333	-141.0000	
385	2128.351	388.0556	129.6667	519.3334	
386	2131.942	386.8205	-383.6667	-39.0000	
387	2135.523	391.6476	98.0000	501.3333	
388	2139.095	397.1412	-340.6667	34.0000	
389	2142.657	407.1000	314.0000	701.0000	
390	2146.210	410.4755	-413.0000	-23.0000	
391	2149.754	405.5176	229.3333	622.6667	
392	2153.288	403.7647	-563.6667	-195.3333	
393	2156.812	379.5963	115.6667	462.0000	
394	2160.327	383.0947	-238.3333	99.0000	
395	2163.833	393.5098	367.6667	742.6667	
396	2167.330	403.5078	-235.0000	114.3333	
397	2170.816	412.9229	129.6667	526.3333	
398	2174.293	418.5880	-391.3334	-5.3333	
399	2177.761	416.6698	187.6667	600.3333	
400	2181.220	416.4182	-169.3333	202.6667	
401	2184.668	416.4166	447.3333	836.3333	
402	2188.108	411.7483	-306.0000	79.0000	
403	2191.537	403.4135	-8.3333	368.3333	
404	2194.958	399.7454	-358.6667	14.3333	
405	2198.368	393.7844	271.6667	636.6666	
406	2201.769	387.3525	-356.0000	15.0000	
407	2205.161	401.0758	218.6667	599.0000	
408	2208.543	408.2993	-338.3333	47.3333	
409	2211.915	403.1802	361.0000	732.6666	
410	2215.278	400.7280	-405.3333	-10.3333	
411	2218.631	393.6923	321.0000	667.3333	
412	2221.974	387.3234	-330.3333	32.0000	
413	2225.308	401.1738	369.6667	699.6667	
414	2228.632	405.3087	-556.0000	-200.0000	
415	2231.947	403.1101	204.0000	561.0000	
416	2235.252	394.3908	-568.3333	-181.3333	
417	2238.547	381.3799	241.0000	582.6667	
418	2241.833	385.1813	-451.6667	-103.0000	
419	2245.109	414.3161	8.6667	418.3333	
420	2248.375	420.8675	-335.0000	41.0000	
421	2251.631	420.1783	285.6667	675.3333	
422	2254.878	416.4055	-407.0000	-19.3333	
423	2258.115	412.9663	275.0000	631.6667	
424	2261.343	416.5270	-356.3333	42.3333	
425	2264.560	422.7448	216.3333	613.0000	
426	2267.768	422.5460	-129.3333	275.3333	
427	2270.966	394.4665	372.3333	754.6666	
428	2274.154	395.7162	-295.3333	86.0000	
429	2277.333	384.6189	225.6667	578.3334	
430	2280.502	386.4382	-309.3333	62.6667	
431	2283.661	387.5075	342.0000	722.0000	
432	2286.810	389.3268	-366.6667	-24.0000	
433	2289.949	392.1460	208.0000	584.0000	
434	2293.079	402.9616	-372.0000	16.0000	
435	2296.198	370.7864	253.0000	584.0000	
436	2299.308	398.2774	-555.0000	-196.6667	
437	2302.408	419.0866	288.6667	669.0000	
438	2305.498	420.1458	-425.0000	-47.6667	
439	2308.579	418.2884	3.6667	411.6667	
440	2311.649	402.5150	-533.0000	-163.0000	
441	2314.709	397.5293	405.6666	752.0000	
442	2317.760	406.9603	-250.6667	136.0000	
443	2320.801	406.3080	138.6667	498.3333	
444	2323.832	399.0717	-491.6666	-81.3333	
445	2326.853	401.7626	375.3333	721.6666	
446	2329.864	402.8910	-448.6667	-88.3333	
447	2332.865	405.5818	208.0000	584.0000	
448	2335.855	391.0500	-402.6667	-12.0000	
449	2338.837	391.8147	19.3333	337.6667	
450	2341.808	395.6210	-338.0000	36.6667	
451	2344.769	401.5941	434.0000	801.6667	
452	2347.720	404.4425	-534.3333	-161.0000	
453	2350.661	388.4565	342.6667	694.6666	
454	2353.592	373.0537	-388.0000	-50.3333	
455	2356.513	412.9130	232.0000	596.0000	
456	2359.424	416.3070	-446.3333	-47.3333	
457	2362.325	412.3929	278.3333	621.0000	
458	2365.216	414.8123	-264.3333	101.6667	
459	2368.097	394.3149	228.3333	567.0000	
460	2370.968	380.4017	-179.0000	143.3333	
461	2373.829	405.9092	163.3333	505.0000	
462	2376.680	419.0832	-234.3333	114.3333	
463	2379.520	414.9239	320.0000	658.3333	
464	2382.351	397.3481	-299.6667	-15.6667	
465	2385.171	397.1888	136.6667	469.6666	
466	2387.982	403.8629	-291.0000	12.0000	
467	2390.782	410.0370	260.6667	573.6667	
468	2393.572	393.4602	-503.3333	-217.3333	
469	2396.352	388.4992	254.6667	513.3334	
470	2399.121	418.6595	-271.0000	43.0000	
471	2401.881	412.9865	410.0000	712.0000	
472	2404.630	397.6472	-586.0000	-305.6667	
473	2407.369	399.6699	256.3333	533.3333	
474	2410.098	390.1928	-381.3333	-137.0000	
475	2412.817	395.5489	365.6667	631.6667	
476	2415.526	414.2080	-319.6667	-58.3333	
477	2418.224	397.1904	345.3333	575.3334	
478	2420.912	396.6728	-403.0000	-147.3333	
479	2423.590	398.1551	134.6667	359.0000	
480	2426.258	412.1375	-364.6667	-111.3333	
481	2428.915	407.8283	242.0000	500.0000	
482	2431.562	399.7689	-412.3333	-174.3333	
483	2434.199	396.5846	262.3333	455.6666	
484	2436.826	398.4829	913.0000	1236.0000	
485	2439.442	403.0923	297.6667	476.6667	
486	2442.048	413.6186	-629.6667	-390.0000	
487	2444.644	435.2282	121.0000	377.6667	
488	2447.229	434.5042	-426.3334	-175.0000	
489	2449.804	385.7934	77.3333	276.6667	
490	2452.368	383.3173	-477.3333	-281.0000	
491	2454.923	392.1329	393.6667	623.6667	
492	2457.467	395.4485	-340.6667	-135.0000	
493	2460.000	394.3380	308.6667	511.3333	
494	2462.523	404.2276	-543.0000	-325.6667	
495	2465.036	402.9505	292.6667	506.3333	
496	2467.539	393.6734	-275.3333	-73.3333	
497	2470.031	395.9796	448.6666	646.3333	
498	2472.512	399.6191	-380.3333	-173.3333	
499	2474.983	402.0087	486.6667	687.6667	
500	2477.444	408.2318	-311.3333	-104.3333	
501	2479.894	414.7632	33.0000	245.3333	
502	2482.334	407.4612	-412.3333	-198.0000	
503	2484.763	399.7426	271.6667	432.3334	
504	2487.182	395.0865	-342.3333	-114.3333	
505	2489.590	396.2845	210.6667	387.3333	
506	2491.988	389.5867	-340.3333	-155.3333	
507	2494.375	390.0972	229.6667	410.3333	
508	2496.752	404.1703	-601.3333	-419.0000	
509	2499.119	402.4933	297.3333	444.6667	
510	2501.475	445.8788	-270.0000	-37.3333	
511	2503.820	376.7435	-10.0000	152.3333	
