resultName	muna8-133
resultName	muna8-133
ID	RS20200904153243_P19331194
Command	SCANANDSEARCH
User	Admin
Application	_Analyze
SerialNumber	P19331194
Power	280
Integration	900
Averages	3
AutoExposure	Off
AutoCollect	Off
QuickCollect	Off
AutoBackground	On
BaselineCorrection	On
Algorithm	Wavelet
Searched Library	All,None,None,None
MixtureComponents	2
matchThreshold	0.0
displayMatches	1
Threshold	0.80
WL Start	
WL End	
ServerVersion	3.180316
FirmwareVersion	
date	2020-09-04
time	15:32:43
scanindex	0
specpath	RS20200904153243_P19331194.xml
Search Range	200 - 2500
Synced	false
lastCalDateTime	2020-08-20 09:29:50
lastCalUser	Admin
lastCalResult	PASS
lastVerifyDateTime	2020-09-04 13:30:42
lastVerifyUser	Admin
lastVerifyResult	PASS
selectedMaterial	
result	No Match
ValidationGUID	
ValidationMatchQuality	
topMatch	
topMatchGUID	
topMatchQuality	
secondMatch	
secondMatchGUID	
secondMatchQuality	
thirdMatch	
thirdMatchGUID	
thirdMatchQuality	
fourthMatch	
fourthMatchGUID	
fourthMatchQuality	
fifthMatch	
fifthMatchGUID	
fifthMatchQuality	
signedBy	
signedDateTime	
softwareVer	1.7.0.21
memo	
batchID	
inBatch	false
batchUID	
batchCID1	
batchCIDlbl1	
batchCID2	
batchCIDlbl2	
batchCID3	
batchCIDlbl3	
batchCID4	
batchCIDlbl4	
batchCID5	
batchCIDlbl5	
signedTitle	
signedReason	
rescanned	
barcode	
topMatchContribs	
secondMatchContribs	
thirdMatchContribs	
fourthMatchContribs	
fifthMatchContribs	
ValidationMatchContribs	
Threat	
PrecursorList	
CompundName	
WindowStart4C	
MatchLibrary	
lastModified	2020/09/04 15:36
Signal2Noise	50.37
Detector TEC SetPoint	0x8000
Detector Temp	4.99
Laser Temp	25.39
OE1 Temp	37.53
OE2 Temp	42.50
Detector Gain	200
SaturationDetected	false
InterpolatedPixelList	
PeakList	 286.7	887	323.9	582	334.0	513	398.4	611	481.4	535	649.7	1335	679.1	970	735.9	821	748.5	696	805.7	544	840.1	813	856.2	476	866.5	471	959.3	519	1093.2	530	1127.1	697	1141.1	632	1207.5	511	1249.9	508	1337.4	872	1368.6	976	1457.9	4538	1645.7	2204	1677.5	1582	1712.7	824
index	Raman Shift (cm-1)	Y value (counts)	background (counts)	raw value (counts)
0	137.471	293.1182	283.6667	2804.0000	
1	143.961	247.8010	315.3333	2723.3333	
2	150.446	196.8170	350.6667	2640.6665	
3	156.925	306.8334	495.0000	2828.0000	
4	163.399	339.8495	148.0000	2447.0000	
5	169.867	381.1992	522.3334	2795.6667	
6	176.330	300.8818	246.6667	2372.6667	
7	182.787	250.5647	503.3333	2512.0000	
8	189.239	195.9141	136.3333	2023.3334	
9	195.685	162.5968	469.6667	2256.3333	
10	202.125	182.6130	251.0000	1990.6666	
11	208.560	252.9628	742.3333	2485.3335	
12	214.989	319.6456	142.0000	1884.6667	
13	221.413	251.1814	595.3333	2236.6667	
14	227.831	231.3688	304.3333	1885.3333	
15	234.243	174.2170	632.3333	2167.3333	
16	240.650	121.3986	264.3333	1757.6667	
17	247.051	153.9131	404.0000	1941.0000	
18	253.446	179.4277	294.6667	1868.3333	
19	259.836	242.6093	546.0000	2194.0000	
20	266.220	257.1240	-2.6667	1671.0000	
21	272.598	323.5642	637.6666	2406.6667	
22	278.971	670.0043	353.0000	2497.3335	
23	285.338	887.1107	472.0000	2862.3333	
24	291.699	711.8838	84.6667	2328.6667	
25	298.054	663.9363	426.6667	2648.3333	
26	304.404	603.3223	-23.3333	2163.3333	
27	310.748	428.0417	673.6667	2710.6667	
28	317.086	431.3649	281.6667	2358.3335	
29	323.418	582.1213	353.3333	2538.3333	
30	329.744	455.8777	-99.3333	1917.0000	
31	336.065	513.3008	612.6667	2644.0000	
32	342.380	450.0574	264.0000	2189.6667	
33	348.689	227.8138	598.0000	2259.0000	
34	354.992	111.5704	173.6667	1676.0000	
35	361.289	180.0570	311.0000	1829.0000	
36	367.581	79.8746	160.6667	1539.0000	
37	373.866	165.9581	156.6667	1615.6667	
38	380.146	451.0415	200.6667	1939.3333	
39	386.420	410.7917	254.0000	1947.0000	
40	392.688	375.8756	45.6667	1698.3333	
41	398.949	611.2968	379.0000	2258.0000	
42	405.205	519.0514	183.6667	1961.3335	
43	411.456	248.4724	156.0000	1654.0000	
44	417.700	267.5602	-117.0000	1391.0000	
45	423.938	193.7391	337.0000	1762.6667	
46	430.170	243.2514	-116.0000	1350.6666	
47	436.396	308.0971	210.0000	1733.0000	
48	442.616	493.6093	32.0000	1732.0000	
49	448.830	507.9434	308.0000	2025.0000	
50	455.039	404.2856	-61.3333	1537.3333	
51	461.241	256.2945	104.6667	1540.6667	
52	467.437	175.9698	75.3333	1416.3334	
53	473.627	278.9583	149.0000	1562.0000	
54	479.811	534.6134	-51.0000	1586.6667	
55	485.989	434.9351	-66.6667	1440.3334	
56	492.160	318.6578	-198.3333	1151.3334	
57	498.326	237.1099	136.6667	1375.3334	
58	504.486	153.8953	-193.0000	933.0000	
59	510.639	228.3473	92.6667	1263.6666	
60	516.787	260.4662	-196.3333	977.3334	
61	522.928	383.4274	102.3333	1382.3333	
62	529.063	395.3887	-198.6667	1076.6666	
63	535.192	182.3502	3028.6667	4074.3335	
64	541.315	169.2282	1923.3333	2836.6667	
65	547.431	185.8562	554.0000	1627.3333	
66	553.542	217.9009	77.6667	1109.0000	
67	559.646	247.9455	333.3333	1338.3334	
68	565.744	287.5735	-107.3333	967.6666	
69	571.835	304.9182	389.3333	1457.0000	
70	577.921	315.9379	-144.3333	979.0000	
71	584.000	277.3483	174.0000	1289.3334	
72	590.073	53.0921	-229.0000	692.6667	
73	596.140	85.1135	158.3333	1166.0000	
74	602.200	261.8015	-175.0000	1063.3334	
75	608.255	533.1561	56.0000	1619.6665	
76	614.302	810.5110	-135.0000	1760.0000	
77	620.344	985.0469	85.3333	2187.0000	
78	626.379	536.7881	-43.0000	1637.6667	
79	632.408	763.8624	234.3333	2169.3333	
80	638.431	867.9370	-27.6667	2038.6666	
81	644.447	1211.6782	413.0000	2850.3333	
82	650.457	1335.4196	-201.0000	2387.3333	
83	656.460	945.1609	12.0000	2237.3335	
84	662.457	669.2352	-35.6667	1941.0000	
85	668.448	590.7117	123.6667	2009.3335	
86	674.432	843.1880	-296.6667	1829.0000	
87	680.410	969.9978	218.3333	2458.3335	
88	686.381	653.4745	-169.0000	1742.0000	
89	692.346	320.0305	370.0000	1917.3333	
90	698.305	234.4199	-123.3333	1259.0000	
91	704.257	260.3718	31.3333	1468.0000	
92	710.202	223.5587	-178.3333	1181.3334	
93	716.142	98.9648	52.6667	1259.0000	
94	722.074	195.3708	-166.0000	1108.0000	
95	728.000	631.1100	121.0000	1802.0000	
96	733.920	820.5163	-156.0000	1685.6667	
97	739.833	720.9224	227.6667	1941.0000	
98	745.739	670.3992	-42.0000	1585.3334	
99	751.639	695.7388	441.3333	2087.0000	
100	757.533	362.4116	-305.6667	999.6667	
101	763.419	180.3821	264.6667	1388.0000	
102	769.300	178.3525	-272.6667	848.6666	
103	775.173	148.6566	186.3333	1278.0000	
104	781.040	34.6268	-149.3333	828.3334	
105	786.901	153.1725	284.6667	1392.6666	
106	792.755	180.3849	81.6667	1228.6666	
107	798.602	378.5972	280.6667	1637.6665	
108	804.442	543.8100	-184.0000	1350.0000	
109	810.276	465.1368	409.3333	1903.6667	
110	816.103	335.1299	-112.3333	1291.0000	
111	821.924	274.1234	308.6667	1690.0000	
112	827.738	266.1051	-150.0000	1274.3334	
113	833.545	546.0023	319.0000	2059.6665	
114	839.345	813.2335	-103.3333	1941.0000	
115	845.139	556.1310	231.3333	2055.0000	
116	850.926	438.6949	46.3333	1789.0000	
117	856.706	475.6131	247.6667	2035.3333	
118	862.479	409.1983	184.3333	1913.6667	
119	868.246	471.0535	240.6667	2026.0000	
120	874.006	335.7531	-72.6667	1567.6665	
121	879.759	230.4767	428.6666	1939.3333	
122	885.505	213.5337	-7.3333	1462.0000	
123	891.245	306.5908	273.3333	1811.3335	
124	896.978	395.6478	59.6667	1662.3335	
125	902.703	363.4468	221.6667	1764.0000	
126	908.422	204.2463	-143.3333	1211.6666	
127	914.135	200.7122	294.0000	1607.0000	
128	919.840	228.8450	-302.3333	1021.6666	
129	925.538	234.9778	283.6667	1585.0000	
130	931.230	213.1940	-142.6667	1131.0000	
131	936.914	221.4101	489.6667	1772.3335	
132	942.592	166.0425	-26.0000	1122.0000	
133	948.263	243.9714	282.3333	1504.0000	
134	953.927	395.5393	-95.6667	1271.6666	
135	959.584	519.1072	194.0000	1679.0000	
136	965.234	337.6752	-21.6667	1276.0000	
137	970.877	232.6279	184.0000	1382.6666	
138	976.513	270.2472	-304.0000	938.3334	
139	982.142	306.2833	166.0000	1478.0000	
140	987.764	305.6893	54.0000	1284.0000	
141	993.379	282.0198	43.6667	1397.0000	
142	998.987	263.2670	-174.6667	1055.6666	
143	1004.588	217.2642	268.6667	1516.0000	
144	1010.182	179.2615	-330.3333	854.6666	
145	1015.769	186.0918	161.3333	1360.6666	
146	1021.349	219.5891	34.0000	1274.3333	
147	1026.922	223.4195	250.6667	1502.3333	
148	1032.487	268.6667	-68.6667	1233.3334	
149	1038.046	239.1699	163.3333	1431.0000	
150	1043.597	301.5897	-133.3333	1263.0000	
151	1049.142	277.6761	64.0000	1472.6666	
152	1054.679	248.1790	-325.6667	1035.3333	
153	1060.209	264.2458	224.6667	1666.3333	
154	1065.732	249.7490	-116.0000	1347.6667	
155	1071.248	235.0465	220.6667	1626.3333	
156	1076.757	310.0104	-60.6667	1502.3333	
157	1082.258	361.7909	218.0000	1831.6667	
158	1087.753	261.5713	-163.3333	1349.0000	
159	1093.240	530.0184	197.3333	1977.0000	
160	1098.720	477.1321	26.6667	1752.3333	
161	1104.192	246.4973	212.6667	1692.6667	
162	1109.658	235.4370	-123.0000	1326.0000	
163	1115.116	339.7103	444.3333	1977.6667	
164	1120.567	509.6497	-142.3333	1541.0000	
165	1126.010	696.6807	260.6667	2093.3333	
166	1131.447	657.0452	-208.0000	1547.3333	
167	1136.876	531.4097	356.0000	1948.0000	
168	1142.298	632.4410	-295.6667	1359.6666	
169	1147.712	564.7766	281.6667	1839.0000	
170	1153.120	336.4451	-151.3333	1147.3333	
171	1158.519	263.1138	262.3333	1457.3334	
172	1163.912	163.7823	-170.6667	894.6666	
173	1169.297	135.9453	388.0000	1433.6667	
174	1174.675	144.1077	-37.6667	1024.3334	
175	1180.045	195.8121	369.3333	1498.0000	
176	1185.408	259.5095	-49.3333	1173.0000	
177	1190.764	277.1235	219.0000	1442.3334	
178	1196.112	247.1539	37.3333	1259.6667	
179	1201.453	358.9346	244.0000	1655.6667	
180	1206.786	510.9654	-254.0000	1339.6667	
181	1212.112	449.5952	326.3333	1873.6665	
182	1217.431	329.5049	-24.6667	1409.0000	
183	1222.742	341.8712	300.6667	1763.3333	
184	1228.045	313.9034	-144.0000	1307.3334	
185	1233.341	185.2657	335.0000	1685.3335	
186	1238.630	160.2944	29.3333	1382.3334	
187	1243.911	373.3235	321.3333	1915.0000	
188	1249.185	508.3524	2.3333	1758.6665	
189	1254.451	423.4936	510.0000	2202.0000	
190	1259.709	251.6349	125.6667	1666.3333	
191	1264.960	212.7759	523.3333	2045.6665	
192	1270.203	250.5839	177.0000	1757.6667	
193	1275.439	248.7249	505.6667	2105.0000	
194	1280.668	230.1993	-39.0000	1562.3333	
195	1285.888	303.0075	522.0000	2216.6667	
196	1291.101	233.6301	-62.6667	1596.3333	
197	1296.307	139.7803	452.6667	2064.0000	
198	1301.505	79.5975	126.0000	1723.3333	
199	1306.695	202.7479	588.3333	2355.0000	
200	1311.877	345.2326	287.0000	2242.3335	
201	1317.052	293.0109	294.6667	2226.0000	
202	1322.219	214.1230	234.0000	2114.6665	
203	1327.379	475.0861	443.3333	2597.0000	
204	1332.531	747.2611	149.6667	2595.3333	
205	1337.675	871.7629	586.0000	3164.3335	
206	1342.811	633.9307	-70.3333	2278.3335	
207	1347.940	450.7654	505.0000	2678.6667	
208	1353.061	345.6001	-47.6667	2029.0000	
209	1358.174	567.4346	721.0000	3027.6665	
210	1363.280	946.6028	147.3333	2841.3333	
211	1368.377	975.7706	506.0000	3237.3333	
212	1373.467	786.2721	136.3333	2686.3333	
213	1378.550	744.2065	486.3333	2993.0000	
214	1383.624	630.8078	161.3333	2553.3333	
215	1388.690	274.4092	715.0000	2749.3335	
216	1393.749	5.6773	35.3333	1799.6667	
217	1398.800	0.0000	538.3334	2286.6665	
218	1403.843	170.3725	130.3333	2014.3333	
219	1408.878	427.0776	790.6667	2896.6665	
220	1413.906	690.4501	157.0000	2491.6667	
221	1418.925	1052.9656	534.6667	3217.0000	
222	1423.937	1401.4817	167.0000	3183.0000	
223	1428.940	1837.6642	513.0000	3950.3335	
224	1433.936	2425.5247	254.0000	4246.6665	
225	1438.924	2792.3865	527.0000	4853.6670	
226	1443.904	3161.2473	201.6667	4864.3330	
227	1448.876	3686.4424	639.3334	5794.3330	
228	1453.840	4079.6382	52.3333	5567.6670	
229	1458.796	4538.0742	655.3334	6549.3330	
230	1463.744	3639.8447	85.3333	5001.3335	
231	1468.685	2300.2820	609.3333	4106.0000	
232	1473.617	1393.0518	40.6667	2550.3333	
233	1478.541	788.3310	475.6667	2311.0000	
234	1483.457	451.2761	-19.6667	1409.0000	
235	1488.365	314.5552	511.3333	1733.6667	
236	1493.265	235.5003	-83.3333	990.3334	
237	1498.157	165.1529	589.0000	1540.3333	
238	1503.041	159.8776	-19.6667	882.0000	
239	1507.917	157.9327	494.3333	1355.3334	
240	1512.785	149.9878	28.3333	842.6666	
241	1517.645	175.0428	488.6667	1289.3333	
242	1522.496	191.7652	124.3333	880.6666	
243	1527.340	230.4870	763.3334	1552.3333	
244	1532.175	259.2089	149.3333	918.0000	
245	1537.002	274.0612	725.0000	1493.0000	
246	1541.822	256.2094	47.0000	834.3333	
247	1546.633	270.0241	662.6667	1493.0000	
248	1551.435	240.5046	72.0000	896.0000	
249	1556.230	220.8896	660.0000	1536.3334	
250	1561.016	183.6078	138.6667	1043.0000	
251	1565.795	187.6589	565.3333	1539.0000	
252	1570.565	234.0439	287.6667	1373.0000	
253	1575.327	213.9800	522.0000	1688.0000	
254	1580.080	243.5834	138.6667	1435.0000	
255	1584.825	269.8525	607.0000	2030.3334	
256	1589.562	328.7891	-37.6667	1545.3334	
257	1594.291	321.3924	543.0000	2219.3333	
258	1599.012	304.9948	26.6667	1787.3333	
259	1603.724	267.4006	406.0000	2248.0000	
260	1608.428	194.1731	204.3333	2059.6665	
261	1613.124	249.7109	483.3333	2462.6667	
262	1617.811	212.9148	473.6667	2484.6665	
263	1622.490	275.7859	552.3333	2694.6667	
264	1627.161	354.6580	148.6667	2438.3335	
265	1631.823	535.0227	465.0000	2979.3335	
266	1636.477	901.7544	-5.0000	2899.6667	
267	1641.123	1663.7761	779.3334	4470.3335	
268	1645.760	2203.7976	-33.6667	4221.6665	
269	1650.389	1660.5901	503.0000	4176.3330	
270	1655.009	865.0496	166.6667	3005.6667	
271	1659.621	584.8420	615.3334	3135.3335	
272	1664.225	692.6345	59.6667	2648.6667	
273	1668.820	1066.7605	697.3333	3621.6667	
274	1673.406	1458.8862	11.6667	3289.3335	
275	1677.985	1582.3457	347.0000	3709.3335	
276	1682.554	1308.1382	265.0000	3314.3335	
277	1687.116	840.5322	493.3333	2997.3333	
278	1691.668	397.5930	104.3333	2087.6667	
279	1696.213	260.3224	545.0000	2313.3333	
280	1700.749	313.8257	13.0000	1773.0000	
281	1705.276	532.2654	615.3333	2476.6665	
282	1709.794	824.0386	-1.0000	2035.0000	
283	1714.305	824.1482	442.6667	2361.6667	
284	1718.806	485.2540	-9.3333	1453.6666	
285	1723.299	197.8170	743.3333	1829.6667	
286	1727.784	103.7130	5.0000	908.0000	
287	1732.260	105.4393	499.0000	1304.0000	
288	1736.727	134.2362	40.6667	804.0000	
289	1741.186	131.0333	511.3334	1201.0000	
290	1745.636	122.8312	-3.3333	607.6667	
291	1750.077	191.2949	538.6667	1147.6666	
292	1754.510	248.1755	-53.3333	544.6667	
293	1758.934	278.2599	564.3334	1187.0000	
294	1763.349	264.9276	-164.3333	387.6667	
295	1767.756	287.3453	460.3333	1004.6667	
296	1772.154	286.2624	-174.0000	324.0000	
297	1776.544	292.4514	408.3333	924.6667	
298	1780.924	279.4733	-235.6667	258.3333	
299	1785.296	275.6621	547.6667	1031.6666	
300	1789.659	250.1841	-231.3333	221.0000	
301	1794.014	260.8310	486.3333	945.0000	
302	1798.360	269.2315	-7.6667	451.0000	
303	1802.697	246.5486	602.0000	1025.3334	
304	1807.025	240.6158	145.6667	573.6667	
305	1811.344	236.0996	254.3333	654.6667	
306	1815.655	245.5001	17.0000	418.3334	
307	1819.957	282.5673	604.0000	1034.0000	
308	1824.250	283.9227	-82.0000	332.0000	
309	1828.534	281.8450	640.0000	1048.3333	
310	1832.809	254.6840	-47.6667	307.3333	
311	1837.076	258.2731	500.0000	882.0000	
312	1841.333	249.2786	119.0000	484.0000	
313	1845.582	250.6689	221.0000	543.3333	
314	1849.822	255.4760	0.3333	382.6667	
315	1854.053	252.9079	385.0000	770.3333	
316	1858.275	262.3184	-133.0000	274.3333	
317	1862.488	262.1027	299.6667	702.6667	
318	1866.692	267.1580	-50.3333	321.3333	
319	1870.888	296.6923	357.6667	793.0000	
320	1875.074	273.4767	-359.3333	53.0000	
321	1879.251	234.9277	351.0000	725.0000	
322	1883.420	236.1790	-196.0000	189.6667	
323	1887.579	263.6357	228.6667	638.0000	
324	1891.730	295.0931	-241.3333	195.6667	
325	1895.871	269.2550	419.0000	827.3334	
326	1900.004	255.7501	-204.3333	187.6667	
327	1904.127	248.5786	330.3333	712.3334	
328	1908.241	264.7407	-305.3333	90.0000	
329	1912.347	284.4832	254.6667	675.0000	
330	1916.443	271.0828	-187.3333	193.3333	
331	1920.530	256.3491	276.3333	685.3333	
332	1924.609	222.9494	-263.0000	71.0000	
333	1928.678	242.0399	486.6667	840.3333	
334	1932.738	269.1306	-194.3333	187.0000	
335	1936.788	269.2211	369.6667	751.6667	
336	1940.830	260.3117	-218.0000	155.6667	
337	1944.863	228.0690	139.6667	481.6667	
338	1948.886	259.8262	-154.6667	219.6667	
339	1952.901	268.2502	360.0000	743.3334	
340	1956.906	277.0901	-202.3333	194.0000	
341	1960.902	284.4379	193.3333	569.3333	
342	1964.888	304.0357	-79.6667	335.6667	
343	1968.866	284.8195	135.6667	539.6666	
344	1972.834	266.0924	-325.3333	57.0000	
345	1976.793	256.9338	190.6667	554.6667	
346	1980.743	259.4418	-283.6667	88.6667	
347	1984.684	255.2833	-2.0000	362.0000	
348	1988.616	227.7914	-298.3333	35.6667	
349	1992.538	232.8525	405.3333	744.3334	
350	1996.451	264.5716	-370.0000	-9.3333	
351	2000.354	264.6485	290.0000	655.0000	
352	2004.249	264.4753	-377.0000	-32.0000	
353	2008.134	276.3854	261.6667	634.6667	
354	2012.009	283.5456	-388.0000	-7.6667	
355	2015.876	271.7057	265.6667	634.3333	
356	2019.733	243.5326	-436.0000	-116.0000	
357	2023.580	243.6825	338.6667	688.0000	
358	2027.419	227.8324	-217.6667	107.0000	
359	2031.248	239.7323	607.3333	905.0000	
360	2035.067	255.7159	-369.0000	-6.0000	
361	2038.878	256.6859	253.3333	613.6667	
362	2042.678	293.4058	-447.6667	-59.6667	
363	2046.470	286.2091	171.6667	564.6667	
364	2050.252	268.7199	-452.3334	-101.0000	
365	2054.024	271.7568	188.6667	575.6667	
366	2057.787	257.4604	-365.3333	-11.3333	
367	2061.541	257.8306	193.6667	545.0000	
368	2065.285	255.0341	-352.0000	-37.6667	
369	2069.020	258.0710	182.6667	550.3333	
370	2072.745	258.2746	-326.0000	16.6667	
371	2076.461	264.9814	340.3333	676.6666	
372	2080.167	242.2028	-249.3333	60.6667	
373	2083.864	238.1850	580.0000	884.3333	
374	2087.551	240.9174	120.6667	390.0000	
375	2091.228	275.1497	49.6667	387.6667	
376	2094.896	282.5487	-316.3333	32.3333	
377	2098.555	284.9151	275.6667	584.6667	
378	2102.204	284.4064	-194.3333	185.0000	
379	2105.843	280.6478	215.3333	561.0000	
380	2109.473	263.1806	-437.3333	-75.6667	
381	2113.093	216.5268	-685.3333	-410.0000	
382	2116.703	249.4564	-145.3333	162.3333	
383	2120.304	268.8860	182.6667	515.0000	
384	2123.895	274.3154	-551.3333	-231.0000	
385	2127.477	265.0761	95.3333	441.0000	
386	2131.049	261.1589	-443.3333	-116.3333	
387	2134.611	266.0543	136.6667	435.3333	
388	2138.163	278.6581	-383.6667	-40.0000	
389	2141.706	266.1311	294.6667	625.0000	
390	2145.239	253.9375	-443.0000	-136.6667	
391	2148.763	254.7439	216.0000	583.3333	
392	2152.276	239.3485	-572.6667	-281.3333	
393	2155.780	238.9867	101.3333	392.3333	
394	2159.275	242.0209	-269.0000	9.3333	
395	2162.759	250.9299	346.6667	649.6666	
396	2166.234	256.9021	-276.0000	33.0000	
397	2169.698	281.4925	144.3333	478.6667	
398	2173.154	293.0828	-414.0000	-67.3333	
399	2176.599	258.3398	176.6667	489.3333	
400	2180.034	249.9302	-159.3333	145.6667	
401	2183.460	263.1872	436.6667	755.6667	
402	2186.876	269.1942	-336.6667	4.6667	
403	2190.282	268.4513	-11.0000	308.3333	
404	2193.678	269.5203	-377.0000	-53.6667	
405	2197.064	278.5957	207.3333	560.6667	
406	2200.440	271.4151	-386.6667	-70.6667	
407	2203.807	272.8317	198.6667	547.6666	
408	2207.164	266.9149	-329.6667	0.0000	
409	2210.510	249.0442	345.6667	657.0000	
410	2213.847	230.5069	-391.3333	-99.0000	
411	2217.174	255.9695	296.0000	613.3333	
412	2220.491	256.3287	-342.0000	-9.6667	
413	2223.798	262.4596	369.6667	686.6667	
414	2227.094	259.6784	-523.0000	-202.3333	
415	2230.381	257.0221	273.6667	560.3333	
416	2233.658	259.5950	-587.6666	-249.6667	
417	2236.925	269.9388	226.3333	534.3334	
418	2240.182	272.6992	-523.6667	-171.0000	
419	2243.429	277.9596	-20.0000	318.6667	
420	2246.666	272.2193	-382.6667	-23.0000	
421	2249.893	272.7755	262.3333	602.0000	
422	2253.110	269.0818	-444.6667	-104.3333	
423	2256.317	260.8046	222.0000	600.6666	
424	2259.513	217.1941	-322.6667	-35.3333	
425	2262.700	251.5113	203.6667	523.3334	
426	2265.876	257.1618	-145.0000	178.3333	
427	2269.043	286.1488	316.6667	677.0000	
428	2272.199	263.3845	-295.3333	40.3333	
429	2275.345	256.0916	191.0000	518.6666	
430	2278.481	260.4653	-338.0000	-6.6667	
431	2281.607	259.4849	319.0000	653.6667	
432	2284.723	255.4628	-395.3333	-47.0000	
433	2287.828	239.2532	214.0000	522.0000	
434	2290.924	250.6284	-384.0000	-75.3333	
435	2294.009	270.7472	200.6667	539.6667	
436	2297.083	271.8661	-573.3333	-270.3333	
437	2300.148	271.7544	285.6667	647.3334	
438	2303.203	274.3927	-425.6666	-113.3333	
439	2306.247	274.2811	9.6667	335.3333	
440	2309.281	268.2524	-574.0000	-248.6667	
441	2312.305	255.6274	368.3333	666.6666	
442	2315.318	255.2106	-284.3333	45.3333	
443	2318.322	242.0023	154.6667	455.0000	
444	2321.314	246.5229	-472.0000	-186.0000	
445	2324.297	263.1934	372.0000	693.3333	
446	2327.269	269.8847	-470.0000	-131.6667	
447	2330.231	270.4927	179.0000	500.6667	
448	2333.183	261.0038	-416.0000	-87.6667	
449	2336.124	259.3714	-25.6667	305.3333	
450	2339.055	258.9057	-329.3333	-14.0000	
451	2341.976	262.2734	402.0000	732.0000	
452	2344.886	258.6411	-573.0000	-241.0000	
453	2347.786	252.5952	335.3333	648.0000	
454	2350.675	253.7160	-440.3333	-107.6667	
455	2353.554	264.6980	174.3333	484.3333	
456	2356.423	265.6776	-511.3333	-170.6667	
457	2359.281	263.6452	209.6667	529.3333	
458	2362.128	265.6337	-289.0000	15.6667	
459	2364.966	269.6846	188.0000	513.3334	
460	2367.792	269.4647	-240.3333	82.3333	
461	2370.609	273.6466	83.0000	407.6667	
462	2373.415	245.1619	-243.6667	37.0000	
463	2376.210	252.4272	303.0000	578.6667	
464	2378.995	264.6092	-422.0000	-116.6667	
465	2381.769	262.7077	95.3333	368.6667	
466	2384.533	257.7230	-310.3333	2.3333	
467	2387.286	253.6550	248.6667	500.0000	
468	2390.029	261.5869	-547.0000	-278.3333	
469	2392.760	262.4958	204.6667	445.0000	
470	2395.482	275.6154	-391.0000	-63.3333	
471	2398.193	285.2350	312.6667	581.3333	
472	2400.893	291.1047	-623.0000	-325.3333	
473	2403.583	261.4671	252.6667	508.0000	
474	2406.262	241.1627	-391.0000	-158.3333	
475	2408.931	243.5251	351.3333	584.0000	
476	2411.589	255.6045	-352.3333	-119.6667	
477	2414.236	270.0527	319.0000	571.0000	
478	2416.872	248.1678	-436.6667	-201.6667	
479	2419.498	234.2826	82.3333	308.3333	
480	2422.113	255.3976	-384.3333	-132.3333	
481	2424.718	275.3251	194.6667	482.6667	
482	2427.312	270.4400	-462.6667	-202.3333	
483	2429.895	295.6592	192.6667	426.3333	
484	2432.467	294.3568	908.0000	1399.3334	
485	2435.029	296.1661	236.3333	478.6667	
486	2437.580	298.0589	-692.3333	-417.6667	
487	2440.120	222.8682	100.0000	333.3333	
488	2442.649	232.3441	-431.3333	-201.0000	
489	2445.167	244.5294	25.3333	298.6667	
490	2447.675	242.2784	-493.3333	-266.6667	
491	2450.172	255.6496	366.6667	623.3333	
492	2452.658	257.7083	-429.0000	-165.0000	
493	2455.134	260.9300	266.6667	503.0000	
494	2457.598	266.2351	-589.6666	-340.3333	
495	2460.052	270.3736	261.6667	510.0000	
496	2462.495	242.5952	-287.6667	-97.0000	
497	2464.927	248.8378	430.3334	653.3334	
498	2467.348	254.8096	-421.3333	-222.3333	
499	2469.758	260.1147	449.6667	695.0000	
500	2472.157	266.4821	-330.6667	-121.6667	
501	2474.546	264.7034	13.0000	223.3333	
502	2476.923	258.4664	-428.6666	-221.6667	
503	2479.290	242.5833	278.0000	439.0000	
504	2481.645	253.2005	-374.6667	-167.0000	
505	2483.990	267.3176	233.0000	416.0000	
506	2486.323	272.1847	-392.0000	-148.3333	
507	2488.646	271.6767	229.6667	441.3333	
508	2490.958	268.5020	-623.3333	-402.0000	
509	2493.258	259.6192	278.0000	469.6667	
510	2495.548	271.7364	-280.3333	-71.6667	
511	2497.827	240.1866	-43.6667	132.0000	
