resultName	muna8-103
resultName	muna8-103
ID	RS20200904150940_P19331194
Command	SCANANDSEARCH
User	Admin
Application	_Analyze
SerialNumber	P19331194
Power	280
Integration	900
Averages	3
AutoExposure	Off
AutoCollect	Off
QuickCollect	Off
AutoBackground	On
BaselineCorrection	On
Algorithm	Wavelet
Searched Library	All,None,None,None
MixtureComponents	2
matchThreshold	0.0
displayMatches	1
Threshold	0.80
WL Start	
WL End	
ServerVersion	3.180316
FirmwareVersion	
date	2020-09-04
time	15:09:40
scanindex	0
specpath	RS20200904150940_P19331194.xml
Search Range	200 - 2500
Synced	false
lastCalDateTime	2020-08-20 09:29:50
lastCalUser	Admin
lastCalResult	PASS
lastVerifyDateTime	2020-09-04 13:30:42
lastVerifyUser	Admin
lastVerifyResult	PASS
selectedMaterial	
result	No Match
ValidationGUID	
ValidationMatchQuality	
topMatch	
topMatchGUID	
topMatchQuality	
secondMatch	
secondMatchGUID	
secondMatchQuality	
thirdMatch	
thirdMatchGUID	
thirdMatchQuality	
fourthMatch	
fourthMatchGUID	
fourthMatchQuality	
fifthMatch	
fifthMatchGUID	
fifthMatchQuality	
signedBy	
signedDateTime	
softwareVer	1.7.0.21
memo	
batchID	
inBatch	false
batchUID	
batchCID1	
batchCIDlbl1	
batchCID2	
batchCIDlbl2	
batchCID3	
batchCIDlbl3	
batchCID4	
batchCIDlbl4	
batchCID5	
batchCIDlbl5	
signedTitle	
signedReason	
rescanned	
barcode	
topMatchContribs	
secondMatchContribs	
thirdMatchContribs	
fourthMatchContribs	
fifthMatchContribs	
ValidationMatchContribs	
Threat	
PrecursorList	
CompundName	
WindowStart4C	
MatchLibrary	
lastModified	2020/09/04 15:14
Signal2Noise	36.36
Detector TEC SetPoint	0x8000
Detector Temp	4.97
Laser Temp	25.38
OE1 Temp	36.09
OE2 Temp	40.06
Detector Gain	200
SaturationDetected	false
InterpolatedPixelList	
PeakList	 286.3	720	323.6	385	398.3	555	480.8	436	649.8	1136	679.0	841	736.1	675	749.0	581	805.8	484	840.1	665	960.1	493	1127.0	618	1141.1	569	1207.6	464	1249.6	482	1319.2	297	1365.1	817	1457.8	3849	1645.6	1820	1677.3	1300	1710.6	684
index	Raman Shift (cm-1)	Y value (counts)	background (counts)	raw value (counts)
0	137.471	360.8646	1789.6667	3964.0000	
1	143.961	266.7995	1941.6667	3969.0000	
2	150.446	173.0674	2049.6667	3930.3330	
3	156.925	259.0028	2220.6667	4134.3335	
4	163.399	272.9374	1867.3335	3742.0000	
5	169.867	243.2058	2397.0000	4189.0000	
6	176.330	246.4737	2084.0000	3826.3330	
7	182.787	265.0755	2270.3335	3978.3335	
8	189.239	158.3438	1887.3334	3435.6667	
9	195.685	155.2785	2348.3333	3840.6665	
10	202.125	127.5466	2181.0000	3592.6665	
11	208.560	214.4820	2639.0000	4084.6670	
12	214.989	264.0834	2073.0000	3515.3335	
13	221.413	275.4230	2495.6667	3925.6670	
14	227.831	204.2023	2296.0000	3624.6665	
15	234.243	163.7769	2654.0000	3952.6667	
16	240.650	138.3512	2084.3333	3368.0000	
17	247.051	106.9255	2339.0000	3601.6667	
18	253.446	181.1663	2054.6667	3402.0000	
19	259.836	209.7405	2429.0000	3815.3333	
20	266.220	212.3155	1755.3333	3154.6670	
21	272.598	312.3000	2518.0000	4046.0000	
22	278.971	591.9519	2217.0000	4053.3335	
23	285.338	720.2703	2255.6667	4249.0000	
24	291.699	550.9220	1848.6667	3701.3335	
25	298.054	546.2742	2129.0000	4007.6665	
26	304.404	467.6266	1735.6667	3566.3335	
27	310.748	359.3125	2470.3333	4223.3335	
28	317.086	299.5959	1973.3333	3707.0000	
29	323.418	384.8282	2059.3333	3842.3335	
30	329.744	343.3934	1619.3333	3325.0000	
31	336.065	363.2921	2359.6667	4049.3335	
32	342.380	346.1908	1992.3333	3629.0000	
33	348.689	241.0895	2255.6667	3751.3335	
34	354.992	54.6550	1694.3333	2967.6667	
35	361.289	86.8955	2185.3333	3445.6665	
36	367.581	133.1974	1685.0000	2891.3335	
37	373.866	214.0750	1662.6666	3003.3333	
38	380.146	364.4526	1822.3335	3303.0000	
39	386.420	373.1641	1897.6667	3376.6670	
40	392.688	321.2081	1443.0000	2859.6665	
41	398.949	555.4296	1874.0000	3509.6665	
42	405.205	429.6509	1600.3335	3094.9998	
43	411.456	226.5394	1152.0000	2428.3333	
44	417.700	200.4276	1040.6666	2275.6667	
45	423.938	153.6255	1552.3333	2732.6665	
46	430.170	189.8234	820.9999	2029.6665	
47	436.396	289.6885	861.3333	2162.0000	
48	442.616	407.2198	650.6666	2061.0000	
49	448.830	431.5084	1881.3335	3316.3335	
50	455.039	382.5986	776.6666	2153.0000	
51	461.241	276.3553	708.3333	1968.6666	
52	467.437	139.1124	647.0000	1760.3335	
53	473.627	263.9356	936.0000	2152.3333	
54	479.811	435.7592	479.0000	1845.3333	
55	485.989	336.9161	270.0000	1515.6667	
56	492.160	215.9949	442.3333	1538.0001	
57	498.326	189.1176	772.3334	1822.6665	
58	504.486	123.2406	512.3333	1478.3334	
59	510.639	172.3633	532.6667	1529.3333	
60	516.787	237.1528	322.3333	1365.3333	
61	522.928	256.8855	838.3333	1884.6667	
62	529.063	279.0138	488.0000	1566.0001	
63	535.192	284.2672	17144.0000	18222.3340	
64	541.315	220.7494	13906.0000	14867.0000	
65	547.431	187.8155	3863.6665	4775.3335	
66	553.542	187.8809	2190.6667	3086.0000	
67	559.646	184.9468	1775.0000	2651.0000	
68	565.744	230.3459	819.0000	1724.0000	
69	571.835	263.5948	966.0000	1909.6667	
70	577.921	254.2098	179.3333	1124.6666	
71	584.000	213.9414	407.0000	1328.3334	
72	590.073	72.3394	221.0000	1017.0000	
73	596.140	113.0483	860.6666	1731.3334	
74	602.200	250.0903	838.3333	1880.0000	
75	608.255	533.7989	985.6666	2345.0000	
76	614.302	740.8411	894.0000	2494.3335	
77	620.344	891.5007	1235.0000	3008.3333	
78	626.379	505.9684	936.3334	2345.3333	
79	632.408	621.7698	1051.0000	2597.0000	
80	638.431	740.5707	863.0000	2549.0000	
81	644.447	1004.7054	1473.3333	3444.6667	
82	650.457	1135.5062	814.6667	2938.0000	
83	656.460	843.3074	586.3333	2438.6665	
84	662.457	575.4420	521.0000	2126.6665	
85	668.448	546.3270	697.0000	2264.0000	
86	674.432	712.5450	117.3333	1841.0000	
87	680.410	841.0963	676.6667	2519.3333	
88	686.381	570.9811	827.0000	2390.0000	
89	692.346	276.7871	1249.6666	2498.6665	
90	698.305	223.1769	467.6666	1643.6667	
91	704.257	236.0153	817.6666	2003.3333	
92	710.202	185.7486	665.0000	1763.6667	
93	716.142	125.5786	781.3333	1804.0000	
94	722.074	173.7419	676.6667	1731.6667	
95	728.000	468.9053	903.6666	2238.0000	
96	733.920	675.4020	660.0000	2185.0000	
97	739.833	593.2321	1255.0000	2682.0000	
98	745.739	564.8024	985.6666	2363.3333	
99	751.639	581.4229	1690.6667	3085.6665	
100	757.533	325.0441	781.3333	1920.6667	
101	763.419	203.4952	1543.3333	2564.6667	
102	769.300	172.6129	912.3333	1906.3333	
103	775.173	140.7308	1316.6666	2282.3335	
104	781.040	53.8486	1017.3334	1899.6667	
105	786.901	118.3064	1645.3333	2602.3333	
106	792.755	170.0976	1410.6667	2429.6667	
107	798.602	314.2223	1921.3333	3094.6667	
108	804.442	483.6797	1270.6667	2623.6665	
109	810.276	460.3333	1846.3333	3205.6665	
110	816.103	290.6536	1201.6666	2421.0000	
111	821.924	244.6404	1676.6667	2879.6667	
112	827.738	230.2056	1326.0000	2553.6665	
113	833.545	458.4841	1804.0000	3288.6670	
114	839.345	665.0947	1416.0000	3136.0000	
115	845.139	512.3727	1828.0000	3424.0000	
116	850.926	346.6503	1534.6666	2993.6665	
117	856.706	374.5478	1820.6665	3315.6670	
118	862.479	343.1104	1733.0000	3204.6665	
119	868.246	369.2963	1794.0000	3288.6667	
120	874.006	335.6195	1287.3333	2739.0000	
121	879.759	214.2643	1652.0000	2960.0000	
122	885.505	211.5763	1349.6666	2632.6667	
123	891.245	311.5547	1746.3333	3107.0000	
124	896.978	336.8663	1658.6667	3022.3333	
125	902.703	301.5825	1565.0000	2868.0000	
126	908.422	190.2988	1175.6666	2342.0000	
127	914.135	152.0151	1778.0000	2880.6667	
128	919.840	162.3976	1042.0000	2129.6665	
129	925.538	190.1140	1736.6667	2826.6667	
130	931.230	212.2051	1034.6667	2157.0000	
131	936.914	226.2131	1538.3333	2613.6665	
132	942.592	171.9290	1120.0000	2115.6665	
133	948.263	224.7542	1532.0000	2573.6667	
134	953.927	325.8145	988.6666	2127.3333	
135	959.584	492.5415	1415.0000	2716.3333	
136	965.234	352.6022	1188.6666	2346.0000	
137	970.877	285.3073	1381.3334	2405.3333	
138	976.513	277.8460	638.0000	1747.3334	
139	982.142	262.0929	1286.3334	2385.6665	
140	987.764	234.2516	1298.3334	2306.6665	
141	993.379	220.8769	1206.3334	2298.6667	
142	998.987	211.4813	899.0000	1949.0000	
143	1004.588	202.2314	1467.3333	2527.6665	
144	1010.182	192.0649	870.0000	1908.0000	
145	1015.769	192.6694	1267.3334	2353.6667	
146	1021.349	183.2737	1254.0000	2274.3333	
147	1026.922	204.6490	1485.3333	2584.0000	
148	1032.487	232.7532	1098.6666	2208.6665	
149	1038.046	228.0018	1424.3333	2522.3333	
150	1043.597	292.4171	1107.3333	2345.3333	
151	1049.142	229.2906	1497.9999	2662.0000	
152	1054.679	226.9149	741.3333	1956.0000	
153	1060.209	269.9420	1448.0000	2722.0000	
154	1065.732	208.7562	1211.6666	2418.0000	
155	1071.248	193.4730	1548.3334	2784.0000	
156	1076.757	340.4402	1436.6666	2831.0000	
157	1082.258	338.9855	1738.3333	3132.0000	
158	1087.753	244.5307	923.0000	2223.0000	
159	1093.240	422.7427	1621.3335	3100.3335	
160	1098.720	427.9545	1479.6666	2964.6665	
161	1104.192	212.3525	1849.0000	3108.3333	
162	1109.658	214.2267	1774.6667	3022.3333	
163	1115.116	344.1011	3121.6665	4485.6665	
164	1120.567	421.6418	1496.3334	2924.3335	
165	1126.010	618.1376	1828.6667	3426.0000	
166	1131.447	546.6340	1386.6666	2885.3335	
167	1136.876	494.1296	2016.6667	3435.6665	
168	1142.298	568.9583	1270.3333	2737.0000	
169	1147.712	426.9151	1999.6667	3303.3335	
170	1153.120	316.2053	1830.3333	3002.3333	
171	1158.519	202.8290	2062.0000	3099.6667	
172	1163.912	153.4525	1502.6667	2470.0000	
173	1169.297	132.1021	2248.3335	3197.0000	
174	1174.675	186.3352	1810.0000	2754.0000	
175	1180.045	212.9651	2300.6665	3384.0000	
176	1185.408	193.4746	1872.3333	2918.6665	
177	1190.764	220.5675	2184.6667	3271.3335	
178	1196.112	211.4104	1979.3333	3076.3333	
179	1201.453	349.9202	2274.6667	3529.6670	
180	1206.786	464.4294	1727.3333	3116.3333	
181	1212.112	387.8829	2378.0000	3707.0000	
182	1217.431	320.5110	1980.6667	3252.3335	
183	1222.742	310.5579	2405.0000	3685.3335	
184	1228.045	242.6036	1963.6667	3194.6665	
185	1233.341	198.8144	2539.3335	3754.6665	
186	1238.630	180.6924	2237.0000	3462.3335	
187	1243.911	317.5696	2511.3333	3901.6665	
188	1249.185	482.4470	2143.6667	3727.0000	
189	1254.451	383.9457	2870.0000	4374.0000	
190	1259.709	208.4446	2437.0000	3784.6667	
191	1264.960	215.2766	2909.3333	4283.0000	
192	1270.203	270.7752	2583.3333	4031.6665	
193	1275.439	205.2740	3042.3335	4444.3335	
194	1280.668	191.4393	2437.6667	3845.0000	
195	1285.888	261.9379	3053.3333	4550.3330	
196	1291.101	257.1553	2437.0000	3958.6667	
197	1296.307	110.1591	3157.0000	4569.0000	
198	1301.505	82.8301	2715.6665	4137.6670	
199	1306.695	116.1666	3337.3335	4830.0000	
200	1311.877	259.8383	2922.3333	4596.0000	
201	1317.052	297.1041	2991.0000	4725.3335	
202	1322.219	259.7032	2858.0000	4578.3335	
203	1327.379	395.9999	3201.6665	5069.3330	
204	1332.531	614.1362	2966.3335	5067.6665	
205	1337.675	691.6853	3520.3333	5705.3330	
206	1342.811	519.9012	2687.3333	4706.6665	
207	1347.940	376.1170	3356.6667	5238.3335	
208	1353.061	291.9992	2764.3333	4568.0000	
209	1358.174	443.8818	3962.6665	5924.3335	
210	1363.280	817.4305	3073.6665	5415.0000	
211	1368.377	799.6464	3630.6665	5960.3335	
212	1373.467	658.1946	3045.3335	5239.6665	
213	1378.550	624.8123	3483.6670	5645.0000	
214	1383.624	531.0969	3078.0000	5146.0000	
215	1388.690	238.7148	4003.6667	5779.6670	
216	1393.749	0.0000	3061.3333	4599.0000	
217	1398.800	6.8031	3537.6665	5067.6665	
218	1403.843	218.6367	3016.6667	4726.0000	
219	1408.878	377.4704	3802.3335	5638.0000	
220	1413.906	634.6368	3056.0002	5116.3330	
221	1418.925	983.3975	3488.0000	5870.0000	
222	1423.937	1224.4917	3087.0000	5683.0000	
223	1428.940	1634.9187	3514.0000	6493.3330	
224	1433.936	2123.3313	3152.6665	6581.6670	
225	1438.924	2370.8926	3561.3333	7202.0000	
226	1443.904	2734.4541	3084.6667	7053.0000	
227	1448.876	3170.6821	3650.3335	8019.0000	
228	1453.840	3469.5771	2919.6665	7551.3330	
229	1458.796	3848.8804	3642.6667	8593.3330	
230	1463.744	2988.5190	2950.6667	6980.6670	
231	1468.685	1907.1559	3534.0000	6422.3330	
232	1473.617	1190.4594	2840.0000	4951.3335	
233	1478.541	688.0880	3346.6667	4907.6670	
234	1483.457	456.0499	2714.3335	3995.3335	
235	1488.365	342.3443	3356.6670	4476.0000	
236	1493.265	184.9737	2716.0000	3630.0000	
237	1498.157	204.9285	3452.6670	4351.3330	
238	1503.041	161.3975	2800.3335	3615.3330	
239	1507.917	152.5996	3296.0000	4126.0000	
240	1512.785	159.3014	2291.0000	3046.6667	
241	1517.645	169.2535	3024.3333	3794.3335	
242	1522.496	191.5383	3001.6665	3750.0000	
243	1527.340	214.9069	3819.3330	4595.6670	
244	1532.175	228.1080	3111.0000	3862.3330	
245	1537.002	228.6309	3779.3330	4506.3335	
246	1541.822	217.0052	3075.0000	3841.0000	
247	1546.633	242.2551	3770.6670	4618.3335	
248	1551.435	216.0872	3188.6665	3986.0000	
249	1556.230	202.2798	3840.3333	4699.0000	
250	1561.016	168.5557	3226.0000	4106.0000	
251	1565.795	146.1649	3763.6665	4676.3330	
252	1570.565	198.4410	3478.3335	4498.3330	
253	1575.327	211.8985	3763.6665	4879.0000	
254	1580.080	251.3548	3274.0000	4510.6665	
255	1584.825	238.8106	3983.0000	5289.0000	
256	1589.562	259.9334	3216.6670	4625.6665	
257	1594.291	286.3902	3574.0000	5091.3330	
258	1599.012	251.1795	2976.0000	4540.0000	
259	1603.724	229.7336	3665.6670	5305.0000	
260	1608.428	177.6940	3427.3335	5083.3330	
261	1613.124	215.3036	3854.0000	5603.6665	
262	1617.811	224.9128	3763.3335	5578.6665	
263	1622.490	245.1889	3932.0000	5823.6665	
264	1627.161	292.4654	3401.0000	5396.0000	
265	1631.823	427.7768	3778.6665	5944.6665	
266	1636.477	773.4296	3097.3333	5628.0000	
267	1641.123	1442.8541	4064.0000	7284.3330	
268	1645.760	1819.9476	3214.0000	6831.6670	
269	1650.389	1402.1105	3882.6667	7049.6670	
270	1655.009	706.2740	3311.3333	5749.6670	
271	1659.621	500.7709	3897.3330	6097.3335	
272	1664.225	594.2665	3424.6667	5685.3330	
273	1668.820	890.4298	4105.3330	6629.3330	
274	1673.406	1281.9269	3261.0000	6143.6670	
275	1677.985	1299.7567	3768.3335	6636.0000	
276	1682.554	1026.5853	3674.3335	6236.0000	
277	1687.116	615.7626	3614.0000	5702.6665	
278	1691.668	332.2731	3238.0000	4981.0000	
279	1696.213	183.4505	3972.0000	5504.0000	
280	1700.749	261.6751	3188.0000	4748.6665	
281	1705.276	461.0154	3743.0000	5405.6665	
282	1709.794	684.0225	3068.3333	4856.6665	
283	1714.305	638.3631	3859.0000	5504.3335	
284	1718.806	380.3677	3071.6667	4361.6665	
285	1723.299	219.6995	3716.0000	4766.0000	
286	1727.784	111.6966	2652.6665	3515.3330	
287	1732.260	104.2980	3443.3335	4211.3335	
288	1736.727	114.7308	3097.3333	3813.3335	
289	1741.186	111.8295	3452.3335	4103.0000	
290	1745.636	111.5965	2615.0000	3203.0000	
291	1750.077	161.3624	3568.6665	4144.0000	
292	1754.510	222.4630	2897.6667	3471.6670	
293	1758.934	244.2828	3484.3330	4054.3335	
294	1763.349	264.4363	2310.3333	2874.6667	
295	1767.756	250.6734	3162.0000	3668.3330	
296	1772.154	276.4925	2863.3333	3394.0000	
297	1776.544	253.3899	3117.3333	3615.0000	
298	1780.924	218.0374	2176.0000	2634.3335	
299	1785.296	227.3514	2923.0000	3386.6670	
300	1789.659	238.9986	2128.6667	2600.0000	
301	1794.014	230.3805	2885.0000	3346.3330	
302	1798.360	221.1422	2695.0000	3143.6667	
303	1802.697	232.9035	3324.0000	3781.0000	
304	1807.025	233.8942	2845.6667	3353.6665	
305	1811.344	230.0930	2711.6665	3159.0000	
306	1815.655	233.5206	2253.3335	2700.6665	
307	1819.957	207.2823	2900.3333	3318.0000	
308	1824.250	241.9083	2256.6667	2698.3333	
309	1828.534	247.6012	3624.0000	4066.3330	
310	1832.809	248.5437	2697.3333	3133.0000	
311	1837.076	254.0698	2785.3333	3233.0000	
312	1841.333	245.6790	2458.6667	2882.0000	
313	1845.582	231.8809	2438.0000	2847.6665	
314	1849.822	205.0834	2667.0000	3050.0002	
315	1854.053	208.2850	2856.0000	3242.3330	
316	1858.275	236.1535	2276.6667	2702.3335	
317	1862.488	242.9065	2726.6667	3126.3333	
318	1866.692	244.9096	2390.0000	2835.6667	
319	1870.888	233.1625	1992.6667	2398.0000	
320	1875.074	238.9990	1271.3334	1667.6667	
321	1879.251	241.0020	2106.6665	2539.6667	
322	1883.420	228.0988	1284.6666	1686.6666	
323	1887.579	214.0721	1788.3333	2173.3335	
324	1891.730	202.3787	1205.3334	1575.6666	
325	1895.871	212.4790	2025.3335	2394.3335	
326	1900.004	226.8293	1089.0000	1493.0000	
327	1904.127	240.1796	2089.3333	2462.6667	
328	1908.241	259.7801	1513.0000	1935.6666	
329	1912.347	264.3770	1944.6667	2362.0000	
330	1916.443	234.9602	1986.0000	2360.6667	
331	1920.530	227.7101	2160.0000	2549.6667	
332	1924.609	228.5435	1381.3334	1740.0000	
333	1928.678	232.0309	2144.6667	2521.6667	
334	1932.738	229.1850	1409.0000	1775.6665	
335	1936.788	227.9226	1620.6665	1981.6667	
336	1940.830	231.4101	1351.6666	1714.3335	
337	1944.863	230.3142	1699.0000	2080.3333	
338	1948.886	226.2183	1693.0000	2029.3333	
339	1952.901	226.7057	2009.3333	2358.3333	
340	1956.906	234.8598	649.6666	982.0000	
341	1960.902	240.5883	949.6666	1319.0000	
342	1964.888	245.3168	923.3334	1278.3334	
343	1968.866	241.0575	962.3333	1321.3333	
344	1972.834	227.7225	538.0000	876.3334	
345	1976.793	228.4992	811.6667	1140.3333	
346	1980.743	230.4426	12.0000	361.3333	
347	1984.684	227.5526	405.0000	737.3334	
348	1988.616	224.8290	287.0000	614.6667	
349	1992.538	226.8562	1255.0000	1556.6666	
350	1996.451	239.1944	563.6666	930.0000	
351	2000.354	239.0302	539.0000	853.3334	
352	2004.249	247.7826	-230.0000	109.3333	
353	2008.134	242.8893	384.0000	724.6667	
354	2012.009	236.1210	-226.6667	101.3333	
355	2015.876	179.6234	432.6667	704.3333	
356	2019.733	210.1263	-195.0000	107.3333	
357	2023.580	211.2444	1352.6666	1656.0000	
358	2027.419	252.6955	2975.0000	3319.6665	
359	2031.248	275.8141	8959.6660	9327.3330	
360	2035.067	252.5986	858.6666	1203.0000	
361	2038.878	240.1649	469.6667	802.0000	
362	2042.678	236.9814	-288.6667	12.3333	
363	2046.470	236.6104	337.0000	691.3334	
364	2050.252	228.3088	-350.3333	-19.6667	
365	2054.024	226.4180	331.6667	653.0000	
366	2057.787	221.4230	-81.6667	267.6667	
367	2061.541	217.2614	435.6667	749.3334	
368	2065.285	208.1830	-253.0000	61.6667	
369	2069.020	212.7922	308.3333	617.0000	
370	2072.745	221.6930	-191.6667	125.3333	
371	2076.461	241.8380	862.3333	1171.3334	
372	2080.167	281.3672	1673.3333	2054.6665	
373	2083.864	263.2321	8862.6660	9224.0000	
374	2087.551	258.4282	10085.3340	10440.0000	
375	2091.228	246.2930	808.3334	1149.0000	
376	2094.896	222.8240	-129.6667	185.6667	
377	2098.555	211.5037	396.3333	697.3334	
378	2102.204	220.1834	-79.3333	227.3333	
379	2105.843	227.8630	460.0000	771.3333	
380	2109.473	227.7094	227.0000	547.0000	
381	2113.093	228.3229	-412.6667	-134.6667	
382	2116.703	227.8531	-74.6667	248.6667	
383	2120.304	229.7167	291.3333	597.6667	
384	2123.895	237.6635	-495.3333	-184.6667	
385	2127.477	242.0986	203.3333	548.0000	
386	2131.049	235.1748	-339.6667	-48.0000	
387	2134.611	224.6676	136.6667	472.6666	
388	2138.163	224.3272	-283.3333	-3.6667	
389	2141.706	218.3062	343.3333	642.6667	
390	2145.239	220.0352	-369.0000	-82.0000	
391	2148.763	234.0143	287.0000	592.0000	
392	2152.276	252.9488	-546.6666	-232.0000	
393	2155.780	261.3745	140.0000	462.3333	
394	2159.275	252.1335	-228.0000	84.3333	
395	2162.759	227.2259	397.0000	683.6667	
396	2166.234	216.5677	-186.3333	73.3333	
397	2169.698	221.1719	208.6667	498.6667	
398	2173.154	229.1094	-346.3333	-81.6667	
399	2176.599	235.9635	236.0000	536.6667	
400	2180.034	237.7135	-132.6667	154.3333	
401	2183.460	238.8176	493.6666	812.3334	
402	2186.876	236.1093	-260.6667	-2.6667	
403	2190.282	232.9634	16.6667	336.6667	
404	2193.678	234.0680	-315.3333	-59.3333	
405	2197.064	224.3303	285.6667	596.0000	
406	2200.440	216.1261	-308.3333	-48.6667	
407	2203.807	215.8979	311.3333	585.0000	
408	2207.164	220.6280	-264.3333	19.6667	
409	2210.510	217.5330	426.6666	710.0000	
410	2213.847	224.1879	-330.6667	-37.3333	
411	2217.174	246.4262	365.3333	684.0000	
412	2220.491	236.3315	-238.3333	73.3333	
413	2223.798	243.5235	815.3334	1104.3334	
414	2227.094	243.7876	1122.3333	1442.0000	
415	2230.381	243.5099	2750.6667	3062.3335	
416	2233.658	243.7740	-388.0000	-77.3333	
417	2236.925	243.4964	283.6667	611.6667	
418	2240.182	234.3854	-422.3333	-117.3333	
419	2243.429	221.2745	75.0000	354.0000	
420	2246.666	217.7466	-296.6667	-2.3333	
421	2249.893	216.0201	340.6667	631.0000	
422	2253.110	217.3769	-394.6667	-102.6667	
423	2256.317	217.3171	290.0000	583.6667	
424	2259.513	231.5280	-291.6667	28.0000	
425	2262.700	230.5760	250.6667	554.3333	
426	2265.876	241.4366	-67.6667	227.0000	
427	2269.043	262.3971	392.6667	743.6667	
428	2272.199	246.7583	-275.6667	60.6667	
429	2275.345	233.9886	266.0000	563.6667	
430	2278.481	236.5522	-285.6667	48.6667	
431	2281.607	233.7824	409.6667	725.3333	
432	2284.723	211.0127	-332.3333	-42.0000	
433	2287.828	209.9722	292.0000	545.3333	
434	2290.924	239.1079	-323.3333	-17.6667	
435	2294.009	233.1951	274.6667	594.3333	
436	2297.083	218.1158	-494.6666	-214.3333	
437	2300.148	220.3264	383.0000	667.6667	
438	2303.203	237.5369	-382.3333	-78.3333	
439	2306.247	248.5808	53.0000	391.6667	
440	2309.281	241.0414	-493.3333	-190.6667	
441	2312.305	240.0083	434.0000	757.3333	
442	2315.318	209.5584	-170.0000	112.3333	
443	2318.322	227.1920	212.6667	483.3333	
444	2321.314	256.4930	-471.6666	-140.3333	
445	2324.297	247.2573	427.0000	746.6667	
446	2327.269	237.0216	-443.0000	-136.0000	
447	2330.231	223.1193	298.6667	589.3334	
448	2333.183	211.4608	-324.3333	-40.0000	
449	2336.124	215.2678	57.0000	342.6667	
450	2339.055	230.7413	-300.6667	-2.0000	
451	2341.976	257.5483	463.6667	786.6667	
452	2344.886	237.0211	-541.0000	-241.0000	
453	2347.786	208.7482	417.3333	689.3333	
454	2350.675	215.4753	-344.3333	-65.3333	
455	2353.554	238.3405	283.0000	577.3333	
456	2356.423	248.3827	-402.0000	-87.3333	
457	2359.281	241.7092	301.3333	603.3333	
458	2362.128	239.1191	-242.0000	63.3333	
459	2364.966	232.8206	279.3333	542.3334	
460	2367.792	233.9802	-180.3333	119.3333	
461	2370.609	236.6710	192.3333	495.6667	
462	2373.415	226.8201	-195.0000	60.6667	
463	2376.210	229.5526	372.6667	654.0000	
464	2378.995	209.2018	-302.6667	-53.3333	
465	2381.769	229.6010	179.3333	428.0000	
466	2384.533	267.0001	-285.0000	16.6667	
467	2387.286	236.3993	321.0000	589.3333	
468	2390.029	225.3820	-504.6667	-273.0000	
469	2392.760	220.5778	290.3333	551.0000	
470	2395.482	223.0346	-279.0000	-21.3333	
471	2398.193	240.2413	386.0000	655.6667	
472	2400.893	246.9478	-601.0000	-325.3333	
473	2403.583	238.8443	295.6667	549.3333	
474	2406.262	231.3240	-400.3333	-103.6667	
475	2408.931	228.3038	401.3333	628.0000	
476	2411.589	226.5756	-313.3333	-78.3333	
477	2414.236	228.6276	379.0000	610.0000	
478	2416.872	233.8879	-409.6667	-160.6667	
479	2419.498	231.9815	150.0000	399.3333	
480	2422.113	208.7001	-339.0000	-129.6667	
481	2424.718	212.1687	275.6667	484.3333	
482	2427.312	264.6373	-456.6667	-199.6667	
483	2429.895	260.8560	264.6667	432.6667	
484	2432.467	250.8239	979.3333	1390.3334	
485	2435.029	254.3953	288.3333	473.6667	
486	2437.580	223.3835	-625.6666	-417.0000	
487	2440.120	223.2884	128.3333	340.0000	
488	2442.649	220.1936	-398.0000	-199.6667	
489	2445.167	225.1063	93.0000	294.3333	
490	2447.675	226.2677	-489.3333	-280.0000	
491	2450.172	230.9341	404.0000	611.6667	
492	2452.658	233.7664	-354.3333	-161.3333	
493	2455.134	231.7963	300.6667	554.6667	
494	2457.598	230.6803	-568.0000	-365.6667	
495	2460.052	222.5644	301.3333	503.6667	
496	2462.495	221.4485	-259.6667	-64.0000	
497	2464.927	232.7492	438.0000	654.6666	
498	2467.348	236.1332	-395.3333	-174.6667	
499	2469.758	241.1840	467.6667	666.6667	
500	2472.157	261.0688	-328.0000	-79.6667	
501	2474.546	256.5258	26.3333	267.6667	
502	2476.923	244.6494	-435.3333	-208.3333	
503	2479.290	230.1063	268.3333	478.3333	
504	2481.645	223.9383	-350.3333	-145.6667	
505	2483.990	226.3953	211.0000	417.6666	
506	2486.323	224.5606	-345.6667	-170.6667	
507	2488.646	227.0177	242.3333	453.3333	
508	2490.958	232.2872	-577.0000	-381.3333	
509	2493.258	244.5982	276.3333	470.3333	
510	2495.548	317.6385	-294.6667	-14.3333	
511	2497.827	208.7622	-9.6667	159.3333	
