resultName	chilca1-55
resultName	chilca1-55
ID	RS20200227091201_P19331194
Command	SCANANDSEARCH
User	Admin
Application	_Analyze
SerialNumber	P19331194
Power	280
Integration	900
Averages	3
AutoExposure	Off
AutoCollect	Off
QuickCollect	Off
AutoBackground	On
BaselineCorrection	On
Algorithm	Wavelet
Searched Library	All,None,None,None
MixtureComponents	2
matchThreshold	0.0
displayMatches	1
Threshold	0.80
WL Start	
WL End	
ServerVersion	3.180316
FirmwareVersion	
date	2020-02-27
time	09:12:01
scanindex	0
specpath	RS20200227091201_P19331194.xml
Search Range	200 - 2500
Synced	false
lastCalDateTime	2020-02-27 08:30:34
lastCalUser	Admin
lastCalResult	PASS
lastVerifyDateTime	2019-10-16 15:05:37
lastVerifyUser	Admin
lastVerifyResult	PASS
selectedMaterial	
result	No Match
ValidationGUID	
ValidationMatchQuality	
topMatch	
topMatchGUID	
topMatchQuality	
secondMatch	
secondMatchGUID	
secondMatchQuality	
thirdMatch	
thirdMatchGUID	
thirdMatchQuality	
fourthMatch	
fourthMatchGUID	
fourthMatchQuality	
fifthMatch	
fifthMatchGUID	
fifthMatchQuality	
signedBy	
signedDateTime	
softwareVer	1.7.0.21
memo	
batchID	
inBatch	false
batchUID	
batchCID1	
batchCIDlbl1	
batchCID2	
batchCIDlbl2	
batchCID3	
batchCIDlbl3	
batchCID4	
batchCIDlbl4	
batchCID5	
batchCIDlbl5	
signedTitle	
signedReason	
rescanned	
barcode	
topMatchContribs	
secondMatchContribs	
thirdMatchContribs	
fourthMatchContribs	
fifthMatchContribs	
ValidationMatchContribs	
Threat	
PrecursorList	
CompundName	
WindowStart4C	
MatchLibrary	
lastModified	2020/02/27 09:12
Signal2Noise	83.27
Detector TEC SetPoint	0x8000
Detector Temp	4.97
Laser Temp	25.37
OE1 Temp	28.38
OE2 Temp	31.94
Detector Gain	200
SaturationDetected	false
InterpolatedPixelList	
PeakList	 304.7	1009	328.7	806	430.8	805	495.6	613	524.1	612	560.2	692	656.9	889	666.7	840	759.6	3273	796.7	1045	1077.5	654	1157.6	787	1223.3	574	1292.5	868	1309.0	800	1376.7	1550	1439.7	5505	1564.6	1415	1614.5	1442	1645.0	4293	1676.6	3701
index	Raman Shift (cm-1)	Y value (counts)	background (counts)	raw value (counts)
0	137.455	257.1188	1409.6666	4600.3335	
1	143.948	220.7905	1520.3334	4565.3335	
2	150.436	236.1292	1618.6665	4569.6665	
3	156.918	171.1341	1831.6667	4608.3330	
4	163.394	313.4736	1406.0000	4215.6670	
5	169.865	368.4783	1935.6667	4691.0000	
6	176.330	447.8167	1581.0000	4306.3330	
7	182.790	394.1562	1831.3333	4393.6670	
8	189.244	355.8276	1436.3334	3851.0000	
9	195.693	312.4998	1857.3334	4119.3335	
10	202.136	265.5055	1657.0000	3762.6670	
11	208.573	237.1772	2140.6665	4108.6665	
12	215.005	193.5159	1581.0000	3396.0000	
13	221.431	182.1393	1990.6667	3731.3335	
14	227.851	149.5526	1773.6665	3409.6665	
15	234.266	150.3366	2142.0000	3774.0000	
16	240.675	137.1202	1601.6667	3215.6665	
17	247.078	218.9044	1821.0000	3512.0000	
18	253.476	283.0216	1614.6667	3365.0000	
19	259.868	355.1393	1883.6665	3701.3335	
20	266.254	287.2564	1242.3334	2987.3335	
21	272.635	151.8841	1970.0000	3591.3335	
22	279.009	82.5115	1697.3333	3261.0000	
23	285.378	285.1391	1713.6665	3491.6665	
24	291.742	540.1000	1310.0000	3354.6665	
25	298.099	856.1323	1596.6666	3981.3330	
26	304.451	1008.8315	1164.0000	3725.3335	
27	310.797	860.1967	1865.6667	4302.3330	
28	317.137	615.4438	1392.3334	3619.6670	
29	323.471	755.4495	1444.6666	3770.6665	
30	329.800	806.4556	1015.0000	3350.6670	
31	336.122	567.1280	1771.6667	3826.6670	
32	342.439	434.1337	1363.6666	3244.3335	
33	348.750	349.8060	1680.0000	3435.0000	
34	355.055	371.8119	1029.0000	2764.6667	
35	361.354	328.1661	1490.0000	3130.6665	
36	367.648	273.4825	1110.6666	2661.0000	
37	373.935	135.9493	1059.3334	2440.3335	
38	380.216	149.0826	1136.0000	2498.3333	
39	386.492	191.2162	1297.3334	2670.0000	
40	392.762	213.6205	915.6667	2312.3333	
41	399.025	194.5210	1269.6666	2692.0000	
42	405.283	112.8589	1027.6666	2244.6667	
43	411.535	168.2799	656.0000	1905.6667	
44	417.781	302.3673	481.6667	1842.6665	
45	424.020	754.2461	991.3333	2818.6667	
46	430.254	805.1243	283.6667	2176.3333	
47	436.482	665.6693	497.0000	2264.6665	
48	442.704	479.8813	202.6667	1799.0000	
49	448.920	331.5432	618.3333	2090.6667	
50	455.129	233.7748	178.0000	1578.3335	
51	461.333	205.8397	267.0000	1655.3333	
52	467.531	218.9048	230.0000	1664.3333	
53	473.722	200.0049	445.3334	1815.0000	
54	479.908	299.7717	116.0000	1671.6667	
55	486.087	579.2050	-28.0000	1826.0000	
56	492.260	496.1890	-27.0000	1750.3333	
57	498.427	612.5069	322.6667	2205.6665	
58	504.588	310.4920	51.6667	1622.0000	
59	510.743	170.8101	180.6667	1600.6665	
60	516.892	270.4616	-114.0000	1395.0000	
61	523.034	611.9451	297.6667	2102.6667	
62	529.171	361.7621	-191.6667	1317.6667	
63	535.301	268.7457	411.0000	1751.3334	
64	541.425	263.7292	-87.6667	1276.6666	
65	547.543	258.2128	345.3333	1614.6667	
66	553.655	341.6964	297.3333	1604.6667	
67	559.760	691.8466	710.6667	2322.6667	
68	565.859	597.3302	169.0000	1641.0000	
69	571.952	207.4272	504.6667	1556.6665	
70	578.039	165.9680	-172.6667	817.3334	
71	584.119	169.9979	160.0000	1127.0000	
72	590.193	162.3613	-199.0000	733.3333	
73	596.261	138.0740	273.3333	1158.0000	
74	602.323	153.3698	68.0000	988.6666	
75	608.378	169.1658	236.6667	1068.0000	
76	614.427	223.5452	24.3333	954.6666	
77	620.469	322.4085	375.6667	1497.3334	
78	626.505	302.1287	120.0000	1086.0000	
79	632.535	369.8487	373.3333	1496.6666	
80	638.559	562.9023	81.6667	1418.3334	
81	644.576	699.9556	553.3334	2047.3333	
82	650.587	807.0091	-79.0000	1542.3333	
83	656.591	888.7292	43.3333	1766.6667	
84	662.589	751.1160	-28.0000	1578.0000	
85	668.581	839.7006	174.0000	1839.0000	
86	674.566	474.9520	-302.0000	968.6667	
87	680.544	498.5364	194.0000	1458.6666	
88	686.517	279.7877	-115.6667	900.6666	
89	692.483	309.4234	417.0000	1404.3333	
90	698.442	365.0593	-115.6667	980.3334	
91	704.395	334.8242	30.6667	1103.6666	
92	710.341	241.8055	-150.3333	827.3334	
93	716.281	149.2576	74.0000	1075.0000	
94	722.214	6.6263	-125.0000	727.6667	
95	728.141	24.4117	149.6667	1076.0000	
96	734.061	72.1973	-148.3333	881.6666	
97	739.975	92.9826	281.6667	1388.3333	
98	745.882	378.4467	3.6667	1441.3334	
99	751.783	1337.0876	534.3333	2987.0000	
100	757.677	3273.0618	-276.0000	4169.0000	
101	763.564	2925.3792	295.3333	4421.0000	
102	769.445	1037.3638	-265.0000	2001.0000	
103	775.319	551.3478	217.3333	2025.6667	
104	781.187	592.9990	-143.0000	1735.3335	
105	787.048	873.0466	327.3333	2501.6665	
106	792.902	927.4279	70.6667	2315.3335	
107	798.750	1045.1426	377.0000	2755.3335	
108	804.591	750.8566	-146.0000	1954.0000	
109	810.425	288.1912	430.3333	2046.0000	
110	816.253	94.1923	-90.6667	1309.3334	
111	822.074	104.1933	362.3333	1750.6665	
112	827.888	31.6396	-147.6667	1157.6666	
113	833.695	118.6163	363.0000	1616.3333	
114	839.496	298.5929	-83.3333	1439.0000	
115	845.290	472.2366	309.6667	1980.6667	
116	851.078	355.2132	18.6667	1547.6666	
117	856.858	190.0030	296.0000	1673.0000	
118	862.632	98.4594	207.3333	1506.0000	
119	868.399	184.0952	294.6667	1681.3333	
120	874.159	287.0781	-65.3333	1439.0000	
121	879.913	496.3863	400.6666	2118.3333	
122	885.659	549.3610	21.0000	1795.6665	
123	891.399	560.6695	292.3333	2082.3333	
124	897.132	255.3114	77.6667	1566.3333	
125	902.858	192.4907	223.6667	1640.0000	
126	908.577	260.0035	-134.6667	1339.6667	
127	914.290	366.1828	326.3333	1897.3333	
128	919.995	516.0289	-281.3333	1430.0000	
129	925.694	287.2081	336.0000	1809.0000	
130	931.385	187.3875	-129.6667	1234.0000	
131	937.070	169.9003	488.0000	1824.6667	
132	942.748	251.4125	-59.3333	1349.3333	
133	948.419	303.9984	299.3333	1771.6667	
134	954.083	485.1924	-95.0000	1561.0000	
135	959.740	433.7197	183.0000	1790.0000	
136	965.390	154.2469	-49.6667	1280.3334	
137	971.033	219.4984	159.6667	1560.0000	
138	976.669	276.0831	-348.3333	1113.6667	
139	982.299	231.3347	149.0000	1571.3335	
140	987.921	227.2356	-14.3333	1397.6666	
141	993.536	257.5528	13.3333	1461.0000	
142	999.144	312.8701	-219.3333	1289.0000	
143	1004.745	324.5207	226.3333	1751.6667	
144	1010.339	376.8377	-381.6667	1201.3333	
145	1015.926	395.4884	106.3333	1713.3335	
146	1021.506	309.8890	-7.0000	1495.0000	
147	1027.078	301.1226	180.3333	1703.6665	
148	1032.644	247.1064	-96.3333	1378.3334	
149	1038.203	242.3735	89.0000	1552.3333	
150	1043.754	221.0158	-225.3333	1206.6666	
151	1049.298	218.0541	41.6667	1485.6666	
152	1054.836	204.5091	-349.6667	1056.0000	
153	1060.366	233.1354	136.6667	1498.6666	
154	1065.889	295.2231	-164.6667	1324.0000	
155	1071.404	424.0836	127.6667	1729.3333	
156	1076.913	654.2773	-193.6667	1622.3333	
157	1082.414	622.3483	169.6667	1943.3333	
158	1087.908	326.7528	-269.3333	1198.3334	
159	1093.395	107.1570	162.3333	1400.0000	
160	1098.875	242.5613	-43.3333	1319.3334	
161	1104.348	364.1039	143.0000	1608.0000	
162	1109.813	344.3319	-242.3333	1204.3333	
163	1115.271	280.5601	300.6667	1685.0000	
164	1120.721	192.8714	-205.6667	1049.0000	
165	1126.165	165.7383	214.3333	1506.0000	
166	1131.601	166.1885	-261.6667	1000.0000	
167	1137.030	170.1385	320.0000	1594.0000	
168	1142.452	258.5884	-369.6667	992.3334	
169	1147.866	516.6821	200.6667	1835.3333	
170	1153.273	695.7760	-219.3333	1609.0000	
171	1158.672	787.2031	244.6667	2179.0000	
172	1164.064	479.6298	-218.6667	1422.6666	
173	1169.449	339.0894	338.6667	1856.0000	
174	1174.827	180.5490	-94.0000	1281.3333	
175	1180.197	183.2184	355.0000	1760.3335	
176	1185.560	187.8467	-76.0000	1358.3333	
177	1190.915	174.2251	217.0000	1610.3335	
178	1196.263	198.3535	39.0000	1500.3334	
179	1201.603	443.3984	219.3333	1939.3333	
180	1206.936	443.4436	-230.3333	1503.3334	
181	1212.262	381.0950	378.3333	2062.0000	
182	1217.580	458.1244	-24.6667	1737.3334	
183	1222.891	574.2213	324.6667	2216.3335	
184	1228.194	573.9852	-132.3333	1772.6667	
185	1233.489	425.0406	373.0000	2150.3335	
186	1238.778	306.7622	79.3333	1759.6667	
187	1244.058	247.8175	383.0000	2025.6666	
188	1249.331	196.2065	79.6667	1692.0000	
189	1254.597	238.8149	607.3333	2302.6665	
190	1259.855	122.0899	214.0000	1833.0000	
191	1265.106	209.6982	630.6666	2377.6665	
192	1270.349	307.9738	280.0000	2165.6667	
193	1275.584	427.5822	683.6666	2729.3333	
194	1280.812	399.8573	101.0000	2159.3333	
195	1286.032	549.1323	694.0000	2942.0000	
196	1291.244	868.2260	75.6667	2695.3335	
197	1296.449	856.3673	662.6667	3271.0000	
198	1301.647	639.8419	327.3333	2719.6665	
199	1306.836	736.9832	820.3334	3310.3333	
200	1312.018	800.4575	474.3333	3028.3335	
201	1317.193	254.2397	510.3333	2493.3335	
202	1322.359	134.6880	471.3334	2310.0000	
203	1327.518	473.3143	708.0000	2848.3333	
204	1332.670	476.0059	381.6667	2514.6665	
205	1337.813	254.6779	893.3333	2826.3333	
206	1342.949	184.0168	213.0000	2096.6667	
207	1348.077	43.3552	871.0000	2635.3335	
208	1353.198	191.6937	298.0000	2232.0000	
209	1358.311	274.6993	1038.3334	3076.6670	
210	1363.415	741.0373	481.0000	3007.0000	
211	1368.513	1366.0430	860.6666	4033.0000	
212	1373.602	1463.0483	490.6667	3781.3335	
213	1378.684	1549.8438	922.0000	4330.0000	
214	1383.757	1118.6389	525.3334	3532.6665	
215	1388.823	402.1013	1113.0000	3434.3335	
216	1393.881	85.8963	447.3334	2483.0000	
217	1398.932	0.0000	984.0000	2953.6665	
218	1403.974	55.5753	561.0000	2569.3333	
219	1409.009	301.1514	1286.3333	3523.3335	
220	1414.036	863.7269	574.6666	3357.3335	
221	1419.054	1314.7280	995.3334	4203.6665	
222	1424.065	1860.3967	619.0000	4347.6665	
223	1429.068	3435.7329	1008.0000	6286.6670	
224	1434.064	5280.6763	747.3334	7826.6670	
225	1439.051	5505.2261	1084.3333	8341.6660	
226	1444.030	5323.4434	654.0000	7683.0000	
227	1449.001	5036.3271	1179.0000	7874.3335	
228	1453.965	4669.2100	530.0000	6811.6670	
229	1458.920	3818.1050	1178.3333	6509.0000	
230	1463.868	2825.9985	572.6667	4811.3335	
231	1468.807	2018.8921	1126.0000	4457.6665	
232	1473.739	1306.1194	570.3333	3089.3330	
233	1478.662	697.5915	1022.0000	2844.3333	
234	1483.578	352.7307	465.6667	1855.0000	
235	1488.485	242.5356	1041.0000	2232.0000	
236	1493.385	155.0081	427.6667	1443.0000	
237	1498.276	167.3563	1113.6666	2082.0000	
238	1503.159	171.9596	494.3334	1415.0000	
239	1508.035	125.3538	1017.0000	1844.3333	
240	1512.902	122.9987	395.3333	1244.0000	
241	1517.761	139.4763	977.0000	1728.3334	
242	1522.612	176.5376	621.6667	1384.6666	
243	1527.454	181.5984	1326.0000	2071.0000	
244	1532.289	191.9933	724.6666	1443.0000	
245	1537.116	217.3056	1307.0000	2049.0000	
246	1541.934	239.9166	609.6667	1410.3334	
247	1546.745	247.1943	1257.3333	2101.3333	
248	1551.547	364.8056	640.0000	1637.6667	
249	1556.341	644.3257	1248.3334	2598.0000	
250	1561.126	1252.5120	725.0000	2755.3333	
251	1565.904	1415.3660	1171.6666	3437.3335	
252	1570.673	700.2193	889.6666	2512.6667	
253	1575.434	324.9194	1144.6667	2459.3333	
254	1580.187	202.0357	710.6667	1935.0000	
255	1584.932	135.0689	1195.0000	2451.6665	
256	1589.668	63.9987	538.6666	1778.0000	
257	1594.396	4.1369	1130.3333	2354.0000	
258	1599.116	2.7534	565.6667	1893.0000	
259	1603.828	369.6243	1018.6667	2801.3333	
260	1608.531	1152.9919	823.0000	3433.6670	
261	1613.226	1441.7764	1106.6666	4080.6665	
262	1617.912	1045.8945	1070.6666	3723.3330	
263	1622.591	1112.0125	1139.0000	3932.3333	
264	1627.261	1675.7969	712.0000	4143.6665	
265	1631.922	2592.7695	1070.6666	5459.3335	
266	1636.576	3252.3081	514.6667	5579.6665	
267	1641.220	3854.0693	1310.6666	6991.6670	
268	1645.857	4293.1621	545.0000	6679.3330	
269	1650.485	3106.9614	1090.6666	5947.6665	
270	1655.105	2087.7617	686.6667	4433.3335	
271	1659.716	1799.8940	1193.6666	4561.3330	
272	1664.319	1717.3608	649.6666	3843.6665	
273	1668.913	2218.1616	1312.6666	4916.3335	
274	1673.499	3100.6270	516.3334	4911.3335	
275	1678.077	3701.4272	840.3333	5745.0000	
276	1682.646	2100.5605	741.3333	3954.0000	
277	1687.206	793.0805	996.0000	2805.3335	
278	1691.759	259.6000	606.0000	1786.0000	
279	1696.302	103.7869	1112.6666	2041.0000	
280	1700.837	90.7023	500.3334	1333.6666	
281	1705.364	91.3904	1084.3334	1820.3333	
282	1709.882	131.7459	423.6667	1102.0000	
283	1714.391	196.1008	965.0000	1609.6667	
284	1718.892	241.7896	429.0000	1021.3333	
285	1723.385	231.2247	1194.3333	1733.3335	
286	1727.868	262.9100	374.3333	916.3333	
287	1732.344	280.2233	916.0000	1443.0000	
288	1736.810	284.4565	456.0000	981.0000	
289	1741.268	270.3557	898.3334	1403.0000	
290	1745.717	249.8383	328.3333	789.3334	
291	1750.158	248.5713	954.0000	1430.6666	
292	1754.590	254.8043	366.0000	835.3334	
293	1759.014	273.1315	979.6666	1454.3334	
294	1763.428	297.5414	101.3333	586.3333	
295	1767.835	313.9519	776.6667	1264.0000	
296	1772.232	316.1119	195.0000	698.3333	
297	1776.621	294.4190	714.0000	1150.6667	
298	1781.001	285.3928	-18.0000	456.3333	
299	1785.372	269.1166	803.3333	1215.6667	
300	1789.735	258.2573	-47.0000	432.0000	
301	1794.089	243.3118	773.6667	1157.0000	
302	1798.434	239.8680	274.3333	717.0000	
303	1802.770	255.4242	874.3334	1263.6666	
304	1807.098	261.5638	393.0000	833.6666	
305	1811.416	265.2868	478.3333	899.3334	
306	1815.726	267.0930	209.6667	626.3333	
307	1820.027	230.8992	769.6667	1144.0000	
308	1824.320	250.0947	110.0000	487.0000	
309	1828.603	266.1417	825.3334	1238.6667	
310	1832.878	265.2719	125.6667	512.3334	
311	1837.144	269.1523	637.6667	1036.3334	
312	1841.401	265.1988	223.6667	641.6666	
313	1845.649	240.0203	327.0000	699.6666	
314	1849.889	258.0918	256.0000	649.0000	
315	1854.119	297.1633	545.6667	980.0000	
316	1858.340	288.2349	-4.3333	423.3333	
317	1862.553	272.4648	378.6667	759.0000	
318	1866.757	276.0074	30.3333	437.0000	
319	1870.951	269.0291	412.6667	813.3333	
320	1875.137	265.2383	-307.3333	121.3333	
321	1879.314	233.6141	439.0000	794.3334	
322	1883.482	247.8763	-179.3333	198.0000	
323	1887.641	266.5032	215.6667	605.0000	
324	1891.791	266.1300	-204.6667	177.6667	
325	1895.932	269.5641	483.0000	833.6666	
326	1900.064	275.4982	-203.0000	205.3333	
327	1904.187	273.5573	375.0000	759.3333	
328	1908.300	262.2835	-287.3333	119.0000	
329	1912.405	263.0289	323.3333	657.6667	
330	1916.501	251.5496	-190.6667	164.0000	
331	1920.588	252.3203	289.0000	625.3334	
332	1924.666	264.7570	-249.0000	108.3333	
333	1928.734	271.7618	485.6667	851.3334	
334	1932.794	274.2874	-170.3333	207.3333	
335	1936.844	277.6672	385.0000	714.0000	
336	1940.885	280.1929	-228.6667	145.3333	
337	1944.917	270.8017	164.6667	534.6666	
338	1948.940	245.5774	-119.0000	204.0000	
339	1952.954	272.4363	356.3333	703.6666	
340	1956.959	268.0667	-259.0000	151.3333	
341	1960.955	251.1940	198.0000	519.3333	
342	1964.941	270.7587	-79.6667	259.0000	
343	1968.918	264.3793	150.0000	497.3333	
344	1972.886	263.0251	-344.6667	-3.3333	
345	1976.845	261.9903	143.6667	490.3333	
346	1980.794	253.2471	-305.6667	21.6667	
347	1984.735	263.8789	-14.6667	312.3333	
348	1988.666	274.2610	-380.3333	-18.0000	
349	1992.588	266.8537	303.0000	636.3334	
350	1996.500	270.2095	-434.3333	-67.3333	
351	2000.404	264.9026	286.6667	585.6666	
352	2004.298	257.0957	-437.3333	-103.6667	
353	2008.182	257.2056	235.6667	547.3333	
354	2012.058	272.7320	-431.0000	-95.6667	
355	2015.924	284.1751	218.0000	564.6666	
356	2019.781	268.6180	-487.0000	-156.0000	
357	2023.628	264.8710	253.3333	575.6666	
358	2027.466	266.3323	-445.6666	-108.0000	
359	2031.295	261.8353	185.6667	494.3334	
360	2035.114	263.1299	-445.0000	-104.0000	
361	2038.924	264.1071	225.0000	517.0000	
362	2042.725	282.4177	-471.3333	-134.3333	
363	2046.516	282.9783	158.3333	507.6667	
364	2050.298	265.3057	-482.6666	-159.6667	
365	2054.070	265.6384	152.0000	489.0000	
366	2057.833	255.8876	-428.0000	-85.6667	
367	2061.586	247.7203	201.6667	475.6667	
368	2065.330	248.0529	-403.3333	-81.6667	
369	2069.065	249.0314	164.0000	467.0000	
370	2072.790	258.5516	-337.3333	-43.3333	
371	2076.505	280.3718	277.0000	628.3333	
372	2080.211	280.7381	-408.3333	-76.3333	
373	2083.908	275.9480	158.3333	503.6667	
374	2087.595	269.7412	-331.0000	-37.0000	
375	2091.272	263.9511	-26.0000	312.0000	
376	2094.940	262.4943	-340.6667	-27.6667	
377	2098.599	257.0019	212.6667	539.6667	
378	2102.248	243.9262	-229.0000	71.0000	
379	2105.887	255.4338	186.6667	498.3334	
380	2109.516	288.9412	-464.3333	-119.0000	
381	2113.136	277.4953	-761.6667	-432.3333	
382	2116.747	275.9658	-203.6667	112.3333	
383	2120.348	272.3531	152.6667	512.0000	
384	2123.939	250.1570	-588.6667	-300.3333	
385	2127.521	252.1494	75.3333	372.0000	
386	2131.093	276.0315	-466.6666	-151.0000	
387	2134.655	268.2469	77.6667	380.6667	
388	2138.207	267.4834	-416.6667	-122.3333	
389	2141.750	267.5822	256.0000	562.3334	
390	2145.283	256.0770	-463.3334	-143.6667	
391	2148.807	216.7592	228.3333	474.6667	
392	2152.321	252.0018	-592.6667	-322.0000	
393	2155.825	274.9941	69.6667	365.6667	
394	2159.319	271.0699	-322.0000	-10.6667	
395	2162.804	267.3956	334.0000	607.0000	
396	2166.279	267.4719	-316.3333	-19.0000	
397	2169.744	274.0424	135.0000	425.6666	
398	2173.199	275.8628	-446.6667	-125.6667	
399	2176.644	275.2666	136.6667	438.3333	
400	2180.080	276.5872	-239.0000	68.0000	
401	2183.506	274.6785	406.3333	714.0000	
402	2186.922	271.3948	-372.0000	-69.0000	
403	2190.328	249.4653	-31.3333	250.3333	
404	2193.725	258.8686	-426.0000	-134.3333	
405	2197.111	283.3947	195.6667	510.0000	
406	2200.488	267.6663	-455.6667	-135.0000	
407	2203.854	266.5756	184.0000	473.3333	
408	2207.211	264.1514	-388.6667	-81.6667	
409	2210.558	266.0931	313.0000	611.6666	
410	2213.896	269.0349	-436.0000	-136.3333	
411	2217.223	271.6223	269.3333	591.0000	
412	2220.540	270.0020	-360.6667	-68.0000	
413	2223.847	265.8061	316.3333	627.0000	
414	2227.145	239.0182	-598.6667	-336.6667	
415	2230.432	247.8969	164.6667	439.3333	
416	2233.709	268.8798	-624.6667	-312.0000	
417	2236.977	265.0918	197.6667	493.0000	
418	2240.234	276.9497	-533.6666	-242.0000	
419	2243.482	299.7451	-58.3333	283.3333	
420	2246.719	285.9568	-408.3333	-76.6667	
421	2249.946	262.6522	247.0000	554.3334	
422	2253.164	259.0142	-462.0000	-159.3333	
423	2256.371	258.3762	210.0000	511.0000	
424	2259.568	255.4052	-393.6667	-96.6667	
425	2262.755	258.1608	164.0000	461.3333	
426	2265.933	295.9164	-170.3333	162.3333	
427	2269.100	263.0455	333.6667	642.0000	
428	2272.256	259.7455	-342.3333	-50.0000	
429	2275.403	260.7601	174.6667	482.0000	
430	2278.540	259.7747	-360.3333	-44.6667	
431	2281.667	256.5392	321.6667	605.6667	
432	2284.783	252.2205	-426.0000	-133.0000	
433	2287.889	255.2350	191.6667	482.0000	
434	2290.985	270.7975	-431.0000	-136.6667	
435	2294.071	270.7332	208.0000	500.0000	
436	2297.147	270.0852	-616.0000	-308.0000	
437	2300.212	266.6378	256.3333	546.6666	
438	2303.267	266.3570	-456.0000	-149.0000	
439	2306.312	266.9097	-6.0000	261.0000	
440	2309.347	265.9626	-588.6666	-278.0000	
441	2312.372	265.7048	320.6667	617.0000	
442	2315.386	266.7803	-327.3333	-33.3333	
443	2318.390	267.8558	117.0000	422.0000	
444	2321.384	266.5147	-538.0000	-238.3333	
445	2324.368	269.1379	335.3333	641.3333	
446	2327.341	268.5943	-530.0000	-222.3333	
447	2330.304	270.3841	174.3333	439.0000	
448	2333.256	281.8376	-447.0000	-126.6667	
449	2336.199	266.7466	-55.6667	296.6667	
450	2339.131	224.4890	-379.3333	-119.6667	
451	2342.052	248.4814	399.6667	681.6667	
452	2344.963	271.0570	-597.6666	-290.0000	
453	2347.864	265.1817	328.0000	622.6667	
454	2350.755	256.8064	-466.6667	-139.3333	
455	2353.635	261.9815	191.6667	463.0000	
456	2356.505	250.2399	-509.0000	-222.0000	
457	2359.364	254.3481	201.3333	485.0000	
458	2362.213	260.8729	-326.3333	-35.3333	
459	2365.051	260.3145	155.0000	445.0000	
460	2367.879	280.0900	-259.3333	56.0000	
461	2370.697	282.7292	53.6667	370.0000	
462	2373.504	279.6598	-301.6667	0.6667	
463	2376.300	283.6321	237.0000	559.0000	
464	2379.086	276.3129	-446.0000	-150.3333	
465	2381.862	249.6186	73.0000	338.0000	
466	2384.627	269.7575	-354.3333	-90.3333	
467	2387.382	301.5633	225.6667	534.6667	
468	2390.125	283.2014	-604.0000	-317.3333	
469	2392.859	237.3441	160.3333	409.3333	
470	2395.582	253.8584	-395.0000	-134.3333	
471	2398.294	252.8520	276.6667	582.0000	
472	2400.996	247.5537	-631.0000	-386.3333	
473	2403.687	245.5150	219.3333	456.6667	
474	2406.368	250.4763	-443.6666	-206.6667	
475	2409.038	257.6879	305.3333	527.3333	
476	2411.697	280.1473	-389.6666	-128.3333	
477	2414.346	279.1798	306.6667	542.0000	
478	2416.984	275.4624	-479.0000	-216.0000	
479	2419.612	271.6617	91.0000	301.6667	
480	2422.228	273.5276	-422.6667	-183.6667	
481	2424.834	256.7268	198.6667	411.3333	
482	2427.430	257.2594	-492.0000	-280.6667	
483	2430.015	250.4587	171.6667	374.3333	
484	2432.589	254.9290	1084.6667	1202.3334	
485	2435.152	271.2405	216.3333	435.6667	
486	2437.705	284.4894	-702.0000	-471.6667	
487	2440.247	268.0717	62.3333	274.0000	
488	2442.778	264.6541	-465.3333	-259.3333	
489	2445.298	273.5332	41.3333	247.0000	
490	2447.808	284.7780	-552.6667	-315.0000	
491	2450.306	287.0097	356.6667	597.0000	
492	2452.794	278.2415	-417.6667	-185.6667	
493	2455.272	256.2806	242.0000	461.6667	
494	2457.738	256.3197	-605.6667	-385.3333	
495	2460.194	250.6088	259.0000	419.3334	
496	2462.638	254.9812	-323.0000	-98.6667	
497	2465.073	258.8744	403.3333	592.3334	
498	2467.496	260.8301	-464.3333	-247.0000	
499	2469.908	266.1818	439.6667	626.6667	
500	2472.309	274.0541	-372.3333	-153.6667	
501	2474.699	267.8745	-2.3333	199.6667	
502	2477.079	261.9449	-512.3333	-271.3333	
503	2479.448	258.3487	237.0000	406.3333	
504	2481.805	246.2524	-383.6667	-181.6667	
505	2484.152	249.7395	188.0000	382.6667	
506	2486.488	252.6016	-394.3333	-194.6667	
507	2488.813	255.2136	178.0000	368.3333	
508	2491.127	274.6174	-663.6666	-447.0000	
509	2493.430	271.5004	246.6667	413.6667	
510	2495.722	329.2582	-331.0000	-46.0000	
511	2498.003	230.4954	-89.6667	98.3333	
