resultName	muna8-15
resultName	muna8-15
ID	RS20191213104027_P19331194
Command	SCANANDSEARCH
User	Admin
Application	_Analyze
SerialNumber	P19331194
Power	280
Integration	900
Averages	3
AutoExposure	Off
AutoCollect	Off
QuickCollect	Off
AutoBackground	On
BaselineCorrection	On
Algorithm	Wavelet
Searched Library	All,None,None,None
MixtureComponents	2
matchThreshold	0.75
displayMatches	1
Threshold	0.80
WL Start	
WL End	
ServerVersion	3.180316
FirmwareVersion	
date	2019-12-13
time	10:40:27
scanindex	0
specpath	RS20191213104027_P19331194.xml
Search Range	200 - 2500
Synced	false
lastCalDateTime	2019-12-13 10:05:29
lastCalUser	Admin
lastCalResult	PASS
lastVerifyDateTime	2019-10-16 15:05:37
lastVerifyUser	Admin
lastVerifyResult	PASS
selectedMaterial	
result	No Match
ValidationGUID	
ValidationMatchQuality	
topMatch	
topMatchGUID	
topMatchQuality	
secondMatch	
secondMatchGUID	
secondMatchQuality	
thirdMatch	
thirdMatchGUID	
thirdMatchQuality	
fourthMatch	
fourthMatchGUID	
fourthMatchQuality	
fifthMatch	
fifthMatchGUID	
fifthMatchQuality	
signedBy	
signedDateTime	
softwareVer	1.7.0.21
memo	
batchID	
inBatch	false
batchUID	
batchCID1	
batchCIDlbl1	
batchCID2	
batchCIDlbl2	
batchCID3	
batchCIDlbl3	
batchCID4	
batchCIDlbl4	
batchCID5	
batchCIDlbl5	
signedTitle	
signedReason	
rescanned	
barcode	
topMatchContribs	
secondMatchContribs	
thirdMatchContribs	
fourthMatchContribs	
fifthMatchContribs	
ValidationMatchContribs	
Threat	
PrecursorList	
CompundName	
WindowStart4C	
MatchLibrary	
lastModified	2019/12/13 10:41
Signal2Noise	54.88
Detector TEC SetPoint	0x8000
Detector Temp	4.99
Laser Temp	25.39
OE1 Temp	31.62
OE2 Temp	35.00
Detector Gain	200
SaturationDetected	false
InterpolatedPixelList	
PeakList	 283.0	681	291.8	625	339.8	527	398.9	534	444.3	434	482.5	438	617.1	825	650.3	1636	679.2	814	737.8	629	746.3	607	805.3	454	841.0	631	960.0	537	1093.8	445	1128.0	698	1142.0	638	1208.7	524	1249.8	441	1334.4	736	1366.1	885	1457.8	3655	1644.4	2186	1674.8	1565	1712.9	669
index	Raman Shift (cm-1)	Y value (counts)	background (counts)	raw value (counts)
0	137.589	402.3076	30158.3340	32341.3320	
1	144.103	270.6889	31866.0000	33868.0000	
2	150.611	158.4004	33047.0000	34887.3320	
3	157.114	187.1156	33451.3320	35271.0000	
4	163.610	337.1590	33347.0000	35267.3320	
5	170.101	332.8705	35622.6680	37489.3320	
6	176.586	314.9178	35182.0000	36981.3320	
7	183.065	267.6331	34675.3320	36378.0000	
8	189.538	98.0086	33642.6680	35126.3320	
9	196.005	203.7278	36235.6641	37775.6680	
10	202.467	216.4353	36092.0000	37595.3320	
11	208.922	259.8108	37139.3359	38636.6641	
12	215.372	252.8620	36139.0000	37580.0000	
13	221.815	249.7615	37317.3359	38724.0000	
14	228.253	178.6957	37824.3320	39121.3320	
15	234.685	182.6934	38435.6641	39743.3359	
16	241.111	90.0152	34356.0000	35577.6680	
17	247.531	129.6771	36535.3320	37803.3359	
18	253.945	148.3271	33891.3359	35184.6641	
19	260.353	173.6606	36008.0000	37333.3359	
20	266.755	176.3186	32804.6641	34139.3320	
21	273.151	251.4086	36841.0000	38280.0000	
22	279.541	680.8346	35551.0000	37448.6680	
23	285.925	624.2607	34145.3320	36015.6680	
24	292.303	625.0187	33460.3320	35360.6680	
25	298.675	603.0162	33131.3359	35036.0000	
26	305.041	559.0176	33049.3359	34936.3320	
27	311.401	348.3587	34934.3320	36637.0000	
28	317.754	473.2217	31335.3359	33199.3320	
29	324.102	453.7017	32613.6680	34423.3320	
30	330.444	453.5136	32684.3359	34459.0000	
31	336.780	444.9935	32913.0000	34644.3320	
32	343.109	526.8054	32939.0000	34717.3320	
33	349.433	173.6174	31598.0000	32988.3320	
34	355.750	134.4332	28153.0000	29469.3359	
35	362.061	54.3506	34457.3320	35648.6680	
36	368.366	53.8944	28346.0000	29504.3320	
37	374.665	166.3662	29280.0000	30549.6660	
38	380.958	524.8380	30439.3320	32066.3320	
39	387.245	357.9758	30925.0000	32384.0000	
40	393.526	351.7777	25716.3359	27168.0000	
41	399.800	534.2312	29143.6680	30775.0000	
42	406.068	393.3528	26198.6641	27686.3320	
43	412.330	200.7210	18588.0000	19815.0000	
44	418.586	219.5900	22082.0000	23390.3340	
45	424.835	171.3185	21574.3320	22720.3320	
46	431.079	250.7137	16595.3340	17915.3340	
47	437.316	373.1097	10905.3330	12338.0000	
48	443.547	434.1716	10361.6660	11845.6660	
49	449.771	346.7250	17189.3320	18587.3340	
50	455.990	369.4538	11661.3330	13065.3340	
51	462.202	193.8484	10116.6670	11328.3330	
52	468.408	104.9122	9610.3330	10716.3330	
53	474.607	321.7998	14219.0000	15525.0000	
54	480.801	437.6864	8158.6670	9563.6660	
55	486.988	417.9079	4842.3335	6210.6665	
56	493.168	264.4674	9477.0000	10665.0000	
57	499.343	146.7155	11131.6670	12181.0000	
58	505.511	109.9637	11334.6660	12326.3320	
59	511.672	159.5463	5545.6665	6566.0000	
60	517.828	248.4617	8378.3330	9466.6670	
61	523.977	286.8698	10256.6660	11358.0000	
62	530.119	295.9438	6807.0000	7892.0000	
63	536.255	269.0186	8665.0000	9697.6670	
64	542.385	196.1769	5782.3335	6683.6665	
65	548.509	221.5848	10275.3330	11208.0000	
66	554.626	183.5775	17849.3320	18720.3340	
67	560.736	191.2345	18841.6660	19664.3340	
68	566.840	216.6425	13313.6660	14169.0000	
69	572.938	209.2753	8448.0000	9282.6670	
70	579.030	200.3647	3948.0000	4830.0000	
71	585.114	153.5515	2589.0000	3406.6667	
72	591.193	91.1550	5764.0000	6536.3335	
73	597.265	101.3927	11354.6660	12176.0000	
74	603.330	287.6279	14936.6680	15983.0000	
75	609.389	557.5330	14191.0000	15546.0000	
76	615.442	824.7682	15857.3340	17518.3320	
77	621.488	778.9299	16875.0000	18506.6660	
78	627.527	602.8600	14146.6670	15618.3340	
79	633.560	811.4562	11698.6660	13395.0000	
80	639.586	1096.3835	12568.3340	14565.6660	
81	645.606	1632.9807	15888.6660	18438.6660	
82	651.620	1635.5776	13512.6660	16081.3340	
83	657.626	1036.5061	7374.0000	9359.6670	
84	663.626	705.1011	6859.3330	8529.6660	
85	669.620	599.7485	7427.3330	8981.0000	
86	675.607	782.3944	4370.6670	6095.6665	
87	681.587	813.7078	6116.3335	7861.3330	
88	687.561	399.6885	12649.6670	13969.3340	
89	693.528	236.6277	11299.0000	12353.3340	
90	699.489	255.7545	6903.3330	7999.0000	
91	705.443	207.8027	10674.6670	11823.6670	
92	711.390	173.3040	10776.6670	11798.6670	
93	717.331	35.6213	9318.6670	10201.6660	
94	723.265	155.6075	10831.0000	11832.6670	
95	729.192	388.9258	9461.3330	10695.0000	
96	735.113	628.5771	10229.3330	11701.3330	
97	741.026	549.8972	12969.3320	14361.3340	
98	746.934	606.9421	12980.0000	14419.0000	
99	752.834	581.1612	16263.0000	17682.0000	
100	758.728	454.7122	13308.6680	14607.0000	
101	764.615	348.0893	16615.0000	17798.0000	
102	770.495	237.7986	14689.0000	15753.0000	
103	776.369	127.1758	14781.6660	15726.3340	
104	782.236	125.5492	14808.3340	15742.6660	
105	788.096	177.7435	17213.3340	18194.3320	
106	793.949	240.9397	17169.6660	18208.3320	
107	799.795	326.1358	20423.0000	21541.3340	
108	805.635	453.6640	18307.0000	19547.3340	
109	811.468	383.0876	18751.6660	19941.3340	
110	817.294	168.5073	16061.6680	17056.6660	
111	823.113	147.9328	17826.3340	18820.6680	
112	828.925	160.7295	17665.3340	18702.3320	
113	834.731	432.8685	19253.6680	20586.6680	
114	840.530	630.6716	18470.3340	20025.0000	
115	846.322	335.8087	20125.3340	21409.0000	
116	852.107	276.9468	18655.3320	19873.3340	
117	857.885	282.2206	20342.0000	21603.6660	
118	863.656	248.3296	19882.6660	21114.0000	
119	869.420	263.6100	20103.6660	21350.6680	
120	875.177	219.6381	17112.6660	18311.3320	
121	880.928	208.9217	16740.0000	17916.6660	
122	886.672	232.6016	17622.0000	18713.6660	
123	892.408	266.1571	19873.6660	21085.0000	
124	898.138	314.1068	20040.3320	21288.3320	
125	903.861	260.4204	16700.6680	17883.0000	
126	909.576	184.8408	16765.0000	17827.3340	
127	915.285	169.2187	19613.6660	20633.0000	
128	920.987	181.2003	17114.6660	18272.0000	
129	926.682	197.9317	19245.0000	20279.0000	
130	932.370	209.9134	15245.0000	16299.0000	
131	938.051	192.3119	14712.6660	15755.0000	
132	943.724	210.9599	15801.0000	16770.6680	
133	949.391	292.2614	16923.6660	18053.6660	
134	955.051	414.2681	14059.0000	15307.0000	
135	960.704	536.9410	16932.0000	18298.6660	
136	966.349	284.6132	16789.0000	17899.3320	
137	971.988	246.0529	16575.0000	17587.0000	
138	977.619	241.8249	12821.0000	13923.6680	
139	983.244	240.5970	13942.6660	15077.6670	
140	988.861	197.5247	15340.3340	16372.0000	
141	994.471	198.9051	16095.0000	17141.6660	
142	1000.074	205.5360	14932.3340	16030.6660	
143	1005.670	205.5836	16772.0000	17779.6660	
144	1011.259	195.7140	16188.3320	17303.3340	
145	1016.841	182.0945	16114.6660	17216.0000	
146	1022.416	197.4734	16510.0000	17623.3320	
147	1027.983	219.1883	16537.3320	17707.0000	
148	1033.543	205.5685	15385.6660	16524.0000	
149	1039.096	201.6891	17447.3340	18620.6660	
150	1044.642	269.8137	16167.6660	17437.6680	
151	1050.181	219.5987	17165.3340	18413.6660	
152	1055.713	185.0539	13585.0000	14827.3320	
153	1061.237	239.2667	17038.6680	18355.6660	
154	1066.754	207.9741	16904.0000	18222.6680	
155	1072.264	224.3589	17600.0000	18950.0000	
156	1077.766	344.7457	17647.6660	19133.0000	
157	1083.262	269.5674	18293.6660	19693.0000	
158	1088.750	272.7213	13795.0000	15186.6660	
159	1094.231	445.2112	18489.3340	20042.6680	
160	1099.704	356.3650	18865.3340	20319.0000	
161	1105.171	165.3093	20807.3320	22046.0000	
162	1110.630	154.0507	18872.6660	20074.0000	
163	1116.081	343.4559	20074.6680	21439.3320	
164	1121.526	491.8667	18288.0000	19775.0000	
165	1126.963	697.9335	20023.3340	21683.3340	
166	1132.392	566.0005	19914.0000	21409.0000	
167	1137.815	549.7332	20769.6660	22215.3320	
168	1143.230	637.7998	18696.0000	20196.6660	
169	1148.637	492.5366	20903.3340	22233.6680	
170	1154.037	314.9380	21432.0000	22559.6660	
171	1159.430	162.0088	21242.6660	22192.3340	
172	1164.816	181.4102	20324.0000	21268.0000	
173	1170.194	149.6094	23536.0000	24454.3340	
174	1175.565	165.1405	22143.0000	23083.0000	
175	1180.928	161.9132	24422.0000	25371.6680	
176	1186.284	198.1881	23260.6660	24318.0000	
177	1191.632	171.1295	24377.3320	25321.6680	
178	1196.973	231.7373	23714.3320	24815.0000	
179	1202.307	384.0109	25520.0000	26800.0000	
180	1207.633	523.6181	24108.6660	25555.3320	
181	1212.951	479.0205	25748.6680	27165.0000	
182	1218.262	383.8299	25095.6680	26422.3320	
183	1223.566	373.6782	26419.0000	27748.3320	
184	1228.862	280.1959	26246.3320	27495.0000	
185	1234.151	124.6678	28173.6641	29292.0000	
186	1239.432	180.8036	27613.3320	28813.0000	
187	1244.705	286.9434	27877.6641	29208.6680	
188	1249.971	440.7433	27393.6680	28903.6680	
189	1255.230	266.9899	30672.6660	32031.0000	
190	1260.481	167.2365	29243.0000	30523.6680	
191	1265.724	171.4813	31186.6680	32493.6680	
192	1270.960	201.0620	31023.3320	32382.0000	
193	1276.188	252.3065	32619.6680	34051.6680	
194	1281.409	240.2194	31254.6641	32696.6641	
195	1286.622	246.7999	32832.6680	34303.3359	
196	1291.827	230.5922	32118.6680	33607.3359	
197	1297.025	131.9476	34030.3320	35461.0000	
198	1302.215	101.6346	32871.3320	34312.3320	
199	1307.397	172.9896	34828.3320	36381.3320	
200	1312.572	354.3436	33764.0000	35539.0000	
201	1317.739	147.5232	35406.3320	36997.6680	
202	1322.899	277.6947	34345.3359	36090.0000	
203	1328.051	506.4256	35695.6641	37677.3359	
204	1333.195	735.8934	34577.0000	36803.0000	
205	1338.331	690.3976	36622.3320	38811.6680	
206	1343.460	509.2338	35019.6641	37036.6680	
207	1348.581	259.7341	37026.3320	38802.6680	
208	1353.694	238.2303	35397.3359	37161.0000	
209	1358.800	553.4025	37845.0000	39932.6680	
210	1363.898	884.5707	36744.0000	39171.6680	
211	1368.988	840.4069	38645.0000	41037.3359	
212	1374.070	810.5754	37274.3320	39645.6680	
213	1379.145	749.6711	39098.0000	41412.3320	
214	1384.211	650.7709	37517.0000	39736.3320	
215	1389.270	250.2065	39500.3320	41323.0000	
216	1394.322	2.9694	37802.6680	39382.0000	
217	1399.365	30.2174	39669.0000	41270.6641	
218	1404.401	80.5139	37973.3320	39599.3359	
219	1409.428	444.7986	39782.6680	41747.0000	
220	1414.448	735.0917	37910.3320	40139.0000	
221	1419.460	993.1325	39912.6641	42383.6680	
222	1424.464	1264.8376	38298.6641	41025.6680	
223	1429.461	1729.5347	39851.6680	43027.6641	
224	1434.449	2366.3342	38204.6680	41985.6680	
225	1439.430	2568.0835	40030.3320	43982.3320	
226	1444.403	2887.1648	38357.6680	42598.0000	
227	1449.367	3181.2461	40110.3359	44614.0000	
228	1454.324	3589.6631	38030.0000	42911.3320	
229	1459.273	3654.9070	40218.6641	45094.6680	
230	1464.214	2620.8062	37664.0000	41435.3320	
231	1469.147	1516.3816	39057.0000	41653.3359	
232	1474.073	942.6179	36859.0000	38811.0000	
233	1478.990	510.9902	38349.6641	39811.0000	
234	1483.899	356.3584	36138.0000	37385.6680	
235	1488.800	218.3945	38329.3320	39380.0000	
236	1493.693	200.0989	36514.3320	37487.6680	
237	1498.579	138.5952	38725.0000	39595.0000	
238	1503.456	140.3411	37323.3320	38153.6680	
239	1508.325	169.1749	37581.3320	38453.6641	
240	1513.187	138.5909	30272.6680	31051.0000	
241	1518.040	66.0964	35131.3320	35808.3359	
242	1522.885	167.2623	37701.6641	38451.0000	
243	1527.722	215.4280	40562.6680	41331.3359	
244	1532.551	241.9266	38943.0000	39714.6641	
245	1537.372	228.7468	40919.6680	41681.6680	
246	1542.185	189.6377	39396.0000	40159.0000	
247	1546.990	222.1943	41192.0000	42033.6641	
248	1551.787	199.9175	39955.0000	40793.3320	
249	1556.575	169.1326	42324.0000	43223.6680	
250	1561.356	102.7627	40399.3359	41233.6680	
251	1566.128	131.3098	42244.0000	43228.0000	
252	1570.893	209.9409	41464.6641	42593.6641	
253	1575.649	238.4041	42751.3320	44006.6641	
254	1580.397	258.8716	40552.0000	41925.6680	
255	1585.137	320.6658	42276.0000	43809.3320	
256	1589.868	432.7979	39365.6680	41109.0000	
257	1594.592	441.9299	38911.6680	40762.0000	
258	1599.307	390.0601	37919.3320	39815.6641	
259	1604.014	393.4906	42276.0000	44291.0000	
260	1608.713	446.9909	41122.0000	43274.3320	
261	1613.404	552.9274	43190.6641	45493.3320	
262	1618.086	626.5285	42539.0000	44959.6680	
263	1622.760	503.7975	43569.0000	45911.3359	
264	1627.426	702.0632	41408.3320	43993.3320	
265	1632.084	980.4487	42051.6680	44938.0000	
266	1636.734	1483.1633	39655.6680	43048.6680	
267	1641.375	2133.3552	42768.0000	46817.6680	
268	1646.008	2186.2129	40542.6641	44651.6641	
269	1650.632	1328.3516	42880.6641	46071.6641	
270	1655.249	553.8207	39599.3359	41955.6680	
271	1659.856	376.2912	42189.0000	44307.6641	
272	1664.456	600.7656	41168.6680	43451.6680	
273	1669.048	975.9079	42709.6641	45307.6680	
274	1673.631	1564.7104	40099.3320	43226.0000	
275	1678.205	1542.8440	40103.6680	43148.3320	
276	1682.772	1064.6492	39216.3359	41722.6680	
277	1687.329	567.8774	38863.0000	40796.0000	
278	1691.879	161.4390	39068.3320	40518.3320	
279	1696.420	0.0000	42505.0000	43717.0000	
280	1700.953	177.4404	38365.6680	39692.6680	
281	1705.478	466.3286	38775.6641	40283.6641	
282	1709.994	666.2158	36271.6641	37871.6641	
283	1714.501	669.1035	40966.3320	42461.3320	
284	1719.000	428.6602	37168.0000	38314.6680	
285	1723.491	162.6968	37104.6641	37915.6680	
286	1727.973	97.8921	31478.6680	32133.0000	
287	1732.447	176.3790	36845.0000	37511.3320	
288	1736.912	121.0848	36711.0000	37285.3320	
289	1741.369	157.6266	35357.0000	35921.0000	
290	1745.818	67.8349	32004.0000	32431.3340	
291	1750.257	188.3781	36471.6641	36972.6680	
292	1754.689	237.2526	34938.3320	35441.3359	
293	1759.112	233.6262	34320.3320	34801.6680	
294	1763.526	236.6677	28907.6641	29374.0000	
295	1767.932	277.0378	33039.3359	33528.0000	
296	1772.329	398.4187	35408.3320	36000.3359	
297	1776.718	285.7800	31484.3320	31969.0000	
298	1781.098	251.4773	27841.6680	28297.3359	
299	1785.470	237.0492	28452.6680	28856.0000	
300	1789.833	231.7470	27306.0000	27767.3359	
301	1794.187	220.1056	28683.6680	29128.0000	
302	1798.533	222.1918	31610.6680	32107.6680	
303	1802.870	227.1969	31989.6641	32338.3340	
304	1807.199	234.0351	31816.3359	32258.6641	
305	1811.519	213.3527	28240.0000	28677.0000	
306	1815.830	186.1281	25703.3340	26073.0000	
307	1820.133	200.3003	26548.3320	26925.3320	
308	1824.427	231.5631	25971.3359	26359.3320	
309	1828.712	230.3275	29327.6680	29682.0000	
310	1832.989	230.0920	27961.6680	28411.3359	
311	1837.257	211.6074	24469.6680	24842.6680	
312	1841.516	221.9330	24468.3320	24825.6641	
313	1845.767	248.6035	26249.6680	26662.3320	
314	1850.009	255.1733	28893.6680	29315.3340	
315	1854.242	244.7421	27791.0000	28234.3359	
316	1858.467	205.6454	25762.3340	26139.3359	
317	1862.682	224.9400	23984.0000	24356.3340	
318	1866.889	243.8188	22001.6660	22427.3320	
319	1871.088	251.0313	17948.6680	18339.6680	
320	1875.277	254.6609	18275.3320	18708.6660	
321	1879.458	242.6232	19818.0000	20200.0000	
322	1883.630	224.2077	14521.3320	14942.3330	
323	1887.793	212.3453	12632.3340	12956.0000	
324	1891.947	218.9199	14413.3320	14792.3340	
325	1896.093	216.1722	17422.6680	17837.3340	
326	1900.230	149.0703	13966.0000	14249.3340	
327	1904.358	202.4685	19794.6660	20129.0000	
328	1908.477	232.6993	19512.6680	19897.3340	
329	1912.587	245.9721	17626.6680	18009.0000	
330	1916.688	238.4630	18162.0000	18577.0000	
331	1920.781	225.5789	15157.6660	15443.6670	
332	1924.864	230.5492	17665.6660	18055.3340	
333	1928.939	236.1929	18870.0000	19162.0000	
334	1933.005	235.5242	17004.3340	17441.3340	
335	1937.062	244.6263	13179.3320	13491.3340	
336	1941.110	243.9575	15434.0000	15808.3330	
337	1945.149	221.7059	17109.6660	17455.3340	
338	1949.179	226.2027	17177.3340	17507.0000	
339	1953.200	228.2837	14089.0000	14505.0000	
340	1957.212	227.6143	7183.3330	7495.3335	
341	1961.216	232.6116	8468.6660	8825.3330	
342	1965.210	249.8590	9751.3330	10123.3340	
343	1969.195	248.3485	8033.3340	8411.6670	
344	1973.172	240.0882	6558.3335	6925.0000	
345	1977.139	209.3549	3329.3333	3661.3333	
346	1981.098	207.6215	1132.0000	1458.3334	
347	1985.047	212.8878	3069.0000	3396.6665	
348	1988.987	241.1546	3214.3335	3566.3335	
349	1992.919	233.7570	1304.0000	1647.6667	
350	1996.841	218.3358	402.3333	698.6667	
351	2000.754	218.7282	925.6666	1248.6666	
352	2004.658	228.5375	87.0000	395.0000	
353	2008.553	245.7634	431.3333	776.3334	
354	2012.439	236.1558	-209.6667	125.6667	
355	2016.316	216.5482	315.6667	631.3333	
356	2020.184	219.9408	-388.3333	-69.3333	
357	2024.043	245.6889	312.6667	654.0000	
358	2027.892	237.7703	-350.0000	-20.0000	
359	2031.733	235.1850	218.6667	542.6667	
360	2035.564	227.9329	-357.3333	-44.0000	
361	2039.386	223.5356	274.3333	572.6667	
362	2043.199	230.0548	-417.6667	-68.3333	
363	2047.003	239.9074	244.3333	505.6667	
364	2050.798	233.6694	-415.3333	-89.3333	
365	2054.583	229.0630	188.3333	512.6667	
366	2058.360	207.7900	-317.6667	-26.6667	
367	2062.127	204.3085	201.0000	489.3333	
368	2065.885	220.8271	-358.3333	-52.6667	
369	2069.634	225.5124	201.6667	514.0000	
370	2073.373	229.5309	-309.3333	-13.0000	
371	2077.103	249.5143	314.0000	644.3334	
372	2080.824	253.2326	-328.0000	-3.0000	
373	2084.536	255.7581	163.6667	520.6666	
374	2088.238	239.9503	-297.3333	15.6667	
375	2091.932	217.4760	4.0000	292.0000	
376	2095.615	212.0015	-271.3333	-28.3333	
377	2099.290	218.3449	233.6667	558.6667	
378	2102.955	220.9175	-153.6667	110.3333	
379	2106.611	219.2817	180.6667	488.3333	
380	2110.258	221.9584	-415.3333	-143.6667	
381	2113.895	222.9834	-739.3333	-450.6667	
382	2117.523	226.1750	-146.0000	123.0000	
383	2121.142	238.0334	177.3333	490.6667	
384	2124.751	247.3917	-529.6667	-243.6667	
385	2128.351	237.4683	151.3333	489.0000	
386	2131.942	234.0926	-438.0000	-130.0000	
387	2135.523	226.3627	119.3333	390.0000	
388	2139.095	237.5079	-268.0000	43.6667	
389	2142.657	268.8388	277.3333	618.0000	
390	2146.210	205.8364	-426.6667	-151.3333	
391	2149.754	199.1047	228.6667	479.3333	
392	2153.288	210.8548	-598.6666	-329.0000	
393	2156.812	215.5417	53.6667	323.3333	
394	2160.327	217.0827	-280.0000	-18.0000	
395	2163.833	225.5405	342.3333	618.6667	
396	2167.330	239.8317	-308.6667	-10.3333	
397	2170.816	239.1801	125.0000	397.3333	
398	2174.293	234.3204	-443.6667	-134.3333	
399	2177.761	225.1272	144.0000	420.3333	
400	2181.220	233.1424	-219.3333	56.6667	
401	2184.668	247.4909	419.0000	719.0000	
402	2188.108	234.5061	-315.0000	-27.3333	
403	2191.537	226.7713	-58.3333	227.0000	
404	2194.958	223.8696	-380.0000	-91.3333	
405	2198.368	221.1104	284.6667	545.3333	
406	2201.769	216.2377	-336.0000	-57.3333	
407	2205.161	223.0238	288.6667	563.6667	
408	2208.543	242.2267	-262.6667	45.3333	
409	2211.915	223.6624	377.6667	668.3333	
410	2215.278	213.5982	-431.6667	-149.3333	
411	2218.631	214.8674	271.6667	555.6667	
412	2221.974	213.6360	-369.3333	-99.0000	
413	2225.308	238.2448	306.6667	607.3334	
414	2228.632	242.4641	-638.0000	-320.6667	
415	2231.947	241.3294	134.0000	435.0000	
416	2235.252	241.0280	-621.3333	-311.3333	
417	2238.547	233.7057	211.6667	509.0000	
418	2241.833	226.9460	-306.6667	-15.3333	
419	2245.109	224.6654	116.3333	412.3333	
420	2248.375	224.8020	-285.3333	-23.6667	
421	2251.631	225.2150	232.0000	543.6667	
422	2254.878	224.6278	-454.0000	-165.6667	
423	2258.115	220.7074	226.3333	510.3333	
424	2261.343	222.6202	-311.0000	-33.3333	
425	2264.560	229.6310	482.0000	774.0001	
426	2267.768	242.1418	73.3333	377.3333	
427	2270.966	233.7939	413.0000	717.6667	
428	2274.154	231.2110	-328.3333	-18.3333	
429	2277.333	225.4595	179.0000	434.0000	
430	2280.502	223.2079	-321.3333	14.6667	
431	2283.661	231.0397	452.3333	730.6667	
432	2286.810	231.8715	-363.6667	-66.0000	
433	2289.949	216.9532	206.6667	489.6667	
434	2293.079	225.9312	-255.3333	26.0000	
435	2296.198	225.1319	288.6667	575.3333	
436	2299.308	218.5822	-584.6667	-308.6667	
437	2302.408	218.9951	290.3333	562.0000	
438	2305.498	223.9080	-373.3333	-65.0000	
439	2308.579	224.9875	119.6667	380.0000	
440	2311.649	225.0674	-320.0000	-13.6667	
441	2314.709	238.5636	850.0000	1136.6667	
442	2317.760	249.3931	622.0000	941.3333	
443	2320.801	247.1393	314.6667	632.6666	
444	2323.832	222.8858	-507.6667	-213.0000	
445	2326.853	220.9465	390.6667	676.3334	
446	2329.864	226.2572	-149.6667	150.6667	
447	2332.865	232.2346	1210.6667	1494.6667	
448	2335.855	234.1833	148.3333	458.0000	
449	2338.837	232.5113	230.6667	534.0000	
450	2341.808	233.1726	12.6667	312.0000	
451	2344.769	224.8547	676.0000	951.0000	
452	2347.720	229.5159	-536.0000	-242.6667	
453	2350.661	225.1323	458.3333	753.0000	
454	2353.592	218.0196	-115.6667	136.0000	
455	2356.513	225.9523	686.6667	958.0000	
456	2359.424	226.5384	438.0000	686.0000	
457	2362.325	223.4443	1286.0000	1557.6667	
458	2365.216	219.4336	76.6667	323.3333	
459	2368.097	223.2560	412.0000	659.6667	
460	2370.968	226.9122	492.3334	767.6667	
461	2373.829	228.0906	1046.0000	1289.6666	
462	2376.680	230.1024	154.3333	376.3333	
463	2379.520	237.2808	1037.0000	1328.3334	
464	2382.351	238.4593	812.3334	1052.6667	
465	2385.171	241.2210	479.6667	747.3333	
466	2387.982	234.8161	-208.3333	60.0000	
467	2390.782	225.2446	401.0000	625.3334	
468	2393.572	227.2562	124.3333	361.3333	
469	2396.352	221.4778	1052.6666	1277.3334	
470	2399.121	225.8861	956.6666	1228.3334	
471	2401.881	228.9611	1353.3334	1582.0000	
472	2404.630	222.6194	-480.0000	-239.6667	
473	2407.369	225.5978	342.0000	564.6667	
474	2410.098	227.5763	-213.6667	18.3333	
475	2412.817	226.4715	891.3333	1136.3333	
476	2415.526	230.7554	-22.6667	162.6667	
477	2418.224	226.3328	448.0000	689.0000	
478	2420.912	227.6602	-32.0000	167.0000	
479	2423.590	232.9043	559.3334	779.0000	
480	2426.258	242.6483	-100.3333	82.6667	
481	2428.915	236.4548	468.6667	723.0000	
482	2431.562	216.6363	-402.0000	-171.6667	
483	2434.199	210.1304	292.6667	533.3333	
484	2436.826	191.0622	1561.6667	1604.3333	
485	2439.442	252.1514	558.3333	779.0000	
486	2442.048	238.0114	-459.3334	-227.6667	
487	2444.644	189.8714	436.0000	588.3333	
488	2447.229	249.8981	-252.6667	-43.3333	
489	2449.804	279.2597	103.3333	340.6667	
490	2452.368	251.0292	-368.0000	-114.6667	
491	2454.923	237.9090	522.0000	693.3333	
492	2457.467	238.6218	-123.6667	83.0000	
493	2460.000	221.7417	606.6667	793.6667	
494	2462.523	183.1949	-367.0000	-218.0000	
495	2465.036	217.6481	425.6667	609.6667	
496	2467.539	223.6013	-273.0000	-46.0000	
497	2470.031	223.0545	497.6667	660.0000	
498	2472.512	220.6743	-222.0000	-60.6667	
499	2474.983	253.1276	574.6667	796.3334	
500	2477.444	240.2477	-5.6667	203.6667	
501	2479.894	235.5654	271.0000	475.0000	
502	2482.334	233.2164	-181.6667	2.6667	
503	2484.763	231.2216	437.6667	649.3333	
504	2487.182	231.8727	-325.3333	-121.3333	
505	2489.590	221.5862	196.6667	365.0000	
506	2491.988	222.2372	-314.6667	-125.3333	
507	2494.375	211.1591	309.6667	497.6667	
508	2496.752	211.8101	-473.0000	-334.3333	
509	2499.119	225.4402	380.3333	569.0000	
510	2501.475	237.7580	-18.3333	182.0000	
511	2503.820	242.0757	211.6667	415.6667	
