resultName	muna12-9
resultName	muna12-9
ID	RS20191212102846_P19331194
Command	SCANANDSEARCH
User	Admin
Application	_Analyze
SerialNumber	P19331194
Power	280
Integration	900
Averages	3
AutoExposure	Off
AutoCollect	Off
QuickCollect	Off
AutoBackground	On
BaselineCorrection	On
Algorithm	Wavelet
Searched Library	All,None,None,None
MixtureComponents	2
matchThreshold	0.75
displayMatches	1
Threshold	0.80
WL Start	
WL End	
ServerVersion	3.180316
FirmwareVersion	
date	2019-12-12
time	10:28:46
scanindex	0
specpath	RS20191212102846_P19331194.xml
Search Range	200 - 2500
Synced	false
lastCalDateTime	2019-12-12 08:43:43
lastCalUser	Admin
lastCalResult	PASS
lastVerifyDateTime	2019-10-16 15:05:37
lastVerifyUser	Admin
lastVerifyResult	PASS
selectedMaterial	
result	No Match
ValidationGUID	
ValidationMatchQuality	
topMatch	
topMatchGUID	
topMatchQuality	
secondMatch	
secondMatchGUID	
secondMatchQuality	
thirdMatch	
thirdMatchGUID	
thirdMatchQuality	
fourthMatch	
fourthMatchGUID	
fourthMatchQuality	
fifthMatch	
fifthMatchGUID	
fifthMatchQuality	
signedBy	
signedDateTime	
softwareVer	1.7.0.21
memo	
batchID	
inBatch	false
batchUID	
batchCID1	
batchCIDlbl1	
batchCID2	
batchCIDlbl2	
batchCID3	
batchCIDlbl3	
batchCID4	
batchCIDlbl4	
batchCID5	
batchCIDlbl5	
signedTitle	
signedReason	
rescanned	
barcode	
topMatchContribs	
secondMatchContribs	
thirdMatchContribs	
fourthMatchContribs	
fifthMatchContribs	
ValidationMatchContribs	
Threat	
PrecursorList	
CompundName	
WindowStart4C	
MatchLibrary	
lastModified	2019/12/12 10:32
Signal2Noise	47.40
Detector TEC SetPoint	0x8000
Detector Temp	4.95
Laser Temp	24.74
OE1 Temp	33.81
OE2 Temp	38.06
Detector Gain	200
SaturationDetected	false
InterpolatedPixelList	
PeakList	 287.3	1118	297.0	1035	339.5	823	398.8	850	443.3	908	481.2	881	645.7	2633	677.9	1390	745.7	1010	804.5	774	839.6	957	959.0	857	1092.4	817	1126.9	1097	1141.6	1058	1208.0	827	1336.4	1156	1369.3	1492	1376.3	1361	1457.6	6027	1599.1	799	1618.6	796	1644.7	3782	1677.8	2910	1711.6	1179
index	Raman Shift (cm-1)	Y value (counts)	background (counts)	raw value (counts)
0	137.923	545.4087	19637.6660	22326.3320	
1	144.410	371.8922	21172.6680	23594.0000	
2	150.891	282.7098	22202.6680	24441.0000	
3	157.367	369.8632	22819.3320	25051.0000	
4	163.837	481.6787	22617.6660	24867.3320	
5	170.302	553.1643	24465.3340	26692.6680	
6	176.762	448.6478	24073.0000	26102.0000	
7	183.215	389.1332	23928.0000	25803.6680	
8	189.664	349.2828	23090.0000	24832.0000	
9	196.106	345.1003	25038.0000	26682.0000	
10	202.544	391.2498	24788.6680	26385.0000	
11	208.975	480.0674	25684.3359	27275.6680	
12	215.401	507.2170	24792.6680	26317.3320	
13	221.822	426.1910	25835.0000	27229.0000	
14	228.236	316.6226	26141.6680	27367.3320	
15	234.646	242.2526	26743.6680	27913.0000	
16	241.049	267.5507	23745.6660	24958.3340	
17	247.447	253.1769	25325.6680	26542.0000	
18	253.839	311.4750	23368.3320	24661.0000	
19	260.226	370.4351	24768.3340	26138.0000	
20	266.607	313.7312	22278.3340	23609.3340	
21	272.982	506.2541	25266.0000	26836.3340	
22	279.352	914.1088	24273.0000	26298.0000	
23	285.716	1117.6317	23368.6660	25644.0000	
24	292.074	1007.1547	22467.0000	24678.6680	
25	298.426	1034.9248	22304.6660	24591.3340	
26	304.773	860.6951	21996.6660	24156.3340	
27	311.114	651.4633	23593.3340	25591.0000	
28	317.449	635.7601	21017.0000	23059.6660	
29	323.779	822.5653	21779.6660	23958.3340	
30	330.102	801.3663	21626.0000	23732.6660	
31	336.420	820.1715	22187.0000	24261.6680	
32	342.732	823.3065	21990.0000	24017.0000	
33	349.039	423.4435	21132.0000	22708.3340	
34	355.339	220.9127	18583.6660	19906.6660	
35	361.634	63.7743	22837.6680	23939.6660	
36	367.923	193.3582	18770.0000	19736.0000	
37	374.205	349.2632	19184.3320	20529.0000	
38	380.483	771.4166	19851.3320	21623.0000	
39	386.754	525.2363	20292.6660	21823.0000	
40	393.019	478.3878	16724.0000	18212.3320	
41	399.278	849.6271	18772.3340	20637.6660	
42	405.532	579.5364	16540.3320	18141.3340	
43	411.779	369.1079	11816.0000	13212.3340	
44	418.021	368.6802	13289.3330	14691.0000	
45	424.257	327.4006	13136.6660	14496.0000	
46	430.487	516.7860	9796.0000	11343.6660	
47	436.710	708.5063	6750.3340	8488.6670	
48	442.928	907.8932	5958.6665	7895.3330	
49	449.140	748.1720	9670.6670	11460.3330	
50	455.346	602.6272	6616.0000	8252.3330	
51	461.546	358.0823	5800.0000	7184.0000	
52	467.739	293.2040	5370.6665	6682.0000	
53	473.927	567.8823	7878.0000	9443.0000	
54	480.109	880.8944	4566.6665	6423.6670	
55	486.285	741.5725	2834.6667	4531.3335	
56	492.454	460.7434	4984.3330	6366.6660	
57	498.618	242.9565	6150.3330	7281.3335	
58	504.775	304.7518	6218.3330	7256.6670	
59	510.926	360.4636	3311.0000	4562.3335	
60	517.072	394.0090	4425.6665	5642.0000	
61	523.211	467.9928	5636.0000	6855.6660	
62	529.344	594.7284	3625.0000	4935.6670	
63	535.471	549.1294	4706.3330	5935.6665	
64	541.591	366.8640	3017.0000	4028.3335	
65	547.706	375.2655	5663.3330	6647.3335	
66	553.814	322.6656	9910.6670	10806.3330	
67	559.917	237.7341	10983.6660	11758.6660	
68	566.013	383.8008	7566.3340	8451.6660	
69	572.102	384.6245	5098.6665	5999.0000	
70	578.186	601.4797	2143.3333	3284.3335	
71	584.263	478.8263	1496.0000	2552.0000	
72	590.334	222.1727	2676.6667	3513.6665	
73	596.399	216.9569	5743.3335	6644.0000	
74	602.458	412.4083	7707.6665	8872.6670	
75	608.510	849.1918	7498.6670	9169.3330	
76	614.556	1137.9763	8304.0000	10332.3330	
77	620.596	1133.4301	9030.3330	11083.0000	
78	626.630	882.7910	7327.6670	9152.6670	
79	632.657	1295.1522	5995.3335	8255.6670	
80	638.677	1716.8470	6039.6665	8744.6670	
81	644.692	2632.5410	7808.6670	11452.3340	
82	650.700	2591.2349	6397.3330	10022.6660	
83	656.702	1738.9303	3460.6665	6256.6670	
84	662.697	1198.6241	2895.3333	5174.0000	
85	668.686	1024.8309	3063.0000	5152.3335	
86	674.669	1351.0374	1604.3334	4004.3335	
87	680.645	1389.5768	2492.3335	4915.3330	
88	686.615	671.7841	4879.3335	6569.0000	
89	692.578	272.7539	4740.3335	5999.3330	
90	698.535	368.3912	2715.0000	4038.0000	
91	704.486	491.8091	4033.3335	5461.0000	
92	710.430	288.9296	4007.0000	5194.3330	
93	716.368	203.1923	3590.6667	4681.0000	
94	722.299	344.7882	4032.3335	5253.0000	
95	728.223	726.3843	3732.3335	5323.3335	
96	734.141	970.3138	3902.0000	5725.6670	
97	740.053	880.9093	5280.0000	7003.0000	
98	745.958	1010.1534	5138.3335	6968.3330	
99	751.857	937.9883	6901.6670	8660.6670	
100	757.749	828.1555	5288.0000	6938.3330	
101	763.634	629.0726	6942.3330	8375.3330	
102	769.513	449.9900	5785.0000	7020.6670	
103	775.385	281.9061	5983.0000	7032.3330	
104	781.251	172.4901	5709.3330	6631.0000	
105	787.110	383.1222	6803.3330	7924.0000	
106	792.963	406.4206	6568.6670	7701.0000	
107	798.809	631.7197	7926.0000	9272.0000	
108	804.648	774.3512	6624.6670	8101.6660	
109	810.481	639.0751	7060.6665	8430.6660	
110	816.307	367.4650	5593.0000	6719.6660	
111	822.126	281.8554	6339.0000	7408.3330	
112	827.938	307.3270	5878.3330	7014.6670	
113	833.744	708.0415	6658.3335	8228.0000	
114	839.544	956.7562	6037.6670	7888.6660	
115	845.336	535.4733	6723.3330	8185.6670	
116	851.122	406.8542	5930.6670	7297.0000	
117	856.901	514.2505	6452.6670	7940.6670	
118	862.673	376.3128	6164.3330	7528.6660	
119	868.439	459.7724	6117.0000	7563.6670	
120	874.198	420.1867	4793.3335	6196.6665	
121	879.950	404.3917	4798.3335	6173.6670	
122	885.695	413.3460	4638.3335	5934.3335	
123	891.434	467.1342	5283.3330	6697.0000	
124	897.165	537.0054	5033.3335	6504.6670	
125	902.890	502.6047	4163.0000	5580.6670	
126	908.608	307.5363	3724.3335	4927.6665	
127	914.319	346.9691	4635.3335	5809.3335	
128	920.024	445.0682	3438.0000	4740.3335	
129	925.721	378.0841	4240.3330	5454.6670	
130	931.412	354.8497	2926.3333	4172.3335	
131	937.095	302.1985	3176.6667	4278.3335	
132	942.772	352.1304	2774.0000	3906.3330	
133	948.442	525.7685	3152.3335	4454.3335	
134	954.105	820.2554	2185.3333	3777.3330	
135	959.761	857.4092	2771.0000	4395.6665	
136	965.410	604.2300	2442.6665	3809.6665	
137	971.053	413.0201	2528.0000	3712.3335	
138	976.688	523.4764	1484.6666	2788.0000	
139	982.316	541.5994	1911.3333	3241.3330	
140	987.937	415.8357	1910.6667	3112.3335	
141	993.552	349.9611	1941.6667	3104.0000	
142	999.159	342.5867	1539.3333	2692.3335	
143	1004.759	343.5453	2092.6667	3301.6665	
144	1010.352	423.0045	1476.0000	2791.0000	
145	1015.939	433.1299	1877.0000	3228.6665	
146	1021.518	366.5891	1827.3333	3139.0000	
147	1027.090	388.3815	2069.3333	3429.3335	
148	1032.655	394.8401	1690.0000	3083.0000	
149	1038.213	348.9984	2195.6665	3579.3335	
150	1043.764	507.1564	1842.0000	3420.3335	
151	1049.307	394.9813	2257.6665	3760.3335	
152	1054.844	344.1382	1528.0000	3016.3333	
153	1060.373	487.0659	2497.6665	4148.3330	
154	1065.896	434.5311	2323.6667	3958.6665	
155	1071.411	422.3160	2764.0000	4397.3330	
156	1076.919	636.1006	2611.0000	4468.6665	
157	1082.420	581.8917	3150.6665	4941.3335	
158	1087.914	610.6816	2138.3335	3945.0000	
159	1093.400	817.4721	3376.3335	5377.0000	
160	1098.880	640.2622	3471.6670	5282.3330	
161	1104.352	288.4432	4141.3335	5569.0000	
162	1109.817	374.7604	3528.0000	5006.0000	
163	1115.274	618.7441	4369.6665	6055.6670	
164	1120.725	786.0607	3778.0000	5595.3330	
165	1126.168	1096.6476	4640.3335	6716.0000	
166	1131.604	897.5668	4380.3335	6204.6665	
167	1137.032	868.4865	5222.3335	6965.3330	
168	1142.453	1057.7411	4267.6665	6147.6670	
169	1147.868	828.7330	5445.0000	7054.0000	
170	1153.274	575.3925	5439.3335	6753.0000	
171	1158.674	460.0526	5882.0000	7038.3340	
172	1164.066	334.5452	5496.6665	6422.6670	
173	1169.450	291.6550	7021.0000	7990.6670	
174	1174.828	290.0156	6502.6670	7406.0000	
175	1180.198	323.4104	7759.0000	8750.3330	
176	1185.560	367.5219	7327.0000	8446.6670	
177	1190.916	335.8829	8011.0000	9049.3340	
178	1196.263	356.1605	7888.0000	9007.0000	
179	1201.604	655.5228	8846.3330	10296.3340	
180	1206.937	826.8829	8212.0000	9865.0000	
181	1212.262	751.9049	9379.6670	10979.3340	
182	1217.581	619.8782	9097.0000	10575.0000	
183	1222.891	563.1221	10058.3330	11500.6660	
184	1228.194	546.6985	9856.6670	11303.6660	
185	1233.490	327.0199	11238.3340	12499.0000	
186	1238.778	412.4246	11012.0000	12267.6660	
187	1244.059	553.9966	11556.0000	13110.3340	
188	1249.333	725.3175	11380.0000	13139.0000	
189	1254.598	524.8011	13440.3340	15012.3320	
190	1259.856	322.6211	12847.0000	14230.3320	
191	1265.107	333.1086	14286.6660	15694.0000	
192	1270.350	398.9272	14418.0000	15904.6670	
193	1275.586	356.0798	15735.3340	17192.6680	
194	1280.814	327.8994	15129.0000	16571.6680	
195	1286.034	578.3854	16489.3320	18196.0000	
196	1291.247	542.8705	16178.6660	17879.6660	
197	1296.452	219.6718	17932.3340	19368.0000	
198	1301.650	223.1412	17421.3320	18918.3320	
199	1306.840	362.2748	19054.6680	20748.6660	
200	1312.022	631.4125	18609.3340	20630.3340	
201	1317.197	373.0807	19885.6660	21685.0000	
202	1322.364	374.4146	19620.6660	21458.0000	
203	1327.523	774.2279	20812.6660	23065.3320	
204	1332.674	1111.2417	20248.6660	22860.6660	
205	1337.818	1155.5852	21947.6680	24602.3320	
206	1342.955	697.2686	21022.3320	23217.0000	
207	1348.083	428.6122	22746.6680	24671.0000	
208	1353.204	442.6276	21754.0000	23690.6680	
209	1358.317	827.6371	23832.3340	26152.3320	
210	1363.422	1420.3146	23154.6680	26065.6641	
211	1368.520	1492.3300	24739.0000	27720.3320	
212	1373.610	1358.3457	23979.0000	26824.6680	
213	1378.692	1360.6753	25527.0000	28383.0000	
214	1383.766	1032.6727	24598.0000	27134.0000	
215	1388.832	330.3341	26418.0000	28259.6641	
216	1393.891	0.0000	25258.0000	26777.3320	
217	1398.942	21.1755	26953.3320	28487.0000	
218	1403.984	320.6726	25801.6680	27594.3340	
219	1409.020	553.8414	27624.3320	29609.6680	
220	1414.047	1154.3392	26232.3320	28777.6680	
221	1419.066	1647.7090	27965.0000	30970.3320	
222	1424.078	2070.7510	26893.0000	30288.0000	
223	1429.081	2788.4561	28394.6680	32474.0000	
224	1434.077	3853.1265	27275.6680	32363.3359	
225	1439.065	4211.2324	28862.6680	34253.6680	
226	1444.045	4711.3374	27742.0000	33578.3320	
227	1449.016	5228.4429	29454.0000	35752.6641	
228	1453.980	5810.2212	27793.3320	34619.0000	
229	1458.936	6027.2480	29783.6680	36710.3359	
230	1463.885	4472.2744	27877.3320	33133.0000	
231	1468.825	2747.2983	29183.6680	32598.3320	
232	1473.757	1703.6608	27493.6680	29748.6680	
233	1478.681	974.2233	28876.0000	30303.3320	
234	1483.597	603.4528	27306.3340	28264.6641	
235	1488.505	417.6896	29215.0000	29889.3359	
236	1493.405	335.9205	27901.0000	28395.3359	
237	1498.297	285.9974	29837.0000	30212.3340	
238	1503.181	326.5345	28724.6660	29081.6680	
239	1508.057	318.1952	29304.0000	29556.6680	
240	1512.924	373.0226	23418.3340	23764.3340	
241	1517.784	353.6842	27256.3320	27476.0000	
242	1522.635	407.1764	29610.3320	29828.6641	
243	1527.479	339.7560	32378.6680	32420.3359	
244	1532.314	372.4186	31096.3320	31198.6680	
245	1537.142	380.9532	33008.0000	33030.0000	
246	1541.961	389.1788	31736.6680	31866.3359	
247	1546.772	343.9865	33501.0000	33633.0000	
248	1551.574	323.7921	32505.0000	32664.3320	
249	1556.369	336.1676	34788.6680	35059.0000	
250	1561.155	291.5431	33139.0000	33463.3320	
251	1565.933	258.2535	34854.0000	35243.6680	
252	1570.703	301.2921	34409.0000	34940.3320	
253	1575.465	379.5817	35613.3359	36391.3320	
254	1580.219	417.2111	33725.3320	34709.3320	
255	1584.964	541.1744	35403.0000	36679.3359	
256	1589.701	617.4640	32983.0000	34504.0000	
257	1594.430	678.0895	32997.0000	34747.0000	
258	1599.150	799.3849	31777.3320	33817.0000	
259	1603.863	652.1918	35537.6680	37624.6680	
260	1608.567	612.6508	34608.6680	36800.6641	
261	1613.262	697.1851	36373.6680	38733.0000	
262	1617.949	795.7205	35954.0000	38494.6680	
263	1622.629	758.2520	36914.0000	39500.0000	
264	1627.299	841.4475	34922.6680	37674.6641	
265	1631.961	1328.7906	35649.6641	38934.6680	
266	1636.615	2132.8613	33496.6641	37602.0000	
267	1641.261	3363.6289	36563.0000	41913.0000	
268	1645.898	3782.0703	34724.0000	40506.3359	
269	1650.527	2389.8486	37057.6641	41341.3320	
270	1655.147	1002.9611	34037.3320	36827.6680	
271	1659.759	554.0677	36522.6680	38757.6641	
272	1664.363	764.5176	35881.3320	38220.3320	
273	1668.958	1467.6281	37442.6680	40378.3320	
274	1673.544	2499.7422	35110.6680	38972.0000	
275	1678.123	2909.5190	34976.0000	39140.6641	
276	1682.692	2171.3013	34377.6680	37697.6680	
277	1687.254	1259.1436	34253.3359	36544.6680	
278	1691.806	409.3243	34535.0000	35860.0000	
279	1696.350	60.8392	38122.3320	38982.3359	
280	1700.886	204.4200	34264.3320	35171.6641	
281	1705.413	671.3380	34756.6680	35965.0000	
282	1709.932	1178.5929	32204.3320	33754.0000	
283	1714.442	1103.5118	37047.3320	38356.0000	
284	1718.944	725.4269	33556.6680	34321.3320	
285	1723.437	367.7784	33525.6641	33823.0000	
286	1727.921	290.7863	28283.3359	28394.0000	
287	1732.397	271.5727	33101.3320	33071.6680	
288	1736.864	213.4764	33368.3320	33142.0000	
289	1741.323	286.8816	32282.3340	32122.3320	
290	1745.773	292.7882	28508.3320	28279.6680	
291	1750.214	343.4214	33285.3320	33004.0000	
292	1754.647	416.8265	31618.6641	31350.0000	
293	1759.071	432.8239	31336.0000	31066.3320	
294	1763.486	461.8858	25911.0000	25728.6680	
295	1767.893	418.1133	29826.6641	29489.3320	
296	1772.291	403.8393	32682.3340	32301.6680	
297	1776.680	477.3879	28831.0000	28540.6680	
298	1781.061	493.2661	25108.0000	24850.3320	
299	1785.432	541.4807	25495.3359	25302.6680	
300	1789.796	495.0312	24493.3320	24271.0000	
301	1794.150	434.5607	25904.6680	25629.6641	
302	1798.495	375.8266	28889.6641	28534.3340	
303	1802.832	356.1724	29500.0000	29183.3359	
304	1807.160	318.5989	29336.3320	28936.3320	
305	1811.480	355.9443	25861.3340	25495.6680	
306	1815.790	468.0381	23077.3340	22886.3340	
307	1820.092	482.5491	24181.3340	23922.0000	
308	1824.385	467.5651	23200.6660	22990.3320	
309	1828.669	412.0500	26644.6680	26325.0000	
310	1832.944	413.1219	25460.3320	25152.0000	
311	1837.210	514.5220	21950.6680	21754.0000	
312	1841.468	492.5924	21791.0000	21582.6660	
313	1845.716	410.6429	23432.0000	23164.0000	
314	1849.956	224.6915	26422.6680	25991.0000	
315	1854.187	335.7440	24942.0000	24643.6680	
316	1858.409	377.7932	23133.0000	22899.0000	
317	1862.622	431.2472	21007.0000	20852.0000	
318	1866.826	456.7018	19315.6680	19211.6680	
319	1871.021	501.1765	15335.3340	15326.3340	
320	1875.207	475.6304	15236.0000	15218.6670	
321	1879.384	478.4799	16856.3340	16820.0000	
322	1883.552	484.9274	12245.6670	12286.0000	
323	1887.712	512.0828	10268.0000	10350.6670	
324	1891.862	492.5687	11701.0000	11779.3330	
325	1896.003	421.2207	14724.3340	14693.3320	
326	1900.135	426.0402	11481.0000	11505.3330	
327	1904.258	365.6921	16673.6680	16610.6660	
328	1908.372	342.1798	16738.3340	16571.0000	
329	1912.478	376.0733	14874.6660	14811.6660	
330	1916.574	406.5994	15601.3330	15529.3340	
331	1920.661	453.7903	12594.6680	12595.6660	
332	1924.738	405.4850	14846.0000	14798.0000	
333	1928.807	352.3461	16094.0000	16003.6660	
334	1932.867	402.0420	14651.0000	14546.6660	
335	1936.917	501.4034	10999.0000	11079.3330	
336	1940.959	405.2669	12906.3320	12901.3340	
337	1944.991	309.1261	14186.0000	14095.6660	
338	1949.014	253.6552	14601.6660	14466.6660	
339	1953.028	367.8504	11733.6670	11723.6670	
340	1957.033	516.3784	5967.6670	6117.0000	
341	1961.029	485.3652	6474.0000	6615.3330	
342	1965.015	466.8519	7745.3330	7807.0000	
343	1968.992	449.3356	6042.6665	6206.3335	
344	1972.960	440.3031	4747.6665	4935.3335	
345	1976.919	487.5490	2564.3333	2827.3335	
346	1980.869	486.7944	643.6667	934.0000	
347	1984.809	445.7069	1893.0000	2170.3333	
348	1988.740	404.3689	2096.0000	2318.0000	
349	1992.661	398.7520	1016.6666	1309.3334	
350	1996.574	409.3129	94.6667	359.0000	
351	2000.477	407.1776	666.0000	973.0000	
352	2004.371	409.0002	-104.0000	154.0000	
353	2008.256	413.2396	379.6667	665.0000	
354	2012.131	426.5209	-292.3333	33.3333	
355	2015.997	426.2187	327.6667	610.3334	
356	2019.853	429.0005	-395.0000	-93.0000	
357	2023.701	445.2961	320.0000	639.6666	
358	2027.538	428.5915	-344.6667	-40.3333	
359	2031.367	403.9702	264.0000	498.6667	
360	2035.186	404.5991	-353.3333	-46.3333	
361	2038.996	426.2375	277.3333	555.6667	
362	2042.796	430.2924	-405.6667	-93.3333	
363	2046.587	433.5974	216.3333	511.3333	
364	2050.368	417.0797	-434.0000	-137.0000	
365	2054.140	399.3847	241.3333	506.6667	
366	2057.903	404.9397	-348.3333	-76.6667	
367	2061.656	426.1198	183.6667	516.3333	
368	2065.399	425.3415	-308.3333	-24.0000	
369	2069.133	416.7716	205.3333	468.3333	
370	2072.858	421.7433	-307.0000	11.0000	
371	2076.573	441.4432	347.6667	625.6666	
372	2080.278	426.4902	-349.6667	-42.3333	
373	2083.974	419.2385	191.3333	494.3334	
374	2087.661	377.4034	-245.0000	-3.0000	
375	2091.338	414.0474	11.3333	292.0000	
376	2095.005	427.0249	-295.3333	0.3333	
377	2098.663	436.7948	249.6667	555.6667	
378	2102.311	466.5647	-197.3333	139.0000	
379	2105.949	442.3345	163.3333	476.0000	
380	2109.578	422.4372	-416.6667	-123.3333	
381	2113.198	426.1805	-707.3334	-414.3333	
382	2116.807	415.4236	-141.6667	104.3333	
383	2120.407	419.5002	174.0000	469.3333	
384	2123.998	420.7435	-541.6667	-263.3333	
385	2127.579	403.2259	131.6667	398.3333	
386	2131.150	398.6963	-423.6667	-173.3333	
387	2134.711	401.9166	82.0000	340.0000	
388	2138.263	407.8876	-348.0000	-98.3333	
389	2141.805	411.8116	272.0000	527.6667	
390	2145.337	434.7357	-426.6667	-134.3333	
391	2148.859	438.1598	224.3333	475.0000	
392	2152.372	445.8672	-596.6667	-287.6667	
393	2155.875	441.8426	74.6667	337.3333	
394	2159.368	439.4846	-283.3333	-17.3333	
395	2162.852	410.7100	350.0000	594.0000	
396	2166.326	419.1015	-271.3333	-30.3333	
397	2169.790	430.1119	122.0000	390.0000	
398	2173.244	425.7057	-426.0000	-126.6667	
399	2176.688	393.2994	175.3333	411.0000	
400	2180.123	415.7264	-207.3333	53.0000	
401	2183.547	444.4868	412.6667	704.0000	
402	2186.962	441.2472	-328.6667	-38.3333	
403	2190.367	407.6743	-35.6667	223.3333	
404	2193.762	406.7685	-365.0000	-116.0000	
405	2197.147	423.5799	210.3333	491.3334	
406	2200.522	421.7715	-393.0000	-140.6667	
407	2203.888	459.2583	192.0000	516.3333	
408	2207.243	426.6616	-351.3333	-60.0000	
409	2210.589	407.9655	325.6667	597.6667	
410	2213.924	425.9361	-423.3333	-134.0000	
411	2217.250	439.7399	283.0000	600.6666	
412	2220.565	427.4600	-347.0000	-64.6667	
413	2223.871	425.2455	294.6667	615.3333	
414	2227.167	383.4275	-577.6666	-340.0000	
415	2230.453	413.1096	165.6667	435.0000	
416	2233.728	443.7917	-605.0000	-303.0000	
417	2236.994	437.8071	193.6667	491.6667	
418	2240.250	434.1558	-499.3333	-203.0000	
419	2243.495	423.2546	7.3333	270.3333	
420	2246.731	421.2705	-374.6667	-79.0000	
421	2249.957	423.8387	236.6667	531.3333	
422	2253.172	418.0737	-438.3333	-160.3333	
423	2256.377	419.6421	241.6667	496.6667	
424	2259.573	439.2940	-343.3333	-50.3333	
425	2262.758	430.0491	234.3333	528.6666	
426	2265.933	431.8876	-47.0000	172.3333	
427	2269.098	423.0876	336.0000	648.6667	
428	2272.253	415.2558	-325.6667	-41.0000	
429	2275.397	384.0708	178.0000	416.6667	
430	2278.532	409.5732	-320.0000	-53.0000	
431	2281.656	427.0757	322.3333	609.6667	
432	2284.771	427.5781	-389.0000	-98.3333	
433	2287.875	442.0805	166.3333	474.3334	
434	2290.968	440.4135	-380.3333	-84.0000	
435	2294.052	427.8813	208.0000	478.3333	
436	2297.125	424.3492	-598.6667	-305.0000	
437	2300.188	424.7336	264.0000	549.3333	
438	2303.241	432.2847	-427.6667	-135.0000	
439	2306.284	429.5023	-33.0000	289.0000	
440	2309.316	398.3870	-509.3334	-251.3333	
441	2312.338	384.6790	433.3333	676.6666	
442	2315.350	419.9711	-174.3333	103.3333	
443	2318.352	432.2215	139.6667	466.3333	
444	2321.343	418.8875	-500.6667	-226.0000	
445	2324.323	421.9898	362.0000	634.3334	
446	2327.294	431.0087	-447.6667	-162.6667	
447	2330.254	439.4444	323.0000	598.3334	
448	2333.204	442.0164	-329.0000	-22.0000	
449	2336.144	438.7718	11.0000	313.3333	
450	2339.073	386.5272	-294.6667	-46.0000	
451	2341.991	418.6158	467.3333	746.6666	
452	2344.900	434.3724	-575.0000	-281.3333	
453	2347.798	415.8146	350.0000	622.6667	
454	2350.685	412.0901	-372.6667	-122.0000	
455	2353.562	427.8333	265.6667	532.6666	
456	2356.429	428.9094	-315.0000	-48.6667	
457	2359.285	433.1392	403.6667	678.0000	
458	2362.130	430.5566	-236.0000	42.6667	
459	2364.966	422.2656	240.3333	471.0000	
460	2367.790	426.4963	-103.6667	147.6667	
461	2370.604	425.7751	237.3333	505.3333	
462	2373.408	409.6166	-161.0000	65.6667	
463	2376.202	405.6247	435.3333	656.6666	
464	2378.984	420.9660	-146.0000	58.3333	
465	2381.756	446.9742	148.6667	408.6667	
466	2384.518	443.9822	-332.6667	-77.0000	
467	2387.269	441.3236	272.6667	524.3333	
468	2390.010	399.9977	-413.6667	-204.6667	
469	2392.739	406.8484	369.3333	594.6667	
470	2395.458	414.0835	-84.6667	155.0000	
471	2398.167	417.2352	543.6667	755.0000	
472	2400.865	432.3036	-608.3333	-367.0000	
473	2403.553	426.0495	249.0000	494.6666	
474	2406.229	417.7954	-364.0000	-154.6667	
475	2408.896	410.3747	427.0000	657.0000	
476	2411.551	412.0242	-280.0000	-85.6667	
477	2414.196	424.3583	323.6667	525.6667	
478	2416.830	447.6923	-360.0000	-139.3333	
479	2419.453	430.0264	194.6667	393.0000	
480	2422.066	424.4438	-331.6667	-152.6667	
481	2424.668	428.1111	255.3333	455.6666	
482	2427.260	411.8619	-447.6667	-273.0000	
483	2429.840	406.6959	219.0000	413.3333	
484	2432.410	404.3624	1049.0000	1144.3334	
485	2434.969	407.7178	323.0000	484.0000	
486	2437.517	414.4900	-611.3333	-464.6667	
487	2440.055	422.1787	155.0000	323.0000	
488	2442.581	429.9510	-384.3333	-233.6667	
489	2445.097	434.3601	50.6667	236.6667	
490	2447.602	430.0853	-459.0000	-287.0000	
491	2450.096	434.1912	388.6667	577.6667	
492	2452.580	431.6302	-326.0000	-138.3333	
493	2455.052	426.3726	333.3333	515.0000	
494	2457.514	418.9484	-523.3333	-383.3333	
495	2459.965	419.6908	265.6667	466.0000	
496	2462.405	418.9332	-308.3333	-136.3333	
497	2464.834	418.1339	466.3333	613.3334	
498	2467.252	437.7513	-378.6667	-189.3333	
499	2469.659	457.1605	456.0000	664.0000	
500	2472.056	435.9032	-263.6667	-77.6667	
501	2474.441	413.1901	88.6667	231.6667	
502	2476.816	405.9769	-393.6667	-211.0000	
503	2479.179	409.1804	305.3333	434.0000	
504	2481.532	417.3840	-339.0000	-194.6667	
505	2483.873	428.5042	170.6667	350.6667	
506	2486.204	431.2076	-367.6667	-206.3333	
507	2488.523	427.8278	246.6667	411.3334	
508	2490.832	417.8647	-567.6666	-425.3333	
509	2493.130	432.4016	292.6667	446.3333	
510	2495.416	439.2717	-209.6667	-52.3333	
511	2497.692	399.4753	49.6667	164.0000	
