resultName	chilca7-126
resultName	chilca7-126
ID	RS20200904145926_P19331194
Command	SCANANDSEARCH
User	Admin
Application	_Analyze
SerialNumber	P19331194
Power	280
Integration	900
Averages	3
AutoExposure	Off
AutoCollect	Off
QuickCollect	Off
AutoBackground	On
BaselineCorrection	On
Algorithm	Wavelet
Searched Library	All,None,None,None
MixtureComponents	2
matchThreshold	0.0
displayMatches	1
Threshold	0.80
WL Start	
WL End	
ServerVersion	3.180316
FirmwareVersion	
date	2020-09-04
time	14:59:26
scanindex	0
specpath	RS20200904145926_P19331194.xml
Search Range	200 - 2500
Synced	false
lastCalDateTime	2020-08-20 09:29:50
lastCalUser	Admin
lastCalResult	PASS
lastVerifyDateTime	2020-09-04 13:30:42
lastVerifyUser	Admin
lastVerifyResult	PASS
selectedMaterial	
result	No Match
ValidationGUID	
ValidationMatchQuality	
topMatch	
topMatchGUID	
topMatchQuality	
secondMatch	
secondMatchGUID	
secondMatchQuality	
thirdMatch	
thirdMatchGUID	
thirdMatchQuality	
fourthMatch	
fourthMatchGUID	
fourthMatchQuality	
fifthMatch	
fifthMatchGUID	
fifthMatchQuality	
signedBy	
signedDateTime	
softwareVer	1.7.0.21
memo	
batchID	
inBatch	false
batchUID	
batchCID1	
batchCIDlbl1	
batchCID2	
batchCIDlbl2	
batchCID3	
batchCIDlbl3	
batchCID4	
batchCIDlbl4	
batchCID5	
batchCIDlbl5	
signedTitle	
signedReason	
rescanned	
barcode	
topMatchContribs	
secondMatchContribs	
thirdMatchContribs	
fourthMatchContribs	
fifthMatchContribs	
ValidationMatchContribs	
Threat	
PrecursorList	
CompundName	
WindowStart4C	
MatchLibrary	
lastModified	2020/09/04 15:03
Signal2Noise	81.82
Detector TEC SetPoint	0x8000
Detector Temp	5.00
Laser Temp	25.38
OE1 Temp	36.22
OE2 Temp	40.94
Detector Gain	200
SaturationDetected	false
InterpolatedPixelList	
PeakList	 304.9	954	322.1	808	360.1	588	427.4	828	435.0	800	560.4	646	650.7	1232	665.7	571	759.0	2090	787.7	1269	796.2	1034	1158.0	712	1217.4	760	1296.2	1064	1377.5	1666	1444.1	5884	1565.0	2269	1644.8	4292	1672.8	3090
index	Raman Shift (cm-1)	Y value (counts)	background (counts)	raw value (counts)
0	137.471	497.6857	503.0000	4361.0000	
1	143.961	458.4023	528.3333	4214.6665	
2	150.446	349.7854	581.6667	4027.0000	
3	156.925	340.5018	733.6667	4037.3330	
4	163.399	294.8851	369.6667	3495.3333	
5	169.867	275.9349	799.3334	3773.6665	
6	176.330	279.6522	474.0000	3319.6670	
7	182.787	295.0352	703.3333	3432.0000	
8	189.239	214.0853	344.3333	2859.6667	
9	195.685	216.4682	703.6667	3089.0000	
10	202.125	235.5183	495.3333	2767.3333	
11	208.560	234.9014	953.6666	3092.6665	
12	214.989	274.6183	401.0000	2447.3335	
13	221.413	254.8102	810.3334	2779.0000	
14	227.831	204.6898	562.0000	2409.0000	
15	234.243	227.4106	867.6666	2742.3333	
16	240.650	190.7981	512.3333	2355.3335	
17	247.051	277.8521	617.0000	2552.0000	
18	253.446	239.9061	524.3334	2426.3335	
19	259.836	308.9598	786.6667	2762.6665	
20	266.220	363.0143	206.3333	2241.3335	
21	272.598	204.3516	860.0000	2761.6667	
22	278.971	126.6889	575.0000	2424.3333	
23	285.338	338.3596	703.0000	2789.3333	
24	291.699	619.3636	346.0000	2738.6665	
25	298.054	830.5685	618.3334	3251.6665	
26	304.404	954.4405	196.6667	2983.3333	
27	310.748	864.9789	900.0000	3626.6665	
28	317.086	760.8737	477.6667	3146.0000	
29	323.418	808.2377	553.6667	3227.6665	
30	329.744	750.2686	109.6667	2684.0000	
31	336.065	477.2995	853.0000	3112.6665	
32	342.380	342.6640	495.6666	2579.0000	
33	348.689	385.3616	764.0000	2848.3335	
34	354.992	457.3921	365.6667	2480.3333	
35	361.289	588.2098	551.3333	2740.3333	
36	367.581	377.5182	358.3333	2298.0000	
37	373.866	228.9761	338.3333	2098.0000	
38	380.146	58.1006	420.0000	1977.3333	
39	386.420	135.2254	475.0000	2078.0000	
40	392.688	288.3500	250.0000	1974.6665	
41	398.949	336.0820	546.0000	2289.0000	
42	405.205	162.1473	361.3333	1901.0000	
43	411.456	170.5461	279.0000	1797.6667	
44	417.700	381.9446	48.3333	1749.0000	
45	423.938	827.7928	515.6667	2657.6667	
46	430.170	784.9745	58.3333	2153.0000	
47	436.396	800.1559	283.6667	2389.0000	
48	442.616	687.0040	124.0000	2111.6665	
49	448.830	481.3600	540.6666	2331.3335	
50	455.039	401.6245	21.3333	1740.3333	
51	461.241	234.8893	198.3333	1680.3333	
52	467.437	195.9874	155.3333	1716.0000	
53	473.627	195.6416	292.6667	1772.3333	
54	479.811	261.4622	39.0000	1634.6665	
55	485.989	551.7832	-3.0000	1883.3334	
56	492.160	577.5146	-82.0000	1815.0000	
57	498.326	590.2898	273.0000	2160.3333	
58	504.486	436.0654	-23.0000	1687.6667	
59	510.639	323.8405	207.3333	1783.3334	
60	516.787	360.6993	-85.0000	1429.3334	
61	522.928	559.5076	272.3333	2030.0000	
62	529.063	347.0659	-44.0000	1469.6666	
63	535.192	138.6239	4428.6670	5702.3335	
64	541.315	189.1822	3433.0000	4725.6665	
65	547.431	227.4073	652.3334	1951.6667	
66	553.542	384.6320	212.0000	1637.0000	
67	559.646	646.1901	515.6667	2170.6665	
68	565.744	455.0818	42.0000	1474.3334	
69	571.835	318.1365	489.0000	1710.0000	
70	577.921	323.2406	-103.3333	1113.6666	
71	584.000	275.4752	195.0000	1496.6667	
72	590.073	255.5847	-135.3333	1052.0000	
73	596.140	249.9200	326.0000	1533.3334	
74	602.200	239.8179	56.3333	1307.0000	
75	608.255	234.1533	212.6667	1332.6666	
76	614.302	255.7390	48.0000	1277.0000	
77	620.344	330.3002	297.6667	1741.0000	
78	626.379	325.7794	137.0000	1359.0000	
79	632.408	346.1752	400.6667	1732.0000	
80	638.431	408.9876	174.6667	1573.3333	
81	644.447	937.4669	642.6666	2574.3335	
82	650.457	1231.6127	13.0000	2243.3335	
83	656.460	870.7585	150.6667	2024.6667	
84	662.457	521.9039	96.0000	1625.6667	
85	668.448	570.5073	280.0000	1809.6665	
86	674.432	390.4443	-200.6667	1100.3334	
87	680.410	328.0477	317.0000	1466.3333	
88	686.381	362.4844	59.0000	1230.0000	
89	692.346	386.1266	562.0000	1700.6665	
90	698.305	461.9355	3.6667	1248.0000	
91	704.257	403.4281	177.3333	1359.3334	
92	710.202	290.6744	16.6667	1076.3334	
93	716.142	106.0037	211.0000	1154.0000	
94	722.074	0.0000	56.3333	961.3333	
95	728.000	51.3293	295.0000	1319.3334	
96	733.920	135.9922	20.6667	1197.6666	
97	739.833	204.6548	466.6667	1780.3333	
98	745.739	410.6772	203.6667	1779.3333	
99	751.639	1030.1528	724.0000	2992.0000	
100	757.533	2089.9619	-83.0000	3317.6670	
101	763.419	1931.6152	535.6667	3821.0000	
102	769.300	744.9354	-7.0000	2134.6665	
103	775.173	638.5892	428.0000	2506.3335	
104	781.040	1123.2427	105.6667	2711.6667	
105	786.901	1268.6699	577.3333	3355.0000	
106	792.755	1007.4304	398.0000	2940.6667	
107	798.602	1033.5239	617.0000	3212.0000	
108	804.442	888.6174	145.3333	2621.6665	
109	810.276	402.1385	699.3334	2664.0000	
110	816.103	168.1595	192.0000	1801.6665	
111	821.924	193.3471	621.6667	2246.6665	
112	827.738	120.4676	167.6667	1790.3335	
113	833.545	80.6887	688.3333	2235.6667	
114	839.345	176.5762	260.6667	1868.3335	
115	845.139	372.7978	609.3333	2377.6667	
116	850.926	490.0185	393.0000	2243.0000	
117	856.706	330.3628	635.3333	2326.0000	
118	862.479	305.7069	537.3333	2203.6665	
119	868.246	440.9982	634.3333	2422.0000	
120	874.006	453.3604	264.3333	2067.6667	
121	879.759	525.7037	721.6667	2593.6667	
122	885.505	485.7135	344.3333	2172.6665	
123	891.245	532.3906	636.3334	2507.6667	
124	896.978	297.4001	455.6666	2088.3333	
125	902.703	174.4639	521.3333	2033.0000	
126	908.422	178.8607	175.0000	1693.0000	
127	914.135	335.2576	668.3333	2344.6665	
128	919.840	428.9878	60.3333	1832.3333	
129	925.538	334.3846	665.3334	2344.6665	
130	931.230	337.4484	135.0000	1819.3333	
131	936.914	210.5122	767.9999	2327.3335	
132	942.592	292.5759	252.3333	1895.6665	
133	948.263	366.6383	602.0000	2336.3333	
134	953.927	598.0995	156.0000	2130.3335	
135	959.584	558.5601	516.0000	2459.3333	
136	965.234	282.0206	293.6667	1969.0000	
137	970.877	200.2241	475.3334	2073.3333	
138	976.513	231.0947	-82.0000	1551.3335	
139	982.142	228.2982	445.0000	2080.0000	
140	987.764	275.4500	363.3333	1954.3333	
141	993.379	356.9550	320.6667	2064.6667	
142	998.987	339.2100	108.3333	1825.3333	
143	1004.588	390.7982	540.3334	2299.6665	
144	1010.182	392.7201	-38.0000	1714.0000	
145	1015.769	381.3084	396.6667	2128.0000	
146	1021.349	235.2302	341.6667	1917.6667	
147	1026.922	240.9019	553.3333	2126.6667	
148	1032.487	250.1569	197.3333	1802.0000	
149	1038.046	224.4934	474.0000	2009.6667	
150	1043.597	243.6840	137.0000	1629.3335	
151	1049.142	285.6660	365.3333	1940.0000	
152	1054.679	372.0869	-56.3333	1593.6667	
153	1060.209	368.9651	488.3334	2112.6667	
154	1065.732	432.3469	185.3333	1891.3335	
155	1071.248	480.3405	462.6666	2210.3333	
156	1076.757	546.0007	194.6667	2001.6665	
157	1082.258	474.0739	523.3333	2253.0000	
158	1087.753	256.4802	29.3333	1536.0000	
159	1093.240	221.5533	482.3333	1948.6665	
160	1098.720	330.6262	320.6667	1890.6665	
161	1104.192	449.7462	531.3333	2204.0000	
162	1109.658	337.1227	243.6667	1806.6667	
163	1115.116	278.4994	937.6667	2445.0000	
164	1120.567	201.5426	159.0000	1592.3333	
165	1126.010	224.4478	561.3333	2023.0000	
166	1131.447	273.9362	109.6667	1626.3333	
167	1136.876	268.5081	698.3333	2195.3333	
168	1142.298	324.4955	9.3333	1587.3333	
169	1147.712	446.2398	622.0000	2340.3333	
170	1153.120	571.6509	251.6667	2114.0000	
171	1158.519	712.0623	606.3333	2627.6667	
172	1163.912	471.1398	167.0000	1966.0000	
173	1169.297	366.2118	812.3334	2520.0000	
174	1174.675	250.6170	326.6667	1932.3333	
175	1180.045	251.0950	743.6666	2376.6667	
176	1185.408	259.0748	342.0000	1988.6667	
177	1190.764	265.7211	633.0000	2292.0000	
178	1196.112	267.3676	460.0000	2126.3333	
179	1201.453	528.3476	669.6667	2602.6667	
180	1206.786	715.6604	160.0000	2286.0000	
181	1212.112	689.0717	733.3333	2836.6667	
182	1217.431	760.2375	338.3333	2504.3335	
183	1222.742	706.3955	716.6666	2846.3333	
184	1228.045	683.2215	286.3333	2410.3333	
185	1233.341	495.3550	736.3334	2695.3333	
186	1238.630	273.4885	481.6667	2241.6667	
187	1243.911	193.9552	755.6666	2459.0000	
188	1249.185	259.4214	446.3334	2238.0000	
189	1254.451	327.9486	975.3334	2893.6665	
190	1259.709	163.1427	540.3333	2352.0000	
191	1264.960	251.0034	988.0000	2945.6667	
192	1270.203	382.8643	672.3333	2820.0000	
193	1275.439	507.3917	1019.6666	3350.0000	
194	1280.668	362.5854	452.6667	2696.3333	
195	1285.888	600.1129	1034.0000	3573.3335	
196	1291.101	1016.1664	451.0000	3482.0000	
197	1296.307	1064.2219	1010.0000	4090.6670	
198	1301.505	807.2773	637.3333	3462.6667	
199	1306.695	681.6658	1142.0000	3843.3335	
200	1311.877	644.0540	791.6667	3457.0000	
201	1317.052	261.2629	804.3333	3065.6665	
202	1322.219	169.8055	772.6666	2921.3333	
203	1327.379	512.7982	979.3333	3431.6665	
204	1332.531	570.9713	706.3333	3196.6665	
205	1337.675	305.9958	1175.0000	3395.6665	
206	1342.811	222.3543	491.3334	2623.6667	
207	1347.940	215.7123	1052.6666	3173.6665	
208	1353.061	167.4036	567.3333	2635.3333	
209	1358.174	264.7616	1344.3333	3505.0000	
210	1363.280	577.4527	733.0000	3201.6665	
211	1368.377	1136.1440	1100.6666	4123.3330	
212	1373.467	1430.1697	696.0000	4008.0000	
213	1378.550	1665.5935	1094.3334	4653.0000	
214	1383.624	1355.3508	756.6666	4016.3335	
215	1388.690	547.4406	1349.3334	3812.3330	
216	1393.749	81.1975	639.0000	2647.0000	
217	1398.800	49.7910	1134.0000	3105.6667	
218	1403.843	151.2568	739.6666	2785.0000	
219	1408.878	449.0562	1423.0000	3738.3335	
220	1413.906	1011.1887	718.3333	3568.0000	
221	1418.925	1486.0151	1123.6667	4424.3330	
222	1423.937	1971.1755	760.6666	4522.6665	
223	1428.940	3093.0024	1115.0000	5975.0000	
224	1433.936	4929.6523	828.0000	7480.6670	
225	1438.924	5595.6875	1155.0000	8428.3330	
226	1443.904	5884.3887	752.3334	8269.0000	
227	1448.876	5808.0908	1278.6667	8673.6670	
228	1453.840	5370.4580	656.6666	7568.6665	
229	1458.796	4567.9707	1257.6667	7270.3330	
230	1463.744	3491.4834	698.6666	5538.0000	
231	1468.685	2571.6624	1226.6667	5049.3335	
232	1473.617	1680.8418	626.0000	3461.0000	
233	1478.541	935.1494	1076.0000	3083.3330	
234	1483.457	493.4578	568.6667	2052.3335	
235	1488.365	317.4314	1113.3333	2339.0000	
236	1493.265	223.7397	522.3333	1572.3334	
237	1498.157	215.5227	1194.6667	2183.6667	
238	1503.041	163.5247	575.0000	1469.0000	
239	1507.917	190.8521	1000.3334	1889.6667	
240	1512.785	129.3467	535.6667	1307.0000	
241	1517.645	128.5909	1084.0000	1874.6667	
242	1522.496	155.1683	747.3333	1479.3334	
243	1527.340	192.0791	1396.3333	2154.6667	
244	1532.175	224.0737	769.6667	1519.3333	
245	1537.002	243.0404	1333.3334	2143.6667	
246	1541.822	196.4995	699.3333	1528.6667	
247	1546.633	246.2921	1317.3334	2262.0000	
248	1551.435	381.4181	716.6666	1862.0000	
249	1556.230	749.4265	1330.3333	2948.3335	
250	1561.016	1781.7666	771.3333	3526.3333	
251	1565.795	2268.7742	1220.6666	4567.3335	
252	1570.565	1200.1152	970.3334	3353.0000	
253	1575.327	524.4304	1201.3334	2985.6665	
254	1580.080	279.4120	814.6666	2431.3333	
255	1584.825	360.7267	1325.0000	3100.3330	
256	1589.562	350.0419	586.0000	2428.0000	
257	1594.291	239.0236	1147.3334	2955.6667	
258	1599.012	184.6721	665.6666	2497.0000	
259	1603.724	238.0266	1102.6667	3088.0000	
260	1608.428	509.4033	885.3333	3202.3333	
261	1613.124	724.8518	1216.6667	3793.6665	
262	1617.811	812.3013	1161.3333	3870.3335	
263	1622.490	1084.7507	1263.6666	4289.6670	
264	1627.161	1935.1990	800.3333	4721.3335	
265	1631.823	3224.1589	1154.0000	6374.3340	
266	1636.477	4116.1426	635.3334	6732.3330	
267	1641.123	4248.8984	1417.6666	7629.6670	
268	1645.760	4291.9873	666.0000	6903.3340	
269	1650.389	3415.2004	1198.0000	6459.6670	
270	1655.009	2575.7480	822.6666	5146.0000	
271	1659.621	2224.9629	1313.6666	5187.3335	
272	1664.225	2499.1770	764.3333	4813.3335	
273	1668.820	2952.0576	1406.3333	5809.3335	
274	1673.406	3089.6060	756.6666	5198.3335	
275	1677.985	2930.4863	1079.0000	5262.6665	
276	1682.554	1614.0327	956.3334	3724.6665	
277	1687.116	601.5092	1168.6666	2815.3335	
278	1691.668	228.3168	803.6666	1968.0000	
279	1696.213	120.7911	1259.3334	2207.0000	
280	1700.749	80.3316	705.6667	1520.3333	
281	1705.276	131.7733	1271.6666	2024.3335	
282	1709.794	160.7122	732.0000	1388.6666	
283	1714.305	274.1516	1147.0000	1817.6667	
284	1718.806	312.0931	606.3334	1199.0000	
285	1723.299	321.2647	1350.0000	1922.3333	
286	1727.784	352.0208	616.0000	1192.0000	
287	1732.260	366.6876	1159.6666	1703.0000	
288	1736.727	312.0574	695.3333	1161.3334	
289	1741.186	298.4266	1125.0000	1594.3333	
290	1745.636	297.8793	633.3333	1084.3334	
291	1750.077	302.9992	1189.3334	1653.0000	
292	1754.510	299.6181	619.0000	1057.6666	
293	1758.934	306.4930	1187.6666	1652.3333	
294	1763.349	294.5340	451.6667	864.0000	
295	1767.756	332.2417	1114.6667	1551.0000	
296	1772.154	384.2836	440.0000	914.6666	
297	1776.544	358.8902	995.3333	1449.3334	
298	1780.924	294.8299	322.3333	717.0000	
299	1785.296	288.4364	1107.6666	1500.6667	
300	1789.659	295.5428	323.0000	708.6666	
301	1794.014	313.3017	1093.6667	1524.0000	
302	1798.360	304.3662	625.6666	1036.0000	
303	1802.697	286.7641	1229.0000	1610.6667	
304	1807.025	250.1618	771.3334	1105.3334	
305	1811.344	274.4763	831.0000	1153.0000	
306	1815.655	319.2907	532.3334	913.3334	
307	1819.957	301.3552	1154.0000	1506.0000	
308	1824.250	294.8146	579.3334	900.3334	
309	1828.534	292.7036	1313.3334	1632.6667	
310	1832.809	292.5924	530.0000	849.6666	
311	1837.076	301.4812	1052.6666	1392.3334	
312	1841.333	301.0367	711.0000	1024.6666	
313	1845.582	311.4258	769.0000	1112.0000	
314	1849.822	304.0649	589.6667	941.6666	
315	1854.053	283.2042	971.0000	1293.0000	
316	1858.275	297.5937	456.3334	796.3334	
317	1862.488	305.6144	855.6666	1202.6666	
318	1866.692	320.6352	408.6667	769.6667	
319	1870.888	321.9060	774.6666	1160.3333	
320	1875.074	322.9268	93.0000	421.6667	
321	1879.251	332.3643	743.6666	1113.3334	
322	1883.420	315.0098	149.6667	522.0000	
323	1887.579	313.0157	596.0000	954.6666	
324	1891.730	283.5629	138.6667	452.0000	
325	1895.871	289.8248	836.3334	1103.3333	
326	1900.004	283.6909	195.3333	564.3333	
327	1904.127	284.0362	792.0000	1097.0000	
328	1908.241	273.2983	187.6667	494.6667	
329	1912.347	247.7219	811.6666	1055.0000	
330	1916.443	309.1511	298.3333	599.3334	
331	1920.530	364.2471	706.3333	1058.6667	
332	1924.609	314.3436	156.6667	455.3333	
333	1928.678	299.4999	903.3333	1182.3333	
334	1932.738	296.2397	163.3333	452.6667	
335	1936.788	296.3960	765.3334	1033.0000	
336	1940.830	301.3024	237.6667	522.6667	
337	1944.863	322.1254	563.6667	909.3333	
338	1948.886	318.7817	296.3333	592.0000	
339	1952.901	305.0214	661.3333	957.6667	
340	1956.906	292.0104	58.6667	329.6667	
341	1960.902	288.0859	443.3334	733.3334	
342	1964.888	288.2448	200.3333	443.3333	
343	1968.866	283.4772	407.3334	687.3333	
344	1972.834	292.4327	-153.0000	135.3333	
345	1976.793	302.2796	286.6667	602.0000	
346	1980.743	305.9598	-144.6667	118.0000	
347	1984.684	307.2234	159.0000	480.3334	
348	1988.616	307.1541	-132.3333	165.6667	
349	1992.538	302.9319	587.3333	863.3333	
350	1996.451	321.1556	-238.3333	69.6667	
351	2000.354	312.4571	359.0000	635.0000	
352	2004.249	316.1752	-342.0000	-84.3333	
353	2008.134	320.9767	297.3333	598.0000	
354	2012.009	316.1949	-345.0000	-79.6667	
355	2015.876	279.7462	345.0000	584.6667	
356	2019.733	263.2139	-257.6667	-14.0000	
357	2023.580	208.4962	1080.3334	1228.0000	
358	2027.419	241.1951	1004.0000	1184.0000	
359	2031.248	338.5609	1533.6666	1810.6667	
360	2035.067	349.9263	-232.6667	55.3333	
361	2038.878	325.7997	294.6667	561.3334	
362	2042.678	318.2564	-377.0000	-124.0000	
363	2046.470	315.7964	226.0000	500.0000	
364	2050.252	299.2783	-406.6667	-152.6667	
365	2054.024	308.6488	241.3333	509.3334	
366	2057.787	312.9359	-270.6667	-2.0000	
367	2061.541	313.9730	251.0000	529.6667	
368	2065.285	305.4268	-318.6667	-73.6667	
369	2069.020	309.0474	220.3333	492.3333	
370	2072.745	278.7511	-210.3333	9.6667	
371	2076.461	285.7578	801.0000	1010.6666	
372	2080.167	230.1839	1055.3334	1206.6666	
373	2083.864	234.6501	2592.0000	2753.0000	
374	2087.551	333.7830	1031.0000	1296.3334	
375	2091.228	331.0824	134.0000	418.6667	
376	2094.896	326.2155	-260.0000	-7.6667	
377	2098.555	321.3174	297.6667	566.6666	
378	2102.204	314.9194	-135.6667	131.0000	
379	2105.843	289.0213	332.0000	577.6666	
380	2109.473	267.1233	-291.6667	-63.0000	
381	2113.093	288.2690	-651.6667	-403.6667	
382	2116.703	344.0814	-174.0000	128.0000	
383	2120.304	333.5604	190.3333	480.0000	
384	2123.895	308.8728	-525.0000	-266.6667	
385	2127.477	287.8797	150.3333	427.6667	
386	2131.049	263.4523	-382.6667	-155.3333	
387	2134.611	293.8583	110.3333	365.3333	
388	2138.163	309.3476	-369.3333	-91.6667	
389	2141.706	307.6809	305.6667	570.0000	
390	2145.239	307.0559	-431.3333	-157.3333	
391	2148.763	302.2641	231.6667	507.6667	
392	2152.276	297.3816	-564.0000	-315.6667	
393	2155.780	283.7835	89.3333	332.3333	
394	2159.275	291.6853	-255.6667	-5.3333	
395	2162.759	297.6705	382.6667	580.6667	
396	2166.234	328.9892	-244.3333	36.3333	
397	2169.698	317.9152	148.6667	416.3333	
398	2173.154	303.1747	-382.0000	-146.6667	
399	2176.599	300.1009	190.6667	454.6667	
400	2180.034	303.4437	-147.0000	90.0000	
401	2183.460	305.3698	458.6667	706.3333	
402	2186.876	300.8793	-315.3333	-74.3333	
403	2190.282	293.1388	13.6667	245.0000	
404	2193.678	304.9815	-344.6667	-113.6667	
405	2197.064	310.4079	256.0000	525.6667	
406	2200.440	299.5496	-366.6667	-133.6667	
407	2203.807	306.8564	235.3333	476.3333	
408	2207.164	315.6629	-319.6667	-64.0000	
409	2210.510	315.2581	366.3333	621.6666	
410	2213.847	305.6867	-378.6667	-150.6667	
411	2217.174	305.6152	303.6667	593.6666	
412	2220.491	269.7108	-244.6667	-34.6667	
413	2223.798	274.3377	651.0000	856.3334	
414	2227.094	301.5991	-56.0000	180.6667	
415	2230.381	303.1938	536.3334	778.6666	
416	2233.658	320.1219	-554.6666	-291.3333	
417	2236.925	316.7166	219.3333	483.3333	
418	2240.182	327.9779	-488.6666	-209.3333	
419	2243.429	317.9061	21.3333	294.6667	
420	2246.666	287.3338	-314.3333	-85.0000	
421	2249.893	283.5523	289.3333	532.0000	
422	2253.110	288.5208	-408.6667	-166.6667	
423	2256.317	296.6559	245.3333	502.3333	
424	2259.513	304.7914	-323.3333	-75.3333	
425	2262.700	317.7744	212.3333	486.3334	
426	2265.876	319.1740	-120.3333	153.0000	
427	2269.043	288.7590	403.6667	631.0000	
428	2272.199	290.5853	-299.3333	-23.3333	
429	2275.345	302.3086	197.6667	440.0000	
430	2278.481	302.6153	-285.6667	-12.3333	
431	2281.607	302.3386	339.3333	612.3333	
432	2284.723	294.0619	-353.3333	-96.3333	
433	2287.828	291.3685	225.0000	479.0000	
434	2290.924	308.4876	-348.6667	-141.6667	
435	2294.009	317.7256	234.6667	500.6667	
436	2297.083	312.5277	-559.0000	-298.3333	
437	2300.148	286.2064	316.0000	550.6667	
438	2303.203	288.2182	-408.3333	-171.3333	
439	2306.247	306.3135	-17.0000	252.3333	
440	2309.281	304.3254	-535.6667	-292.3333	
441	2312.305	303.6870	356.6667	628.6666	
442	2315.318	304.7986	-258.0000	-27.6667	
443	2318.322	307.1602	149.3333	415.6667	
444	2321.314	306.3550	-461.0000	-224.0000	
445	2324.297	301.5622	363.6667	655.0000	
446	2327.269	300.3527	-454.6667	-228.0000	
447	2330.231	301.8931	194.6667	436.6667	
448	2333.183	295.1404	-376.6667	-149.6667	
449	2336.124	300.9484	-8.6667	283.6667	
450	2339.055	302.0063	-352.6667	-102.0000	
451	2341.976	304.4809	421.0000	676.0000	
452	2344.886	307.4556	-543.6666	-322.6667	
453	2347.786	309.2550	324.0000	616.0000	
454	2350.675	310.8253	-392.3333	-140.0000	
455	2353.554	321.2365	201.6667	458.3333	
456	2356.423	301.3903	-419.6667	-175.6667	
457	2359.281	287.6855	260.3333	511.0000	
458	2362.128	246.3972	-224.6667	-51.0000	
459	2364.966	270.6922	256.3333	453.0000	
460	2367.792	308.3414	-200.6667	51.6667	
461	2370.609	310.5266	137.0000	376.0000	
462	2373.415	323.7742	-220.6667	13.0000	
463	2376.210	325.9594	288.0000	553.3333	
464	2378.995	322.3944	-372.6667	-134.3333	
465	2381.769	304.4130	111.0000	321.6667	
466	2384.533	303.4314	-307.0000	-91.6667	
467	2387.286	305.6165	274.3333	482.6667	
468	2390.029	318.4682	-542.3333	-316.6667	
469	2392.760	302.2109	232.3333	461.6667	
470	2395.482	299.2394	-326.6667	-113.6667	
471	2398.193	275.0179	369.3333	536.3334	
472	2400.893	283.1301	-593.3333	-390.6667	
473	2403.583	292.4941	278.3333	431.6666	
474	2406.262	296.0249	-416.3333	-190.0000	
475	2408.931	296.7223	370.6667	561.0000	
476	2411.589	278.6307	-314.0000	-159.0000	
477	2414.236	307.8790	346.3333	532.0000	
478	2416.872	325.7940	-422.0000	-217.0000	
479	2419.498	309.7090	113.3333	303.6667	
480	2422.113	291.2074	-366.0000	-224.6667	
481	2424.718	297.5391	208.6667	417.3333	
482	2427.312	296.1207	-414.0000	-261.3333	
483	2429.895	335.0357	202.6667	424.0000	
484	2432.467	393.6182	1060.6667	1342.0000	
485	2435.029	300.7426	240.0000	425.0000	
486	2437.580	294.2833	-649.3333	-475.3333	
487	2440.120	294.7408	91.6667	290.0000	
488	2442.649	296.2813	-404.0000	-261.0000	
489	2445.167	299.8303	50.6667	223.6667	
490	2447.675	285.5105	-510.6667	-344.3333	
491	2450.172	258.9874	416.3333	551.6666	
492	2452.658	293.4632	-347.0000	-181.6667	
493	2455.134	324.8070	262.0000	457.0000	
494	2457.598	301.1508	-555.6667	-386.0000	
495	2460.052	301.1613	260.0000	428.0000	
496	2462.495	296.7343	-276.0000	-114.3333	
497	2464.927	298.4115	428.6667	630.0000	
498	2467.348	290.3594	-413.3334	-291.0000	
499	2469.758	285.1199	460.3333	631.3333	
500	2472.157	286.7980	-326.0000	-212.0000	
501	2474.546	314.9798	13.3333	187.0000	
502	2476.923	367.4114	-476.6666	-250.3333	
503	2479.290	288.8431	265.3333	413.3333	
504	2481.645	269.6082	-345.3333	-216.3333	
505	2483.990	293.7066	233.0000	386.3333	
506	2486.323	298.8050	-368.6667	-210.0000	
507	2488.646	309.2368	223.0000	392.3333	
508	2490.958	309.6060	-611.6667	-428.6667	
509	2493.258	304.2877	257.6667	419.3333	
510	2495.548	311.5319	-271.3333	-99.0000	
511	2497.827	287.9636	-81.3333	67.6667	
