resultName	muna13-14
resultName	muna13-14
ID	RS20191213115021_P19331194
Command	SCANANDSEARCH
User	Admin
Application	_Analyze
SerialNumber	P19331194
Power	280
Integration	900
Averages	3
AutoExposure	Off
AutoCollect	Off
QuickCollect	Off
AutoBackground	On
BaselineCorrection	On
Algorithm	Wavelet
Searched Library	All,None,None,None
MixtureComponents	2
matchThreshold	0.75
displayMatches	1
Threshold	0.80
WL Start	
WL End	
ServerVersion	3.180316
FirmwareVersion	
date	2019-12-13
time	11:50:21
scanindex	0
specpath	RS20191213115021_P19331194.xml
Search Range	200 - 2500
Synced	false
lastCalDateTime	2019-12-13 10:05:29
lastCalUser	Admin
lastCalResult	PASS
lastVerifyDateTime	2019-10-16 15:05:37
lastVerifyUser	Admin
lastVerifyResult	PASS
selectedMaterial	
result	No Match
ValidationGUID	
ValidationMatchQuality	
topMatch	
topMatchGUID	
topMatchQuality	
secondMatch	
secondMatchGUID	
secondMatchQuality	
thirdMatch	
thirdMatchGUID	
thirdMatchQuality	
fourthMatch	
fourthMatchGUID	
fourthMatchQuality	
fifthMatch	
fifthMatchGUID	
fifthMatchQuality	
signedBy	
signedDateTime	
softwareVer	1.7.0.21
memo	
batchID	
inBatch	false
batchUID	
batchCID1	
batchCIDlbl1	
batchCID2	
batchCIDlbl2	
batchCID3	
batchCIDlbl3	
batchCID4	
batchCIDlbl4	
batchCID5	
batchCIDlbl5	
signedTitle	
signedReason	
rescanned	
barcode	
topMatchContribs	
secondMatchContribs	
thirdMatchContribs	
fourthMatchContribs	
fifthMatchContribs	
ValidationMatchContribs	
Threat	
PrecursorList	
CompundName	
WindowStart4C	
MatchLibrary	
lastModified	2019/12/13 11:52
Signal2Noise	52.59
Detector TEC SetPoint	0x8000
Detector Temp	5.00
Laser Temp	25.38
OE1 Temp	35.94
OE2 Temp	39.50
Detector Gain	200
SaturationDetected	false
InterpolatedPixelList	
PeakList	 297.6	790	443.2	706	511.6	542	617.7	805	651.0	2213	673.3	703	757.2	613	805.0	684	959.7	862	1142.6	588	1212.7	881	1333.6	716	1378.5	1345	1453.8	4747	1642.2	4066	1672.8	3680	1714.0	646
index	Raman Shift (cm-1)	Y value (counts)	background (counts)	raw value (counts)
0	137.589	643.0720	5147.0000	8457.6670	
1	144.103	476.0264	5582.3335	8633.6670	
2	150.611	269.3146	5886.3335	8638.6670	
3	157.114	297.6025	6080.6665	8769.0000	
4	163.610	379.2229	5724.0000	8401.6660	
5	170.101	364.8451	6453.0000	9024.0000	
6	176.586	265.1325	6133.3335	8512.3330	
7	183.065	206.0876	6128.3335	8356.0000	
8	189.538	168.7091	5710.0000	7808.0000	
9	196.005	160.9961	6533.6670	8531.6660	
10	202.467	236.9510	6298.0000	8279.6660	
11	208.922	335.5731	6815.6670	8803.6670	
12	215.372	384.5286	6147.6665	8092.3340	
13	221.815	312.3028	6717.3330	8544.3330	
14	228.253	298.6102	6645.0000	8405.0000	
15	234.685	202.7590	6946.3330	8618.6670	
16	241.111	186.5723	5868.3335	7532.6660	
17	247.531	207.7226	6394.6660	8088.3340	
18	253.945	242.5363	5748.6670	7485.3340	
19	260.353	280.0172	6318.6670	8101.0000	
20	266.755	221.8319	5185.6670	6918.0000	
21	273.151	358.7065	6602.6670	8502.0000	
22	279.541	592.9149	5986.0000	8149.6670	
23	285.925	749.7894	5757.0000	8107.6670	
24	292.303	727.9968	5284.0000	7643.0000	
25	298.675	789.7883	5342.6670	7795.0000	
26	305.041	721.2467	4982.0000	7397.3330	
27	311.401	470.3722	5933.0000	8129.0000	
28	317.754	461.5169	4865.6665	7097.3335	
29	324.102	516.8784	5122.6670	7365.6670	
30	330.444	502.2406	4836.6665	7021.0000	
31	336.780	474.2686	5392.0000	7504.3330	
32	343.109	505.2978	5160.3335	7259.6670	
33	349.433	331.3264	4967.6665	6849.0000	
34	355.750	248.3549	4109.6665	5864.0000	
35	362.061	176.1439	5425.0000	7051.3335	
36	368.366	0.0000	4084.0000	5497.0000	
37	374.665	210.0479	4221.0000	5838.3330	
38	380.958	391.7629	4545.6670	6339.0000	
39	387.245	311.8118	4608.3330	6316.0000	
40	393.526	326.0268	3604.6665	5212.3335	
41	399.800	440.8238	4416.3335	6239.3335	
42	406.068	352.1212	3612.0000	5338.3335	
43	412.330	259.7517	2387.3335	3957.3330	
44	418.586	262.3825	2731.0000	4346.6670	
45	424.835	289.1569	2833.6667	4425.6670	
46	431.079	355.4314	1790.6667	3495.6665	
47	437.316	703.4567	1289.6666	3338.3335	
48	443.547	705.8147	1116.3333	3163.0002	
49	449.771	503.5204	2002.3333	3855.0000	
50	455.990	382.4821	1045.6666	2768.3333	
51	462.202	228.1107	1049.0000	2608.3333	
52	468.408	168.7392	949.6667	2440.6667	
53	474.607	299.8748	1465.6666	3066.3333	
54	480.801	450.0105	688.3333	2417.6665	
55	486.988	431.8130	394.3333	2084.0000	
56	493.168	396.5869	661.3333	2282.3335	
57	499.343	286.5566	1215.6666	2686.0000	
58	505.511	434.5267	879.3333	2457.0000	
59	511.672	542.4967	607.3333	2252.3333	
60	517.828	348.4668	578.3333	1988.6667	
61	523.977	325.4441	981.0000	2326.6667	
62	530.119	281.0883	367.0000	1626.6667	
63	536.255	249.0657	1014.6666	2200.6665	
64	542.385	227.3765	276.3333	1399.0000	
65	548.509	251.0206	1286.3334	2366.6667	
66	554.626	281.4982	1921.0000	3066.3333	
67	560.736	309.5590	2381.3333	3451.6665	
68	566.840	326.2032	1298.3333	2376.3333	
69	572.938	305.4483	1139.0000	2165.0000	
70	579.030	310.7329	160.3333	1205.6666	
71	585.114	218.4146	397.3333	1335.6667	
72	591.193	171.0127	254.0000	1153.6667	
73	597.265	150.3750	1278.3334	2196.6667	
74	603.330	336.4044	1389.3333	2533.0000	
75	609.389	494.4335	1572.3333	2913.3333	
76	615.442	805.4630	1762.0000	3453.3335	
77	621.488	783.3542	2007.6667	3690.6665	
78	627.527	788.3876	1551.0000	3098.0000	
79	633.560	955.5873	1400.3334	3280.0000	
80	639.586	1258.3707	1277.6666	3472.3335	
81	645.606	1978.1532	2082.6667	5009.3330	
82	651.620	2212.9365	1236.3334	4410.0000	
83	657.626	1650.3865	694.6667	3318.0000	
84	663.626	1008.1696	531.3333	2524.6667	
85	669.620	690.1884	744.0000	2401.6665	
86	675.607	702.8743	58.6667	1711.3335	
87	681.587	618.2264	788.3334	2338.6667	
88	687.561	399.9118	1158.0000	2472.3333	
89	693.528	274.4458	1477.6667	2614.6667	
90	699.489	281.1463	562.3334	1706.3333	
91	705.443	229.5099	1058.3334	2191.6665	
92	711.390	198.2963	939.3334	2037.3333	
93	717.331	168.1975	976.6667	2007.0000	
94	723.265	187.0988	1012.0000	2175.6667	
95	729.192	502.6667	1033.6666	2551.3335	
96	735.113	596.2343	985.3334	2635.0000	
97	741.026	529.4272	1622.0000	3229.3335	
98	746.934	579.1135	1406.0000	3105.3335	
99	752.834	611.7788	2315.3333	4085.3330	
100	758.728	612.7786	1326.0000	3135.0000	
101	764.615	457.6281	2261.3335	3923.3335	
102	770.495	320.8111	1560.3333	3093.6667	
103	776.369	159.6604	1941.6667	3322.0000	
104	782.236	372.8437	1684.6667	3286.3335	
105	788.096	423.1156	2445.6667	4094.3335	
106	793.949	424.1583	2320.6665	3847.0000	
107	799.795	493.9925	3070.6667	4783.6670	
108	805.635	684.2642	2339.0000	4239.0000	
109	811.468	570.6213	2820.3333	4614.3335	
110	817.294	246.9784	1982.6665	3460.6667	
111	823.113	119.3347	2554.6667	3912.6665	
112	828.925	161.4763	2173.3333	3483.3335	
113	834.731	267.0248	2824.0000	4353.3335	
114	840.530	536.4064	2402.0000	4205.6665	
115	846.322	479.1220	2955.0000	4706.3335	
116	852.107	386.1704	2528.0000	4191.3335	
117	857.885	507.0142	2939.6665	4727.0000	
118	863.656	473.8577	2817.3333	4574.6665	
119	869.420	361.2365	2874.3333	4511.3330	
120	875.177	339.6086	2068.3335	3686.0000	
121	880.928	240.9989	2489.0000	4003.0000	
122	886.672	254.0553	2219.3333	3741.3330	
123	892.408	305.7788	2906.0000	4474.6665	
124	898.138	294.8358	2733.3335	4286.0000	
125	903.861	241.5855	2250.3333	3747.0000	
126	909.576	266.3350	2029.3333	3548.0000	
127	915.285	519.7512	2768.0000	4537.3335	
128	920.987	504.8338	1912.3333	3664.0000	
129	926.682	349.0833	2652.0000	4260.0000	
130	932.370	281.5827	1656.0000	3272.0000	
131	938.051	158.4154	2127.0000	3524.0000	
132	943.724	234.8314	1808.6666	3279.3335	
133	949.391	465.2350	2223.0000	3926.0000	
134	955.051	773.5056	1474.3333	3475.6670	
135	960.704	862.4424	2087.3333	4167.6670	
136	966.349	477.3787	1904.6667	3590.0000	
137	971.988	351.2241	2004.0000	3557.6670	
138	977.619	310.0689	1014.6667	2521.6667	
139	983.244	320.6638	1606.3335	3101.0000	
140	988.861	335.4168	1691.0000	3249.0000	
141	994.471	301.8402	1753.3333	3242.0000	
142	1000.074	239.6800	1414.0000	2850.6667	
143	1005.670	239.5196	2012.0000	3458.6665	
144	1011.259	271.3597	1446.0000	2934.6667	
145	1016.841	291.5325	1830.3333	3349.3330	
146	1022.416	381.3727	1786.0000	3405.0000	
147	1027.983	495.5460	1924.0000	3667.3335	
148	1033.543	510.0525	1518.0000	3286.0000	
149	1039.096	432.6597	1973.0000	3674.0000	
150	1044.642	389.9333	1582.0000	3250.6665	
151	1050.181	272.5406	1875.3333	3437.0000	
152	1055.713	143.4801	1090.0000	2533.0000	
153	1061.237	200.2753	2003.3334	3509.0000	
154	1066.754	282.4970	1746.0000	3351.3335	
155	1072.264	317.8171	2059.0000	3704.0000	
156	1077.766	353.1372	1833.6667	3518.3335	
157	1083.262	330.6224	2198.0000	3863.6665	
158	1088.750	324.4417	1249.6666	2912.6667	
159	1094.231	464.5937	2257.0000	4063.6665	
160	1099.704	459.0797	2234.0000	4038.6670	
161	1105.171	280.2297	2681.6665	4298.6665	
162	1110.630	292.2744	2089.3333	3709.0000	
163	1116.081	414.6523	2762.3335	4495.0000	
164	1121.526	445.6972	2138.6665	3893.0000	
165	1126.963	509.9618	2769.0000	4558.3330	
166	1132.392	555.5603	2391.0000	4196.6665	
167	1137.815	486.1587	3005.6667	4712.6665	
168	1143.230	588.0911	2102.6667	3882.3333	
169	1148.637	586.9011	2918.6667	4674.0000	
170	1154.037	346.0448	2753.0000	4244.3335	
171	1159.430	266.5213	3060.3333	4449.0000	
172	1164.816	217.3313	2569.0000	3885.3335	
173	1170.194	173.0846	3673.6670	4956.0000	
174	1175.565	199.1720	3044.0000	4362.6665	
175	1180.928	248.8039	3856.0000	5242.0000	
176	1186.284	334.4713	3400.6665	4901.3335	
177	1191.632	307.4718	3773.0000	5262.3335	
178	1196.973	400.4727	3548.0000	5166.6670	
179	1202.307	542.8062	4048.6665	5836.6665	
180	1207.633	786.1399	3402.3335	5460.6665	
181	1212.951	881.2209	4179.0000	6336.0000	
182	1218.262	664.7805	3756.6665	5691.6665	
183	1223.566	537.4336	4240.0000	6056.3330	
184	1228.862	501.0882	3862.3335	5651.0000	
185	1234.151	327.1463	4596.0000	6237.6670	
186	1239.432	181.5368	4303.3335	5826.3330	
187	1244.705	301.2612	4512.0000	6181.6665	
188	1249.971	350.3193	4270.3335	6016.0000	
189	1255.230	316.4904	5299.6670	7063.0000	
190	1260.481	188.6618	4722.3335	6409.3330	
191	1265.724	245.1670	5364.3330	7159.3330	
192	1270.960	289.0051	5172.6665	7063.0000	
193	1276.188	272.8430	5739.0000	7664.6670	
194	1281.409	341.0136	5032.0000	7077.3330	
195	1286.622	517.8518	5740.6670	8014.3330	
196	1291.827	483.1638	5234.0000	7539.6665	
197	1297.025	400.7637	6069.3335	8327.6660	
198	1302.215	436.3656	5598.6665	7927.6670	
199	1307.397	492.2986	6314.6670	8734.6660	
200	1312.572	434.2314	5932.6670	8329.6660	
201	1317.739	256.5321	6221.3330	8451.3330	
202	1322.899	231.4977	6033.0000	8248.6660	
203	1328.051	582.6165	6475.3330	9034.6670	
204	1333.195	715.8068	6008.6665	8700.3340	
205	1338.331	599.7773	6709.0000	9284.0000	
206	1343.460	314.4153	5982.0000	8271.0000	
207	1348.581	210.7192	6797.0000	8981.6660	
208	1353.694	155.3582	6102.0000	8230.6670	
209	1358.800	382.9963	7130.0000	9485.6670	
210	1363.898	809.6333	6489.6670	9271.3330	
211	1368.988	947.6052	7119.3330	10038.3330	
212	1374.070	1004.2438	6578.0000	9553.0000	
213	1379.145	1344.5614	7191.3335	10515.3330	
214	1384.211	1281.8800	6650.0000	9920.0000	
215	1389.270	489.5311	7423.3330	9909.6660	
216	1394.322	38.5154	6632.6670	8676.6670	
217	1399.365	63.4563	7350.6670	9412.0000	
218	1404.401	265.5290	6762.6670	8996.6660	
219	1409.428	724.9357	7600.3335	10264.3330	
220	1414.448	1378.6759	6744.3330	10032.6660	
221	1419.460	1640.8414	7390.0000	10916.6660	
222	1424.464	1887.0079	6846.6660	10595.6660	
223	1429.461	2681.5066	7381.0000	11900.6660	
224	1434.449	3513.5435	6888.6670	12198.6670	
225	1439.430	4067.5811	7437.0000	13259.6660	
226	1444.403	4464.2866	6837.3330	13015.3320	
227	1449.367	4720.9922	7544.0000	13937.3340	
228	1454.324	4746.6963	6600.6670	12978.3340	
229	1459.273	4658.3467	7477.6670	13675.6660	
230	1464.214	3442.0000	6564.6660	11455.0000	
231	1469.147	2237.9849	7200.3330	10795.3340	
232	1474.073	1340.3031	6333.6670	8939.6670	
233	1478.990	735.0435	6948.3340	8871.3330	
234	1483.899	459.1181	6140.0000	7709.3330	
235	1488.800	327.1914	6935.3340	8295.0000	
236	1493.693	231.6010	6164.6665	7351.0000	
237	1498.579	184.4631	7107.3330	8163.6670	
238	1503.456	231.7754	6352.6670	7412.6670	
239	1508.325	222.0129	6771.0000	7804.6665	
240	1513.187	220.3341	4977.0000	5968.3335	
241	1518.040	212.5711	6241.6670	7152.6665	
242	1522.885	253.2258	6531.0000	7490.6660	
243	1527.722	260.6303	7616.3330	8526.0000	
244	1532.551	304.4515	6924.3330	7784.0000	
245	1537.372	321.6648	7664.0000	8646.0000	
246	1542.185	307.0494	6932.0000	7832.0000	
247	1546.990	281.9342	7732.0000	8694.0000	
248	1551.787	247.0689	7105.6670	8046.3335	
249	1556.575	239.1787	8029.3330	9050.3330	
250	1561.356	186.2060	7242.0000	8283.0000	
251	1566.128	226.8999	7897.3330	9052.0000	
252	1570.893	206.2597	7636.6670	8843.6660	
253	1575.649	270.0317	8023.3340	9408.6670	
254	1580.397	342.8042	7248.6670	8821.3330	
255	1585.137	369.9091	7986.6670	9701.0000	
256	1589.868	464.3496	6948.3330	8871.6670	
257	1594.592	568.1210	7453.0000	9594.6660	
258	1599.307	575.5590	6811.0000	9074.6660	
259	1604.014	606.4625	7870.6670	10299.6670	
260	1608.713	713.8612	7445.6670	10079.3340	
261	1613.404	886.0885	8138.3335	10996.0000	
262	1618.086	1015.3165	8050.0000	11088.6670	
263	1622.760	1062.2113	8230.3330	11367.6670	
264	1627.426	1358.4374	7424.0000	10909.3330	
265	1632.084	1992.1124	7807.3330	11950.3340	
266	1636.734	3172.6370	6832.6665	12158.0000	
267	1641.375	4066.4185	8168.6670	14391.0000	
268	1646.008	3944.8687	7168.3330	13272.3340	
269	1650.632	2970.2922	8068.6660	13128.3340	
270	1655.249	2320.3826	7017.6670	11357.6670	
271	1659.856	2200.4734	7837.3330	11987.6660	
272	1664.456	2732.2314	7375.6670	11988.0000	
273	1669.048	3523.9912	8090.3330	13424.6680	
274	1673.631	3679.7480	7012.6660	12433.0000	
275	1678.205	2944.5051	7067.3330	11682.6660	
276	1682.772	1698.5956	6896.0000	10195.6670	
277	1687.329	852.4000	6991.3335	9357.3330	
278	1691.879	319.2053	6846.0000	8591.3330	
279	1696.420	135.0112	7961.6670	9435.3340	
280	1700.953	183.2231	6693.6670	8144.6670	
281	1705.478	403.8320	7076.0000	8622.3330	
282	1709.994	554.4419	6084.0000	7655.6670	
283	1714.501	646.0503	7538.3330	9076.3330	
284	1719.000	536.6597	6363.6670	7667.0000	
285	1723.491	287.4565	6886.6670	7863.6670	
286	1727.973	193.9194	5175.6665	5982.0000	
287	1732.447	193.1195	6589.3330	7290.0000	
288	1736.912	245.7248	6251.3330	6997.3330	
289	1741.369	200.0800	6357.3330	6977.3330	
290	1745.818	237.6869	5095.0000	5700.0000	
291	1750.257	258.9587	6566.0000	7139.6665	
292	1754.689	286.3771	5763.6670	6294.0000	
293	1759.112	315.4012	6082.6670	6635.6670	
294	1763.526	332.8616	4354.3335	4915.6665	
295	1767.932	327.9680	5650.6670	6153.6665	
296	1772.329	351.3261	5868.0000	6365.3330	
297	1776.718	330.3977	5441.6670	5918.3330	
298	1781.098	312.8037	4094.0000	4553.3335	
299	1785.470	309.7924	4760.0000	5206.0000	
300	1789.833	309.5309	3883.6665	4345.0000	
301	1794.187	302.8542	4794.6670	5241.0000	
302	1798.533	302.0832	5082.3335	5568.3330	
303	1802.870	302.0619	5716.3335	6138.0000	
304	1807.199	307.2912	5276.6665	5735.0000	
305	1811.519	329.9366	4570.3335	5051.3335	
306	1815.830	315.5819	3823.6665	4290.3330	
307	1820.133	305.2278	4504.0000	4960.3335	
308	1824.427	307.5146	3812.3335	4247.3335	
309	1828.712	310.0179	5023.0000	5481.6665	
310	1832.989	309.0212	4223.0000	4686.0000	
311	1837.257	303.4412	3956.3330	4378.3335	
312	1841.516	300.6112	3608.3330	4046.0000	
313	1845.767	300.7383	4009.0000	4435.3335	
314	1850.009	298.8655	4482.0000	4923.6670	
315	1854.242	297.6802	4471.3330	4901.3335	
316	1858.467	301.7863	3720.6665	4142.3330	
317	1862.682	314.9569	3603.6665	4068.3335	
318	1866.889	316.7109	3019.6667	3465.6667	
319	1871.088	342.1316	2594.0000	3069.6667	
320	1875.277	332.7188	1945.3333	2446.3333	
321	1879.458	296.6397	2828.6665	3255.3335	
322	1883.630	315.8114	1579.6667	2034.3333	
323	1887.793	331.2899	1566.6665	2032.3334	
324	1891.947	309.4345	1481.3334	1920.6667	
325	1896.093	282.7265	2512.3335	2922.6667	
326	1900.230	245.6852	1553.3334	1924.3333	
327	1904.358	267.3108	2826.0000	3216.3335	
328	1908.477	280.6030	2298.3333	2699.6667	
329	1912.587	298.3161	2484.3333	2890.0000	
330	1916.688	372.1715	2150.0000	2627.6667	
331	1920.781	335.0270	2017.0000	2455.6667	
332	1924.864	329.2158	1958.0000	2389.0000	
333	1928.939	306.3403	2828.3335	3221.6665	
334	1933.005	298.8815	2043.6667	2453.0000	
335	1937.062	299.8394	1911.3334	2306.3333	
336	1941.110	308.2140	1664.6667	2062.0000	
337	1945.149	318.5053	2160.3335	2578.0000	
338	1949.179	317.0465	2054.0000	2464.6667	
339	1953.200	312.1711	1911.0000	2347.3333	
340	1957.212	293.5455	671.6667	1059.3333	
341	1961.216	302.8325	969.0000	1363.3334	
342	1965.210	364.4525	951.0000	1404.3333	
343	1969.195	311.0831	897.0000	1304.6666	
344	1973.172	280.4314	263.0000	636.6667	
345	1977.139	287.0030	486.6666	844.6667	
346	1981.098	306.9079	-190.6667	204.6667	
347	1985.047	298.3129	219.0000	603.3333	
348	1988.987	296.7180	-61.3333	319.0000	
349	1992.919	299.0833	438.6667	797.3334	
350	1996.841	317.5240	-369.0000	29.0000	
351	2000.754	321.3100	324.0000	715.3333	
352	2004.658	317.7626	-400.3333	10.6667	
353	2008.553	308.9028	247.0000	623.3333	
354	2012.439	304.6055	-389.3333	-3.0000	
355	2016.316	293.9539	252.6667	622.0000	
356	2020.184	300.5731	-477.0000	-114.0000	
357	2024.043	315.2758	227.6667	638.3333	
358	2027.892	323.0618	-421.0000	-57.6667	
359	2031.733	324.7645	166.6667	588.0000	
360	2035.564	318.1337	-450.3333	-63.0000	
361	2039.386	312.1667	237.3333	597.3334	
362	2043.199	313.8664	-463.6666	-74.3333	
363	2047.003	315.4410	165.3333	547.3333	
364	2050.798	303.9892	-469.6666	-107.3333	
365	2054.583	303.4436	173.0000	569.3334	
366	2058.360	292.7313	-385.6667	-19.0000	
367	2062.127	288.3524	193.0000	548.3333	
368	2065.885	299.3068	-388.3333	-14.0000	
369	2069.634	303.9279	159.0000	514.0000	
370	2073.373	336.5489	-359.0000	53.6667	
371	2077.103	309.8328	311.6667	687.6667	
372	2080.824	284.1721	-375.0000	-25.3333	
373	2084.536	316.9902	156.0000	537.0000	
374	2088.238	319.8082	-315.6667	85.0000	
375	2091.932	321.2929	19.3333	379.3333	
376	2095.615	321.4859	-330.0000	57.6667	
377	2099.290	313.6402	204.3333	595.0000	
378	2102.955	292.1695	-236.3333	112.6667	
379	2106.611	275.5322	197.6667	528.6667	
380	2110.258	284.2276	-452.6667	-114.3333	
381	2113.895	317.5017	-717.0000	-338.6667	
382	2117.523	323.1090	-171.6667	195.6667	
383	2121.142	325.7997	173.3333	565.0000	
384	2124.751	306.6571	-565.3334	-215.3333	
385	2128.351	303.5175	122.3333	439.3333	
386	2131.942	332.1223	-457.3333	-76.0000	
387	2135.523	320.5604	51.6667	420.0000	
388	2139.095	297.4157	-362.6667	-48.3333	
389	2142.657	298.1467	267.3333	618.3333	
390	2146.210	296.4611	-448.6667	-107.3333	
391	2149.754	287.5254	219.6667	533.3334	
392	2153.288	298.3148	-621.0000	-267.3333	
393	2156.812	296.1670	90.0000	408.0000	
394	2160.327	306.9775	-274.6667	32.0000	
395	2163.833	321.9340	300.0000	686.6667	
396	2167.330	331.6402	-311.0000	53.3333	
397	2170.816	319.9426	96.6667	481.6667	
398	2174.293	304.2448	-436.6666	-84.0000	
399	2177.761	287.6304	141.3333	481.3333	
400	2181.220	291.6827	-193.0000	155.0000	
401	2184.668	329.4017	440.3333	830.0000	
402	2188.108	333.0580	-371.0000	43.6667	
403	2191.537	331.7146	-26.6667	342.0000	
404	2194.958	329.2253	-412.6667	10.6667	
405	2198.368	328.0932	210.0000	599.3333	
406	2201.769	317.6269	-438.6667	-14.6667	
407	2205.161	282.5519	187.3333	551.0000	
408	2208.543	277.5603	-388.3333	-31.0000	
409	2211.915	281.9123	322.3333	653.0000	
410	2215.278	295.7643	-448.0000	-69.3333	
411	2218.631	299.2830	270.3333	636.3333	
412	2221.974	305.4684	-382.0000	-22.0000	
413	2225.308	330.3144	317.3333	702.6667	
414	2228.632	318.9815	-617.3333	-244.0000	
415	2231.947	296.9821	162.0000	512.6667	
416	2235.252	279.6492	-606.3334	-273.6667	
417	2238.547	288.3163	202.3333	543.0000	
418	2241.833	341.3167	-547.6667	-154.6667	
419	2245.109	356.6505	-47.0000	360.6667	
420	2248.375	332.9844	-426.6667	-43.3333	
421	2251.631	315.0750	255.0000	591.6666	
422	2254.878	315.5823	-467.0000	-86.0000	
423	2258.115	311.0896	218.3333	567.3333	
424	2261.343	299.9301	-390.6667	-17.0000	
425	2264.560	270.6336	208.6667	515.6666	
426	2267.768	290.5872	-144.6667	180.0000	
427	2270.966	293.6828	353.3333	689.0000	
428	2274.154	303.7253	-336.3333	9.3333	
429	2277.333	305.5977	176.0000	498.3333	
430	2280.502	313.3032	-364.3333	8.6667	
431	2283.661	321.6755	297.0000	642.0000	
432	2286.810	321.2144	-443.6667	-65.3333	
433	2289.949	314.9200	182.0000	539.6666	
434	2293.079	308.1591	-395.6667	-48.6667	
435	2296.198	306.7155	200.3333	554.3334	
436	2299.308	305.6888	-576.0000	-270.0000	
437	2302.408	305.6632	265.3333	620.6666	
438	2305.498	306.7211	-429.3333	-83.0000	
439	2308.579	307.2789	-14.3333	336.6667	
440	2311.649	307.0038	-559.6666	-244.3333	
441	2314.709	309.9511	350.6667	709.3334	
442	2317.760	304.2734	-290.0000	70.0000	
443	2320.801	290.2000	151.6667	461.0000	
444	2323.832	294.0442	-508.3333	-170.6667	
445	2326.853	304.5216	378.0000	683.0000	
446	2329.864	323.9156	-521.3334	-143.3333	
447	2332.865	334.1431	187.6667	535.3333	
448	2335.855	324.6165	-456.3333	-44.6667	
449	2338.837	297.7254	-28.3333	314.0000	
450	2341.808	300.2717	-354.3333	-16.6667	
451	2344.769	306.9430	407.6667	758.0000	
452	2347.720	299.9675	-600.3333	-263.6667	
453	2350.661	294.5487	300.0000	676.0000	
454	2353.592	291.2966	-427.0000	-120.0000	
455	2356.513	299.9745	178.3333	515.0000	
456	2359.424	302.8818	-470.6667	-139.0000	
457	2362.325	309.8402	209.3333	566.0000	
458	2365.216	311.3820	-298.3333	44.0000	
459	2368.097	324.0070	150.3333	508.6666	
460	2370.968	315.3822	-236.0000	137.0000	
461	2373.829	310.7765	130.0000	447.6667	
462	2376.680	312.2955	-286.0000	57.6667	
463	2379.520	316.5231	295.3333	618.3333	
464	2382.351	320.2922	-395.6667	-44.3333	
465	2385.171	317.3531	70.0000	400.3333	
466	2387.982	315.5806	-357.0000	-17.0000	
467	2390.782	311.7040	233.0000	527.3334	
468	2393.572	315.9312	-557.3333	-230.0000	
469	2396.352	309.7038	181.3333	522.3334	
470	2399.121	296.9969	-307.3333	-22.3333	
471	2401.881	287.5401	332.0000	638.3334	
472	2404.630	288.7493	-609.6666	-348.6667	
473	2407.369	292.0146	236.3333	524.0000	
474	2410.098	287.2799	-427.6667	-153.3333	
475	2412.817	297.2118	345.0000	613.6667	
476	2415.526	317.4241	-366.0000	-61.3333	
477	2418.224	319.2848	316.0000	592.3334	
478	2420.912	316.7913	-465.0000	-164.3333	
479	2423.590	311.5894	84.3333	361.3333	
480	2426.258	307.0334	-443.6667	-138.0000	
481	2428.915	325.5815	211.6667	458.0000	
482	2431.562	348.1713	-473.3333	-190.0000	
483	2434.199	344.6154	207.6667	465.6667	
484	2436.826	344.3941	778.3333	1269.3334	
485	2439.442	266.5529	245.6667	478.6667	
486	2442.048	263.3784	-630.6667	-406.3333	
487	2444.644	272.5372	108.3333	336.3333	
488	2447.229	339.6966	-458.3334	-168.6667	
489	2449.804	323.0489	31.0000	298.6667	
490	2452.368	306.8407	-528.6666	-269.3333	
491	2454.923	306.3136	368.3333	628.3333	
492	2457.467	307.7877	-362.0000	-124.0000	
493	2460.000	309.0877	276.6667	524.3333	
494	2462.523	309.4711	-573.3334	-326.0000	
495	2465.036	292.8544	275.3333	486.0000	
496	2467.539	301.2378	-336.3333	-96.6667	
497	2470.031	308.2878	406.6666	626.6667	
498	2472.512	310.3170	-440.6667	-165.0000	
499	2474.983	311.6170	445.0000	678.6666	
500	2477.444	313.2701	-364.0000	-120.6667	
501	2479.894	314.2292	-3.3333	246.6667	
502	2482.334	309.8131	-465.6667	-198.3333	
503	2484.763	298.7513	242.6667	442.3333	
504	2487.182	299.1479	-390.3333	-151.0000	
505	2489.590	304.3361	182.3333	428.6667	
506	2491.988	290.9827	-384.6667	-166.0000	
507	2494.375	298.0458	217.0000	442.3333	
508	2496.752	312.2548	-608.3333	-381.0000	
509	2499.119	311.4013	239.0000	447.3333	
510	2501.475	341.9020	-300.0000	-32.0000	
511	2503.820	294.6318	-86.0000	134.3333	
