resultName	muna16-31
resultName	muna16-31
ID	RS20191212115911_P19331194
Command	SCANANDSEARCH
User	Admin
Application	_Analyze
SerialNumber	P19331194
Power	280
Integration	900
Averages	3
AutoExposure	Off
AutoCollect	Off
QuickCollect	Off
AutoBackground	On
BaselineCorrection	On
Algorithm	Wavelet
Searched Library	All,None,None,None
MixtureComponents	2
matchThreshold	0.75
displayMatches	1
Threshold	0.80
WL Start	
WL End	
ServerVersion	3.180316
FirmwareVersion	
date	2019-12-12
time	11:59:11
scanindex	0
specpath	RS20191212115911_P19331194.xml
Search Range	200 - 2500
Synced	false
lastCalDateTime	2019-12-12 08:43:43
lastCalUser	Admin
lastCalResult	PASS
lastVerifyDateTime	2019-10-16 15:05:37
lastVerifyUser	Admin
lastVerifyResult	PASS
selectedMaterial	
result	No Match
ValidationGUID	
ValidationMatchQuality	
topMatch	
topMatchGUID	
topMatchQuality	
secondMatch	
secondMatchGUID	
secondMatchQuality	
thirdMatch	
thirdMatchGUID	
thirdMatchQuality	
fourthMatch	
fourthMatchGUID	
fourthMatchQuality	
fifthMatch	
fifthMatchGUID	
fifthMatchQuality	
signedBy	
signedDateTime	
softwareVer	1.7.0.21
memo	
batchID	
inBatch	false
batchUID	
batchCID1	
batchCIDlbl1	
batchCID2	
batchCIDlbl2	
batchCID3	
batchCIDlbl3	
batchCID4	
batchCIDlbl4	
batchCID5	
batchCIDlbl5	
signedTitle	
signedReason	
rescanned	
barcode	
topMatchContribs	
secondMatchContribs	
thirdMatchContribs	
fourthMatchContribs	
fifthMatchContribs	
ValidationMatchContribs	
Threat	
PrecursorList	
CompundName	
WindowStart4C	
MatchLibrary	
lastModified	2019/12/12 12:03
Signal2Noise	47.38
Detector TEC SetPoint	0x8000
Detector Temp	4.99
Laser Temp	25.38
OE1 Temp	35.38
OE2 Temp	39.88
Detector Gain	200
SaturationDetected	false
InterpolatedPixelList	
PeakList	 287.4	791	296.7	652	324.0	465	335.0	438	398.1	615	444.4	483	480.9	433	649.7	1552	678.8	944	735.9	720	750.4	665	805.7	491	840.2	775	960.1	600	1092.7	523	1127.1	673	1141.2	656	1207.7	509	1249.2	543	1337.0	806	1369.0	944	1457.9	4647	1645.6	2287	1677.5	1705	1712.8	857
index	Raman Shift (cm-1)	Y value (counts)	background (counts)	raw value (counts)
0	137.923	213.6941	3271.3335	5701.0000	
1	144.410	242.4250	3524.0000	5922.3335	
2	150.891	191.4888	3745.3335	6032.6670	
3	157.367	220.2192	3962.6670	6218.6670	
4	163.837	299.9501	3546.0000	5821.6670	
5	170.302	311.3465	4219.3335	6446.3330	
6	176.762	315.4109	3874.0000	6045.0000	
7	183.215	306.4747	3930.0000	6032.0000	
8	189.664	158.8716	3587.3335	5481.6665	
9	196.106	211.9360	4208.6665	6096.0000	
10	202.544	185.9998	4035.0000	5836.3335	
11	208.975	239.7301	4484.3335	6279.3335	
12	215.401	300.4610	3845.0000	5640.6670	
13	221.822	245.8750	4369.6670	6075.0000	
14	228.236	213.9747	4290.6665	5921.3335	
15	234.646	117.8155	4598.6665	6143.3335	
16	241.049	144.6559	3685.3335	5267.0000	
17	247.447	124.4963	4138.6670	5710.3330	
18	253.839	121.6712	3671.6665	5250.6665	
19	260.226	224.5121	4071.0000	5763.0000	
20	266.607	188.3530	3151.0000	4817.0000	
21	272.982	293.0781	4316.6665	6120.6665	
22	279.352	578.8030	3854.6667	5977.6665	
23	285.716	790.5283	3669.0000	6037.0000	
24	292.074	626.5873	3184.0000	5421.3335	
25	298.426	652.3876	3313.6665	5605.6670	
26	304.773	543.5201	2996.6667	5208.6665	
27	311.114	417.6536	3848.3335	5963.3335	
28	317.449	371.7890	2995.3333	5103.6665	
29	323.779	465.1487	3190.0000	5347.3335	
30	330.102	422.8413	2797.3333	4868.0000	
31	336.420	438.2003	3452.0000	5493.6665	
32	342.732	397.5598	3198.0000	5154.6665	
33	349.039	249.9193	3154.0000	4918.6665	
34	355.339	95.9455	2434.6667	4001.0000	
35	361.634	52.5532	3412.6665	4881.3330	
36	367.923	70.6323	2397.3335	3842.0000	
37	374.205	167.8535	2527.0000	4059.0000	
38	380.483	476.4082	2697.0000	4527.6670	
39	386.754	432.6291	2798.0000	4575.0000	
40	393.019	363.1833	2034.3333	3732.0000	
41	399.278	614.9071	2696.3333	4634.0000	
42	405.532	448.9640	2135.3335	3895.3335	
43	411.779	195.0210	1326.0000	2820.3333	
44	418.021	209.4116	1470.0000	2967.0000	
45	424.257	229.8940	1642.3335	3151.6665	
46	430.487	247.3771	844.0000	2362.6667	
47	436.710	357.1933	714.3334	2334.6667	
48	442.928	483.0094	489.6667	2227.6667	
49	449.140	473.6315	1107.0000	2837.6665	
50	455.346	430.7100	383.3333	2056.0000	
51	461.546	223.7883	451.6667	1902.3335	
52	467.739	155.1999	404.0000	1771.0000	
53	473.927	341.8861	733.3333	2258.6667	
54	480.109	433.2386	247.6667	1836.0000	
55	486.285	325.9249	89.6667	1542.3334	
56	492.454	259.9337	145.0000	1494.6667	
57	498.618	183.4424	546.0000	1795.3333	
58	504.775	110.2846	215.6667	1368.0000	
59	510.926	174.1265	261.3333	1453.6666	
60	517.072	200.3020	94.6667	1289.3334	
61	523.211	298.4719	412.3333	1685.0000	
62	529.344	289.9753	-78.3333	1165.6667	
63	535.471	302.8116	508.6667	1745.3333	
64	541.591	208.8151	-71.3333	1002.6666	
65	547.706	228.9850	573.0000	1670.6667	
66	553.814	208.3217	766.0000	1847.6667	
67	559.917	187.4916	1106.0000	2146.6667	
68	566.013	215.6616	362.0000	1410.6667	
69	572.102	244.2367	576.0000	1661.0000	
70	578.186	245.0716	-105.0000	995.3334	
71	584.263	217.6764	193.0000	1287.6666	
72	590.334	88.6143	-161.3333	826.0000	
73	596.399	86.6115	470.6667	1499.0000	
74	602.458	256.9422	356.0000	1597.6667	
75	608.510	558.2728	506.3333	2092.3333	
76	614.556	824.9368	459.0000	2354.6667	
77	620.596	888.3707	700.6666	2679.3333	
78	626.630	564.7029	425.6667	2098.6665	
79	632.657	745.0356	536.0000	2407.3335	
80	638.677	965.7010	306.0000	2416.0000	
81	644.692	1454.3666	836.3334	3453.0000	
82	650.700	1552.3656	177.6667	2910.3333	
83	656.702	1058.3650	149.3333	2406.0000	
84	662.697	706.6971	47.0000	1970.0000	
85	668.686	637.2268	218.0000	2058.6667	
86	674.669	832.7566	-273.3333	1750.0000	
87	680.645	943.9530	275.6667	2397.3335	
88	686.615	592.1494	152.0000	1909.0000	
89	692.578	264.3559	594.3333	2001.3333	
90	698.535	221.1457	14.0000	1304.0000	
91	704.486	234.4715	203.0000	1610.3333	
92	710.430	182.4900	52.0000	1314.0000	
93	716.368	81.2459	194.3333	1348.6666	
94	722.299	212.0020	58.6667	1337.3334	
95	728.223	563.0913	266.6667	1890.0000	
96	734.141	719.5138	15.3333	1788.6665	
97	740.053	582.6033	507.3333	2137.3333	
98	745.958	610.1229	224.3333	1868.0000	
99	751.857	665.0828	838.6667	2542.3333	
100	757.749	468.0429	11.6667	1523.3334	
101	763.634	318.7677	657.0000	2017.3334	
102	769.513	169.4090	122.0000	1296.3334	
103	775.385	123.8838	482.6667	1662.0000	
104	781.251	86.2752	170.3333	1292.0000	
105	787.110	133.4023	736.6666	1906.6665	
106	792.963	178.8627	538.0000	1754.6665	
107	798.809	342.6568	892.3333	2274.0000	
108	804.648	491.1172	355.3333	1886.6667	
109	810.481	427.7899	886.3334	2380.3333	
110	816.307	288.4633	293.6667	1674.3333	
111	822.126	206.4700	771.0000	2095.6667	
112	827.938	216.6523	306.3333	1677.3333	
113	833.744	539.3290	800.0000	2521.0000	
114	839.544	774.6722	425.6667	2409.3333	
115	845.336	468.0157	835.6666	2540.0000	
116	851.122	393.6925	552.6666	2210.0000	
117	856.901	416.9819	810.0000	2498.3335	
118	862.673	375.2710	693.6667	2348.0000	
119	868.439	420.3553	777.0000	2472.3333	
120	874.198	302.2287	364.6667	1935.3333	
121	879.950	224.8194	797.0000	2272.6667	
122	885.695	201.4097	443.6667	1878.3333	
123	891.434	259.0005	833.6667	2308.3335	
124	897.165	358.5909	620.0000	2176.6667	
125	902.890	295.6225	622.0000	2091.6667	
126	908.608	187.6543	268.3333	1606.0000	
127	914.319	207.0191	799.3334	2132.3333	
128	920.024	183.0509	139.3333	1424.3333	
129	925.721	207.4159	766.3334	2051.6665	
130	931.412	223.3852	180.6667	1508.6667	
131	937.095	221.4797	782.3333	2033.6667	
132	942.772	178.5113	305.6667	1490.0000	
133	948.442	234.3419	669.6667	1904.0000	
134	954.105	402.3207	205.0000	1598.6666	
135	959.761	599.9661	519.6667	2102.3335	
136	965.410	388.9448	315.6667	1678.6667	
137	971.053	304.7850	530.3334	1714.6667	
138	976.688	301.0419	-97.3333	1226.3334	
139	982.316	274.0486	405.0000	1664.3333	
140	987.937	232.4981	340.0000	1521.3333	
141	993.552	212.0897	340.6667	1557.6667	
142	999.159	206.5977	99.0000	1297.3333	
143	1004.759	209.4394	586.3334	1817.0000	
144	1010.352	211.6975	-18.6667	1228.0000	
145	1015.939	198.4558	464.0000	1695.6666	
146	1021.518	214.7139	350.0000	1625.6665	
147	1027.090	212.8055	565.6667	1852.6667	
148	1032.655	248.5634	232.3333	1568.3333	
149	1038.213	225.6478	511.6667	1851.3333	
150	1043.764	264.9823	182.0000	1635.0000	
151	1049.307	238.4002	444.0000	1843.6667	
152	1054.844	236.2350	-45.0000	1349.3333	
153	1060.373	259.0852	570.0000	2043.0000	
154	1065.896	241.7336	273.0000	1760.6667	
155	1071.411	248.1946	594.6666	2044.0000	
156	1076.919	349.9890	301.3333	1926.6667	
157	1082.420	365.0765	648.6667	2286.0000	
158	1087.914	299.4975	113.3333	1682.0000	
159	1093.400	522.9186	671.0000	2460.0000	
160	1098.880	418.6728	547.0000	2228.6665	
161	1104.352	185.4119	759.0000	2191.6667	
162	1109.817	192.6650	325.6667	1746.3335	
163	1115.274	372.9178	899.0000	2480.6667	
164	1120.725	523.1708	341.0000	2053.6667	
165	1126.168	673.4000	779.6666	2610.0000	
166	1131.604	593.6294	399.0000	2117.0000	
167	1137.032	576.5251	929.3334	2597.6665	
168	1142.453	655.7544	203.3333	1918.3334	
169	1147.868	578.2319	834.0000	2447.3335	
170	1153.274	290.0426	490.3333	1791.3333	
171	1158.674	268.8532	858.0000	2113.6665	
172	1164.066	139.6640	418.3333	1520.6666	
173	1169.450	130.0686	1124.6667	2224.0000	
174	1174.828	156.4732	645.0000	1777.3333	
175	1180.198	200.3550	1181.0000	2370.0000	
176	1185.560	218.5993	754.6666	1987.0000	
177	1190.916	190.5100	1101.0000	2286.3335	
178	1196.263	261.7542	855.3333	2190.0000	
179	1201.604	397.9981	1150.3334	2649.3333	
180	1206.937	509.2422	632.6666	2271.0000	
181	1212.262	455.3183	1236.6666	2839.6665	
182	1217.581	377.3191	879.6666	2415.0000	
183	1222.891	362.5902	1271.3334	2810.6667	
184	1228.194	276.8608	834.3333	2306.6667	
185	1233.490	198.9317	1399.3333	2823.6667	
186	1238.778	199.0027	1104.0000	2558.3335	
187	1244.059	376.7400	1402.3334	3064.3333	
188	1249.333	543.1438	1080.6667	2939.0000	
189	1254.598	346.1465	1808.6667	3494.3330	
190	1259.856	197.1497	1326.3333	2887.3333	
191	1265.107	210.4862	1822.0000	3420.6670	
192	1270.350	276.1552	1535.0000	3223.6665	
193	1275.586	226.8249	1926.6667	3590.3335	
194	1280.814	252.4941	1312.0000	3025.6665	
195	1286.034	320.4971	1935.0000	3741.0000	
196	1291.247	246.8885	1403.0000	3172.3335	
197	1296.452	109.3846	2035.3333	3711.6665	
198	1301.650	26.2141	1685.6667	3323.3333	
199	1306.840	156.7105	2253.0000	4065.6665	
200	1312.022	394.5409	1869.6667	3964.6665	
201	1317.197	235.0779	2016.3333	3977.6665	
202	1322.364	251.2815	1886.6667	3890.0000	
203	1327.523	481.0244	2177.6667	4420.6665	
204	1332.674	733.9563	1867.3333	4380.0000	
205	1337.818	806.4747	2393.6665	4990.3335	
206	1342.955	531.6592	1722.6667	4056.0000	
207	1348.083	351.8445	2402.3333	4567.3335	
208	1353.204	292.3624	1783.0000	3900.0000	
209	1358.317	559.8804	2606.6667	5002.6665	
210	1363.422	916.7319	2036.0000	4800.3330	
211	1368.520	943.9175	2521.6665	5324.6670	
212	1373.610	835.1019	2073.3333	4779.0000	
213	1378.692	783.6597	2532.6667	5190.0000	
214	1383.766	596.2178	2136.0000	4609.0000	
215	1388.832	241.7759	2762.0000	4883.6670	
216	1393.891	0.0000	2061.6667	3944.6670	
217	1398.942	53.4339	2636.6665	4568.0000	
218	1403.984	159.5188	2220.3335	4226.0000	
219	1409.020	462.2709	2923.6667	5200.3335	
220	1414.047	755.6886	2222.0000	4760.3330	
221	1419.066	1057.6682	2701.0000	5514.0000	
222	1424.078	1397.6473	2284.0000	5409.6665	
223	1429.081	1934.6263	2687.0000	6322.3330	
224	1434.077	2598.3792	2352.3333	6607.0000	
225	1439.065	2997.3335	2708.0000	7318.3335	
226	1444.045	3319.2876	2341.3333	7230.3330	
227	1449.016	3811.2419	2883.6667	8221.3340	
228	1453.980	4202.8628	2168.3335	7854.3330	
229	1458.936	4646.5737	2827.0000	8883.6670	
230	1463.885	3512.2837	2189.6667	7039.0000	
231	1468.825	2223.3281	2721.6665	6209.0000	
232	1473.757	1323.0376	2074.6667	4588.6665	
233	1478.681	786.1296	2541.6665	4454.6665	
234	1483.597	471.5547	1948.6667	3483.0000	
235	1488.505	355.6463	2607.3335	3961.6670	
236	1493.405	198.4047	1965.6666	3098.6665	
237	1498.297	172.8267	2724.6667	3786.0000	
238	1503.181	195.8496	2043.6667	3089.0000	
239	1508.057	154.5117	2551.3333	3524.0000	
240	1512.924	133.6733	1604.3333	2502.6667	
241	1517.784	152.4182	2349.3335	3280.6670	
242	1522.635	185.4135	2215.6667	3095.3333	
243	1527.479	219.2415	3000.6665	3923.0000	
244	1532.314	250.5695	2351.6665	3256.6665	
245	1537.142	282.3509	2971.6665	3913.0000	
246	1541.961	259.7315	2278.3333	3231.0000	
247	1546.772	249.2790	2998.6665	3963.3335	
248	1551.574	230.7430	2390.3333	3351.3335	
249	1556.369	205.3466	3085.0000	4111.3335	
250	1561.155	138.0336	2498.6665	3513.0000	
251	1565.933	169.5545	2969.6667	4102.0000	
252	1570.703	181.5733	2703.0000	3914.6665	
253	1575.465	165.1675	3023.3335	4325.6670	
254	1580.219	229.0945	2453.0000	3926.3330	
255	1584.964	285.0222	3024.0000	4660.3335	
256	1589.701	382.6158	2223.6667	4064.6665	
257	1594.430	301.5430	2844.6667	4711.6665	
258	1599.150	313.1372	2256.6667	4242.3335	
259	1603.863	252.9253	2868.0000	4919.0000	
260	1608.567	211.2815	2594.3335	4695.6665	
261	1613.262	267.5877	3012.3333	5234.0000	
262	1617.949	289.2278	2938.0000	5245.3335	
263	1622.629	254.2000	3090.6665	5427.0000	
264	1627.299	277.5061	2522.3333	4946.0000	
265	1631.961	516.8789	2849.6667	5553.3335	
266	1636.615	1045.8738	2169.0000	5421.3330	
267	1641.261	1878.2719	3169.0000	7273.6660	
268	1645.898	2287.0044	2321.0000	6854.3330	
269	1650.527	1684.8988	2969.0000	6851.0000	
270	1655.147	858.4607	2329.3335	5335.6665	
271	1659.759	547.0227	2938.6667	5584.3335	
272	1664.363	685.5835	2423.6665	5158.6665	
273	1668.958	1065.1440	3089.0000	6154.3330	
274	1673.544	1475.3729	2236.3333	5662.6665	
275	1678.123	1705.2684	2428.3333	6035.3335	
276	1682.692	1269.8291	2333.6665	5456.0000	
277	1687.254	750.1123	2514.3333	5033.3335	
278	1691.806	376.3972	2181.0000	4242.6670	
279	1696.350	171.6792	2922.0000	4695.3330	
280	1700.886	230.2117	2071.3335	3835.3335	
281	1705.413	555.7727	2571.6665	4539.3335	
282	1709.932	818.6653	1810.0000	3918.6665	
283	1714.442	857.2266	2615.6667	4641.0000	
284	1718.944	498.4534	1893.0000	3437.6670	
285	1723.437	177.0596	2570.3333	3708.3335	
286	1727.921	76.9976	1517.3333	2470.0000	
287	1732.397	125.6563	2327.0000	3233.0000	
288	1736.864	99.9135	1902.3334	2680.0000	
289	1741.323	166.4218	2171.0000	2991.3333	
290	1745.773	170.1800	1408.0000	2159.0000	
291	1750.214	179.3537	2295.0000	2988.6665	
292	1754.647	240.1956	1628.3333	2316.3333	
293	1759.071	219.9961	2161.0000	2797.3333	
294	1763.486	240.2143	1070.3333	1696.3333	
295	1767.893	271.6814	1893.0000	2544.0000	
296	1772.291	265.0646	1583.3334	2170.3333	
297	1776.680	257.2570	1807.3335	2381.6667	
298	1781.061	264.1992	925.0000	1507.3333	
299	1785.432	244.2249	1631.3335	2176.6667	
300	1789.796	242.1672	831.3334	1367.6666	
301	1794.150	241.9805	1586.0000	2105.0000	
302	1798.495	246.2529	1394.6666	1936.0000	
303	1802.832	249.2128	1950.6665	2470.6667	
304	1807.160	253.4852	1535.3334	2086.0000	
305	1811.480	238.7574	1367.6666	1879.6665	
306	1815.790	227.0300	968.6667	1464.6667	
307	1820.092	217.1357	1590.3333	2056.6667	
308	1824.385	239.5255	894.3334	1387.3333	
309	1828.669	249.9484	1736.6667	2208.6665	
310	1832.944	287.1215	986.3333	1522.0000	
311	1837.210	253.9610	1255.6667	1756.3335	
312	1841.468	239.4670	944.3334	1428.6666	
313	1845.716	221.9525	1104.3334	1575.3333	
314	1849.956	221.5212	1197.0000	1654.3333	
315	1854.187	228.9234	1406.3333	1892.6667	
316	1858.409	278.7419	754.3333	1294.6666	
317	1862.622	270.7210	1046.3333	1574.0000	
318	1866.826	259.1169	624.3333	1115.3334	
319	1871.021	263.7625	806.3334	1346.3333	
320	1875.207	243.9917	117.6667	604.6667	
321	1879.384	239.2207	879.3334	1351.0000	
322	1883.552	234.4406	116.6667	596.3333	
323	1887.712	237.9300	462.3333	934.3334	
324	1891.862	226.0027	79.3333	530.3334	
325	1896.003	231.3713	849.0000	1302.0000	
326	1900.135	244.0734	124.3333	586.6667	
327	1904.258	244.2754	846.6666	1321.6666	
328	1908.372	234.8108	270.0000	716.3333	
329	1912.478	231.3628	713.0000	1144.6666	
330	1916.574	235.6614	260.0000	696.3334	
331	1920.661	253.6265	579.0000	1033.6666	
332	1924.738	255.4039	159.3333	650.3333	
333	1928.807	253.0475	920.6667	1350.3333	
334	1932.867	252.2744	234.0000	693.0000	
335	1936.917	244.6055	666.0000	1114.3334	
336	1940.959	253.5616	174.6667	558.6667	
337	1944.991	270.3926	501.3334	977.0000	
338	1949.014	258.9529	248.3333	713.3333	
339	1953.028	249.1798	611.3333	1067.3333	
340	1957.033	239.5737	-71.3333	360.3333	
341	1961.029	240.6803	280.6667	742.3333	
342	1965.015	239.9534	90.3333	506.6666	
343	1968.992	232.7596	200.0000	674.0000	
344	1972.960	239.2234	-294.6667	134.6667	
345	1976.919	243.9633	160.0000	618.3334	
346	1980.869	235.5366	-308.0000	128.3333	
347	1984.809	207.6099	6.6667	410.3333	
348	1988.740	247.0164	-335.6667	102.6667	
349	1992.661	255.6616	300.0000	742.3334	
350	1996.574	266.2219	-449.0000	-9.6667	
351	2000.477	259.5063	249.0000	680.0000	
352	2004.371	256.5407	-460.3333	-17.3333	
353	2008.256	244.8251	234.0000	640.6666	
354	2012.131	234.9428	-464.0000	-47.0000	
355	2015.997	213.6439	232.0000	605.6667	
356	2019.853	235.5950	-489.3333	-96.3333	
357	2023.701	251.5551	218.0000	640.6667	
358	2027.538	251.4320	-465.6667	-63.0000	
359	2031.367	249.3922	157.6667	571.0000	
360	2035.186	249.8526	-435.3333	-47.0000	
361	2038.996	250.9313	192.3333	602.6667	
362	2042.796	253.0102	-483.3333	-83.0000	
363	2046.587	252.3390	115.6667	536.0000	
364	2050.368	234.2431	-511.0000	-111.6667	
365	2054.140	232.9812	159.3333	554.6666	
366	2057.903	244.5111	-402.6667	-48.3333	
367	2061.656	264.4577	147.6667	569.0000	
368	2065.399	251.5292	-419.0000	-13.3333	
369	2069.133	238.9341	143.3333	533.6666	
370	2072.858	233.6723	-362.0000	20.3333	
371	2076.573	217.8012	296.0000	650.6667	
372	2080.278	225.8478	-397.3333	-36.6667	
373	2083.974	244.1537	170.3333	558.6667	
374	2087.661	252.2094	-316.0000	54.0000	
375	2091.338	256.7652	-30.6667	370.0000	
376	2095.005	252.6545	-350.6667	46.0000	
377	2098.663	250.3075	210.0000	620.3334	
378	2102.311	248.7938	-214.0000	143.3333	
379	2105.949	247.9884	145.6667	538.3334	
380	2109.578	247.6411	-495.0000	-103.0000	
381	2113.198	244.8106	-755.3334	-373.0000	
382	2116.807	246.2717	-211.3333	146.3333	
383	2120.407	249.1287	120.3333	536.6667	
384	2123.998	252.3606	-609.6666	-240.6667	
385	2127.579	240.7660	58.6667	438.6667	
386	2131.150	231.4403	-466.6667	-102.0000	
387	2134.711	229.9687	49.0000	383.0000	
388	2138.263	233.5808	-463.0000	-54.6667	
389	2141.805	238.6048	261.0000	592.3334	
390	2145.337	241.3996	-456.6667	-92.0000	
391	2148.859	248.7152	195.6667	547.0000	
392	2152.372	263.9410	-639.0000	-256.6667	
393	2155.875	267.6133	44.6667	411.6667	
394	2159.368	264.7441	-351.0000	27.6667	
395	2162.852	260.2914	274.6667	641.3333	
396	2166.326	249.1305	-303.6667	52.0000	
397	2169.790	230.4252	128.0000	466.0000	
398	2173.244	225.3865	-452.3333	-118.3333	
399	2176.688	229.7646	177.3333	491.3334	
400	2180.123	243.2260	-246.0000	139.6667	
401	2183.547	256.9373	403.6667	727.6666	
402	2186.962	255.8987	-380.0000	12.0000	
403	2190.367	254.2767	-58.0000	315.0000	
404	2193.762	247.1547	-444.3333	-82.3333	
405	2197.147	221.4052	190.3333	528.0000	
406	2200.522	235.6417	-445.3333	-83.0000	
407	2203.888	272.7330	151.3333	553.0000	
408	2207.243	253.4911	-404.6667	-20.0000	
409	2210.589	214.5441	299.0000	646.3333	
410	2213.924	206.9305	-444.3333	-103.0000	
411	2217.250	214.0669	290.3333	615.6667	
412	2220.565	248.7032	-401.3333	-15.0000	
413	2223.871	268.2303	287.3333	684.3333	
414	2227.167	269.4244	-663.0000	-265.6667	
415	2230.453	262.4519	80.3333	486.0000	
416	2233.728	231.8127	-650.3334	-292.3333	
417	2236.994	227.0067	150.3333	502.6666	
418	2240.250	243.2009	-564.6666	-197.0000	
419	2243.495	254.1659	-47.3333	341.0000	
420	2246.731	255.0268	-424.0000	-47.3333	
421	2249.957	257.5977	241.0000	597.3334	
422	2253.172	273.4395	-484.3333	-92.0000	
423	2256.377	271.3645	179.6667	568.0000	
424	2259.573	251.9563	-395.0000	-28.0000	
425	2262.758	222.3983	185.6667	521.3333	
426	2265.933	233.4235	-160.6667	149.3333	
427	2269.098	234.9095	297.3333	668.0000	
428	2272.253	236.8698	-350.0000	13.3333	
429	2275.397	253.6914	136.6667	507.6667	
430	2278.532	248.1795	-377.3333	11.0000	
431	2281.656	222.8345	312.6667	653.6667	
432	2284.771	232.4059	-418.0000	-84.0000	
433	2287.875	247.3108	179.6667	546.0000	
434	2290.968	252.2307	-424.3333	-61.6667	
435	2294.052	243.8858	166.0000	516.6666	
436	2297.125	238.3745	-630.6667	-265.3333	
437	2300.188	229.6669	261.0000	605.6667	
438	2303.241	230.1260	-464.6667	-118.0000	
439	2306.284	270.2517	-44.0000	344.3333	
440	2309.316	263.6275	-600.6667	-210.3333	
441	2312.338	256.3910	310.6667	678.3333	
442	2315.350	256.0085	-322.6667	64.0000	
443	2318.352	245.8970	98.0000	464.6667	
444	2321.343	243.8482	-525.0000	-170.0000	
445	2324.323	246.1416	326.6667	707.3333	
446	2327.294	241.1017	-533.0000	-175.3333	
447	2330.254	240.0618	148.0000	502.3333	
448	2333.204	234.3557	-450.3333	-102.6667	
449	2336.144	237.5507	-42.3333	328.3333	
450	2339.073	235.0789	-409.6667	-59.6667	
451	2341.991	233.2738	372.0000	717.0000	
452	2344.900	239.9060	-586.3334	-256.3333	
453	2347.798	246.0493	297.3333	651.3334	
454	2350.685	252.6301	-477.0000	-98.3333	
455	2353.562	251.8962	164.3333	505.3333	
456	2356.429	246.7965	-529.3333	-163.0000	
457	2359.285	249.0949	203.3333	515.0000	
458	2362.130	251.2268	-353.3333	2.0000	
459	2364.966	251.2753	160.3333	502.0000	
460	2367.790	245.7204	-266.6667	65.3333	
461	2370.604	248.7032	57.6667	383.3333	
462	2373.408	246.6235	-322.3333	43.6667	
463	2376.202	230.3562	264.0000	573.6666	
464	2378.984	238.0057	-453.3334	-139.0000	
465	2381.756	246.6551	71.3333	391.3333	
466	2384.518	245.6171	-378.3333	-39.3333	
467	2387.269	240.9540	208.3333	516.6666	
468	2390.010	250.6029	-615.6667	-300.6667	
469	2392.739	254.1304	132.0000	485.6667	
470	2395.458	247.5089	-414.0000	-101.0000	
471	2398.167	252.7000	284.0000	577.3334	
472	2400.865	256.9749	-678.0000	-330.0000	
473	2403.553	247.5762	213.3333	514.6667	
474	2406.229	236.2608	-464.0000	-176.6667	
475	2408.896	239.4454	295.6667	584.6666	
476	2411.551	234.2811	-395.6667	-126.0000	
477	2414.196	239.1202	278.6667	541.6666	
478	2416.830	247.6257	-505.0000	-206.6667	
479	2419.453	245.0481	64.6667	330.3333	
480	2422.066	245.3870	-426.3333	-124.0000	
481	2424.668	217.6426	179.6667	431.0000	
482	2427.260	236.7525	-462.3333	-215.0000	
483	2429.840	269.3206	161.6667	464.0000	
484	2432.410	271.5761	821.3334	1171.6666	
485	2434.969	262.0824	180.3333	457.0000	
486	2437.517	242.3387	-702.6666	-415.0000	
487	2440.055	230.3452	64.6667	323.6667	
488	2442.581	238.6844	-483.6666	-217.6667	
489	2445.097	252.8227	-2.3333	277.0000	
490	2447.602	248.4004	-554.0000	-270.6667	
491	2450.096	247.4874	317.6667	610.3333	
492	2452.580	243.7411	-404.0000	-153.0000	
493	2455.052	243.9904	217.6667	512.6666	
494	2457.514	244.9063	-633.0000	-372.3333	
495	2459.965	238.0723	196.6667	481.3333	
496	2462.405	233.7383	-356.3333	-110.6667	
497	2464.834	228.1542	387.0000	645.6666	
498	2467.252	230.4035	-437.0000	-202.6667	
499	2469.659	237.9861	407.0000	660.3334	
500	2472.056	269.2353	-407.0000	-124.6667	
501	2474.441	267.3002	-43.0000	237.0000	
502	2476.816	231.6985	-482.0000	-238.0000	
503	2479.179	239.4301	232.0000	483.3333	
504	2481.532	248.8284	-425.0000	-142.3333	
505	2483.873	247.7267	170.3333	413.0000	
506	2486.204	248.1250	-407.3333	-142.6667	
507	2488.523	235.0233	183.6667	429.0000	
508	2490.832	248.0883	-650.6667	-406.0000	
509	2493.130	267.8199	201.0000	478.3334	
510	2495.416	277.2181	-340.6667	-54.3333	
511	2497.692	192.2831	-97.6667	103.3333	
