resultName	muna12-5
resultName	muna12-5
ID	RS20191212102703_P19331194
Command	SCANANDSEARCH
User	Admin
Application	_Analyze
SerialNumber	P19331194
Power	280
Integration	900
Averages	3
AutoExposure	Off
AutoCollect	Off
QuickCollect	Off
AutoBackground	On
BaselineCorrection	On
Algorithm	Wavelet
Searched Library	All,None,None,None
MixtureComponents	2
matchThreshold	0.75
displayMatches	1
Threshold	0.80
WL Start	
WL End	
ServerVersion	3.180316
FirmwareVersion	
date	2019-12-12
time	10:27:03
scanindex	0
specpath	RS20191212102703_P19331194.xml
Search Range	200 - 2500
Synced	false
lastCalDateTime	2019-12-12 08:43:43
lastCalUser	Admin
lastCalResult	PASS
lastVerifyDateTime	2019-10-16 15:05:37
lastVerifyUser	Admin
lastVerifyResult	PASS
selectedMaterial	
result	No Match
ValidationGUID	
ValidationMatchQuality	
topMatch	
topMatchGUID	
topMatchQuality	
secondMatch	
secondMatchGUID	
secondMatchQuality	
thirdMatch	
thirdMatchGUID	
thirdMatchQuality	
fourthMatch	
fourthMatchGUID	
fourthMatchQuality	
fifthMatch	
fifthMatchGUID	
fifthMatchQuality	
signedBy	
signedDateTime	
softwareVer	1.7.0.21
memo	
batchID	
inBatch	false
batchUID	
batchCID1	
batchCIDlbl1	
batchCID2	
batchCIDlbl2	
batchCID3	
batchCIDlbl3	
batchCID4	
batchCIDlbl4	
batchCID5	
batchCIDlbl5	
signedTitle	
signedReason	
rescanned	
barcode	
topMatchContribs	
secondMatchContribs	
thirdMatchContribs	
fourthMatchContribs	
fifthMatchContribs	
ValidationMatchContribs	
Threat	
PrecursorList	
CompundName	
WindowStart4C	
MatchLibrary	
lastModified	2019/12/12 10:30
Signal2Noise	79.95
Detector TEC SetPoint	0x8000
Detector Temp	4.99
Laser Temp	25.39
OE1 Temp	33.41
OE2 Temp	37.31
Detector Gain	200
SaturationDetected	false
InterpolatedPixelList	
PeakList	 286.8	999	296.9	826	338.4	781	398.3	848	480.3	674	645.5	2666	678.2	1207	751.1	955	804.2	754	840.0	966	959.5	747	1092.0	660	1127.2	852	1141.3	830	1207.8	745	1336.4	1091	1369.2	1426	1457.6	6050	1644.7	3803	1677.6	2768	1713.0	1264
index	Raman Shift (cm-1)	Y value (counts)	background (counts)	raw value (counts)
0	137.923	452.9178	19840.3340	23531.6660	
1	144.410	266.2011	21426.0000	24857.6660	
2	150.891	187.1504	22380.3340	25660.0000	
3	157.367	368.4336	22855.0000	26243.0000	
4	163.837	443.3829	22753.0000	26143.0000	
5	170.302	532.3325	24516.3320	27922.3320	
6	176.762	523.2798	24104.3340	27428.3320	
7	183.215	342.8971	23825.3340	26896.0000	
8	189.664	249.5163	23068.0000	25972.3359	
9	196.106	196.4617	25088.6680	27867.0000	
10	202.544	324.0751	24817.6680	27650.6641	
11	208.975	383.3603	25738.0000	28557.3320	
12	215.401	424.6438	24770.6660	27558.3320	
13	221.822	304.1439	25848.0000	28469.3320	
14	228.236	332.3619	26153.0000	28744.0000	
15	234.646	207.0199	26714.3320	29185.6680	
16	241.049	142.6721	23660.3340	26073.0000	
17	247.447	217.9942	25257.3340	27751.0000	
18	253.839	200.3143	23302.6680	25784.3320	
19	260.226	257.9743	24745.6660	27290.6680	
20	266.607	239.6245	22158.3340	24690.6641	
21	272.982	437.0261	25366.6680	28137.3320	
22	279.352	827.7634	24258.3340	27460.6680	
23	285.716	999.4949	23210.3340	26625.3320	
24	292.074	717.8979	22544.6660	25719.0000	
25	298.426	825.8363	22204.3340	25514.0000	
26	304.773	692.4423	22060.3340	25264.0000	
27	311.114	549.3824	23574.0000	26662.0000	
28	317.449	547.6036	20886.3320	24017.0000	
29	323.779	711.2158	21741.3340	24969.0000	
30	330.102	752.1639	21609.0000	24811.0000	
31	336.420	765.4446	22095.3340	25244.0000	
32	342.732	780.7286	21995.3320	25092.6680	
33	349.039	324.0069	21021.0000	23595.0000	
34	355.339	58.2894	18486.6660	20728.3340	
35	361.634	72.1222	22971.0000	25143.0000	
36	367.923	137.9023	18564.3320	20558.3340	
37	374.205	269.5509	19184.6660	21461.3340	
38	380.483	824.9463	19874.6680	22680.6660	
39	386.754	586.0133	20239.0000	22780.0000	
40	393.019	426.7465	16540.3320	18896.0000	
41	399.278	847.6396	18761.0000	21506.6660	
42	405.532	566.2031	16506.6660	18940.0000	
43	411.779	299.2642	11543.6670	13541.6660	
44	418.021	300.6596	13357.0000	15463.0000	
45	424.257	269.8344	13000.3340	15005.0000	
46	430.487	340.4258	9721.6670	11744.6670	
47	436.710	377.0170	6577.0000	8597.6670	
48	442.928	583.0251	5887.6670	8129.6670	
49	449.140	611.4490	9751.3330	12001.6670	
50	455.346	378.1619	6552.0000	8523.6670	
51	461.546	113.2077	5780.0000	7441.3330	
52	467.739	315.0880	5245.6665	6863.0000	
53	473.927	565.2223	7875.3330	9896.3330	
54	480.109	674.1898	4478.0000	6561.0000	
55	486.285	489.1575	2737.6665	4588.6665	
56	492.454	388.9855	4944.6665	6634.3330	
57	498.618	182.6916	6189.3335	7642.3340	
58	504.775	187.0636	6131.3335	7558.3340	
59	510.926	239.7687	3229.3335	4678.6670	
60	517.072	343.4742	4371.6665	5894.3335	
61	523.211	446.2352	5560.6665	7156.0000	
62	529.344	459.9962	3546.3335	5125.3335	
63	535.471	325.7576	4681.3330	6096.0000	
64	541.591	176.5185	2922.0000	4157.3335	
65	547.706	316.9460	5697.3335	7043.0000	
66	553.814	411.7069	10010.0000	11420.3330	
67	559.917	414.8014	10979.6670	12363.0000	
68	566.013	425.2286	7457.6670	8821.3330	
69	572.102	290.8755	4932.3335	6105.0000	
70	578.186	275.1923	2036.3333	3297.6665	
71	584.263	152.2211	1431.3334	2566.0000	
72	590.334	0.0000	2661.6667	3668.6665	
73	596.399	132.5939	5822.0000	7017.6660	
74	602.458	511.1881	7683.6670	9314.0000	
75	608.510	895.7836	7455.3330	9526.3340	
76	614.556	1245.3777	8290.0000	10766.6670	
77	620.596	1405.6896	8863.6670	11524.0000	
78	626.630	961.7354	7223.3330	9461.6660	
79	632.657	1341.4473	5815.6665	8455.6660	
80	638.677	1703.8267	5964.0000	8988.3330	
81	644.692	2665.5405	7756.3330	11764.3340	
82	650.700	2633.9180	6265.6670	10264.0000	
83	656.702	1587.2975	3342.3333	6316.0000	
84	662.697	1066.0093	2777.6667	5252.0000	
85	668.686	946.0367	2988.6665	5322.0000	
86	674.669	1132.0640	1505.0000	4003.3335	
87	680.645	1207.0907	2461.0000	5013.3330	
88	686.615	691.4513	4844.6665	6860.3330	
89	692.578	284.6106	4653.6665	6235.6670	
90	698.535	301.8524	2590.0000	4101.6665	
91	704.486	313.3523	3999.6665	5685.3335	
92	710.430	282.9417	3928.0000	5438.3330	
93	716.368	116.1685	3495.6667	4847.3330	
94	722.299	196.7293	3996.0000	5436.3335	
95	728.223	547.6228	3662.0000	5461.3335	
96	734.141	853.8493	3811.0000	5924.6665	
97	740.053	772.3052	5163.3335	7220.3330	
98	745.958	942.2151	5021.3335	7225.6660	
99	751.857	954.5826	6748.6660	8984.6670	
100	757.749	770.9474	5123.6665	7195.3330	
101	763.634	584.9026	6789.0000	8671.3340	
102	769.513	385.8565	5600.0000	7280.0000	
103	775.385	131.1443	5851.6665	7273.6665	
104	781.251	86.0986	5549.3335	6923.0000	
105	787.110	247.3242	6700.6660	8229.3340	
106	792.963	370.2133	6424.0000	8069.3330	
107	798.809	599.4373	7747.3340	9615.6670	
108	804.648	753.6614	6475.3330	8491.6660	
109	810.481	563.1953	6888.6670	8741.6660	
110	816.307	283.0641	5389.6670	6989.6670	
111	822.126	176.2651	6178.6670	7699.0000	
112	827.938	203.5506	5693.3335	7284.6670	
113	833.744	609.7744	6487.6665	8515.3330	
114	839.544	965.9989	5818.0000	8232.0000	
115	845.336	452.5555	6547.0000	8477.6660	
116	851.122	394.1971	5812.6665	7585.0000	
117	856.901	394.7215	6289.3330	8277.3330	
118	862.673	402.2457	5950.6670	7869.3340	
119	868.439	416.8606	5909.3335	7858.0000	
120	874.198	330.4053	4621.0000	6439.3330	
121	879.950	219.2150	4693.0000	6375.6670	
122	885.695	301.0237	4452.0000	6192.0000	
123	891.434	407.1662	5117.3335	6939.0000	
124	897.165	401.3087	4869.3330	6746.6670	
125	902.890	359.1036	4016.6667	5743.0000	
126	908.608	225.8986	3567.3335	5137.6665	
127	914.319	274.3606	4450.0000	6046.0000	
128	920.024	358.1559	3292.0000	4949.0000	
129	925.721	325.9515	4065.6665	5667.6670	
130	931.412	306.7463	2753.0000	4313.0000	
131	937.095	204.2076	2988.6667	4423.3330	
132	942.772	284.6702	2662.0000	4043.0000	
133	948.442	395.4631	3025.3335	4619.0000	
134	954.105	628.6285	2107.6667	3916.3335	
135	959.761	747.1271	2642.6667	4551.6670	
136	965.410	477.2916	2307.3333	3928.3330	
137	971.053	407.5397	2408.3333	3859.3330	
138	976.688	409.8712	1328.3334	2911.0000	
139	982.316	404.2860	1793.0000	3334.0000	
140	987.937	328.1710	1757.0000	3179.0000	
141	993.552	277.4116	1809.3333	3236.3335	
142	999.159	252.6519	1407.0000	2815.3333	
143	1004.759	241.3089	1981.0000	3418.0000	
144	1010.352	340.8826	1351.6666	2913.0000	
145	1015.939	327.4564	1758.0000	3351.6665	
146	1021.518	315.4467	1708.6666	3220.3335	
147	1027.090	297.2703	1931.3333	3555.3335	
148	1032.655	272.5107	1585.6667	3198.0000	
149	1038.213	255.7197	2069.0000	3689.0000	
150	1043.764	348.8033	1718.3335	3526.6665	
151	1049.307	304.0126	2094.3333	3894.6665	
152	1054.844	304.1796	1394.0000	3130.3333	
153	1060.373	326.3942	2374.6667	4241.0000	
154	1065.896	278.0529	2185.0000	4063.3335	
155	1071.411	295.8907	2616.3335	4546.6665	
156	1076.919	516.0627	2470.0000	4654.6670	
157	1082.420	437.2236	2978.3333	5089.0000	
158	1087.914	463.5513	1994.0000	3980.3333	
159	1093.400	659.5457	3223.6665	5566.3335	
160	1098.880	439.7066	3329.6667	5457.3335	
161	1104.352	178.8092	3941.3335	5792.6670	
162	1109.817	158.5618	3411.6665	5224.0000	
163	1115.274	445.6482	4194.6665	6275.3335	
164	1120.725	611.7341	3596.0000	5824.0000	
165	1126.168	852.1940	4462.0000	6884.0000	
166	1131.604	789.3196	4203.6670	6516.3330	
167	1137.032	685.7795	5046.6670	7209.3330	
168	1142.453	830.2410	4116.3330	6377.0000	
169	1147.868	666.6680	5274.0000	7338.0000	
170	1153.274	424.4285	5256.3335	7045.0000	
171	1158.674	344.5220	5672.6670	7348.3330	
172	1164.066	195.9497	5267.6665	6761.6660	
173	1169.450	115.7319	6914.3330	8340.3340	
174	1174.828	133.5122	6300.3330	7756.3330	
175	1180.198	240.2908	7550.0000	9136.0000	
176	1185.560	285.7786	7082.6660	8789.6670	
177	1190.916	242.7656	7806.3330	9446.6670	
178	1196.263	289.9192	7662.3330	9427.0000	
179	1201.604	613.9062	8604.3330	10736.0000	
180	1206.937	744.8925	7988.6670	10294.3330	
181	1212.262	714.6936	9119.3340	11428.0000	
182	1217.581	475.4542	8891.0000	10979.6660	
183	1222.891	516.8407	9781.0000	11946.0000	
184	1228.194	420.5591	9662.0000	11765.6660	
185	1233.490	292.6356	10963.3330	12993.0000	
186	1238.778	263.3778	10766.0000	12820.3340	
187	1244.059	492.7871	11295.6660	13633.3340	
188	1249.333	629.5286	11171.0000	13699.3340	
189	1254.598	459.5068	13202.0000	15608.3320	
190	1259.856	237.4890	12594.6660	14827.0000	
191	1265.107	233.1355	14055.0000	16331.0000	
192	1270.350	371.1157	14124.6660	16586.6660	
193	1275.586	332.4299	15441.0000	17912.3340	
194	1280.814	325.7424	14766.0000	17278.6660	
195	1286.034	452.3906	16213.0000	18900.3340	
196	1291.247	346.4114	15937.3330	18587.6660	
197	1296.452	140.8228	17607.0000	20129.6660	
198	1301.650	63.9026	17166.3320	19690.0000	
199	1306.840	259.3110	18759.6680	21556.6660	
200	1312.022	513.0593	18327.6660	21456.3340	
201	1317.197	276.7988	19584.3320	22525.6680	
202	1322.364	232.8657	19286.3340	22232.6660	
203	1327.523	709.6157	20471.3340	23917.0000	
204	1332.674	984.3220	19929.6660	23681.0000	
205	1337.818	1090.6151	21582.3340	25458.3320	
206	1342.955	592.9120	20707.0000	24103.6660	
207	1348.083	393.8752	22393.0000	25609.0000	
208	1353.204	336.5038	21451.0000	24628.0000	
209	1358.317	756.8010	23503.0000	27118.6680	
210	1363.422	1383.0962	22861.6660	27122.0000	
211	1368.520	1425.7229	24414.6680	28736.0000	
212	1373.610	1241.0198	23693.0000	27848.0000	
213	1378.692	1230.2249	25280.3320	29436.3320	
214	1383.766	1008.4320	24309.6660	28255.6680	
215	1388.832	315.6374	26114.3320	29379.3340	
216	1393.891	40.1752	24905.3320	27906.6680	
217	1398.942	2.9260	26625.0000	29587.0000	
218	1403.984	239.4916	25495.0000	28655.0000	
219	1409.020	645.0616	27232.3320	30759.3359	
220	1414.047	1207.2924	25899.0000	29949.6680	
221	1419.066	1666.5830	27620.3320	32100.6680	
222	1424.078	1990.5337	26584.6680	31359.3320	
223	1429.081	2809.4927	27999.0000	33563.0000	
224	1434.077	3810.7695	26936.6641	33444.6680	
225	1439.065	4194.1870	28532.0000	35368.0000	
226	1444.045	4761.6089	27404.3320	34752.3320	
227	1449.016	5211.3618	29070.6680	36813.0000	
228	1453.980	5779.1167	27511.3340	35766.0000	
229	1458.936	6049.7734	29431.6660	37853.3359	
230	1463.885	4431.0889	27511.3320	34210.6641	
231	1468.825	2654.7427	28869.6680	33689.0000	
232	1473.757	1606.0649	27179.0000	30846.0000	
233	1478.681	914.5396	28614.6680	31500.3320	
234	1483.597	526.6865	26985.6641	29393.6660	
235	1488.505	396.1626	28958.3320	31146.0000	
236	1493.405	243.6357	27623.0000	29568.3320	
237	1498.297	233.7505	29532.0000	31403.6660	
238	1503.181	267.9182	28432.6641	30287.6641	
239	1508.057	178.7609	28886.0000	30613.0000	
240	1512.924	59.6017	23178.3340	24747.3320	
241	1517.784	172.1144	27075.0000	28717.6680	
242	1522.635	261.5381	29385.6680	31102.0000	
243	1527.479	320.0466	32074.3359	33720.6680	
244	1532.314	378.3895	30754.0000	32521.6641	
245	1537.142	358.1714	32659.0000	34380.3320	
246	1541.961	351.4106	31409.3320	33203.6641	
247	1546.772	325.7334	33140.0000	34977.3320	
248	1551.574	267.3853	32214.6680	34062.3320	
249	1556.369	182.1426	34483.0000	36353.3359	
250	1561.155	152.8926	32795.3320	34744.3320	
251	1565.933	146.9780	34614.0000	36665.0000	
252	1570.703	256.3955	34042.0000	36310.3320	
253	1575.465	295.2095	35245.0000	37710.0000	
254	1580.219	380.3535	33386.0000	36094.0000	
255	1584.964	448.4980	35044.0000	37978.0000	
256	1589.701	556.6479	32600.3320	35800.3359	
257	1594.430	577.1265	32573.0000	35951.3359	
258	1599.150	631.9302	31537.3359	35128.3320	
259	1603.863	540.1453	35260.6680	38945.6641	
260	1608.567	605.1504	34245.0000	38134.0000	
261	1613.262	760.1235	35998.6680	40114.6680	
262	1617.949	838.4293	35593.0000	39859.3320	
263	1622.629	866.4030	36428.6680	40795.0000	
264	1627.299	856.3790	34576.0000	39004.3320	
265	1631.961	1231.0167	35240.0000	40079.0000	
266	1636.615	2082.1177	33170.0000	38865.0000	
267	1641.261	3350.7773	36197.0000	43169.0000	
268	1645.898	3803.1060	34388.0000	41820.6680	
269	1650.527	2335.4414	36632.0000	42493.0000	
270	1655.147	937.7765	33686.0000	38045.3320	
271	1659.759	591.4480	36182.0000	40091.0000	
272	1664.363	787.7837	35562.3320	39563.6641	
273	1668.958	1595.1227	36987.3320	41692.0000	
274	1673.544	2370.4619	34723.6641	40099.6680	
275	1678.123	2768.4609	34657.6680	40327.6680	
276	1682.692	2131.7988	33941.6641	38871.0000	
277	1687.254	1112.1086	33846.0000	37626.0000	
278	1691.806	447.7485	34259.6680	37245.6641	
279	1696.350	107.3967	37734.0000	40250.0000	
280	1700.886	146.1187	33917.0000	36366.0000	
281	1705.413	666.3638	34308.6680	37096.0000	
282	1709.932	1223.9497	31949.3320	35112.3359	
283	1714.442	1263.8550	36601.3359	39622.3320	
284	1718.944	763.7749	33130.6641	35469.6680	
285	1723.437	233.4731	33042.6680	34738.0000	
286	1727.921	152.1792	27871.0000	29371.6680	
287	1732.397	140.0947	32950.3320	34309.3320	
288	1736.864	219.1648	32932.3320	34313.6680	
289	1741.323	137.2339	31789.3320	32988.3320	
290	1745.773	222.2195	28312.6680	29498.6660	
291	1750.214	301.2896	32831.3320	34098.0000	
292	1754.647	343.4392	31293.6680	32461.6641	
293	1759.071	322.4855	30758.3320	31869.0000	
294	1763.486	343.4411	25674.0000	26689.6641	
295	1767.893	379.8156	29607.0000	30766.3320	
296	1772.291	393.6907	32219.3320	33314.6641	
297	1776.680	329.9567	28332.0000	29313.6660	
298	1781.061	303.2224	24726.0000	25726.0000	
299	1785.432	294.9877	25201.3320	26145.0000	
300	1789.796	317.5874	24162.6680	25135.6680	
301	1794.150	333.8869	25695.3320	26628.6680	
302	1798.495	428.9277	28598.3320	29673.3320	
303	1802.832	357.6345	29070.3340	30061.0000	
304	1807.160	349.6738	28850.6680	29820.3320	
305	1811.480	305.0510	25320.0000	26232.0000	
306	1815.790	290.0918	22784.3340	23668.3340	
307	1820.092	306.2171	23739.3340	24566.6680	
308	1824.385	372.4741	23050.6660	23975.6680	
309	1828.669	359.6490	26255.0000	27186.6660	
310	1832.944	323.9503	25003.6680	25851.6680	
311	1837.210	233.5216	21593.0000	22336.3320	
312	1841.468	308.4318	21580.3320	22384.3340	
313	1845.716	400.9807	23204.3320	24090.6660	
314	1849.956	433.1956	25850.6680	26759.0000	
315	1854.187	386.3304	24595.3340	25507.0000	
316	1858.409	346.2135	22676.0000	23453.6680	
317	1862.622	365.5220	20698.6660	21506.0000	
318	1866.826	290.9120	18886.6680	19593.6660	
319	1871.021	312.1387	15080.0000	15769.3340	
320	1875.207	331.4471	15130.3340	15868.3340	
321	1879.384	343.1731	16537.3320	17238.6660	
322	1883.552	214.5574	11931.3340	12499.6680	
323	1887.712	224.5828	10184.0000	10749.0000	
324	1891.862	355.9423	11578.6660	12261.6660	
325	1896.003	359.4117	14435.6660	15122.0000	
326	1900.135	350.2986	11418.0000	12052.6670	
327	1904.258	346.5181	16460.3320	17217.3320	
328	1908.372	319.4873	16378.6660	17040.3340	
329	1912.478	318.9050	14687.0000	15336.6660	
330	1916.574	319.2657	15202.3320	15850.0000	
331	1920.661	323.3106	12403.3340	13021.3320	
332	1924.738	333.3160	14702.0000	15359.0000	
333	1928.807	383.6601	15758.0000	16449.6660	
334	1932.867	396.0061	14273.3340	14961.6680	
335	1936.917	354.4339	10876.0000	11434.3340	
336	1940.959	362.0283	12690.3330	13333.3340	
337	1944.991	379.8729	14027.3340	14662.0000	
338	1949.014	395.5510	14200.3340	14856.3330	
339	1953.028	353.0625	11408.6670	11975.6670	
340	1957.033	249.7393	5750.0000	6198.0000	
341	1961.029	289.7241	6446.6670	6916.6670	
342	1965.015	344.0418	7530.0000	8036.3330	
343	1968.992	316.4734	5921.0000	6397.0000	
344	1972.960	316.2434	4582.6665	5037.0000	
345	1976.919	312.4769	2385.6667	2818.3333	
346	1980.869	325.1277	618.3334	1025.6666	
347	1984.809	343.0285	1880.0000	2333.3335	
348	1988.740	349.8456	1975.0000	2391.3335	
349	1992.661	331.4798	922.3334	1310.3333	
350	1996.574	335.4753	44.0000	399.3333	
351	2000.477	337.0931	639.3333	1006.6666	
352	2004.371	332.3566	-167.3333	222.0000	
353	2008.256	314.2247	338.0000	680.0000	
354	2012.131	322.1757	-300.0000	48.3333	
355	2015.997	342.2101	287.6667	681.6666	
356	2019.853	339.6615	-420.0000	-73.6667	
357	2023.701	338.3106	285.0000	663.3333	
358	2027.538	341.1261	-366.6667	-35.0000	
359	2031.367	343.6917	210.0000	588.3334	
360	2035.186	344.8824	-380.3333	-33.0000	
361	2038.996	348.2117	249.0000	578.6667	
362	2042.796	387.0828	-457.6667	-49.6667	
363	2046.587	349.9537	194.0000	569.0000	
364	2050.368	321.7040	-449.3333	-85.3333	
365	2054.140	323.4406	154.0000	521.3334	
366	2057.903	317.7189	-359.0000	9.3333	
367	2061.656	323.9555	187.3333	518.6667	
368	2065.399	330.6921	-373.6667	-5.3333	
369	2069.133	351.4287	123.6667	511.0000	
370	2072.858	334.2487	-332.6667	55.6667	
371	2076.573	335.9274	320.3333	663.6666	
372	2080.278	328.6623	-353.3333	1.3333	
373	2083.974	317.7521	166.6667	500.3333	
374	2087.661	319.0712	-265.0000	58.0000	
375	2091.338	327.3902	-11.6667	334.3333	
376	2095.005	327.4597	-323.0000	14.0000	
377	2098.663	339.5887	229.3333	564.3333	
378	2102.311	369.7178	-237.0000	147.3333	
379	2105.949	348.5968	163.0000	525.6667	
380	2109.578	332.4763	-441.0000	-123.3333	
381	2113.198	329.5852	-757.0000	-374.0000	
382	2116.807	330.8607	-174.3333	146.3333	
383	2120.407	336.3029	173.0000	519.0000	
384	2123.998	355.9118	-604.3333	-240.0000	
385	2127.579	341.3595	66.6667	430.6666	
386	2131.150	336.6530	-473.0000	-122.3333	
387	2134.711	336.3633	55.0000	422.3333	
388	2138.263	324.1563	-384.0000	-39.0000	
389	2141.805	321.9276	249.6667	602.3333	
390	2145.337	318.2822	-438.6667	-147.0000	
391	2148.859	316.4702	172.6667	524.3334	
392	2152.372	332.3383	-603.6666	-280.0000	
393	2155.875	330.8179	46.3333	385.0000	
394	2159.368	332.4016	-278.6667	8.6667	
395	2162.852	336.6936	278.6667	624.0000	
396	2166.326	350.9238	-286.6667	32.0000	
397	2169.790	351.4280	69.0000	435.6667	
398	2173.244	338.0156	-446.0000	-102.0000	
399	2176.688	336.1448	145.0000	422.3334	
400	2180.123	336.6490	-234.3333	119.6667	
401	2183.547	343.9450	398.6666	760.0000	
402	2186.962	334.4492	-356.6667	-69.3333	
403	2190.367	324.6201	-50.3333	283.6667	
404	2193.762	331.3737	-424.6666	-110.6667	
405	2197.147	341.1378	190.6667	510.6666	
406	2200.522	335.5273	-424.3333	-112.0000	
407	2203.888	344.8808	166.3333	536.0000	
408	2207.243	341.4845	-372.3333	-23.0000	
409	2210.589	334.7919	294.0000	653.0000	
410	2213.924	329.4325	-421.3333	-121.0000	
411	2217.250	327.4063	252.0000	603.0000	
412	2220.565	324.7971	-376.6667	-40.6667	
413	2223.871	336.0490	296.3333	595.6667	
414	2227.167	334.5907	-644.3334	-271.3333	
415	2230.453	331.6323	119.0000	456.3333	
416	2233.728	332.7574	-641.0000	-299.0000	
417	2236.994	357.8825	173.3333	561.6667	
418	2240.250	354.5908	-534.3333	-165.6667	
419	2243.495	351.6324	-46.6667	373.0000	
420	2246.731	319.5909	-394.3333	-53.6667	
421	2249.957	329.4607	246.3333	576.0000	
422	2253.172	352.4554	-485.6666	-116.0000	
423	2256.377	339.1380	194.6667	569.0000	
424	2259.573	312.3200	-367.3333	-41.6667	
425	2262.758	338.2489	199.3333	547.3334	
426	2265.933	352.1778	-140.6667	235.3333	
427	2269.098	343.3418	322.0000	650.6667	
428	2272.253	346.2897	-370.6667	10.0000	
429	2275.397	343.0567	139.0000	498.6667	
430	2278.532	308.4072	-322.6667	4.0000	
431	2281.656	305.7576	323.0000	648.6666	
432	2284.771	314.4414	-408.6666	-87.0000	
433	2287.875	346.7918	138.6667	508.6667	
434	2290.968	354.6064	-399.0000	-16.3333	
435	2294.052	346.2094	209.6667	538.3334	
436	2297.125	338.8130	-655.0000	-280.0000	
437	2300.188	335.2111	243.3333	586.6666	
438	2303.241	333.1926	-443.3333	-83.3333	
439	2306.284	330.3408	-17.6667	296.3333	
440	2309.316	335.1562	-581.0000	-214.3333	
441	2312.338	338.9267	363.3333	695.0000	
442	2315.350	339.0303	-199.6667	179.3333	
443	2318.352	339.4049	119.6667	451.6667	
444	2321.343	335.5698	-537.6667	-173.0000	
445	2324.323	335.9617	351.6667	687.6667	
446	2327.294	333.1870	-456.3333	-102.0000	
447	2330.254	336.4955	327.6667	653.3334	
448	2333.204	322.9822	-331.6667	14.0000	
449	2336.144	324.6148	-2.3333	339.0000	
450	2339.073	327.3306	-345.3333	-8.3333	
451	2341.991	335.2965	408.3334	745.3333	
452	2344.900	358.0971	-606.3333	-237.6667	
453	2347.798	336.8474	301.0000	650.0000	
454	2350.685	313.5976	-390.3333	-72.0000	
455	2353.562	321.0380	242.0000	584.0000	
456	2356.429	319.7038	-308.3333	-8.3333	
457	2359.285	322.4696	387.3333	710.3333	
458	2362.130	374.0688	-290.0000	84.0000	
459	2364.966	332.6680	186.0000	518.0000	
460	2367.790	329.9347	-124.3333	204.3333	
461	2370.604	336.5069	266.0000	579.0000	
462	2373.408	345.8291	-237.3333	126.3333	
463	2376.202	349.3180	406.6667	726.0000	
464	2378.984	353.3902	-180.0000	169.6667	
465	2381.756	332.2958	137.3333	448.0000	
466	2384.518	327.9097	-307.3333	-23.3333	
467	2387.269	329.4612	239.6667	555.3334	
468	2390.010	333.5327	-423.6667	-144.6667	
469	2392.739	321.9456	328.0000	653.6666	
470	2395.458	326.1318	-63.6667	215.0000	
471	2398.167	348.7348	504.3333	823.3334	
472	2400.865	345.2333	-638.6667	-292.0000	
473	2403.553	317.1568	225.3333	504.3334	
474	2406.229	300.7261	-403.3333	-145.0000	
475	2408.896	337.6287	411.0000	702.0000	
476	2411.551	363.3511	-336.3333	-39.0000	
477	2414.196	348.8173	310.3333	591.3333	
478	2416.830	344.2834	-394.6667	-120.0000	
479	2419.453	320.0830	163.3333	412.0000	
480	2422.066	314.5491	-362.3333	-121.0000	
481	2424.668	318.5152	261.6667	481.6666	
482	2427.260	352.4814	-484.0000	-226.6667	
483	2429.840	361.1974	190.0000	445.3333	
484	2432.410	371.0817	999.0000	1369.0000	
485	2434.969	366.4914	271.0000	518.6666	
486	2437.517	334.7344	-670.6667	-381.0000	
487	2440.055	328.4776	150.0000	372.6667	
488	2442.581	317.8875	-419.6667	-191.0000	
489	2445.097	319.7209	45.0000	253.3333	
490	2447.602	316.0229	-491.3333	-258.3333	
491	2450.096	324.4861	352.6667	610.6667	
492	2452.580	326.6998	-357.0000	-124.6667	
493	2455.052	329.9200	332.0000	565.6667	
494	2457.514	343.5568	-569.0000	-302.6667	
495	2459.965	349.2770	233.6667	480.6667	
496	2462.405	346.9972	-363.6667	-92.6667	
497	2464.834	339.5507	394.3333	647.6667	
498	2467.252	333.9375	-421.0000	-167.0000	
499	2469.659	328.0327	458.3333	672.3333	
500	2472.056	328.8356	-289.3333	-44.0000	
501	2474.441	333.7613	31.6667	280.0000	
502	2476.816	328.6870	-384.6667	-170.6667	
503	2479.179	328.7584	250.3333	498.0000	
504	2481.532	329.8091	-376.6667	-152.0000	
505	2483.873	334.0472	155.6667	369.6667	
506	2486.204	355.1812	-377.6667	-122.6667	
507	2488.523	347.2319	201.0000	447.0000	
508	2490.832	320.6159	-605.6666	-387.3333	
509	2493.130	346.6665	253.0000	496.3333	
510	2495.416	365.7172	-250.0000	11.3333	
511	2497.692	300.4346	8.0000	203.0000	
