resultName	chilca6-56
resultName	chilca6-56
ID	RS20200227102345_P19331194
Command	SCANANDSEARCH
User	Admin
Application	_Analyze
SerialNumber	P19331194
Power	280
Integration	900
Averages	3
AutoExposure	Off
AutoCollect	Off
QuickCollect	Off
AutoBackground	On
BaselineCorrection	On
Algorithm	Wavelet
Searched Library	All,None,None,None
MixtureComponents	2
matchThreshold	0.0
displayMatches	1
Threshold	0.80
WL Start	
WL End	
ServerVersion	3.180316
FirmwareVersion	
date	2020-02-27
time	10:23:45
scanindex	0
specpath	RS20200227102345_P19331194.xml
Search Range	200 - 2500
Synced	false
lastCalDateTime	2020-02-27 08:30:34
lastCalUser	Admin
lastCalResult	PASS
lastVerifyDateTime	2019-10-16 15:05:37
lastVerifyUser	Admin
lastVerifyResult	PASS
selectedMaterial	
result	No Match
ValidationGUID	
ValidationMatchQuality	
topMatch	
topMatchGUID	
topMatchQuality	
secondMatch	
secondMatchGUID	
secondMatchQuality	
thirdMatch	
thirdMatchGUID	
thirdMatchQuality	
fourthMatch	
fourthMatchGUID	
fourthMatchQuality	
fifthMatch	
fifthMatchGUID	
fifthMatchQuality	
signedBy	
signedDateTime	
softwareVer	1.7.0.21
memo	
batchID	
inBatch	false
batchUID	
batchCID1	
batchCIDlbl1	
batchCID2	
batchCIDlbl2	
batchCID3	
batchCIDlbl3	
batchCID4	
batchCIDlbl4	
batchCID5	
batchCIDlbl5	
signedTitle	
signedReason	
rescanned	
barcode	
topMatchContribs	
secondMatchContribs	
thirdMatchContribs	
fourthMatchContribs	
fifthMatchContribs	
ValidationMatchContribs	
Threat	
PrecursorList	
CompundName	
WindowStart4C	
MatchLibrary	
lastModified	2020/02/27 10:24
Signal2Noise	60.82
Detector TEC SetPoint	0x8000
Detector Temp	4.94
Laser Temp	23.78
OE1 Temp	31.59
OE2 Temp	35.44
Detector Gain	200
SaturationDetected	false
InterpolatedPixelList	
PeakList	 304.5	743	328.6	632	432.6	567	495.7	558	560.6	682	657.3	952	666.0	897	759.5	2137	797.7	861	847.2	534	953.5	456	1158.4	610	1227.0	561	1293.3	726	1305.0	657	1377.3	1494	1440.1	5254	1564.9	1531	1645.3	4166	1676.0	2898
index	Raman Shift (cm-1)	Y value (counts)	background (counts)	raw value (counts)
0	137.455	265.9094	1268.3334	4537.6670	
1	143.948	275.3342	1365.6666	4548.0000	
2	150.436	163.0917	1488.3334	4462.0000	
3	156.918	187.1830	1672.3335	4573.6665	
4	163.394	171.6083	1309.0000	4098.3335	
5	169.865	222.3657	1787.6667	4531.3330	
6	176.330	215.4577	1520.0000	4160.3335	
7	182.790	177.8820	1746.6667	4253.0000	
8	189.244	217.9735	1346.0000	3796.0000	
9	195.693	175.7316	1764.6667	4076.0000	
10	202.136	215.8231	1573.6665	3828.6667	
11	208.573	173.9144	2096.6667	4213.3335	
12	215.005	227.0060	1484.6666	3558.0000	
13	221.431	162.9570	1964.6666	3933.3335	
14	227.851	101.3777	1726.6667	3583.6670	
15	234.266	94.1765	2083.6665	3943.3333	
16	240.675	146.9752	1567.6665	3490.0000	
17	247.078	160.4407	1776.6667	3722.3335	
18	253.476	218.9059	1566.6667	3580.6667	
19	259.868	272.0385	1878.3333	3955.3335	
20	266.254	223.1702	1223.6667	3261.6665	
21	272.635	113.8677	1981.0000	3932.6667	
22	279.009	35.5648	1703.0000	3599.3335	
23	285.378	208.9285	1733.3333	3826.0000	
24	291.742	394.9586	1357.0000	3658.6665	
25	298.099	602.3417	1638.0000	4180.6665	
26	304.451	743.0581	1186.0000	3903.0000	
27	310.797	592.7744	1935.6667	4536.0000	
28	317.137	403.7623	1461.3334	3919.0000	
29	323.471	499.1973	1552.0000	4075.0000	
30	329.800	632.2991	1079.3333	3705.3335	
31	336.122	371.0668	1842.3335	4177.0000	
32	342.439	255.5020	1480.0000	3669.0000	
33	348.750	257.6036	1716.6665	3877.6665	
34	355.055	246.7050	1133.6666	3253.6665	
35	361.354	261.8015	1539.6667	3632.0000	
36	367.648	214.3903	1194.3334	3207.6665	
37	373.935	115.7581	1162.6666	3059.6667	
38	380.216	33.1255	1253.3334	3050.0000	
39	386.492	69.4931	1401.6666	3217.0000	
40	392.762	260.1940	945.6666	2934.0000	
41	399.025	252.6324	1357.6667	3318.3330	
42	405.283	55.7381	1120.0000	2863.6665	
43	411.535	42.8436	747.6666	2458.3333	
44	417.781	165.6159	600.6667	2414.0000	
45	424.020	418.1996	1075.0000	3138.3330	
46	430.254	567.1172	404.3333	2614.0000	
47	436.482	563.7009	578.6667	2782.3333	
48	442.704	519.2851	247.3333	2404.0000	
49	448.920	213.0896	701.6667	2561.3335	
50	455.129	146.6049	248.0000	2048.6667	
51	461.333	156.1201	330.3333	2148.0000	
52	467.531	156.9683	309.3333	2135.3333	
53	473.722	157.1364	499.0000	2329.0000	
54	479.908	245.3045	175.6667	2097.6667	
55	486.087	503.1388	34.0000	2217.6665	
56	492.260	477.7572	43.0000	2191.3333	
57	498.427	558.1975	398.3333	2599.0000	
58	504.588	287.3042	153.6667	2055.3333	
59	510.743	157.0776	253.3333	1996.6666	
60	516.892	206.3513	-3.0000	1695.6665	
61	523.034	358.7471	378.3333	2254.6665	
62	529.171	262.6432	-124.3333	1615.3335	
63	535.301	151.2055	493.0000	2035.0000	
64	541.425	157.6845	-42.0000	1524.3333	
65	547.543	198.2470	405.6667	1908.3335	
66	553.655	288.5595	435.6667	2039.0000	
67	559.760	682.4554	823.3333	2780.0000	
68	565.859	652.6844	271.0000	2157.3333	
69	571.952	155.9037	628.6667	1986.3333	
70	578.039	134.5017	-82.3333	1232.0000	
71	584.119	151.3901	228.0000	1523.6666	
72	590.193	173.0286	-144.6667	1213.3333	
73	596.261	138.7316	384.0000	1654.3333	
74	602.323	139.0180	256.0000	1521.6666	
75	608.378	142.4502	449.3333	1625.6666	
76	614.427	157.2573	285.3333	1559.3333	
77	620.469	278.7124	549.6667	2042.3335	
78	626.505	272.2460	329.6667	1657.3334	
79	632.535	354.6960	501.0000	1984.3333	
80	638.559	462.5632	302.3333	1900.0000	
81	644.576	645.0966	832.3334	2619.0000	
82	650.587	820.6304	170.0000	2138.6667	
83	656.591	951.8304	201.0000	2307.3333	
84	662.589	809.0308	104.6667	2074.6665	
85	668.581	897.4597	312.3333	2340.3333	
86	674.566	421.5555	-173.0000	1348.6666	
87	680.544	399.9847	308.3333	1778.0000	
88	686.517	281.7468	160.6667	1481.6667	
89	692.483	255.3456	628.6667	1909.0000	
90	698.442	251.5276	70.6667	1410.0000	
91	704.395	191.9561	278.6667	1531.6666	
92	710.341	157.1623	101.0000	1316.3334	
93	716.281	102.5143	265.6667	1528.0000	
94	722.214	39.0331	109.3333	1275.0000	
95	728.141	30.9686	361.0000	1649.3333	
96	734.061	169.4874	80.0000	1544.3333	
97	739.975	106.0063	587.0000	2039.3333	
98	745.882	276.5752	311.3333	2025.0000	
99	751.783	983.6058	907.3334	3392.3333	
100	757.677	2136.6367	51.3333	3753.6665	
101	763.564	1946.0054	732.6666	4276.6670	
102	769.445	719.7064	160.6667	2510.6667	
103	775.319	422.7412	623.0000	2708.3333	
104	781.187	580.4430	260.6667	2536.0000	
105	787.048	665.6990	805.3334	3182.3330	
106	792.902	624.6224	576.6667	2929.0000	
107	798.750	860.5455	953.3333	3558.0000	
108	804.591	779.1352	424.0000	2963.6667	
109	810.425	310.8247	989.0000	3050.3333	
110	816.253	29.1812	420.0000	2189.6667	
111	822.074	79.5375	880.3334	2690.3335	
112	827.888	10.9799	412.0000	2155.3335	
113	833.695	78.4510	942.3334	2647.0000	
114	839.496	224.5888	528.0000	2456.6667	
115	845.290	534.0598	936.6666	3160.6665	
116	851.078	384.5306	687.6667	2748.0000	
117	856.858	246.5479	950.6667	2880.6667	
118	862.632	158.8983	820.0000	2670.0000	
119	868.399	221.4140	942.3334	2851.0000	
120	874.159	226.5227	547.6666	2472.6667	
121	879.913	334.2670	966.6666	3000.3335	
122	885.659	298.0110	643.3333	2641.6667	
123	891.399	410.7549	965.0000	3077.0000	
124	897.132	131.4990	841.3334	2675.0000	
125	902.858	49.6740	871.3334	2628.3333	
126	908.577	220.8495	464.6667	2398.0000	
127	914.290	256.0245	1028.3334	3002.0000	
128	919.995	454.1997	342.0000	2519.0000	
129	925.694	300.7082	1039.6666	3068.3333	
130	931.385	174.2166	492.0000	2399.3333	
131	937.070	155.3920	1027.3333	2921.0000	
132	942.748	229.9006	565.3333	2538.6667	
133	948.419	225.8961	980.3333	2962.6667	
134	954.083	456.3288	480.3333	2688.6667	
135	959.740	365.0944	853.3334	2966.0000	
136	965.390	89.5272	711.0000	2543.6667	
137	971.033	144.1908	930.3334	2807.3333	
138	976.669	258.5215	242.0000	2223.0000	
139	982.299	233.5188	729.0000	2674.6667	
140	987.921	158.8474	686.0000	2535.0000	
141	993.536	208.5609	737.3334	2631.3333	
142	999.144	216.6079	518.0000	2415.3333	
143	1004.745	252.6548	993.6666	2922.3333	
144	1010.339	311.3686	424.3333	2407.0000	
145	1015.926	334.4156	853.3334	2854.3335	
146	1021.506	182.7956	772.3334	2617.0000	
147	1027.078	158.5092	982.3334	2798.0000	
148	1032.644	258.8896	587.0000	2498.3333	
149	1038.203	186.0263	901.0000	2731.6665	
150	1043.754	152.8299	598.0000	2387.6665	
151	1049.298	161.9669	814.3333	2605.3333	
152	1054.836	216.4377	268.0000	2105.6667	
153	1060.366	162.1809	879.0000	2657.0000	
154	1065.889	259.6917	590.3333	2471.0000	
155	1071.404	335.2484	919.0000	2868.0000	
156	1076.913	490.1384	568.6666	2665.3335	
157	1082.414	450.4615	1001.0000	3050.0000	
158	1087.908	259.1182	350.0000	2199.6665	
159	1093.395	117.7749	883.3334	2583.6665	
160	1098.875	181.7652	768.6667	2525.0000	
161	1104.348	295.6870	1003.0000	2855.6667	
162	1109.813	219.0592	555.0000	2330.6667	
163	1115.271	257.7646	1065.6666	2879.6665	
164	1120.721	159.9707	518.0000	2196.0000	
165	1126.165	122.6263	969.0000	2661.3335	
166	1131.601	118.8654	525.6667	2204.6667	
167	1137.030	135.3129	1099.0000	2778.6667	
168	1142.452	194.7598	368.3333	2134.0000	
169	1147.866	336.1117	999.3334	2921.0000	
170	1153.273	490.7970	567.0000	2658.0000	
171	1158.672	609.8159	1000.3333	3225.0000	
172	1164.064	430.5009	526.3333	2586.3333	
173	1169.449	303.9833	1180.3334	3120.6670	
174	1174.827	170.7983	705.6667	2519.6665	
175	1180.197	149.8788	1181.3334	2992.6667	
176	1185.560	138.2850	772.6666	2575.0000	
177	1190.915	113.3576	1079.6667	2859.6667	
178	1196.263	108.4304	850.3334	2628.0000	
179	1201.603	342.8368	1079.6666	3094.3335	
180	1206.936	456.9093	556.0000	2687.3333	
181	1212.262	442.5956	1123.0000	3245.0000	
182	1217.580	402.1928	790.6667	2866.0000	
183	1222.891	538.6615	1140.3333	3363.3335	
184	1228.194	561.1298	656.3333	2913.0000	
185	1233.489	360.6628	1222.0000	3294.6670	
186	1238.778	255.1951	875.3334	2859.0000	
187	1244.058	154.3946	1173.3333	3072.6667	
188	1249.331	77.5933	837.6666	2676.6665	
189	1254.597	198.7780	1432.6667	3433.6665	
190	1259.855	64.9630	1009.3334	2917.3333	
191	1265.106	187.4812	1396.0000	3467.3335	
192	1270.349	287.6661	1096.6666	3309.0000	
193	1275.584	352.5170	1470.3334	3788.3335	
194	1280.812	241.7017	928.3334	3176.3335	
195	1286.032	426.5535	1485.0000	3958.6670	
196	1291.244	726.0433	854.0000	3682.0000	
197	1296.449	713.6709	1488.0000	4305.3335	
198	1301.647	652.6311	1043.3334	3801.3335	
199	1306.836	656.5914	1587.0000	4350.6665	
200	1312.018	645.2190	1221.3333	3975.3335	
201	1317.193	214.6822	1302.6666	3607.6665	
202	1322.359	83.1465	1221.0000	3376.0000	
203	1327.518	356.3459	1429.6666	3824.6667	
204	1332.670	375.5920	1133.0000	3531.0000	
205	1337.813	235.1504	1615.3333	3869.6670	
206	1342.949	164.3748	929.6666	3110.0000	
207	1348.077	82.5995	1526.6666	3622.0000	
208	1353.198	136.4904	963.6666	3109.6665	
209	1358.311	175.3822	1753.6665	3935.3335	
210	1363.415	512.2731	1192.0000	3707.3335	
211	1368.513	1048.8315	1578.0000	4626.6670	
212	1373.602	1328.7224	1149.0000	4474.3335	
213	1378.684	1493.8254	1552.3333	5053.6665	
214	1383.757	1087.2617	1215.0000	4320.6665	
215	1388.823	420.6982	1772.6667	4222.6665	
216	1393.881	85.4667	1080.3334	3206.0000	
217	1398.932	0.0000	1589.6667	3627.6665	
218	1403.974	1.7603	1243.0000	3255.6670	
219	1409.009	228.1865	1926.3333	4138.3330	
220	1414.036	688.6136	1201.6666	3847.0000	
221	1419.054	1110.1536	1636.3333	4684.6665	
222	1424.065	1553.3611	1244.6666	4717.6665	
223	1429.068	2858.5688	1602.0000	6361.6670	
224	1434.064	4697.8311	1311.6666	7875.3330	
225	1439.051	5254.0210	1638.3333	8723.3340	
226	1444.030	5184.2090	1232.3334	8212.6670	
227	1449.001	5153.3975	1759.0000	8673.6670	
228	1453.965	4712.5864	1057.6666	7496.6670	
229	1458.920	4015.6094	1738.6667	7390.6670	
230	1463.868	3139.2991	1143.3334	5829.0000	
231	1468.807	2350.3225	1691.0000	5497.6665	
232	1473.739	1561.6799	1078.3334	4006.3330	
233	1478.662	866.5596	1524.0000	3678.6667	
234	1483.578	402.1057	1001.0000	2613.0000	
235	1488.485	223.6526	1587.3333	2942.6667	
236	1493.385	163.8647	929.0000	2146.3333	
237	1498.276	98.7119	1642.0000	2736.6667	
238	1503.159	93.8797	1020.6666	2060.3335	
239	1508.035	108.5954	1529.3334	2543.3333	
240	1512.902	93.6448	843.6666	1802.3333	
241	1517.761	69.0270	1430.3334	2324.0000	
242	1522.612	95.0763	1147.0000	2026.3333	
243	1527.454	101.7925	1865.3333	2711.0000	
244	1532.289	186.8412	1209.0000	2099.3333	
245	1537.116	209.8884	1804.3333	2712.3333	
246	1541.934	198.9385	1142.0000	2066.3333	
247	1546.745	205.6543	1798.0000	2756.3333	
248	1551.547	354.0374	1170.0000	2304.0000	
249	1556.341	677.4487	1795.3333	3317.6667	
250	1561.126	1297.8596	1218.3334	3426.0000	
251	1565.904	1530.9377	1679.0000	4184.6665	
252	1570.673	872.0155	1386.6666	3298.3335	
253	1575.434	369.1750	1657.0000	3129.6665	
254	1580.187	177.6672	1202.0000	2547.0000	
255	1584.932	110.3271	1712.6667	3056.3335	
256	1589.668	84.3199	1030.0000	2386.0000	
257	1594.396	20.4795	1590.0000	2911.3333	
258	1599.116	73.6394	1017.0000	2513.3335	
259	1603.828	174.7994	1532.6667	3213.0000	
260	1608.531	565.8793	1296.3333	3415.3335	
261	1613.226	834.6390	1640.6667	4094.0000	
262	1617.912	888.3985	1599.6665	4172.3330	
263	1622.591	1050.1587	1719.0000	4519.0000	
264	1627.261	1665.2532	1205.0000	4685.6665	
265	1631.922	2560.2449	1563.6667	5972.3335	
266	1636.576	3185.4590	1021.3333	6067.3335	
267	1641.220	3636.6836	1867.0000	7376.0000	
268	1645.857	4165.9097	1010.0000	7060.0000	
269	1650.485	3257.3381	1610.0000	6671.6670	
270	1655.105	2422.7651	1169.0000	5316.3335	
271	1659.716	2189.5254	1687.6667	5522.0000	
272	1664.319	2196.9539	1119.6667	4881.6665	
273	1668.913	2540.3826	1791.0000	5816.6665	
274	1673.499	2778.4766	1054.6666	5238.6665	
275	1678.077	2897.9038	1329.6666	5553.3330	
276	1682.646	1769.6653	1242.6666	4258.3335	
277	1687.206	673.6250	1465.0000	3300.6665	
278	1691.759	252.5857	1043.3333	2374.0000	
279	1696.302	116.2124	1616.3335	2726.6667	
280	1700.837	68.3142	982.0000	1974.6665	
281	1705.364	77.6406	1530.0000	2441.3333	
282	1709.882	74.6327	905.3334	1723.0000	
283	1714.391	132.6245	1452.6667	2237.6665	
284	1718.892	202.9510	879.6666	1644.3335	
285	1723.385	189.6240	1610.6667	2329.6667	
286	1727.868	173.9636	760.6666	1431.6666	
287	1732.344	213.5062	1336.3334	2005.0000	
288	1736.810	190.7239	942.0000	1570.3333	
289	1741.268	190.8577	1355.0000	2013.3333	
290	1745.717	200.5756	739.0000	1328.3334	
291	1750.158	210.2933	1399.6667	2030.0000	
292	1754.590	218.1357	798.3334	1426.6666	
293	1759.014	224.9568	1433.6666	2051.0000	
294	1763.428	224.1527	495.6667	1098.0000	
295	1767.835	245.5781	1206.0000	1770.6667	
296	1772.232	272.5447	695.3333	1317.6667	
297	1776.621	261.9141	1135.6666	1748.6667	
298	1781.001	228.1166	407.0000	966.0000	
299	1785.372	226.8193	1138.0000	1716.6666	
300	1789.735	216.3549	357.0000	928.3333	
301	1794.089	182.5767	1085.6666	1619.3333	
302	1798.434	185.5475	726.3333	1261.3334	
303	1802.770	186.1014	1308.6667	1843.6665	
304	1807.098	186.8223	863.0000	1412.3334	
305	1811.416	174.7097	891.0000	1393.0000	
306	1815.726	185.1805	576.6667	1080.6667	
307	1820.027	196.9846	1150.6666	1668.6667	
308	1824.320	216.6282	455.3333	952.6667	
309	1828.603	221.5773	1242.6666	1752.6667	
310	1832.878	235.9430	539.6667	1075.3334	
311	1837.144	235.9753	986.3334	1496.3334	
312	1841.401	235.6739	578.3334	1111.0000	
313	1845.649	218.9792	691.3333	1192.3333	
314	1849.889	217.8469	701.3333	1226.6666	
315	1854.119	188.3605	1014.3333	1487.6666	
316	1858.340	168.2282	477.0000	931.3334	
317	1862.553	200.0633	757.0000	1240.3334	
318	1866.757	241.2317	378.3333	900.0000	
319	1870.951	224.8168	686.0000	1208.3334	
320	1875.137	206.2353	-23.3333	457.6667	
321	1879.314	212.7371	723.6667	1208.3334	
322	1883.482	222.9900	49.3333	586.0000	
323	1887.641	218.2426	423.3333	903.3334	
324	1891.791	206.6620	-29.6667	482.6667	
325	1895.932	200.6755	763.6666	1217.3333	
326	1900.064	200.0222	29.3333	507.6667	
327	1904.187	208.2856	701.0000	1148.3334	
328	1908.300	210.4662	61.0000	562.0000	
329	1912.405	222.9690	604.0000	1082.0000	
330	1916.501	220.8845	153.0000	624.3333	
331	1920.588	181.8833	526.6667	957.0000	
332	1924.666	211.2151	73.0000	530.6666	
333	1928.734	212.8793	826.6666	1284.3333	
334	1932.794	214.8768	131.6667	589.6666	
335	1936.844	221.3744	594.6667	1059.3334	
336	1940.885	224.5386	87.6667	520.3333	
337	1944.917	226.2028	391.3333	887.3333	
338	1948.940	227.5337	197.0000	661.0000	
339	1952.954	209.4479	601.3333	1045.3333	
340	1956.959	204.9459	-68.0000	388.6667	
341	1960.955	181.4558	324.0000	736.3334	
342	1964.941	210.7156	87.6667	527.0000	
343	1968.918	206.2547	281.0000	725.0000	
344	1972.886	209.2408	-246.6667	199.0000	
345	1976.845	207.0499	202.3333	657.0000	
346	1980.794	191.1924	-285.3333	141.0000	
347	1984.735	210.1682	1.6667	446.3333	
348	1988.666	220.8100	-329.3333	167.6667	
349	1992.588	215.6420	341.0000	773.3333	
350	1996.500	225.7636	-409.6667	35.0000	
351	2000.404	204.7620	293.6667	723.6667	
352	2004.298	193.0937	-414.3333	4.0000	
353	2008.182	204.5920	276.6667	647.0000	
354	2012.058	252.4237	-437.6667	40.0000	
355	2015.924	227.7554	221.0000	674.0000	
356	2019.781	218.4211	-472.3334	-28.6667	
357	2023.628	212.7239	250.6667	685.0000	
358	2027.466	184.3603	-425.3333	-23.0000	
359	2031.295	205.9966	181.6667	602.0000	
360	2035.114	232.2992	-415.6667	27.3333	
361	2038.924	240.7976	196.3333	643.3333	
362	2042.725	223.2961	-446.6667	-21.6667	
363	2046.516	217.1278	155.0000	569.3334	
364	2050.298	201.6808	-447.0000	-59.3333	
365	2054.070	201.7152	165.6667	596.3334	
366	2057.833	186.3328	-377.6667	12.6667	
367	2061.586	192.1380	200.3333	562.3333	
368	2065.330	222.4014	-381.6667	44.6667	
369	2069.065	226.7691	137.3333	568.0000	
370	2072.790	220.8034	-345.3333	79.3333	
371	2076.505	223.8428	312.6667	729.0000	
372	2080.211	210.7537	-386.3333	2.6667	
373	2083.908	212.6475	168.0000	587.3333	
374	2087.595	200.3748	-290.3333	99.0000	
375	2091.272	200.5187	3.6667	383.6667	
376	2094.940	202.4127	-318.3333	79.6667	
377	2098.599	199.6660	218.6667	601.6667	
378	2102.248	200.1693	-172.3333	194.3333	
379	2105.887	206.5060	164.0000	568.6666	
380	2109.516	216.2170	-431.6667	-59.3333	
381	2113.136	220.2452	-720.6666	-319.6667	
382	2116.747	222.7319	-205.0000	195.6667	
383	2120.348	221.9685	192.6667	585.0000	
384	2123.939	220.2885	-580.6666	-193.3333	
385	2127.521	211.3419	113.0000	505.3333	
386	2131.093	207.3705	-450.6666	-70.0000	
387	2134.655	188.5658	96.6667	455.0000	
388	2138.207	203.2618	-373.3333	-40.3333	
389	2141.750	218.0800	251.6667	673.0000	
390	2145.283	205.3981	-427.3333	-62.0000	
391	2148.807	211.7163	230.6667	589.3333	
392	2152.321	228.1781	-593.0000	-215.0000	
393	2155.825	223.3491	76.3333	448.3333	
394	2159.319	218.7700	-283.3333	90.3333	
395	2162.804	210.9202	353.0000	690.6666	
396	2166.279	211.3411	-285.3333	72.6667	
397	2169.744	210.8537	138.0000	504.3333	
398	2173.199	201.3456	-414.6667	-73.0000	
399	2176.644	201.5041	187.0000	530.0000	
400	2180.080	206.5792	-193.0000	129.6667	
401	2183.506	225.5710	425.6667	795.3333	
402	2186.922	219.8962	-356.6667	8.0000	
403	2190.328	206.8881	-32.0000	320.3333	
404	2193.725	206.5466	-404.0000	-51.3333	
405	2197.111	217.8076	217.3333	580.3333	
406	2200.488	209.4121	-391.3333	-32.3333	
407	2203.854	208.6732	184.6667	588.3333	
408	2207.211	206.4140	-355.0000	-13.6667	
409	2210.558	198.2969	301.3333	670.3333	
410	2213.896	203.4297	-427.0000	-76.3333	
411	2217.223	211.8126	284.0000	656.6667	
412	2220.540	222.7794	-375.6667	8.3333	
413	2223.847	213.9568	336.6667	700.3334	
414	2227.145	214.3380	-605.6667	-261.6667	
415	2230.432	215.1148	156.6667	538.6666	
416	2233.709	216.0793	-612.3334	-249.6667	
417	2236.977	214.6480	202.0000	565.0000	
418	2240.234	207.5291	-536.3333	-183.6667	
419	2243.482	202.4103	-8.0000	355.6667	
420	2246.719	187.3742	-370.0000	-39.6667	
421	2249.946	198.3558	277.3333	616.0000	
422	2253.164	242.0039	-464.3333	-84.6667	
423	2256.371	237.6522	220.3333	593.0000	
424	2259.568	228.8832	-362.3333	1.0000	
425	2262.755	224.1749	194.0000	573.6667	
426	2265.933	220.5499	-122.6667	206.6667	
427	2269.100	209.2927	353.0000	699.0000	
428	2272.256	204.9711	-330.6667	10.3333	
429	2275.403	203.6216	151.0000	523.3333	
430	2278.540	185.7722	-317.6667	6.6667	
431	2281.667	195.9854	322.0000	644.6667	
432	2284.783	209.4067	-409.6667	-59.0000	
433	2287.889	226.2239	165.0000	552.6666	
434	2290.985	237.5806	-376.6667	-34.0000	
435	2294.071	235.1491	196.3333	590.6667	
436	2297.147	218.8011	-598.0000	-241.6667	
437	2300.212	201.8067	283.0000	624.3334	
438	2303.267	192.4372	-436.0000	-118.6667	
439	2306.312	190.4428	17.3333	356.6667	
440	2309.347	192.3232	-590.0000	-226.6667	
441	2312.372	186.3762	355.6667	663.3333	
442	2315.386	186.1794	-292.6667	48.3333	
443	2318.390	186.6492	147.3333	461.0000	
444	2321.384	217.0360	-537.0000	-176.3333	
445	2324.368	250.9604	334.0000	723.6667	
446	2327.341	254.8844	-514.3333	-125.6667	
447	2330.304	227.4754	178.0000	534.3333	
448	2333.256	187.7614	-418.3333	-95.0000	
449	2336.199	189.4799	-9.0000	310.6667	
450	2339.131	170.5317	-345.6667	-50.3333	
451	2342.052	203.2501	386.0000	708.6667	
452	2344.963	227.5516	-591.3334	-228.3333	
453	2347.864	226.7090	334.3333	659.6667	
454	2350.755	226.5331	-433.6667	-78.3333	
455	2353.635	217.1355	191.0000	511.0000	
456	2356.505	211.4031	-463.6667	-169.3333	
457	2359.364	213.0910	226.0000	550.6667	
458	2362.213	212.4458	-293.3333	22.6667	
459	2365.051	213.0505	201.6667	521.0000	
460	2367.879	208.7383	-202.6667	81.6667	
461	2370.697	213.7747	93.0000	412.6667	
462	2373.504	206.4779	-277.3333	14.0000	
463	2376.300	218.1810	292.0000	581.0000	
464	2379.086	236.2175	-413.0000	-102.0000	
465	2381.862	230.9206	83.6667	384.3333	
466	2384.627	199.9571	-315.6667	-51.0000	
467	2387.382	204.6603	260.3333	524.6667	
468	2390.125	210.0302	-538.6666	-274.0000	
469	2392.859	204.7237	190.3333	456.0000	
470	2395.582	208.4531	-346.3333	-66.3333	
471	2398.294	205.9326	332.6667	580.3333	
472	2400.996	198.7450	-615.0000	-331.3333	
473	2403.687	197.0309	261.6667	473.3334	
474	2406.368	201.9835	-416.3333	-187.3333	
475	2409.038	191.6026	339.3333	560.3333	
476	2411.697	212.8983	-368.0000	-155.3333	
477	2414.346	227.5625	311.3333	551.0000	
478	2416.984	219.9768	-450.6667	-219.6667	
479	2419.612	216.4951	84.0000	305.3333	
480	2422.228	217.5760	-404.3333	-177.3333	
481	2424.834	218.6361	214.0000	460.6667	
482	2427.430	203.9669	-445.6667	-235.0000	
483	2430.015	210.7978	205.0000	391.0000	
484	2432.589	219.3785	1214.0000	1463.3333	
485	2435.152	230.4353	241.3333	461.0000	
486	2437.705	229.0548	-681.6666	-441.0000	
487	2440.247	220.5493	73.6667	283.3333	
488	2442.778	222.6896	-455.6667	-249.0000	
489	2445.298	215.1605	46.0000	231.0000	
490	2447.808	208.2554	-537.3334	-311.3333	
491	2450.306	179.1743	394.3333	555.3333	
492	2452.794	197.1765	-358.0000	-212.3333	
493	2455.272	237.6950	252.3333	464.3333	
494	2457.738	207.6301	-588.6666	-409.6667	
495	2460.194	195.1485	273.6667	416.6667	
496	2462.638	198.0836	-289.6667	-114.3333	
497	2465.073	194.4355	430.6667	587.6667	
498	2467.496	192.0372	-410.3333	-258.6667	
499	2469.908	198.9723	462.6667	618.3334	
500	2472.309	245.5740	-350.6667	-151.3333	
501	2474.699	234.0284	-23.3333	163.6667	
502	2477.079	220.4829	-446.0000	-273.3333	
503	2479.448	210.9374	250.6667	413.0000	
504	2481.805	198.8085	-348.0000	-220.6667	
505	2484.152	203.6796	193.6667	362.0000	
506	2486.488	205.8008	-347.6667	-208.0000	
507	2488.813	205.9219	230.6667	409.3333	
508	2491.127	206.7097	-601.6667	-469.0000	
509	2493.430	218.9975	233.0000	398.6667	
510	2495.722	253.4521	-290.6667	-91.3333	
511	2498.003	173.2398	-23.3333	95.0000	
