resultName	chilca1-57
resultName	chilca1-57
ID	RS20200227091302_P19331194
Command	SCANANDSEARCH
User	Admin
Application	_Analyze
SerialNumber	P19331194
Power	280
Integration	900
Averages	3
AutoExposure	Off
AutoCollect	Off
QuickCollect	Off
AutoBackground	On
BaselineCorrection	On
Algorithm	Wavelet
Searched Library	All,None,None,None
MixtureComponents	2
matchThreshold	0.0
displayMatches	1
Threshold	0.80
WL Start	
WL End	
ServerVersion	3.180316
FirmwareVersion	
date	2020-02-27
time	09:13:02
scanindex	0
specpath	RS20200227091302_P19331194.xml
Search Range	200 - 2500
Synced	false
lastCalDateTime	2020-02-27 08:30:34
lastCalUser	Admin
lastCalResult	PASS
lastVerifyDateTime	2019-10-16 15:05:37
lastVerifyUser	Admin
lastVerifyResult	PASS
selectedMaterial	
result	No Match
ValidationGUID	
ValidationMatchQuality	
topMatch	
topMatchGUID	
topMatchQuality	
secondMatch	
secondMatchGUID	
secondMatchQuality	
thirdMatch	
thirdMatchGUID	
thirdMatchQuality	
fourthMatch	
fourthMatchGUID	
fourthMatchQuality	
fifthMatch	
fifthMatchGUID	
fifthMatchQuality	
signedBy	
signedDateTime	
softwareVer	1.7.0.21
memo	
batchID	
inBatch	false
batchUID	
batchCID1	
batchCIDlbl1	
batchCID2	
batchCIDlbl2	
batchCID3	
batchCIDlbl3	
batchCID4	
batchCIDlbl4	
batchCID5	
batchCIDlbl5	
signedTitle	
signedReason	
rescanned	
barcode	
topMatchContribs	
secondMatchContribs	
thirdMatchContribs	
fourthMatchContribs	
fifthMatchContribs	
ValidationMatchContribs	
Threat	
PrecursorList	
CompundName	
WindowStart4C	
MatchLibrary	
lastModified	2020/02/27 09:13
Signal2Noise	69.34
Detector TEC SetPoint	0x8000
Detector Temp	4.99
Laser Temp	25.39
OE1 Temp	28.53
OE2 Temp	32.12
Detector Gain	200
SaturationDetected	false
InterpolatedPixelList	
PeakList	 304.6	1029	328.6	850	431.0	853	559.5	783	656.9	923	667.0	902	759.5	3560	796.9	1259	1077.3	681	1157.5	820	1296.7	937	1304.9	820	1376.8	1646	1439.7	5876	1564.6	1515	1614.4	1482	1645.0	4603	1676.5	3922
index	Raman Shift (cm-1)	Y value (counts)	background (counts)	raw value (counts)
0	137.455	278.6169	1414.0000	4777.6665	
1	143.948	253.5782	1499.6666	4722.6665	
2	150.436	195.8725	1621.6667	4671.3335	
3	156.918	271.8337	1790.3333	4800.3335	
4	163.394	349.4613	1401.0000	4373.0000	
5	169.865	447.0891	1917.3333	4871.3335	
6	176.330	496.0498	1628.3333	4515.6665	
7	182.790	436.0114	1838.6665	4550.3335	
8	189.244	437.9722	1425.3333	4023.3335	
9	195.693	306.2662	1864.3335	4215.0000	
10	202.136	352.2277	1638.3333	3919.3335	
11	208.573	260.5215	2147.3335	4221.0000	
12	215.005	256.4827	1553.0000	3507.0000	
13	221.431	188.7125	1998.6667	3822.0000	
14	227.851	155.0146	1775.3333	3491.3333	
15	234.266	120.5431	2184.3333	3863.3335	
16	240.675	148.0711	1547.0000	3251.0000	
17	247.078	271.9324	1808.3334	3633.6665	
18	253.476	305.1277	1568.3333	3424.3335	
19	259.868	385.9890	1875.6667	3810.0000	
20	266.254	280.5174	1234.0000	3060.3335	
21	272.635	143.5396	1977.0000	3678.0000	
22	279.009	94.2288	1682.3335	3345.6670	
23	285.378	280.5844	1705.6666	3567.0000	
24	291.742	603.9405	1291.6666	3488.0000	
25	298.099	845.0233	1575.0000	4036.3335	
26	304.451	1029.4390	1173.6666	3843.3330	
27	310.797	899.1886	1848.3333	4411.6665	
28	317.137	632.6665	1365.6667	3699.6670	
29	323.471	782.6576	1445.0000	3881.6670	
30	329.800	849.9815	1008.3334	3465.0000	
31	336.122	520.6392	1798.3334	3878.3335	
32	342.439	462.6305	1362.6666	3337.3335	
33	348.750	373.6213	1668.6667	3507.0000	
34	355.055	375.2789	1023.3334	2816.0000	
35	361.354	373.3217	1499.0000	3230.3330	
36	367.648	264.7283	1130.3333	2713.3335	
37	373.935	136.6767	1053.0000	2473.0000	
38	380.216	117.9587	1162.0000	2528.3333	
39	386.492	184.2405	1315.6667	2713.3333	
40	392.762	320.8559	855.6666	2355.0000	
41	399.025	234.3237	1280.3334	2786.0000	
42	405.283	130.4582	1073.3333	2337.0000	
43	411.535	181.4260	653.0000	1945.0000	
44	417.781	317.3937	473.3333	1878.6665	
45	424.020	743.0669	963.6666	2808.0000	
46	430.254	853.4065	272.6667	2240.6665	
47	436.482	703.7465	472.3333	2304.0000	
48	442.704	531.4194	188.0000	1860.6665	
49	448.920	336.9414	622.0000	2073.3333	
50	455.129	257.0012	132.0000	1621.0000	
51	461.333	225.5614	245.6667	1652.0000	
52	467.531	220.0381	214.0000	1669.6667	
53	473.722	197.0335	399.0000	1827.3334	
54	479.908	278.6953	90.0000	1659.6667	
55	486.087	658.3571	-62.0000	1910.3333	
56	492.260	559.9323	-58.6667	1821.3333	
57	498.427	601.7177	333.0000	2236.6665	
58	504.588	329.8364	64.3333	1678.0000	
59	510.743	158.9554	207.6667	1632.3335	
60	516.892	306.4073	-137.6667	1416.3334	
61	523.034	645.6760	288.3333	2135.6665	
62	529.171	446.6116	-247.6667	1354.6666	
63	535.301	315.7137	413.3333	1749.3333	
64	541.425	296.8160	-158.3333	1294.0000	
65	547.543	342.7516	321.3333	1632.6665	
66	553.655	520.6037	289.0000	1632.0000	
67	559.760	782.6226	676.6666	2385.3333	
68	565.859	677.8912	122.3333	1680.3333	
69	571.952	217.7939	523.0000	1584.0000	
70	578.039	134.5381	-183.0000	769.0000	
71	584.119	141.3444	173.3333	1100.3334	
72	590.193	161.8176	-224.6667	734.3333	
73	596.261	146.5167	268.6667	1151.0000	
74	602.323	161.7158	73.6667	992.6666	
75	608.378	177.3317	276.0000	1079.3334	
76	614.427	259.7809	40.3333	997.6666	
77	620.469	357.5934	316.3333	1493.3333	
78	626.505	334.8344	138.6667	1108.6666	
79	632.535	393.7419	354.0000	1497.6667	
80	638.559	591.3159	95.3333	1459.3334	
81	644.576	735.5568	556.6667	2087.6665	
82	650.587	893.1312	-102.6667	1608.6667	
83	656.591	923.0387	30.0000	1794.0000	
84	662.589	780.2793	-21.6667	1622.3333	
85	668.581	901.9110	141.3333	1875.0000	
86	674.566	528.6260	-310.3333	936.3334	
87	680.544	560.5906	184.6667	1448.0000	
88	686.517	334.1389	-116.6667	953.3333	
89	692.483	327.4691	396.0000	1403.6666	
90	698.442	332.7161	-109.6667	991.3333	
91	704.395	322.0825	42.3333	1096.0000	
92	710.341	271.8866	-177.3333	859.0000	
93	716.281	191.0355	17.6667	1054.6666	
94	722.214	46.6839	-154.0000	707.6667	
95	728.141	49.8328	161.3333	1071.0000	
96	734.061	115.9813	-190.3333	830.3334	
97	739.975	152.4630	270.6667	1372.6666	
98	745.882	529.3567	-35.3333	1476.6666	
99	751.783	1548.6116	494.6667	3072.3333	
100	757.677	3559.5332	-259.6667	4375.3330	
101	763.564	3222.4834	302.6667	4634.0000	
102	769.445	1235.4330	-242.3333	2135.3335	
103	775.319	651.3827	215.6667	2042.6666	
104	781.187	719.6656	-166.0000	1762.6665	
105	787.048	1018.7645	334.3333	2583.6667	
106	792.902	1039.8629	82.0000	2374.0000	
107	798.750	1258.6283	355.3333	2887.6667	
108	804.591	865.0599	-127.6667	2032.6665	
109	810.425	396.8037	428.0000	2106.6667	
110	816.253	177.2139	-108.0000	1337.6666	
111	822.074	185.6242	361.6667	1802.3333	
112	827.888	76.2617	-153.0000	1178.0000	
113	833.695	152.9914	363.6667	1671.6665	
114	839.496	259.3879	-36.0000	1441.0000	
115	845.290	563.9509	278.3333	2041.3333	
116	851.078	370.8475	89.6667	1641.0000	
117	856.858	252.4121	303.6667	1749.3335	
118	862.632	168.6429	207.3333	1582.0000	
119	868.399	219.0605	308.3333	1733.6666	
120	874.159	276.4984	-30.0000	1468.0000	
121	879.913	511.1884	417.3333	2154.6665	
122	885.659	584.2118	22.0000	1837.0000	
123	891.399	607.5684	298.3333	2141.3333	
124	897.132	261.5919	109.6667	1611.3333	
125	902.858	218.7925	198.3333	1650.6666	
126	908.577	259.9932	-125.3333	1361.6666	
127	914.290	362.1940	323.3333	1906.0000	
128	919.995	527.0612	-276.0000	1465.0000	
129	925.694	352.2616	327.0000	1886.6665	
130	931.385	196.4625	-141.3333	1256.0000	
131	937.070	153.9963	503.6667	1852.0000	
132	942.748	281.1969	-76.3333	1392.6666	
133	948.419	336.5391	279.6667	1817.0000	
134	954.083	524.7792	-135.3333	1592.6665	
135	959.740	432.0195	155.3333	1793.0000	
136	965.390	188.9261	-68.3333	1328.6667	
137	971.033	239.9312	150.6667	1601.6665	
138	976.669	260.7701	-364.0000	1157.0000	
139	982.299	257.7754	126.3333	1581.3333	
140	987.921	291.8401	-11.3333	1461.0000	
141	993.536	305.4088	-30.0000	1504.3333	
142	999.144	302.7693	-224.6667	1289.3334	
143	1004.745	324.7128	253.0000	1739.6665	
144	1010.339	406.0734	-384.3333	1239.3333	
145	1015.926	489.4338	85.0000	1794.6667	
146	1021.506	304.4608	5.0000	1532.3334	
147	1027.078	282.4045	214.6667	1735.0000	
148	1032.644	279.7653	-118.0000	1407.0000	
149	1038.203	239.0613	102.0000	1561.0000	
150	1043.754	232.4409	-183.3333	1256.6667	
151	1049.298	240.6538	36.0000	1486.6667	
152	1054.836	246.0747	-370.6667	1056.3334	
153	1060.366	263.6548	152.0000	1558.0000	
154	1065.889	327.1166	-192.3333	1324.6666	
155	1071.404	465.6970	117.0000	1758.3333	
156	1076.913	680.9441	-180.3333	1662.0000	
157	1082.414	609.1501	185.0000	1947.0000	
158	1087.908	340.6896	-246.0000	1239.0000	
159	1093.395	112.8956	161.3333	1410.0000	
160	1098.875	241.4349	-34.6667	1334.0000	
161	1104.348	398.7354	114.3333	1621.3333	
162	1109.813	390.6052	-253.0000	1248.0000	
163	1115.271	307.8081	294.3333	1714.6667	
164	1120.721	248.0112	-209.3333	1153.3334	
165	1126.165	193.6916	212.6667	1521.0000	
166	1131.601	158.0386	-245.0000	1027.6667	
167	1137.030	161.3857	324.0000	1600.0000	
168	1142.452	249.0663	-346.6667	1017.0000	
169	1147.866	489.8877	192.3333	1813.3335	
170	1153.273	750.0424	-266.0000	1631.6667	
171	1158.672	819.8635	262.6667	2246.6667	
172	1164.064	526.6852	-227.0000	1480.3334	
173	1169.449	302.1614	378.0000	1878.3333	
174	1174.827	237.1381	-61.6667	1367.6666	
175	1180.197	207.4395	352.0000	1797.6667	
176	1185.560	187.7581	-74.6667	1361.3334	
177	1190.915	178.8272	247.3333	1669.6667	
178	1196.263	230.6876	54.6667	1580.6667	
179	1201.603	440.0481	252.0000	2004.0000	
180	1206.936	511.7415	-241.3333	1599.0000	
181	1212.262	459.6802	327.3333	2133.3333	
182	1217.580	499.7576	-33.6667	1817.3333	
183	1222.891	583.8569	338.3333	2290.6667	
184	1228.194	608.9567	-129.0000	1865.6665	
185	1233.489	474.5358	369.3333	2253.3335	
186	1238.778	364.4477	87.6667	1885.3334	
187	1244.058	283.0264	412.0000	2152.0000	
188	1249.331	183.2714	98.3333	1762.3333	
189	1254.597	246.6880	604.3334	2372.3333	
190	1259.855	154.4373	210.0000	1926.3333	
191	1265.106	221.1874	633.0000	2456.6667	
192	1270.349	282.2701	327.0000	2252.3333	
193	1275.584	464.6864	675.6667	2824.0000	
194	1280.812	431.7695	132.3333	2288.3333	
195	1286.032	612.8525	730.0000	3107.6665	
196	1291.244	921.4053	108.6667	2849.3333	
197	1296.449	937.3768	685.0000	3442.3335	
198	1301.647	713.6815	339.0000	2873.3333	
199	1306.836	819.9868	830.6666	3472.0000	
200	1312.018	773.9577	519.6667	3115.6670	
201	1317.193	244.1575	558.3334	2599.3335	
202	1322.359	152.3572	486.0000	2410.0000	
203	1327.518	459.6591	728.6666	2921.0000	
204	1332.670	499.9789	429.0000	2650.6667	
205	1337.813	314.7968	908.6666	2969.3335	
206	1342.949	152.2808	251.6667	2174.0000	
207	1348.077	63.7650	875.6666	2733.6665	
208	1353.198	227.5828	293.0000	2339.0000	
209	1358.311	259.4006	1084.0000	3186.0000	
210	1363.415	747.8845	528.6667	3143.3330	
211	1368.513	1409.7021	920.6666	4221.3330	
212	1373.602	1517.1868	522.6667	3955.0000	
213	1378.684	1645.9495	960.0000	4552.6665	
214	1383.757	1131.3795	574.6667	3684.3335	
215	1388.823	452.4752	1124.0000	3586.3333	
216	1393.881	119.9038	463.0000	2624.3333	
217	1398.932	1.9920	1007.0000	3070.0000	
218	1403.974	27.8755	617.3333	2692.0000	
219	1409.009	332.7595	1275.6666	3641.0000	
220	1414.036	937.6429	621.3334	3577.3335	
221	1419.054	1415.9365	1025.3334	4434.6665	
222	1424.065	1941.5648	649.0000	4559.0000	
223	1429.068	3571.5254	1063.0000	6578.0000	
224	1434.064	5699.9971	718.0000	8315.6670	
225	1439.051	5875.6826	1059.3333	8782.6670	
226	1444.030	5578.0327	714.3333	8090.0000	
227	1449.001	5363.0503	1209.6666	8320.3330	
228	1453.965	4908.0688	551.3333	7157.0000	
229	1458.920	4064.3745	1180.3334	6835.0000	
230	1463.868	3009.6792	600.0000	5092.6670	
231	1468.807	2148.9844	1149.0000	4673.6665	
232	1473.739	1386.9563	577.0000	3232.3330	
233	1478.662	805.8809	1013.0000	2991.6667	
234	1483.578	433.1375	478.3333	1988.6667	
235	1488.485	222.3948	1099.3333	2303.3333	
236	1493.385	217.9857	440.0000	1543.9999	
237	1498.276	179.4034	1152.3334	2154.0000	
238	1503.159	168.4913	544.3334	1480.0000	
239	1508.035	157.4152	1061.6667	1945.3333	
240	1512.902	120.3399	451.3333	1257.0000	
241	1517.761	115.5972	993.3334	1753.3334	
242	1522.612	140.5216	670.3333	1414.3333	
243	1527.454	205.7789	1361.3333	2129.6667	
244	1532.289	271.0363	732.6667	1523.3333	
245	1537.116	273.9486	1310.0000	2095.0000	
246	1541.934	267.9945	636.0000	1462.6666	
247	1546.745	244.7067	1317.6666	2161.0000	
248	1551.547	368.0859	708.0000	1714.6667	
249	1556.341	692.9717	1267.0000	2675.3333	
250	1561.126	1361.5244	744.6666	2898.3333	
251	1565.904	1515.0774	1202.6666	3586.6665	
252	1570.673	806.6294	924.0000	2676.3333	
253	1575.434	327.9038	1191.0000	2538.6667	
254	1580.187	212.4279	719.3333	1997.6667	
255	1584.932	130.4517	1224.3334	2547.0000	
256	1589.668	56.3926	587.3333	1863.6667	
257	1594.396	0.0000	1137.6667	2453.6665	
258	1599.116	90.2742	577.6667	2058.0000	
259	1603.828	368.4021	1061.6666	2919.0000	
260	1608.531	1236.5093	805.0000	3579.3333	
261	1613.226	1481.6667	1161.6666	4258.0000	
262	1617.912	1069.8242	1107.6666	3869.0000	
263	1622.591	1116.3140	1204.3333	4089.0000	
264	1627.261	1792.4716	761.0000	4398.6670	
265	1631.922	2754.9331	1103.0000	5748.3335	
266	1636.576	3456.1074	557.0000	5922.0000	
267	1641.220	4030.7686	1363.0000	7319.3330	
268	1645.857	4603.0957	569.6667	7115.0000	
269	1650.485	3320.5083	1137.3333	6305.0000	
270	1655.105	2224.9209	734.3333	4711.3335	
271	1659.716	1890.3334	1231.0000	4778.3335	
272	1664.319	1893.0790	650.0000	4105.0000	
273	1668.913	2381.4917	1303.3334	5151.6665	
274	1673.499	3279.9048	534.6667	5186.3335	
275	1678.077	3921.6504	855.3333	6053.6665	
276	1682.646	2224.7300	760.0000	4166.3335	
277	1687.206	777.6440	1037.0000	2891.6667	
278	1691.759	294.2256	605.3333	1872.0000	
279	1696.302	118.1420	1145.6666	2131.6667	
280	1700.837	123.3411	519.3334	1422.3334	
281	1705.364	70.7048	1102.0000	1844.0000	
282	1709.882	144.0706	459.6666	1166.6666	
283	1714.391	224.4337	966.3334	1645.3333	
284	1718.892	252.1315	445.3333	1043.6667	
285	1723.385	249.8164	1203.0000	1766.3333	
286	1727.868	257.5013	370.0000	908.3333	
287	1732.344	299.8413	953.6667	1471.3334	
288	1736.810	305.7045	441.3333	1000.6666	
289	1741.268	308.2338	917.6667	1451.6666	
290	1745.717	235.4299	358.6667	814.0000	
291	1750.158	262.6258	986.0000	1462.6667	
292	1754.590	305.8214	363.3333	877.3334	
293	1759.014	324.6111	978.3333	1496.3334	
294	1763.428	306.7341	107.6667	593.0000	
295	1767.835	305.6071	811.6667	1257.0000	
296	1772.232	320.3968	237.6667	715.0000	
297	1776.621	307.9005	766.6667	1236.3334	
298	1781.001	299.2375	10.6667	459.0000	
299	1785.372	296.8870	798.6666	1238.6667	
300	1789.735	285.7453	-26.6667	460.0000	
301	1794.089	255.3773	756.0000	1179.6666	
302	1798.434	263.0312	315.0000	741.3333	
303	1802.770	276.0186	865.3333	1299.6666	
304	1807.098	276.6725	409.0000	839.0000	
305	1811.416	247.3264	482.0000	877.6666	
306	1815.726	248.9804	195.0000	587.3333	
307	1820.027	290.9677	758.6666	1188.0000	
308	1824.320	326.2621	86.6667	534.0000	
309	1828.603	296.3482	809.6666	1226.6666	
310	1832.878	287.7675	81.0000	489.0000	
311	1837.144	275.1871	634.3333	1012.6666	
312	1841.401	275.6063	244.0000	644.3334	
313	1845.649	275.4511	304.6667	698.0000	
314	1849.889	278.4208	175.3333	564.3333	
315	1854.119	283.8489	535.6667	953.6666	
316	1858.340	282.9646	4.0000	402.0000	
317	1862.553	295.3286	387.0000	801.3334	
318	1866.757	300.9633	-19.0000	425.3333	
319	1870.951	289.5149	403.0000	803.6667	
320	1875.137	286.6079	-313.3333	62.6667	
321	1879.314	290.5343	379.3333	815.0000	
322	1883.482	276.1530	-180.3333	182.6667	
323	1887.641	282.0334	218.6667	619.3333	
324	1891.791	272.8721	-219.0000	154.3333	
325	1895.932	266.9771	469.3334	823.6666	
326	1900.064	266.2488	-213.3333	174.0000	
327	1904.187	268.9370	376.6667	720.6667	
328	1908.300	273.1254	-268.6667	91.0000	
329	1912.405	294.0083	274.3333	643.3333	
330	1916.501	298.1896	-218.6667	170.3333	
331	1920.588	292.5374	259.6667	601.6667	
332	1924.666	285.7187	-269.3333	117.3333	
333	1928.734	289.6038	499.0000	839.3333	
334	1932.794	289.3641	-188.6667	167.0000	
335	1936.844	284.3744	360.6667	707.3333	
336	1940.885	245.7596	-173.3333	132.0000	
337	1944.917	282.1450	157.3333	496.3333	
338	1948.940	302.8635	-160.0000	197.0000	
339	1952.954	296.0822	313.0000	675.3333	
340	1956.959	282.9674	-220.3333	111.3333	
341	1960.955	278.1039	182.3333	474.0000	
342	1964.941	293.3237	-110.6667	246.6667	
343	1968.918	286.8913	140.3333	460.6667	
344	1972.886	290.1216	-409.0000	-22.6667	
345	1976.845	288.3222	155.6667	465.3333	
346	1980.794	282.1477	-356.3333	10.0000	
347	1984.735	281.2859	-48.3333	283.6667	
348	1988.666	273.0904	-404.3333	-62.0000	
349	1992.588	273.2871	318.0000	624.0000	
350	1996.500	286.5332	-449.6667	-116.3333	
351	2000.404	291.2544	252.3333	582.3333	
352	2004.298	290.8507	-435.6667	-138.0000	
353	2008.182	291.3428	220.0000	564.3333	
354	2012.058	284.9182	-455.6667	-107.0000	
355	2015.924	260.4103	211.0000	510.3333	
356	2019.781	266.5694	-498.0000	-193.0000	
357	2023.628	288.7975	230.6667	557.6667	
358	2027.466	297.6089	-484.0000	-137.6667	
359	2031.295	295.0869	150.6667	475.0000	
360	2035.114	295.3146	-480.0000	-135.3333	
361	2038.924	278.8056	189.6667	505.6667	
362	2042.725	262.1300	-459.3333	-160.3333	
363	2046.516	284.7877	156.3333	477.6667	
364	2050.298	282.4115	-539.6667	-192.3333	
365	2054.070	288.0590	155.0000	456.3333	
366	2057.833	291.8732	-462.6666	-107.0000	
367	2061.586	291.1040	180.0000	508.6667	
368	2065.330	261.5848	-430.6667	-135.3333	
369	2069.065	268.3990	164.6667	439.3333	
370	2072.790	279.2131	-379.6667	-51.6667	
371	2076.505	294.9304	288.6667	584.0000	
372	2080.211	296.6573	-415.0000	-91.6667	
373	2083.908	281.2959	168.6667	441.0000	
374	2087.595	280.8512	-365.3333	-39.0000	
375	2091.272	279.0316	18.3333	256.3333	
376	2094.940	278.2953	-365.6667	-40.0000	
377	2098.599	277.0669	216.6667	499.3333	
378	2102.248	277.5052	-204.0000	82.3333	
379	2105.887	276.2768	191.0000	465.3334	
380	2109.516	306.9651	-499.0000	-175.3333	
381	2113.136	317.9898	-786.6667	-454.3334	
382	2116.747	288.6812	-232.0000	68.6667	
383	2120.348	267.0393	147.3333	424.0000	
384	2123.939	258.0640	-574.6666	-309.3333	
385	2127.521	273.7167	77.3333	368.6667	
386	2131.093	282.2831	-461.6667	-164.6667	
387	2134.655	300.5161	27.6667	340.0000	
388	2138.207	300.4157	-428.3334	-119.0000	
389	2141.750	283.9561	237.6667	531.0000	
390	2145.283	263.4966	-473.3333	-200.0000	
391	2148.807	263.0370	197.0000	470.3334	
392	2152.321	282.4872	-644.6667	-355.6667	
393	2155.825	281.1356	56.0000	319.3333	
394	2159.319	284.3880	-356.6667	-45.3333	
395	2162.804	293.2030	343.3333	597.6667	
396	2166.279	290.3518	-341.0000	-29.3333	
397	2169.744	291.6461	107.0000	411.0000	
398	2173.199	292.9194	-474.6667	-169.3333	
399	2176.644	282.6512	113.0000	420.6667	
400	2180.080	276.6120	-218.0000	19.6667	
401	2183.506	274.2396	393.6667	672.0000	
402	2186.922	275.5338	-391.0000	-115.0000	
403	2190.328	298.5780	-80.0000	213.0000	
404	2193.725	301.5384	-455.3334	-146.3333	
405	2197.111	293.5984	181.3333	468.3333	
406	2200.488	269.5489	-467.0000	-177.3333	
407	2203.854	255.0731	181.3333	445.6666	
408	2207.211	254.6809	-377.6667	-111.6667	
409	2210.558	316.8705	284.6667	614.6667	
410	2213.896	311.7268	-466.3333	-139.6667	
411	2217.223	227.5831	264.3333	508.6667	
412	2220.540	285.7732	-408.3333	-104.0000	
413	2223.847	305.1429	272.6667	625.0000	
414	2227.145	284.3564	-628.6666	-337.3333	
415	2230.432	293.8407	148.0000	432.0000	
416	2233.709	295.0750	-663.6667	-330.6667	
417	2236.977	293.3926	185.3333	480.0000	
418	2240.234	284.0436	-552.6667	-256.6667	
419	2243.482	271.9445	-39.6667	237.3333	
420	2246.719	271.9283	-421.3333	-126.0000	
421	2249.946	273.5437	278.3333	524.3333	
422	2253.164	292.3258	-466.6667	-171.0000	
423	2256.371	294.1079	188.0000	497.3333	
424	2259.568	296.3896	-380.0000	-125.3333	
425	2262.755	297.8417	143.3333	467.0000	
426	2265.933	287.4188	-196.0000	102.3333	
427	2269.100	275.0069	362.0000	613.0000	
428	2272.256	276.0642	-387.0000	-94.3333	
429	2275.403	283.5968	145.0000	452.6667	
430	2278.540	280.7336	-350.3333	-83.0000	
431	2281.667	274.5370	306.6667	604.6667	
432	2284.783	276.9238	-451.0000	-167.6667	
433	2287.889	276.3938	180.0000	465.0000	
434	2290.985	281.1386	-423.6667	-144.6667	
435	2294.071	283.5569	185.6667	447.6666	
436	2297.147	303.4742	-618.0000	-315.0000	
437	2300.212	288.2541	245.3333	549.3334	
438	2303.267	264.5340	-475.3333	-208.0000	
439	2306.312	278.8973	6.6667	260.6667	
440	2309.347	310.5936	-618.3333	-301.6667	
441	2312.372	288.0138	320.0000	615.3334	
442	2315.386	264.4339	-342.0000	-69.0000	
443	2318.390	264.1874	121.6667	395.6667	
444	2321.384	295.6068	-588.6667	-267.6667	
445	2324.368	295.7278	321.3333	617.3333	
446	2327.341	290.8492	-563.6667	-228.0000	
447	2330.304	289.0537	158.0000	425.6666	
448	2333.256	277.9700	-446.6667	-152.0000	
449	2336.199	266.2881	-34.6667	247.3333	
450	2339.131	266.6063	-385.6667	-104.6667	
451	2342.052	274.2579	348.3333	635.6667	
452	2344.963	294.5769	-621.3333	-315.0000	
453	2347.864	291.8615	305.3333	611.3333	
454	2350.755	262.8128	-460.0000	-180.6667	
455	2353.635	283.3990	144.6667	434.0000	
456	2356.505	288.0316	-526.3333	-221.6667	
457	2359.364	289.6243	184.6667	440.3334	
458	2362.213	295.3837	-380.3333	-34.6667	
459	2365.051	292.2473	190.3333	454.0000	
460	2367.879	284.9032	-309.6667	21.6667	
461	2370.697	286.8647	78.3333	339.6667	
462	2373.504	284.6596	-311.0000	-25.6667	
463	2376.300	284.2045	260.3333	513.0000	
464	2379.086	288.2495	-486.0000	-182.3333	
465	2381.862	281.6277	74.6667	315.3333	
466	2384.627	273.5059	-377.3333	-94.6667	
467	2387.382	278.2174	238.0000	445.3333	
468	2390.125	289.5116	-601.6667	-349.3333	
469	2392.859	308.6371	131.6667	410.3333	
470	2395.582	290.5582	-411.6666	-156.0000	
471	2398.294	273.7295	296.6667	499.3333	
472	2400.996	282.1091	-636.0000	-387.3333	
473	2403.687	288.1994	210.3333	439.0000	
474	2406.368	290.3314	-466.6666	-215.0000	
475	2409.038	287.4633	292.3333	528.6667	
476	2411.697	269.5089	-377.0000	-206.3333	
477	2414.346	263.7154	262.3333	479.0000	
478	2416.984	258.4222	-459.0000	-268.0000	
479	2419.612	284.2954	26.0000	260.3333	
480	2422.228	317.0020	-467.6667	-195.3333	
481	2424.834	295.7085	164.0000	420.3333	
482	2427.430	293.4567	-482.3333	-259.3333	
483	2430.015	314.6219	151.0000	352.0000	
484	2432.589	313.4953	946.0000	1452.3334	
485	2435.152	323.5605	207.0000	420.0000	
486	2437.705	329.1256	-726.6666	-487.0000	
487	2440.247	259.1908	41.6667	260.6667	
488	2442.778	258.2561	-472.3333	-262.6667	
489	2445.298	263.1918	35.3333	256.3333	
490	2447.808	254.1749	-575.6667	-375.3333	
491	2450.306	259.5826	338.3333	541.6666	
492	2452.794	271.4481	-424.3333	-235.0000	
493	2455.272	276.2307	237.0000	441.3333	
494	2457.738	287.2219	-630.6667	-389.0000	
495	2460.194	289.2962	221.6667	414.3333	
496	2462.638	291.2455	-372.3333	-158.0000	
497	2465.073	291.8617	378.0000	596.6667	
498	2467.496	282.6860	-466.3333	-265.6667	
499	2469.908	274.6770	394.6667	607.6666	
500	2472.309	255.7521	-389.6667	-220.3333	
501	2474.699	266.8609	-22.6667	155.6667	
502	2477.079	331.6364	-470.6667	-229.6667	
503	2479.448	279.7453	202.0000	389.0000	
504	2481.805	281.1875	-408.3333	-222.0000	
505	2484.152	278.0880	175.3333	339.3333	
506	2486.488	279.4885	-443.0000	-244.0000	
507	2488.813	281.4308	202.0000	360.3333	
508	2491.127	293.5396	-672.3333	-457.6667	
509	2493.430	283.6693	228.6667	365.6667	
510	2495.722	331.5074	-333.3333	-109.3333	
511	2498.003	238.9494	-57.3333	72.0000	
