resultName	chilca3-8
resultName	chilca3-8
ID	RS20191205112908_P19331194
Command	SCANANDSEARCH
User	Admin
Application	_Analyze
SerialNumber	P19331194
Power	280
Integration	900
Averages	3
AutoExposure	Off
AutoCollect	Off
QuickCollect	Off
AutoBackground	On
BaselineCorrection	On
Algorithm	Wavelet
Searched Library	All,None,None,None
MixtureComponents	2
matchThreshold	0.75
displayMatches	1
Threshold	0.80
WL Start	
WL End	
ServerVersion	3.180316
FirmwareVersion	
date	2019-12-05
time	11:29:08
scanindex	0
specpath	RS20191205112908_P19331194.xml
Search Range	200 - 2500
Synced	false
lastCalDateTime	2019-12-05 09:53:08
lastCalUser	Admin
lastCalResult	PASS
lastVerifyDateTime	2019-10-16 15:05:37
lastVerifyUser	Admin
lastVerifyResult	PASS
selectedMaterial	
result	No Match
ValidationGUID	
ValidationMatchQuality	
topMatch	
topMatchGUID	
topMatchQuality	
secondMatch	
secondMatchGUID	
secondMatchQuality	
thirdMatch	
thirdMatchGUID	
thirdMatchQuality	
fourthMatch	
fourthMatchGUID	
fourthMatchQuality	
fifthMatch	
fifthMatchGUID	
fifthMatchQuality	
signedBy	
signedDateTime	
softwareVer	1.7.0.21
memo	
batchID	
inBatch	false
batchUID	
batchCID1	
batchCIDlbl1	
batchCID2	
batchCIDlbl2	
batchCID3	
batchCIDlbl3	
batchCID4	
batchCIDlbl4	
batchCID5	
batchCIDlbl5	
signedTitle	
signedReason	
rescanned	
barcode	
topMatchContribs	
secondMatchContribs	
thirdMatchContribs	
fourthMatchContribs	
fifthMatchContribs	
ValidationMatchContribs	
Threat	
PrecursorList	
CompundName	
WindowStart4C	
MatchLibrary	
lastModified	2019/12/05 11:35
Signal2Noise	53.43
Detector TEC SetPoint	0x8000
Detector Temp	4.97
Laser Temp	25.37
OE1 Temp	36.97
OE2 Temp	41.56
Detector Gain	200
SaturationDetected	false
InterpolatedPixelList	
PeakList	 304.9	714	329.2	654	431.8	583	493.1	556	524.3	454	559.8	779	657.2	799	666.6	787	759.3	2276	797.9	926	847.0	502	1158.3	586	1227.4	558	1296.8	731	1377.3	1455	1440.1	5169	1564.7	1559	1645.3	4364	1676.0	2898
index	Raman Shift (cm-1)	Y value (counts)	background (counts)	raw value (counts)
0	137.714	288.3615	6911.0000	10275.0000	
1	144.215	254.8747	7305.6670	10535.0000	
2	150.711	255.0549	7467.0000	10595.3330	
3	157.202	185.5691	7534.0000	10491.6670	
4	163.686	297.4158	7241.3335	10209.6670	
5	170.165	272.5957	8051.0000	10893.3330	
6	176.638	266.4429	7701.6670	10436.6670	
7	183.106	218.6231	7628.0000	10214.0000	
8	189.567	199.1364	7158.3330	9623.6660	
9	196.023	237.6505	8202.0000	10604.6670	
10	202.474	233.8307	7876.6660	10174.3330	
11	208.918	194.3430	8465.6670	10622.6660	
12	215.357	246.5241	7776.6670	9884.6670	
13	221.790	194.4552	8419.6670	10428.3330	
14	228.217	156.4872	8324.6670	10237.6670	
15	234.638	154.8398	8498.6660	10412.0000	
16	241.054	170.1915	7294.3330	9225.0000	
17	247.464	236.8762	7896.0000	9895.3330	
18	253.868	312.8949	7130.6670	9208.0000	
19	260.266	248.9136	8010.6670	10026.0000	
20	266.658	253.9324	6653.3330	8675.6660	
21	273.044	191.4855	8225.0000	10196.0000	
22	279.425	81.7047	7525.3340	9397.6670	
23	285.799	206.5920	7296.6660	9305.0000	
24	292.168	446.1439	6859.0000	9118.0000	
25	298.531	581.1697	6957.3330	9371.3340	
26	304.888	713.5257	6675.3340	9241.6660	
27	311.239	598.5514	7657.0000	10128.3330	
28	317.584	431.2534	6255.3330	8593.3330	
29	323.923	609.4611	6697.3330	9176.0000	
30	330.256	654.3352	6461.3335	8947.3340	
31	336.583	412.8753	6787.0000	8994.0000	
32	342.905	319.4159	6683.6670	8759.6670	
33	349.220	233.2905	6376.0000	8328.3340	
34	355.529	242.8306	5495.6665	7420.0000	
35	361.833	295.7059	7093.3330	9018.6670	
36	368.130	266.3673	5280.6670	7130.6670	
37	374.421	97.1861	5783.6670	7431.6670	
38	380.707	152.8379	6127.6665	7696.6660	
39	386.986	250.4904	6055.3330	7791.0000	
40	393.259	278.3090	4783.6665	6514.3330	
41	399.526	297.2058	5932.3335	7651.6665	
42	405.787	105.4364	4886.3335	6383.6670	
43	412.042	0.0000	3225.3333	4587.0000	
44	418.291	208.5637	4253.3335	5793.3335	
45	424.534	525.1035	4023.3335	5866.6665	
46	430.771	582.6438	2862.3335	4750.0000	
47	437.001	513.5175	1742.0000	3547.3333	
48	443.226	397.7245	1975.6667	3652.0000	
49	449.444	272.7781	3510.0000	5059.0000	
50	455.656	241.5012	1878.0000	3398.3330	
51	461.862	177.8918	1896.0000	3355.3335	
52	468.062	167.6147	1835.3335	3287.0000	
53	474.256	206.1485	2883.0000	4374.6670	
54	480.443	313.0149	1253.3333	2853.3333	
55	486.624	495.5484	761.6666	2545.6667	
56	492.800	556.3560	1766.3334	3599.6665	
57	498.968	547.7098	2498.3333	4307.0000	
58	505.131	338.3967	1970.6667	3554.0000	
59	511.288	162.7503	975.0000	2366.6665	
60	517.438	217.1042	1637.3333	3067.3333	
61	523.582	453.6363	2047.0000	3683.3335	
62	529.719	273.5009	1084.6667	2510.6665	
63	535.851	208.4496	1937.6667	3211.0000	
64	541.976	250.9814	882.6666	2228.6667	
65	548.095	281.1799	2424.6667	3702.3333	
66	554.207	443.6282	3575.3335	5050.6665	
67	560.313	779.4935	3728.0000	5509.0000	
68	566.413	574.6925	2172.6665	3718.6670	
69	572.507	131.8900	1552.3333	2635.0000	
70	578.594	34.3287	383.3333	1358.3333	
71	584.675	141.9039	536.0000	1605.3333	
72	590.749	185.8124	912.6667	2012.6667	
73	596.817	213.6633	2304.0000	3428.3330	
74	602.879	196.8486	2367.3333	3471.3335	
75	608.935	213.8457	2242.0000	3263.3330	
76	614.983	243.2180	2473.3333	3616.6670	
77	621.026	298.0365	2460.3335	3745.3335	
78	627.062	292.2809	1887.0000	3016.0000	
79	633.092	321.4417	1737.0000	2969.3333	
80	639.115	472.3530	1713.3334	3102.3335	
81	645.132	729.5968	2436.6667	4088.6665	
82	651.142	758.5083	1369.3333	3056.0000	
83	657.146	799.0858	736.0000	2469.0000	
84	663.143	703.6635	717.6667	2361.0000	
85	669.134	786.8074	948.6667	2641.3333	
86	675.118	396.9515	126.0000	1395.0000	
87	681.096	325.7621	856.0000	2020.0000	
88	687.068	269.9059	1154.6666	2229.0000	
89	693.032	250.9945	1360.0000	2375.3335	
90	698.991	254.5833	441.0000	1515.3333	
91	704.942	239.8120	982.0000	2025.3333	
92	710.888	203.4079	777.6667	1797.0000	
93	716.826	153.9394	775.0000	1795.6667	
94	722.758	98.7206	838.0000	1788.0000	
95	728.683	95.7517	888.0000	1954.3333	
96	734.602	165.1994	788.6667	1979.6665	
97	740.514	142.9807	1339.6666	2563.6665	
98	746.420	417.9578	1134.0000	2677.6667	
99	752.319	1143.6658	1862.3335	4189.0000	
100	758.211	2276.0408	800.6667	4317.0000	
101	764.097	1886.8929	1642.3333	4800.0000	
102	769.976	665.7451	1000.3333	2967.3335	
103	775.848	481.9300	1369.6666	3183.3330	
104	781.714	620.7826	1050.3334	3033.3335	
105	787.573	761.0985	1640.3333	3780.3333	
106	793.425	630.7479	1429.6667	3456.0000	
107	799.271	925.7310	1779.3333	4117.3335	
108	805.109	802.0468	1119.3334	3350.3335	
109	810.942	267.0467	1638.6665	3331.6665	
110	816.767	121.8799	956.3333	2432.0000	
111	822.586	124.8797	1453.3334	2971.3333	
112	828.397	102.4284	952.3334	2445.0000	
113	834.202	126.2301	1460.0000	2928.6665	
114	840.001	297.0317	1035.3334	2744.0000	
115	845.792	502.1667	1442.0000	3346.6667	
116	851.577	409.3017	1094.6667	2897.3335	
117	857.355	238.6375	1390.6666	3027.6667	
118	863.126	234.3480	1234.6666	2778.0000	
119	868.890	253.9482	1263.3334	2913.0000	
120	874.648	243.9861	726.0000	2371.3333	
121	880.398	316.5162	1202.6666	2911.0000	
122	886.142	325.0461	805.6667	2513.0000	
123	891.879	411.2426	1152.0000	2936.0000	
124	897.609	167.1057	889.0000	2419.3333	
125	903.332	90.4178	838.0000	2284.0000	
126	909.048	212.7297	473.3333	2034.0000	
127	914.757	345.3750	959.0000	2644.6667	
128	920.459	409.0202	260.3333	2002.0000	
129	926.155	263.9988	880.0000	2469.0000	
130	931.843	205.6441	222.0000	1745.0000	
131	937.525	193.9561	836.3333	2340.0000	
132	943.199	263.9347	300.3333	1866.3334	
133	948.867	282.4222	610.3333	2202.0000	
134	954.528	409.8821	185.6667	1898.6667	
135	960.181	374.0086	461.0000	2132.0000	
136	965.828	168.1346	183.3333	1642.3334	
137	971.468	242.2478	397.0000	1924.6667	
138	977.100	265.0277	-173.0000	1372.0000	
139	982.726	231.1411	316.0000	1821.6667	
140	988.344	244.7482	194.3333	1677.3334	
141	993.956	253.1185	167.3333	1685.3333	
142	999.560	259.3221	-49.3333	1451.6666	
143	1005.158	275.7758	381.0000	1895.3335	
144	1010.748	282.2083	-177.0000	1375.6666	
145	1016.331	261.0160	248.3333	1812.0000	
146	1021.907	170.3865	157.3333	1547.6667	
147	1027.476	228.2566	345.3333	1787.3333	
148	1033.038	339.1268	17.3333	1564.0000	
149	1038.593	229.0588	240.3333	1671.3335	
150	1044.141	223.9904	-65.0000	1355.3334	
151	1049.681	206.8388	167.6667	1553.0000	
152	1055.215	228.6042	-244.6667	1160.0000	
153	1060.741	227.2303	302.0000	1682.0000	
154	1066.260	285.9508	14.0000	1499.0000	
155	1071.772	380.5199	324.0000	1901.3333	
156	1077.276	508.7558	-12.3333	1691.0000	
157	1082.774	475.7718	354.6667	2019.3333	
158	1088.264	271.1214	-117.3333	1337.0000	
159	1093.747	166.1375	362.3333	1706.0000	
160	1099.223	255.1537	190.0000	1617.0000	
161	1104.691	285.0893	406.3333	1894.0000	
162	1110.152	260.1264	29.6667	1444.3334	
163	1115.606	221.1635	574.0000	2010.0000	
164	1121.053	174.6174	92.0000	1434.0000	
165	1126.493	171.6354	559.6666	1906.3333	
166	1131.925	211.4035	78.0000	1439.0000	
167	1137.349	203.7548	692.6666	2049.0000	
168	1142.767	314.3558	-15.3333	1497.0000	
169	1148.177	384.6393	655.0000	2258.3333	
170	1153.580	512.5896	214.3333	1966.3333	
171	1158.975	585.8730	698.0000	2544.0000	
172	1164.364	450.1570	273.3333	2004.3333	
173	1169.744	271.5346	982.0000	2550.6665	
174	1175.118	213.2456	480.0000	2006.6667	
175	1180.484	176.8993	1035.3334	2554.0000	
176	1185.843	158.3610	635.6666	2146.6665	
177	1191.194	154.8226	984.3334	2447.3333	
178	1196.538	206.2846	816.3333	2397.0000	
179	1201.874	386.0796	1113.6667	2885.0000	
180	1207.203	445.2075	670.6667	2512.0000	
181	1212.525	437.2875	1310.0000	3155.0000	
182	1217.839	450.1487	989.6667	2847.3335	
183	1223.145	509.5896	1421.3334	3354.3335	
184	1228.444	558.0299	1031.0000	3028.3333	
185	1233.736	402.3834	1630.3333	3497.0000	
186	1239.020	279.7365	1372.6667	3141.6665	
187	1244.297	182.4238	1717.6665	3414.3335	
188	1249.566	182.4433	1557.0001	3196.3333	
189	1254.828	205.7275	2244.3333	4033.3335	
190	1260.082	134.3447	1849.3333	3611.0000	
191	1265.328	222.9621	2458.0000	4352.3335	
192	1270.567	297.5796	2264.6667	4277.6670	
193	1275.799	382.8633	2756.6667	4899.0000	
194	1281.022	294.1477	2270.0000	4367.6670	
195	1286.239	524.4314	2996.0000	5368.0000	
196	1291.448	716.0193	2524.6667	5145.6670	
197	1296.649	731.4161	3270.0000	5920.0000	
198	1301.842	632.4797	2936.0000	5500.6665	
199	1307.028	625.5441	3709.3333	6280.6670	
200	1312.206	602.6082	3407.6665	5969.6670	
201	1317.377	184.5685	3716.6670	5848.0000	
202	1322.540	140.5300	3662.0000	5736.6670	
203	1327.695	437.9189	4095.6665	6441.0000	
204	1332.843	385.8598	3862.6665	6148.3330	
205	1337.982	279.8301	4607.6670	6798.3330	
206	1343.115	220.8018	3941.6665	6084.3335	
207	1348.239	99.4390	4865.6665	6898.0000	
208	1353.356	250.7431	4238.3330	6433.0000	
209	1358.465	197.3805	5392.6665	7545.0000	
210	1363.567	538.6836	4896.0000	7400.6660	
211	1368.660	1063.9888	5591.6665	8632.6670	
212	1373.746	1343.2920	5142.0000	8473.3330	
213	1378.824	1454.8405	5881.0000	9341.0000	
214	1383.894	1059.3881	5436.0000	8517.6660	
215	1388.957	429.9363	6323.0000	8792.3330	
216	1394.012	61.1509	5631.0000	7748.6665	
217	1399.059	68.4976	6422.6670	8552.3340	
218	1404.098	83.5697	5924.3335	8047.0000	
219	1409.129	285.6425	6876.3340	9179.0000	
220	1414.153	697.0493	6137.6665	8829.6670	
221	1419.169	1179.4403	6846.3340	10005.3330	
222	1424.176	1628.1672	6337.3330	9929.6660	
223	1429.176	2924.5605	6984.0000	11857.3340	
224	1434.168	4678.6025	6572.0000	13166.0000	
225	1439.153	5169.0181	7140.3340	14191.0000	
226	1444.129	5106.4355	6668.6660	13623.0000	
227	1449.097	4997.5181	7427.3335	14239.0000	
228	1454.058	4563.2671	6629.6660	12973.3320	
229	1459.011	3833.3713	7639.0000	13166.6660	
230	1463.955	2992.1423	6770.6670	11371.0000	
231	1468.892	2252.5798	7547.6660	11322.3330	
232	1473.821	1512.3496	6733.0000	9681.3330	
233	1478.742	776.6475	7534.0000	9670.3340	
234	1483.655	435.9444	6715.3330	8434.6670	
235	1488.559	240.5733	7728.0000	9175.6660	
236	1493.456	129.2036	6960.3335	8220.3330	
237	1498.345	139.7139	7966.6670	9184.3330	
238	1503.226	176.0333	7242.3330	8452.0000	
239	1508.099	143.7957	7712.3330	8855.6660	
240	1512.964	44.2258	5890.3335	6900.0000	
241	1517.821	89.5725	7613.3330	8600.0000	
242	1522.669	138.0023	7771.3330	8840.0000	
243	1527.510	173.4326	8841.3340	9860.0000	
244	1532.343	215.0292	8062.0000	9129.0000	
245	1537.167	209.4917	8998.6660	9990.6670	
246	1541.984	228.1534	8208.6660	9307.3330	
247	1546.792	248.8980	9105.6670	10261.0000	
248	1551.593	331.3089	8429.0000	9702.6670	
249	1556.385	672.8372	9488.0000	11171.3330	
250	1561.169	1324.3672	8644.3340	11047.3340	
251	1565.945	1558.5625	9427.0000	12132.3330	
252	1570.712	825.4243	9094.6670	11135.0000	
253	1575.472	306.5262	9619.3330	11195.6670	
254	1580.223	170.2918	8775.0000	10270.0000	
255	1584.967	133.7251	9620.6670	11134.0000	
256	1589.702	115.8257	8453.0000	10034.6670	
257	1594.429	60.9258	8811.0000	10308.3340	
258	1599.147	64.6927	8363.3330	9972.3330	
259	1603.858	266.4432	9596.3330	11481.3330	
260	1608.560	643.7657	9086.6670	11386.3330	
261	1613.254	889.7756	9839.6660	12442.6670	
262	1617.940	1136.4485	9581.6670	12488.6660	
263	1622.617	1268.7905	9897.0000	12993.6660	
264	1627.286	1875.1334	9124.3330	12884.6660	
265	1631.947	2802.1829	9508.0000	14227.0000	
266	1636.600	3442.9241	8673.3330	14044.3340	
267	1641.244	3900.6096	10074.3330	15918.0000	
268	1645.880	4364.2930	8969.6670	15292.0000	
269	1650.508	3496.7966	9910.3330	15292.0000	
270	1655.128	2603.2991	8943.0000	13358.0000	
271	1659.739	2308.8010	10013.3340	14060.6660	
272	1664.341	2263.9705	9332.0000	13261.3320	
273	1668.936	2515.4739	10292.0000	14399.6660	
274	1673.522	2894.6443	9078.3330	13492.0000	
275	1678.099	2897.8142	9487.6670	13831.3340	
276	1682.669	1755.3175	9197.0000	12325.0000	
277	1687.230	660.4033	9435.6670	11381.0000	
278	1691.782	292.4900	9312.3340	10802.0000	
279	1696.326	200.9097	10460.6670	11771.0000	
280	1700.862	109.8733	9018.0000	10163.6670	
281	1705.389	100.9016	9595.3340	10640.0000	
282	1709.908	127.0979	8756.3340	9695.0000	
283	1714.418	219.1277	10212.0000	11200.3330	
284	1718.920	275.9920	8888.0000	9831.6660	
285	1723.413	258.6076	9441.6670	10341.6670	
286	1727.898	164.8889	7545.0000	8325.0000	
287	1732.375	243.7769	9686.6670	10508.3330	
288	1736.842	336.6743	8938.3330	9840.0000	
289	1741.302	244.5707	8784.6670	9581.3340	
290	1745.753	209.1327	8079.0000	8827.3330	
291	1750.195	277.0294	9403.6670	10149.3330	
292	1754.629	394.9267	8663.3330	9571.6670	
293	1759.054	312.3381	8712.0000	9523.0000	
294	1763.471	166.7511	7112.0000	7762.6670	
295	1767.879	243.8300	8978.0000	9691.0000	
296	1772.278	484.2422	8603.0000	9541.6670	
297	1776.669	327.2638	8019.3330	8798.6670	
298	1781.051	267.6186	6750.3330	7467.6670	
299	1785.425	239.5147	7665.6660	8334.6660	
300	1789.790	235.3481	6618.3330	7338.6670	
301	1794.147	235.3653	7800.3340	8382.0000	
302	1798.494	256.3820	8188.0000	8966.3340	
303	1802.833	251.9612	8553.0000	9155.6670	
304	1807.164	236.1237	8125.3335	8927.6660	
305	1811.486	241.0780	7214.0000	7807.0000	
306	1815.799	205.9492	6587.6670	7192.6670	
307	1820.103	216.0700	7069.3330	7651.3330	
308	1824.399	258.5005	6766.3335	7387.6670	
309	1828.686	258.8217	8016.0000	8638.3330	
310	1832.964	256.8100	6803.6670	7531.0000	
311	1837.234	174.7985	6452.3330	6992.0000	
312	1841.495	229.1202	6322.6660	6917.3330	
313	1845.747	235.4456	7058.0000	7660.6670	
314	1849.990	283.6040	7092.3330	7789.6670	
315	1854.225	281.9292	7302.3330	7954.3330	
316	1858.451	285.7549	6053.6670	6711.6670	
317	1862.668	285.7607	6272.6665	6932.3330	
318	1866.876	267.2255	5010.3330	5675.0000	
319	1871.075	246.1482	4648.3330	5183.3330	
320	1875.266	257.3418	4348.0000	4957.0000	
321	1879.448	261.8895	4965.0000	5613.3330	
322	1883.620	202.6663	3015.3333	3535.6670	
323	1887.784	123.7734	3362.6665	3789.0000	
324	1891.940	209.5459	3484.0000	3981.0000	
325	1896.086	224.2957	4381.6670	4888.0000	
326	1900.223	228.2123	3481.3335	3925.6665	
327	1904.352	307.9623	5095.0000	5678.6665	
328	1908.471	297.3788	4250.0000	4865.0000	
329	1912.582	267.9326	4658.3335	5132.0000	
330	1916.684	257.9045	3812.3330	4416.6665	
331	1920.777	257.3762	3978.6670	4382.0000	
332	1924.861	259.3686	4159.0000	4697.0000	
333	1928.936	262.2375	4885.0000	5390.3330	
334	1933.002	259.9813	3588.0000	4161.0000	
335	1937.059	192.6835	3697.3330	4130.3330	
336	1941.107	263.8857	3454.3330	3955.6665	
337	1945.146	301.0876	4530.6670	5066.3335	
338	1949.176	355.2898	3711.3330	4298.3330	
339	1953.197	346.1586	3386.0000	3961.0000	
340	1957.209	117.3611	1330.6667	1674.0000	
341	1961.212	221.0757	2518.3335	2952.6667	
342	1965.206	258.1236	2042.3333	2501.0000	
343	1969.191	247.9041	1980.3333	2453.6667	
344	1973.167	239.3241	1121.6667	1633.3335	
345	1977.134	183.0871	688.0000	1044.0000	
346	1981.092	198.0171	98.6667	457.0000	
347	1985.041	270.2804	812.6667	1230.6666	
348	1988.980	280.5435	275.0000	690.6667	
349	1992.911	251.1586	533.6667	884.6666	
350	1996.832	252.4201	-281.0000	125.6667	
351	2000.744	246.5432	428.0000	780.0000	
352	2004.647	239.9997	-315.3333	39.3333	
353	2008.541	242.8728	301.0000	620.0000	
354	2012.426	266.8292	-368.6667	3.3333	
355	2016.301	251.9523	273.6667	628.6667	
356	2020.168	246.4089	-473.6667	-126.3333	
357	2024.025	219.3456	289.3333	606.3333	
358	2027.873	254.9491	-415.3333	-66.0000	
359	2031.712	259.9068	204.6667	559.0000	
360	2035.542	263.1765	-425.3333	-85.6667	
361	2039.362	263.9463	219.3333	583.0000	
362	2043.173	263.2370	-427.6667	-83.3333	
363	2046.975	264.6735	172.3333	534.6667	
364	2050.768	248.6203	-474.6666	-102.6667	
365	2054.551	228.3835	182.3333	513.3333	
366	2058.325	237.0633	-375.6667	-36.0000	
367	2062.090	243.0764	202.3333	548.0000	
368	2065.846	236.0896	-367.6667	-29.0000	
369	2069.592	230.4360	174.3333	507.3333	
370	2073.329	227.7825	-327.3333	3.0000	
371	2077.056	247.2205	324.3333	662.0000	
372	2080.775	256.7392	-379.0000	-32.3333	
373	2084.484	300.1968	144.0000	535.3333	
374	2088.183	246.6544	-301.0000	38.0000	
375	2091.873	238.6953	14.3333	338.3333	
376	2095.554	241.6530	-331.3333	9.3333	
377	2099.226	247.1413	258.3333	583.6667	
378	2102.887	252.2127	-195.3333	160.3333	
379	2106.540	255.7844	164.3333	510.3333	
380	2110.183	251.9384	-453.3333	-92.3333	
381	2113.817	252.5580	-728.3334	-388.6667	
382	2117.442	250.8443	-173.0000	167.3333	
383	2121.056	249.7556	187.0000	520.0000	
384	2124.662	253.6252	-570.3333	-231.6667	
385	2128.258	240.4012	100.6667	416.0000	
386	2131.844	244.8726	-453.3333	-104.0000	
387	2135.421	230.0106	74.3333	383.0000	
388	2138.989	212.4828	-352.3333	-65.6667	
389	2142.547	234.8407	264.3333	573.0000	
390	2146.095	271.5320	-450.6667	-105.6667	
391	2149.635	255.5566	206.3333	558.3334	
392	2153.164	252.3429	-598.6666	-304.0000	
393	2156.684	246.2207	40.6667	363.6667	
394	2160.194	248.5152	-265.3333	17.3333	
395	2163.695	249.8097	316.6667	652.3333	
396	2167.186	252.2701	-287.6667	24.3333	
397	2170.668	250.7830	124.6667	461.0000	
398	2174.140	251.4626	-404.6667	-104.0000	
399	2177.603	260.1421	134.0000	461.0000	
400	2181.055	259.8217	-210.3333	145.3333	
401	2184.499	253.0012	446.3333	730.3333	
402	2187.932	243.3474	-344.0000	-6.6667	
403	2191.356	244.0270	-34.6667	262.3333	
404	2194.770	250.8739	-400.6667	-86.3333	
405	2198.175	276.1600	218.3333	557.6666	
406	2201.570	251.5951	-419.6667	-48.3333	
407	2204.955	207.7529	228.3333	512.0000	
408	2208.331	235.1605	-351.3333	-39.3333	
409	2211.697	247.3584	320.6667	666.3333	
410	2215.053	246.9730	-430.3333	-118.0000	
411	2218.399	240.7542	273.0000	606.3333	
412	2221.736	239.1190	-350.0000	-33.0000	
413	2225.063	251.6504	329.3333	656.6667	
414	2228.380	252.9537	-588.6666	-257.6667	
415	2231.688	256.5905	161.0000	498.0000	
416	2234.985	257.8939	-609.3334	-268.6667	
417	2238.273	288.5305	178.0000	551.6666	
418	2241.552	277.1674	-541.3334	-176.6667	
419	2244.820	259.1374	-51.0000	298.0000	
420	2248.078	205.4405	-347.3333	-49.6667	
421	2251.327	242.4255	261.0000	594.0000	
422	2254.566	251.3689	-489.0000	-116.3333	
423	2257.795	251.2290	228.0000	555.0000	
424	2261.014	252.8806	-369.3333	-44.3333	
425	2264.223	243.4465	179.6667	527.6667	
426	2267.423	234.8457	-132.3333	181.6667	
427	2270.612	228.4669	347.0000	663.3333	
428	2273.792	247.7572	-333.0000	0.0000	
429	2276.962	248.1819	161.0000	493.0000	
430	2280.122	268.7733	-350.6667	3.3333	
431	2283.271	254.1148	296.6667	659.6667	
432	2286.411	240.2895	-398.6667	-94.3333	
433	2289.542	229.2142	176.3333	510.6667	
434	2292.662	239.5265	-373.6667	-76.6667	
435	2295.772	243.4724	204.0000	521.0000	
436	2298.872	256.5011	-582.6667	-287.0000	
437	2301.962	276.8586	256.3333	604.3333	
438	2305.042	275.1328	-435.0000	-88.0000	
439	2308.113	229.4070	0.0000	302.0000	
440	2311.173	253.0143	-572.0000	-245.6667	
441	2314.223	254.0808	353.3333	682.0000	
442	2317.263	247.9806	-309.0000	33.0000	
443	2320.293	220.2138	120.6667	418.0000	
444	2323.313	248.9467	-503.0000	-175.6667	
445	2326.323	255.7799	330.3333	679.3334	
446	2329.323	254.5922	-532.0000	-197.0000	
447	2332.313	254.1129	186.0000	521.6667	
448	2335.293	231.9655	-406.3333	-86.6667	
449	2338.262	244.7889	-18.0000	295.3333	
450	2341.222	253.6747	-378.6667	-16.6667	
451	2344.172	254.8522	395.3333	728.0000	
452	2347.111	255.4257	-575.3334	-250.3333	
453	2350.040	247.9587	306.3333	666.3333	
454	2352.959	232.3251	-425.6667	-106.0000	
455	2355.868	219.7116	180.6667	476.3333	
456	2358.767	248.1416	-474.0000	-150.0000	
457	2361.655	259.1617	214.6667	547.3333	
458	2364.534	289.5151	-306.0000	54.6667	
459	2367.402	259.5352	175.0000	503.3333	
460	2370.260	243.1391	-210.3333	87.0000	
461	2373.107	246.5151	95.3333	403.6667	
462	2375.945	235.6409	-242.0000	53.3333	
463	2378.772	248.0794	291.6667	551.3334	
464	2381.589	263.7262	-380.0000	-63.3333	
465	2384.396	261.0187	77.3333	396.6667	
466	2387.192	256.1447	-330.0000	-54.3333	
467	2389.979	259.5207	239.6667	570.3333	
468	2392.755	244.2296	-518.6667	-235.0000	
469	2395.520	192.7841	207.3333	448.6667	
470	2398.276	232.4042	-318.6667	-40.0000	
471	2401.021	260.0243	329.3333	633.3334	
472	2403.755	250.6439	-618.3333	-326.0000	
473	2406.479	247.8436	223.3333	503.0000	
474	2409.194	250.4601	-445.0000	-156.3333	
475	2411.897	249.7014	345.0000	632.0000	
476	2414.591	254.2168	-382.6667	-109.3333	
477	2417.273	218.2526	318.0000	552.3333	
478	2419.946	257.2885	-435.6666	-165.3333	
479	2422.608	276.3243	66.3333	352.6667	
480	2425.260	281.3601	-427.0000	-138.6667	
481	2427.901	277.4794	195.6667	489.3333	
482	2430.532	211.1818	-462.0000	-208.6667	
483	2433.152	205.3010	186.6667	477.0000	
484	2435.762	208.3356	1115.0000	1126.0000	
485	2438.362	266.8043	245.6667	503.6666	
486	2440.951	271.4397	-678.3333	-411.0000	
487	2443.530	268.9085	90.0000	339.0000	
488	2446.098	272.5441	-459.3334	-197.6667	
489	2448.655	254.6596	36.0000	269.3333	
490	2451.202	229.4009	-522.0000	-303.6667	
491	2453.739	240.9639	393.6667	623.0000	
492	2456.265	256.1953	-370.3333	-126.3333	
493	2458.781	252.0406	286.0000	525.3333	
494	2461.286	244.1360	-560.3333	-360.0000	
495	2463.780	244.6480	246.0000	497.3333	
496	2466.264	245.3475	-329.6667	-97.0000	
497	2468.737	245.0887	419.0000	649.3334	
498	2471.200	245.7674	-407.6667	-194.0000	
499	2473.652	261.1127	431.0000	676.3333	
500	2476.094	264.9565	-363.6667	-115.0000	
501	2478.525	256.8753	-12.6667	243.0000	
502	2480.945	247.9609	-436.6667	-234.3333	
503	2483.354	248.6298	220.0000	473.0000	
504	2485.754	229.2986	-381.0000	-170.6667	
505	2488.142	233.1342	194.0000	383.0000	
506	2490.520	239.3864	-380.3333	-144.3333	
507	2492.887	249.6386	220.0000	438.6667	
508	2495.243	251.8076	-622.3334	-389.6667	
509	2497.589	252.9764	240.6667	468.0000	
510	2499.924	264.9787	-278.6667	-36.6667	
511	2502.248	244.3142	-66.6667	154.0000	
