resultName	muna15-55
resultName	muna15-55
ID	RS20200227114951_P19331194
Command	SCANANDSEARCH
User	Admin
Application	_Analyze
SerialNumber	P19331194
Power	280
Integration	900
Averages	3
AutoExposure	Off
AutoCollect	Off
QuickCollect	Off
AutoBackground	On
BaselineCorrection	On
Algorithm	Wavelet
Searched Library	All,None,None,None
MixtureComponents	2
matchThreshold	0.0
displayMatches	1
Threshold	0.80
WL Start	
WL End	
ServerVersion	3.180316
FirmwareVersion	
date	2020-02-27
time	11:49:51
scanindex	0
specpath	RS20200227114951_P19331194.xml
Search Range	200 - 2500
Synced	false
lastCalDateTime	2020-02-27 08:30:34
lastCalUser	Admin
lastCalResult	PASS
lastVerifyDateTime	2019-10-16 15:05:37
lastVerifyUser	Admin
lastVerifyResult	PASS
selectedMaterial	
result	No Match
ValidationGUID	
ValidationMatchQuality	
topMatch	
topMatchGUID	
topMatchQuality	
secondMatch	
secondMatchGUID	
secondMatchQuality	
thirdMatch	
thirdMatchGUID	
thirdMatchQuality	
fourthMatch	
fourthMatchGUID	
fourthMatchQuality	
fifthMatch	
fifthMatchGUID	
fifthMatchQuality	
signedBy	
signedDateTime	
softwareVer	1.7.0.21
memo	
batchID	
inBatch	false
batchUID	
batchCID1	
batchCIDlbl1	
batchCID2	
batchCIDlbl2	
batchCID3	
batchCIDlbl3	
batchCID4	
batchCIDlbl4	
batchCID5	
batchCIDlbl5	
signedTitle	
signedReason	
rescanned	
barcode	
topMatchContribs	
secondMatchContribs	
thirdMatchContribs	
fourthMatchContribs	
fifthMatchContribs	
ValidationMatchContribs	
Threat	
PrecursorList	
CompundName	
WindowStart4C	
MatchLibrary	
lastModified	2020/02/27 11:50
Signal2Noise	83.90
Detector TEC SetPoint	0x8000
Detector Temp	4.94
Laser Temp	25.40
OE1 Temp	31.81
OE2 Temp	35.00
Detector Gain	200
SaturationDetected	false
InterpolatedPixelList	
PeakList	 297.2	894	339.9	591	398.9	661	442.6	582	559.9	551	649.8	2537	672.6	832	756.0	769	803.9	734	841.6	613	959.3	891	1141.9	586	1211.9	904	1333.5	655	1377.8	1291	1453.6	4839	1642.1	3995	1672.9	3434	1713.8	889
index	Raman Shift (cm-1)	Y value (counts)	background (counts)	raw value (counts)
0	137.455	598.3895	11084.3340	15214.0000	
1	143.948	401.8269	11885.3340	15737.3340	
2	150.436	305.2656	12593.3330	16267.6680	
3	156.918	299.3690	13078.3330	16665.6680	
4	163.394	409.4727	12622.3330	16238.6680	
5	169.865	472.2412	13811.0000	17409.0000	
6	176.330	280.3466	13544.6660	16869.6680	
7	182.790	262.4484	13639.0000	16865.0000	
8	189.244	137.8848	12967.3330	15987.6660	
9	195.693	176.6555	13960.6660	16938.6660	
10	202.136	207.4250	13894.3340	16822.0000	
11	208.573	353.8643	14600.6660	17593.6680	
12	215.005	383.9681	13829.3320	16771.3340	
13	221.431	326.1936	14518.6660	17356.3340	
14	227.851	336.0871	14547.6660	17335.3340	
15	234.266	288.7021	15225.0000	17967.3340	
16	240.675	96.6510	13363.0000	15915.3340	
17	247.078	276.2643	14215.3340	16949.3320	
18	253.476	190.8831	13145.0000	15795.6680	
19	259.868	307.1624	13835.3340	16604.3320	
20	266.254	184.1142	12447.3330	15095.3340	
21	272.635	430.3672	14045.3320	16971.6660	
22	279.009	692.2875	13684.6660	16905.0000	
23	285.378	802.8735	13189.0000	16552.0000	
24	291.742	730.4596	12515.6670	15838.3330	
25	298.099	894.3947	12580.6670	16092.3340	
26	304.451	736.6623	12100.6660	15479.6660	
27	310.797	550.9304	13191.0000	16409.3340	
28	317.137	463.3331	11957.6670	15131.3330	
29	323.471	570.2144	12129.3330	15347.6660	
30	329.800	546.4296	11729.6660	14862.0000	
31	336.122	558.6432	12690.6670	15773.0000	
32	342.439	591.1904	12098.3340	15151.0000	
33	348.750	354.0707	12114.3340	14867.6660	
34	355.055	200.2853	10204.3340	12741.6660	
35	361.354	206.9006	12496.9990	14961.3340	
36	367.648	49.1319	10739.3330	12984.0000	
37	373.935	259.8818	10445.0000	12871.3330	
38	380.216	522.9647	10832.3340	13492.6660	
39	386.492	398.0498	11439.3330	13945.6660	
40	392.762	274.8019	9349.3330	11703.3340	
41	399.025	660.6317	10184.6670	12885.0000	
42	405.283	445.1303	9436.6660	11882.0000	
43	411.535	290.7530	6889.3330	9066.6670	
44	417.781	273.4586	6738.0000	8932.6670	
45	424.020	307.5053	7673.0000	9848.3340	
46	430.254	365.8848	5350.3335	7557.0000	
47	436.482	516.7645	4249.0000	6566.3330	
48	442.704	581.9782	3019.6665	5362.0000	
49	448.920	538.5995	5149.3335	7424.6670	
50	455.129	328.3357	3804.6670	5825.0000	
51	461.333	151.0730	3117.0000	4915.3335	
52	467.531	100.8097	2869.0000	4572.3335	
53	473.722	409.0091	4181.6665	6147.6670	
54	479.908	468.2075	2769.0000	4748.6665	
55	486.087	378.7401	1509.0000	3353.6667	
56	492.260	394.7169	2472.0000	4272.0000	
57	498.427	403.0588	3157.0002	4832.6665	
58	504.588	442.3176	3494.3335	5341.3335	
59	510.743	466.1599	2043.0000	3796.6667	
60	516.892	325.4184	2045.0000	3618.6665	
61	523.034	336.2183	3291.9998	4834.0000	
62	529.171	269.0177	1843.6665	3276.0000	
63	535.301	275.8171	2784.6667	4181.3335	
64	541.425	194.6168	1695.6666	2968.6667	
65	547.543	290.4159	2787.3335	4113.6665	
66	553.655	514.5491	5377.6670	6885.6670	
67	559.760	551.0162	6633.3330	8135.3340	
68	565.859	521.8151	4578.6665	6009.0000	
69	571.952	315.9977	3463.0000	4673.6670	
70	578.039	268.4164	1319.0000	2479.6667	
71	584.119	97.0104	882.3334	1880.0000	
72	590.193	85.2713	1325.3334	2319.6667	
73	596.261	167.0745	3057.3335	4174.0000	
74	602.323	501.2116	4669.3335	6160.6670	
75	608.378	836.3481	4723.0000	6590.0000	
76	614.427	1133.4844	4695.6670	6900.3330	
77	620.469	1203.7510	6039.6670	8326.6670	
78	626.505	1116.0914	4738.0000	6773.0000	
79	632.535	1210.5986	3965.3335	6282.3330	
80	638.559	1464.0232	3809.3333	6391.3335	
81	644.576	2284.4478	5020.6665	8434.6670	
82	650.587	2536.8716	4457.3335	8135.3340	
83	656.591	1833.6292	2473.3333	5459.6670	
84	662.589	1095.0527	1931.3333	4190.6670	
85	668.581	808.2161	2080.3335	3942.6670	
86	674.566	832.0465	1071.3334	2954.3335	
87	680.544	697.2103	1566.3334	3356.3335	
88	686.517	497.0409	3312.6667	4878.6665	
89	692.483	285.7080	3584.0000	4933.0000	
90	698.442	256.3751	2093.3333	3380.3333	
91	704.395	247.3289	2897.0000	4227.3335	
92	710.341	222.9686	2894.6667	4184.3335	
93	716.281	179.3923	2872.3335	4092.6665	
94	722.214	176.3164	2832.0000	4174.0000	
95	728.141	459.4904	3123.6665	4798.3335	
96	734.061	577.7892	2688.6667	4596.6665	
97	739.975	528.2965	4148.3330	6002.0000	
98	745.882	636.9485	3844.0000	5828.6665	
99	751.783	713.3210	5428.6670	7535.3340	
100	757.677	768.6923	4084.6665	6292.3330	
101	763.564	500.2820	5479.0000	7433.3330	
102	769.445	314.8728	4582.6665	6366.6670	
103	775.319	170.1293	4968.3330	6622.6670	
104	781.187	341.3839	4471.6670	6312.3330	
105	787.048	408.3091	5633.6665	7590.0000	
106	792.902	409.9004	5408.3335	7207.0000	
107	798.750	533.8251	6818.6670	8847.0000	
108	804.591	734.0833	5648.0000	7875.0000	
109	810.425	587.9375	6292.6670	8377.6670	
110	816.253	237.1248	4876.0000	6614.3330	
111	822.074	90.6460	5519.0000	7115.0000	
112	827.888	168.4605	5085.6665	6652.6670	
113	833.695	347.2423	5926.3335	7803.0000	
114	839.496	613.1916	5310.3335	7456.3340	
115	845.290	493.8064	6021.0000	8051.0000	
116	851.078	472.7553	5514.6670	7445.6670	
117	856.858	466.9007	5902.0000	7980.3330	
118	862.632	458.7133	5815.6665	7825.6670	
119	868.399	374.5049	5791.3335	7706.3330	
120	874.159	313.4827	4744.6670	6601.3330	
121	879.913	201.2020	4532.0000	6261.0000	
122	885.659	256.6708	4577.3335	6284.6670	
123	891.399	331.9725	5081.6670	6910.6665	
124	897.132	329.3586	5145.0000	6956.0000	
125	902.858	258.6922	4430.6665	6154.0000	
126	908.577	359.6094	3751.3330	5405.3335	
127	914.290	537.6931	4754.0000	6722.3340	
128	919.995	469.6929	3674.3335	5557.6670	
129	925.694	312.6931	4509.0000	6206.6670	
130	931.385	329.6932	3328.6670	5074.6665	
131	937.070	147.6937	3360.0000	4870.3335	
132	942.748	283.3601	3057.0000	4564.0000	
133	948.419	413.9070	3568.0000	5320.6665	
134	954.083	734.2330	2613.6667	4657.6665	
135	959.740	890.5591	3093.3335	5264.6665	
136	965.390	540.8854	2943.3335	4736.0000	
137	971.033	392.4961	3035.6665	4666.3335	
138	976.669	309.1062	1900.3333	3434.0000	
139	982.299	305.7997	2265.0000	3791.6665	
140	987.921	319.5593	2353.6665	3912.0000	
141	993.536	282.4742	2543.3335	3991.6670	
142	999.144	249.2227	2057.3333	3539.6667	
143	1004.745	244.1582	2674.3333	4113.0000	
144	1010.339	240.9692	2075.0000	3560.6670	
145	1015.926	324.0922	2430.3335	4013.6665	
146	1021.506	309.0070	2400.3333	3967.0000	
147	1027.078	398.0467	2614.6667	4302.6665	
148	1032.644	423.6281	2147.6667	3876.3330	
149	1038.203	399.7814	2617.3333	4337.3335	
150	1043.754	354.6003	2317.6667	4007.6665	
151	1049.298	303.0866	2687.3333	4341.0000	
152	1054.836	148.9056	1798.3334	3313.0000	
153	1060.366	204.2200	2732.3335	4322.3335	
154	1065.889	310.6212	2573.3333	4307.0000	
155	1071.404	318.9031	3001.6667	4758.3330	
156	1076.913	339.7690	2764.6667	4553.6665	
157	1082.414	325.7303	3328.3335	5113.6665	
158	1087.908	357.4418	2234.0000	3955.0000	
159	1093.395	472.0702	3309.3330	5276.0000	
160	1098.875	370.3644	3433.0000	5312.0000	
161	1104.348	278.3514	4096.3330	5879.3330	
162	1109.813	316.3834	3493.0000	5312.6665	
163	1115.271	411.7491	4248.0000	6161.6670	
164	1120.721	454.4476	3603.6670	5558.6670	
165	1126.165	569.3456	4302.3335	6345.0000	
166	1131.601	545.5778	4019.0000	6010.6670	
167	1137.030	558.6427	4875.0000	6832.6670	
168	1142.452	585.8745	3840.0000	5860.0000	
169	1147.866	562.2307	4832.6665	6773.3340	
170	1153.273	409.4185	4794.3335	6569.0000	
171	1158.672	279.2749	5240.6665	6872.0000	
172	1164.064	151.7966	4696.0000	6186.6665	
173	1169.449	215.7705	6015.3335	7595.6660	
174	1174.827	203.4124	5572.3335	7166.0000	
175	1180.197	247.7830	6514.3335	8190.0000	
176	1185.560	349.8215	6093.9995	7922.6665	
177	1190.915	311.1929	6753.3340	8594.3340	
178	1196.263	346.8982	6514.9995	8442.6670	
179	1201.603	615.2688	7207.0000	9454.0000	
180	1206.936	771.9740	6731.3330	9186.0000	
181	1212.262	904.4364	7544.0000	10160.0000	
182	1217.580	670.9956	7308.0000	9704.3330	
183	1222.891	541.9978	8055.6670	10352.6670	
184	1228.194	505.6678	7782.0000	10072.3340	
185	1233.489	333.2914	8877.0000	11045.0000	
186	1238.778	313.8330	8704.3340	10730.3330	
187	1244.058	375.2081	9083.3330	11393.3340	
188	1249.331	384.1648	8718.0000	11087.0000	
189	1254.597	317.0811	10423.0000	12796.3340	
190	1259.855	183.3298	9872.0000	12183.0000	
191	1265.106	159.9121	10877.3340	13236.3340	
192	1270.349	292.8279	10838.3340	13401.6670	
193	1275.584	324.7437	11793.3340	14460.0000	
194	1280.812	363.6599	11179.0000	13956.0000	
195	1286.032	456.9116	12157.9990	15099.6680	
196	1291.244	463.1193	11694.0000	14735.3340	
197	1296.449	325.8932	12992.0000	15963.6670	
198	1301.647	318.3362	12498.6660	15530.3340	
199	1306.836	352.1094	13722.0000	16855.0000	
200	1312.018	415.5505	13169.0000	16433.0000	
201	1317.193	261.0355	13931.3320	17080.0000	
202	1322.359	166.1847	13740.0000	16833.0000	
203	1327.518	537.2562	14487.0000	17963.6680	
204	1332.670	654.6769	13962.3340	17577.3320	
205	1337.813	631.2311	15088.0000	18695.6660	
206	1342.949	294.7836	14256.3340	17543.6660	
207	1348.077	222.0059	15483.0000	18713.6680	
208	1353.198	155.8921	14641.3320	17822.0000	
209	1358.311	424.4444	16095.3320	19560.6660	
210	1363.415	843.9967	15496.0000	19397.0000	
211	1368.513	1035.8833	16558.6680	20667.6680	
212	1373.602	1003.1021	15895.3330	19987.6660	
213	1378.684	1291.2461	16991.0000	21392.6660	
214	1383.757	1156.0573	16219.3340	20507.0000	
215	1388.823	511.5364	17395.3340	21059.6680	
216	1393.881	51.3448	16443.3340	19668.6660	
217	1398.932	16.0591	17609.0000	20804.3340	
218	1403.974	200.6904	16774.3320	20128.3340	
219	1409.009	682.9856	17995.0000	21805.3340	
220	1414.036	1307.6152	16831.3340	21240.3340	
221	1419.054	1627.7861	18016.0000	22731.3320	
222	1424.065	1880.2930	17198.6680	22152.6680	
223	1429.068	2716.1321	18099.0000	23875.0000	
224	1434.064	3493.9148	17307.6660	23821.6680	
225	1439.051	4044.4961	18331.6660	25361.3320	
226	1444.030	4423.4160	17410.0000	24783.6680	
227	1449.001	4768.9995	18587.6660	26272.0000	
228	1453.965	4838.9155	17342.3340	25061.6680	
229	1458.920	4778.3960	18676.6660	26239.3320	
230	1463.868	3518.8811	17328.3320	23535.3340	
231	1468.807	2229.0271	18307.6660	23128.6660	
232	1473.739	1256.1772	17084.0000	20836.0000	
233	1478.662	734.6763	17928.3340	21077.3340	
234	1483.578	380.5081	16862.0000	19575.3320	
235	1488.485	336.6755	18004.0000	20592.0000	
236	1493.385	189.1755	17029.6660	19388.6660	
237	1498.276	239.7334	18360.0000	20710.0000	
238	1503.159	199.8010	17531.0000	19795.0000	
239	1508.035	254.9016	18059.6660	20340.3340	
240	1512.902	0.0000	14668.3340	16655.6680	
241	1517.761	108.4307	16456.3340	18513.6660	
242	1522.612	229.5313	17820.6660	19960.6660	
243	1527.454	379.9652	19621.3320	21873.3340	
244	1532.289	381.3959	18647.0000	20862.0000	
245	1537.116	411.3125	19890.0000	22149.3320	
246	1541.934	298.8401	18892.6680	21103.3340	
247	1546.745	287.3669	20117.3340	22380.3340	
248	1551.547	248.5593	19288.3340	21576.3320	
249	1556.341	260.2180	20747.3320	23141.6660	
250	1561.126	175.5383	19594.0000	21998.3340	
251	1565.904	227.1951	20638.6660	23189.3340	
252	1570.673	227.1848	20272.6660	22918.0000	
253	1575.434	284.0159	20953.3340	23790.3340	
254	1580.187	338.5164	19660.6660	22687.0000	
255	1584.932	360.6775	20774.6680	23958.0000	
256	1589.668	354.5120	19153.0000	22465.0000	
257	1594.396	407.0105	19361.3340	22860.6660	
258	1599.116	394.5095	18223.3320	21845.0000	
259	1603.828	528.5808	20530.6660	24450.3340	
260	1608.531	557.8564	20096.0000	24158.6680	
261	1613.226	731.8293	21113.0000	25409.0000	
262	1617.912	923.4683	20951.6680	25498.6660	
263	1622.591	1053.4426	21443.6680	26180.0000	
264	1627.261	1114.4192	20206.0000	25062.6680	
265	1631.922	1790.1501	20729.3320	26289.3340	
266	1636.576	2938.5166	19189.0000	25893.0000	
267	1641.220	3994.9497	21127.6660	28889.0000	
268	1645.857	3793.3794	19889.3340	27450.0000	
269	1650.485	2875.3972	21371.0000	27927.6641	
270	1655.105	2011.7510	19528.3340	25135.3320	
271	1659.716	1848.7734	20912.0000	26270.0000	
272	1664.319	2433.1267	20487.6660	26344.0000	
273	1668.913	3205.4795	21503.0000	28045.6680	
274	1673.499	3433.8315	19988.3320	26673.3320	
275	1678.077	2892.8516	19876.3340	25934.3340	
276	1682.646	1644.8708	19589.0000	24313.0000	
277	1687.206	853.1675	19471.3340	23296.6680	
278	1691.759	325.1296	19431.6660	22622.0000	
279	1696.302	204.4226	21733.6680	24696.3320	
280	1700.837	180.8049	19550.6660	22407.3340	
281	1705.364	454.6604	19786.6660	22770.0000	
282	1709.882	675.8489	18004.3320	21061.6660	
283	1714.391	889.0354	20940.6680	24064.0000	
284	1718.892	582.2219	19041.0000	21710.3340	
285	1723.385	303.7795	19199.6660	21500.6660	
286	1727.868	85.6721	15979.3320	17972.3340	
287	1732.344	201.8680	18336.0000	20338.0000	
288	1736.810	264.8070	18924.0000	20973.6680	
289	1741.268	323.7865	18505.0000	20497.3340	
290	1745.717	270.5776	15728.3320	17494.3320	
291	1750.158	294.1199	18977.3340	20931.3340	
292	1754.590	316.6636	17759.6680	19540.6660	
293	1759.014	275.5879	18042.6660	19866.0000	
294	1763.428	203.8462	14379.0000	15972.0000	
295	1767.835	277.5226	16675.3320	18301.0000	
296	1772.232	499.8623	18480.0000	20287.0000	
297	1776.621	465.4025	16585.0000	18335.6660	
298	1781.001	306.9451	13953.0000	15523.3340	
299	1785.372	291.8190	14409.0000	15942.3340	
300	1789.735	281.3597	13687.0000	15188.0000	
301	1794.089	351.4053	14604.3340	16170.6660	
302	1798.434	361.9167	16121.3340	17692.0000	
303	1802.770	499.0940	17216.6660	18918.3320	
304	1807.098	422.9390	16611.6660	18231.0000	
305	1811.416	356.1165	14990.0000	16536.3340	
306	1815.726	260.3770	13038.0000	14397.3340	
307	1820.027	254.7207	13909.3320	15393.3340	
308	1824.320	276.8226	12875.9990	14264.0000	
309	1828.603	358.8214	15507.6660	17006.6660	
310	1832.878	319.0711	14568.6670	16097.3340	
311	1837.144	249.9860	12813.0010	14172.0000	
312	1841.401	250.2369	12164.0000	13507.6680	
313	1845.649	359.2214	13232.0000	14663.0000	
314	1849.889	505.2076	15167.0000	16722.3340	
315	1854.119	425.1921	14416.6670	15870.3330	
316	1858.340	429.8451	13353.6660	14790.3320	
317	1862.553	334.1991	12109.3330	13410.0000	
318	1866.757	352.5516	11262.3330	12541.0000	
319	1870.951	273.4253	8898.6660	10025.6660	
320	1875.137	313.7783	8278.6670	9415.3340	
321	1879.314	289.3605	9812.3330	10959.0000	
322	1883.482	186.4722	7091.3330	8058.6670	
323	1887.641	107.7648	5790.0000	6643.3330	
324	1891.791	240.0588	6425.3335	7375.6670	
325	1895.932	297.6503	8515.6670	9576.6660	
326	1900.064	302.4082	6442.9995	7349.3340	
327	1904.187	398.9993	9697.3340	10792.3330	
328	1908.300	393.9259	9530.6670	10638.6670	
329	1912.405	375.1699	8756.6660	9790.0000	
330	1916.501	362.4275	9128.3330	10232.6670	
331	1920.588	291.8517	7330.3335	8271.3330	
332	1924.666	374.3595	8347.0000	9359.3330	
333	1928.734	464.3347	9685.6670	10759.6660	
334	1932.794	454.6454	8582.0000	9618.0000	
335	1936.844	294.9546	6539.6670	7387.6670	
336	1940.885	411.2638	7434.6670	8370.6670	
337	1944.917	482.9060	8056.0000	9035.3330	
338	1948.940	470.6320	8711.6670	9709.6670	
339	1952.954	401.8574	7022.6670	7864.3330	
340	1956.959	292.5011	3624.6665	4328.6665	
341	1960.955	300.5980	3476.3335	4103.3330	
342	1964.941	344.8617	4602.0000	5317.6670	
343	1968.918	330.1653	3538.0000	4162.6665	
344	1972.886	340.1482	2592.0000	3175.6665	
345	1976.845	259.0286	1709.3333	2168.6665	
346	1980.794	185.2420	208.0000	550.3333	
347	1984.735	273.1218	1007.0000	1394.0000	
348	1988.666	383.6698	1141.3334	1595.6667	
349	1992.588	309.1550	731.0000	1087.3333	
350	1996.500	333.6589	-127.6667	216.3333	
351	2000.404	286.7058	506.0000	777.3334	
352	2004.298	279.8358	-230.6667	66.3333	
353	2008.182	289.1325	350.0000	588.6667	
354	2012.058	306.1793	-341.0000	-61.6667	
355	2015.924	342.1428	264.0000	570.0000	
356	2019.781	339.7722	-458.3333	-164.0000	
357	2023.628	304.3781	318.6667	568.3333	
358	2027.466	336.9835	-412.0000	-139.0000	
359	2031.295	359.2562	192.3333	478.3334	
360	2035.114	360.8618	-427.3333	-131.0000	
361	2038.924	333.5043	240.0000	498.0000	
362	2042.725	330.4799	-429.6667	-184.3333	
363	2046.516	327.2891	193.6667	481.0000	
364	2050.298	310.6275	-439.0000	-181.6667	
365	2054.070	310.8716	178.3333	451.6667	
366	2057.833	307.8657	-374.3333	-106.0000	
367	2061.586	302.1099	222.6667	460.0000	
368	2065.330	307.3540	-396.6667	-113.6667	
369	2069.065	310.1815	169.6667	430.3334	
370	2072.790	304.9256	-342.0000	-53.6667	
371	2076.505	320.8972	325.0000	572.6667	
372	2080.211	322.1427	-368.3333	-107.3333	
373	2083.908	322.0962	189.0000	461.3333	
374	2087.595	321.1537	-297.6667	-29.6667	
375	2091.272	321.1072	1.0000	275.3333	
376	2094.940	315.6233	-325.0000	-85.3333	
377	2098.599	322.5036	238.3333	473.3333	
378	2102.248	359.3632	-181.0000	122.3333	
379	2105.887	340.3060	157.0000	442.0000	
380	2109.516	328.2499	-440.6667	-167.0000	
381	2113.136	303.5403	-722.6666	-473.0000	
382	2116.747	296.8307	-155.0000	88.6667	
383	2120.348	305.4544	188.6667	441.6667	
384	2123.939	350.4115	-596.6667	-298.0000	
385	2127.521	331.7434	72.6667	369.3333	
386	2131.093	319.9972	-470.6667	-188.0000	
387	2134.655	319.1677	52.0000	350.0000	
388	2138.207	311.4204	-374.6667	-119.6667	
389	2141.750	305.4672	230.6667	516.6667	
390	2145.283	308.9306	-452.3333	-208.0000	
391	2148.807	311.3106	215.0000	475.3333	
392	2152.321	324.0627	-614.0000	-344.6667	
393	2155.825	320.0408	52.0000	295.3333	
394	2159.319	314.9355	-321.3333	-77.6667	
395	2162.804	315.8303	317.0000	557.6667	
396	2166.279	318.2874	-291.3333	-46.0000	
397	2169.744	315.8003	107.6667	358.3333	
398	2173.199	313.8341	-443.3333	-220.6667	
399	2176.644	328.6803	148.3333	411.0000	
400	2180.080	327.8599	-211.6667	52.6667	
401	2183.506	335.5394	393.6667	685.0000	
402	2186.922	333.0523	-388.3333	-118.6667	
403	2190.328	328.7319	-53.0000	182.6667	
404	2193.725	361.5782	-388.0000	-80.0000	
405	2197.111	331.6224	228.6667	506.0000	
406	2200.488	286.9500	-388.3333	-175.6667	
407	2203.854	287.1018	203.6667	461.3333	
408	2207.211	295.7746	-353.3333	-109.3333	
409	2210.558	314.2636	307.6667	575.6667	
410	2213.896	318.1900	-441.0000	-171.3333	
411	2217.223	317.9499	261.6667	536.6667	
412	2220.540	309.0433	-351.0000	-95.0000	
413	2223.847	326.0173	330.0000	577.6667	
414	2227.145	333.3237	-607.0000	-342.0000	
415	2230.432	326.7550	135.6667	417.0000	
416	2233.709	311.1864	-597.0000	-352.6667	
417	2236.977	312.1178	194.0000	440.0000	
418	2240.234	322.3824	-524.3333	-267.3333	
419	2243.482	328.7930	-13.6667	268.6667	
420	2246.719	329.1408	-387.6667	-126.6667	
421	2249.946	329.7483	249.0000	522.0000	
422	2253.164	326.4600	-472.0000	-230.0000	
423	2256.371	327.0674	174.0000	464.6667	
424	2259.568	306.0082	-369.3333	-129.6667	
425	2262.755	320.3764	222.3333	459.3333	
426	2265.933	337.7444	-146.6667	123.6667	
427	2269.100	319.0541	311.3333	578.3334	
428	2272.256	310.4123	-367.6667	-120.6667	
429	2275.403	310.0415	152.0000	412.0000	
430	2278.540	310.6707	-336.3333	-92.3333	
431	2281.667	318.7999	310.3333	578.3334	
432	2284.783	309.6790	-415.3333	-142.6667	
433	2287.889	303.0582	199.0000	432.3333	
434	2290.985	322.9459	-383.0000	-119.0000	
435	2294.071	328.2542	213.0000	457.0000	
436	2297.147	330.3122	-629.0000	-338.0000	
437	2300.212	326.4544	267.3333	522.3333	
438	2303.267	323.9300	-463.3333	-190.6667	
439	2306.312	324.0723	2.0000	231.6667	
440	2309.347	323.7977	-580.6667	-298.6667	
441	2312.372	320.6693	382.0000	638.6666	
442	2315.386	310.1244	-173.0000	72.6667	
443	2318.390	310.5794	139.3333	385.0000	
444	2321.384	318.7841	-529.3334	-272.3333	
445	2324.368	321.8708	330.3333	578.6667	
446	2327.341	326.9158	-489.0000	-226.3333	
447	2330.304	326.6275	269.3333	535.0000	
448	2333.256	293.3080	-354.0000	-122.6667	
449	2336.199	297.3422	-6.3333	211.6667	
450	2339.131	305.1266	-329.0000	-87.6667	
451	2342.052	307.5776	415.6667	656.6666	
452	2344.963	324.4456	-605.0000	-352.3333	
453	2347.864	326.1742	299.0000	559.3333	
454	2350.755	326.5697	-410.0000	-164.0000	
455	2353.635	341.6858	214.0000	477.3334	
456	2356.505	340.5069	-393.6667	-134.6667	
457	2359.364	339.6281	331.6667	594.0000	
458	2362.213	327.5826	-271.6667	-25.0000	
459	2365.051	308.2038	209.6667	416.3333	
460	2367.879	304.0959	-155.6667	66.0000	
461	2370.697	305.1083	243.6667	462.6666	
462	2373.504	314.9333	-188.6667	11.3333	
463	2376.300	326.6124	350.6667	615.6667	
464	2379.086	339.0414	-237.6667	13.3333	
465	2381.862	340.0538	126.6667	388.3333	
466	2384.627	330.8995	-347.6667	-102.0000	
467	2387.382	324.3286	253.0000	459.0000	
468	2390.125	326.9243	-491.0000	-233.6667	
469	2392.859	314.8920	304.3333	547.6667	
470	2395.582	318.0841	-176.0000	76.0000	
471	2398.294	294.8596	497.6666	713.3333	
472	2400.996	281.7182	-632.0000	-432.6667	
473	2403.687	279.6385	228.6667	420.6667	
474	2406.368	296.5588	-430.3333	-226.6667	
475	2409.038	314.6457	380.3333	614.6667	
476	2411.697	337.4569	-350.3333	-140.3333	
477	2414.346	340.9629	303.6667	521.6667	
478	2416.984	337.1355	-432.3333	-221.3333	
479	2419.612	337.9747	126.3333	334.6667	
480	2422.228	334.1472	-375.6667	-174.6667	
481	2424.834	301.9865	227.6667	393.0000	
482	2427.430	307.4924	-478.3333	-311.0000	
483	2430.015	317.6650	204.6667	378.6667	
484	2432.589	549.5035	1149.6667	1552.0000	
485	2435.152	319.2007	251.3333	419.6667	
486	2437.705	315.9813	-656.6667	-492.6667	
487	2440.247	319.5952	122.3333	286.3333	
488	2442.778	323.6258	-438.6667	-289.3333	
489	2445.298	326.8766	33.0000	201.0000	
490	2447.808	316.3247	-484.0000	-318.6667	
491	2450.306	317.6427	385.3333	557.3334	
492	2452.794	318.2941	-371.6667	-207.0000	
493	2455.272	322.4521	309.0000	479.6667	
494	2457.738	322.1103	-601.0000	-390.6667	
495	2460.194	318.2684	278.3333	411.6666	
496	2462.638	310.0931	-332.3333	-172.0000	
497	2465.073	320.7512	414.0000	562.6667	
498	2467.496	328.3260	-415.6667	-244.6667	
499	2469.908	329.5674	441.0000	610.3333	
500	2472.309	331.2255	-311.0000	-127.0000	
501	2474.699	310.8148	41.6667	188.6667	
502	2477.079	303.5709	-402.6667	-263.3333	
503	2479.448	314.3269	259.0000	408.6667	
504	2481.805	323.9996	-378.3333	-194.0000	
505	2484.152	318.7556	180.3333	312.3333	
506	2486.488	319.1783	-405.3333	-235.6667	
507	2488.813	293.3510	256.3333	383.3333	
508	2491.127	289.7737	-601.3334	-478.3334	
509	2493.430	300.5297	275.0000	408.3333	
510	2495.722	397.9524	-299.0000	-68.6667	
511	2498.003	309.3751	-39.3333	102.0000	
