resultName	chilca4-66
resultName	chilca4-66
ID	RS20200227101046_P19331194
Command	SCANANDSEARCH
User	Admin
Application	_Analyze
SerialNumber	P19331194
Power	280
Integration	900
Averages	3
AutoExposure	Off
AutoCollect	Off
QuickCollect	Off
AutoBackground	On
BaselineCorrection	On
Algorithm	Wavelet
Searched Library	All,None,None,None
MixtureComponents	2
matchThreshold	0.0
displayMatches	1
Threshold	0.80
WL Start	
WL End	
ServerVersion	3.180316
FirmwareVersion	
date	2020-02-27
time	10:10:46
scanindex	0
specpath	RS20200227101046_P19331194.xml
Search Range	200 - 2500
Synced	false
lastCalDateTime	2020-02-27 08:30:34
lastCalUser	Admin
lastCalResult	PASS
lastVerifyDateTime	2019-10-16 15:05:37
lastVerifyUser	Admin
lastVerifyResult	PASS
selectedMaterial	
result	No Match
ValidationGUID	
ValidationMatchQuality	
topMatch	
topMatchGUID	
topMatchQuality	
secondMatch	
secondMatchGUID	
secondMatchQuality	
thirdMatch	
thirdMatchGUID	
thirdMatchQuality	
fourthMatch	
fourthMatchGUID	
fourthMatchQuality	
fifthMatch	
fifthMatchGUID	
fifthMatchQuality	
signedBy	
signedDateTime	
softwareVer	1.7.0.21
memo	
batchID	
inBatch	false
batchUID	
batchCID1	
batchCIDlbl1	
batchCID2	
batchCIDlbl2	
batchCID3	
batchCIDlbl3	
batchCID4	
batchCIDlbl4	
batchCID5	
batchCIDlbl5	
signedTitle	
signedReason	
rescanned	
barcode	
topMatchContribs	
secondMatchContribs	
thirdMatchContribs	
fourthMatchContribs	
fifthMatchContribs	
ValidationMatchContribs	
Threat	
PrecursorList	
CompundName	
WindowStart4C	
MatchLibrary	
lastModified	2020/02/27 10:11
Signal2Noise	61.15
Detector TEC SetPoint	0x8000
Detector Temp	4.95
Laser Temp	25.38
OE1 Temp	31.25
OE2 Temp	34.69
Detector Gain	200
SaturationDetected	false
InterpolatedPixelList	
PeakList	 304.7	681	328.5	617	434.6	531	496.0	614	559.9	994	656.6	944	664.9	783	758.7	2266	797.4	939	846.7	494	1158.1	552	1227.1	556	1296.7	781	1304.8	654	1377.3	1456	1444.0	5293	1564.6	1584	1645.2	4306	1673.1	3126
index	Raman Shift (cm-1)	Y value (counts)	background (counts)	raw value (counts)
0	137.455	276.3705	20048.0000	23574.6660	
1	143.948	257.4148	21034.0000	24441.6660	
2	150.436	244.4594	21972.3340	25267.0000	
3	156.918	180.5016	22403.6680	25534.3320	
4	163.394	191.2180	22032.3320	25073.6680	
5	169.865	215.9264	23802.0000	26768.0000	
6	176.330	201.6349	23469.6680	26321.3320	
7	182.790	160.3452	23278.3340	25988.6641	
8	189.244	185.7276	22313.0000	24948.6680	
9	195.693	192.7680	23985.0000	26527.6641	
10	202.136	186.4824	24054.6660	26491.0000	
11	208.573	206.1927	24891.0000	27247.0000	
12	215.005	171.2371	24056.0000	26277.0000	
13	221.431	228.1463	24779.3320	27006.6680	
14	227.851	160.3907	25148.0000	27247.0000	
15	234.266	110.4453	25914.3359	27964.3320	
16	240.675	98.5099	22666.6660	24705.6680	
17	247.078	158.5665	24400.0000	26500.0000	
18	253.476	209.2913	22508.6680	24660.3340	
19	259.868	297.6838	23807.3340	26048.3340	
20	266.254	199.4103	21755.0000	23898.6680	
21	272.635	136.3784	24269.6660	26368.3320	
22	279.009	71.6844	23773.6660	25825.6680	
23	285.378	214.3203	22511.6660	24724.3340	
24	291.742	394.6219	21931.0000	24342.0000	
25	298.099	607.8873	21892.0000	24542.0000	
26	304.451	681.4866	21484.3320	24233.6660	
27	310.797	666.7520	22812.6660	25573.0000	
28	317.137	416.8702	20684.3340	23234.3320	
29	323.471	546.5340	21065.3320	23702.0000	
30	329.800	617.1917	20858.3340	23522.6660	
31	336.122	406.8534	21568.0000	23979.0000	
32	342.439	259.8472	20985.0000	23206.0000	
33	348.750	252.5071	20669.3340	22840.0000	
34	355.055	165.5028	17666.6660	19707.3340	
35	361.354	272.2380	21992.6660	24083.3320	
36	367.648	218.1400	18450.3340	20438.3340	
37	373.935	142.8906	18310.0000	20189.0000	
38	380.216	65.6391	19320.3340	21088.3320	
39	386.492	175.7255	20120.6660	21965.0000	
40	392.762	239.8083	16388.0000	18262.6660	
41	399.025	299.3973	18348.0000	20248.6680	
42	405.283	69.6503	16965.6660	18603.0000	
43	411.535	15.9035	11810.0000	13360.0000	
44	417.781	121.8226	13057.3340	14679.6660	
45	424.020	495.5495	14191.3340	16172.6670	
46	430.254	526.2753	9932.3340	11929.6670	
47	436.482	531.3362	7220.6660	9208.3340	
48	442.704	321.0612	5633.6670	7396.3340	
49	448.920	276.3051	10439.3330	12153.3340	
50	455.129	168.4129	7202.6665	8810.0000	
51	461.333	80.8546	5709.0000	7230.0000	
52	467.531	96.9633	5542.6665	7081.0000	
53	473.722	161.0085	8486.0000	10086.6670	
54	479.908	298.7197	5024.6665	6761.3330	
55	486.087	514.4313	2495.6667	4446.3330	
56	492.260	521.7295	5405.3330	7348.3330	
57	498.427	613.8229	6224.6670	8238.0000	
58	504.588	374.2503	6977.3330	8729.3330	
59	510.743	155.3441	3206.6665	4718.0000	
60	516.892	201.1046	4247.3335	5782.6670	
61	523.034	446.0446	6357.3340	8100.0000	
62	529.171	274.3194	3473.6665	5007.0000	
63	535.301	157.9263	4985.0000	6364.3330	
64	541.425	157.8676	3134.3333	4476.0000	
65	547.543	261.5585	5157.3330	6487.0000	
66	553.655	471.7497	10114.3330	11694.6670	
67	559.760	994.0250	11105.6660	13170.6680	
68	565.859	648.9644	7426.6660	9109.0000	
69	571.952	207.8620	5005.3330	6228.0000	
70	578.039	73.5869	1977.0000	3057.6667	
71	584.119	128.7149	1202.0000	2328.6667	
72	590.193	151.3430	2687.6665	3844.6665	
73	596.261	147.8392	5270.0000	6425.3330	
74	602.323	151.2519	7677.0000	8847.0000	
75	608.378	147.7482	7144.0000	8200.3340	
76	614.427	203.8271	7099.0000	8305.6660	
77	620.469	279.4578	8531.3330	9923.3340	
78	626.505	271.9536	6439.0000	7670.3330	
79	632.535	291.4489	5250.6665	6563.3330	
80	638.559	464.9450	5267.3330	6761.0000	
81	644.576	711.4398	6789.0000	8536.6660	
82	650.587	839.9357	5806.3335	7690.0000	
83	656.591	944.0983	2774.6665	4770.0000	
84	662.589	676.5941	2481.0000	4216.3335	
85	668.581	782.8231	2656.0000	4453.3335	
86	674.566	306.0517	1359.3334	2635.6667	
87	680.544	231.2806	1956.3333	3113.6667	
88	686.517	261.5100	4215.6665	5359.0000	
89	692.483	248.8761	4006.0000	5113.6670	
90	698.442	257.4922	2107.0000	3296.3335	
91	704.395	181.6766	3328.3335	4376.3335	
92	710.341	155.2594	3180.3335	4198.6665	
93	716.281	84.3021	2934.0000	3948.0000	
94	722.214	20.4274	2983.6667	3940.3335	
95	728.141	15.0530	3029.6667	4107.6665	
96	734.061	130.4284	2657.6667	3917.6665	
97	739.975	115.8039	4059.6667	5371.6665	
98	745.882	416.7151	3634.6665	5303.3330	
99	751.783	1239.7239	4993.0000	7553.0000	
100	757.677	2265.7334	3526.0000	7180.3340	
101	763.564	1896.2034	4876.0000	8194.6670	
102	769.445	646.6736	3923.0000	6026.0000	
103	775.319	471.1439	4225.3335	6186.6670	
104	781.187	586.9465	3829.6670	5940.6665	
105	787.048	697.4936	4841.0000	7078.0000	
106	792.902	656.0400	4554.3330	6765.3330	
107	798.750	938.5866	5693.0000	8202.0000	
108	804.591	719.7999	4594.3330	6900.0000	
109	810.425	279.0732	5206.3335	7060.0000	
110	816.253	86.5972	3984.3335	5544.6665	
111	822.074	32.1211	4710.0000	6340.6670	
112	827.888	30.5971	4276.3330	5831.3335	
113	833.695	54.3378	5025.0000	6615.6665	
114	839.496	266.2460	4451.0000	6236.3335	
115	845.290	494.4875	5095.0000	7091.3340	
116	851.078	271.3945	4637.0000	6393.0000	
117	856.858	216.0954	5076.6670	6780.3330	
118	862.632	203.2974	4931.3335	6569.0000	
119	868.399	241.7881	4957.3330	6680.3330	
120	874.159	225.2737	4081.6665	5792.6665	
121	879.913	341.7841	4060.0000	5878.6665	
122	885.659	399.9610	4083.6670	5951.6665	
123	891.399	448.8054	4657.6665	6565.6665	
124	897.132	185.3168	4601.3330	6237.0005	
125	902.858	69.6503	3945.0000	5460.6670	
126	908.577	133.6504	3458.6670	5034.0000	
127	914.290	306.3179	4448.0000	6191.6665	
128	919.995	391.3189	3332.3335	5156.6670	
129	925.694	268.6525	4264.3335	5961.6665	
130	931.385	171.3200	3054.3335	4650.0000	
131	937.070	123.6545	3221.6665	4765.3335	
132	942.748	199.3211	3008.3335	4623.3330	
133	948.419	295.4897	3464.3335	5182.0000	
134	954.083	386.5717	2515.0000	4318.6670	
135	959.740	311.3196	3174.0000	4897.3335	
136	965.390	95.0680	2969.6667	4471.6665	
137	971.033	195.8295	3047.0000	4643.6670	
138	976.669	220.5901	1956.3334	3571.6665	
139	982.299	223.3514	2414.0000	4026.0000	
140	987.921	203.5067	2566.6667	4054.3335	
141	993.536	205.5849	2676.0000	4309.0000	
142	999.144	212.0798	2287.0000	3850.6665	
143	1004.745	243.2414	2938.0000	4532.3335	
144	1010.339	344.4022	2271.3335	3960.3330	
145	1015.926	293.8976	2646.0000	4278.0000	
146	1021.506	171.3927	2576.3333	4079.3335	
147	1027.078	199.3041	2762.3335	4262.6665	
148	1032.644	262.0490	2287.3333	3868.0000	
149	1038.203	204.9950	2764.3333	4278.0000	
150	1043.754	166.9407	2324.0000	3777.6670	
151	1049.298	175.4700	2658.3335	4119.3330	
152	1054.836	185.4164	1752.0000	3186.3330	
153	1060.366	228.2878	2658.6667	4166.6665	
154	1065.889	235.6060	2428.3335	3955.0000	
155	1071.404	379.5533	2774.6667	4443.6665	
156	1076.913	475.8339	2483.3335	4247.0000	
157	1082.414	423.9233	2969.0000	4679.3335	
158	1087.908	208.6789	1878.0000	3371.6665	
159	1093.395	132.1016	3001.3333	4417.0000	
160	1098.875	258.5239	2918.0000	4458.6665	
161	1104.348	350.7532	3510.6670	5133.0000	
162	1109.813	284.5619	2919.6665	4485.6665	
163	1115.271	232.3701	3709.3335	5233.0000	
164	1120.721	106.1783	3022.0000	4429.3330	
165	1126.165	117.8954	3775.0000	5207.3330	
166	1131.601	137.2796	3363.6665	4828.6665	
167	1137.030	168.9967	4089.6670	5599.6670	
168	1142.452	200.3799	3183.0000	4737.6665	
169	1147.866	360.3961	4102.0000	5841.3335	
170	1153.273	536.7448	3955.3333	5895.6665	
171	1158.672	552.4282	4404.6665	6385.3340	
172	1164.064	405.4426	3914.3335	5772.6665	
173	1169.449	316.9569	5187.3335	6977.3330	
174	1174.827	158.1387	4674.3335	6325.6670	
175	1180.197	155.9587	5613.3335	7294.6660	
176	1185.560	141.8627	5135.3335	6820.3330	
177	1190.915	126.8496	5743.6665	7382.6670	
178	1196.263	153.2533	5473.3335	7197.0000	
179	1201.603	289.9068	6192.6670	8068.0000	
180	1206.936	417.8939	5520.3335	7538.6665	
181	1212.262	419.6884	6412.0000	8443.0000	
182	1217.580	418.3289	6074.6670	8103.0000	
183	1222.891	492.3259	6785.0000	8902.6670	
184	1228.194	556.3226	6447.0000	8644.0000	
185	1233.489	399.1773	7433.3330	9492.3340	
186	1238.778	245.0300	7168.3330	9092.3330	
187	1244.058	115.8837	7576.6670	9390.6670	
188	1249.331	134.7377	7260.3330	9112.3340	
189	1254.597	236.9894	8688.0000	10690.3330	
190	1259.855	90.2422	8072.0000	9975.6660	
191	1265.106	106.4954	9080.6670	11048.6670	
192	1270.349	212.0820	8913.3330	11035.0000	
193	1275.584	364.3347	9737.0000	12059.0000	
194	1280.812	318.9209	9060.0000	11384.6670	
195	1286.032	505.5067	10053.3330	12612.6660	
196	1291.244	754.6973	9518.6670	12390.0000	
197	1296.449	781.1899	10643.0000	13550.6670	
198	1301.647	637.0147	10156.3330	12929.6660	
199	1306.836	653.5065	11275.0000	14074.6660	
200	1312.018	591.3325	10824.0000	13571.3340	
201	1317.193	246.7276	11505.6670	13896.0000	
202	1322.359	69.1232	11294.6670	13495.0000	
203	1327.518	372.8848	12044.3330	14520.3340	
204	1332.670	377.9430	11547.3330	14017.0000	
205	1337.813	261.4520	12705.0000	15063.0000	
206	1342.949	154.2949	11864.3330	14120.0000	
207	1348.077	40.8057	13096.6660	15243.6680	
208	1353.198	126.3138	12311.0000	14548.3340	
209	1358.311	242.8227	13762.3330	16121.0000	
210	1363.415	571.3316	13129.3340	15821.3340	
211	1368.513	1033.8396	14214.3340	17373.6660	
212	1373.602	1340.6821	13552.3340	17023.3320	
213	1378.684	1456.4980	14688.0000	18289.0000	
214	1383.757	1056.9783	13933.6680	17149.3340	
215	1388.823	440.1262	15132.6680	17745.6680	
216	1393.881	46.2730	14127.6670	16361.0000	
217	1398.932	0.0000	15304.6680	17491.0000	
218	1403.974	12.4066	14465.6660	16639.0000	
219	1409.009	270.8095	15752.3340	18158.6660	
220	1414.036	672.2164	14627.6660	17410.0000	
221	1419.054	1181.6794	15728.6660	19003.0000	
222	1424.065	1631.1409	14920.6680	18627.0000	
223	1429.068	2987.6064	15892.3320	20937.6660	
224	1434.064	4771.2583	15120.0000	21913.6680	
225	1439.051	5269.1743	16092.0000	23348.3340	
226	1444.030	5293.4243	15203.6660	22449.0000	
227	1449.001	5247.3384	16326.6680	23490.6660	
228	1453.965	4726.9248	15113.3340	21721.6680	
229	1458.920	4137.5859	16437.0000	22366.6660	
230	1463.868	3187.5830	15125.6660	20016.0000	
231	1468.807	2395.2441	16108.0000	20116.6660	
232	1473.739	1520.5737	14917.6660	17962.3320	
233	1478.662	833.2778	15832.0000	18111.0000	
234	1483.578	360.6479	14751.6660	16479.6660	
235	1488.485	180.3520	15982.3320	17451.6660	
236	1493.385	182.0541	14902.3340	16295.0000	
237	1498.276	202.7211	16213.6660	17573.0000	
238	1503.159	66.1494	15344.6680	16521.6660	
239	1508.035	85.6862	15855.6670	17017.0000	
240	1512.902	27.8052	12722.0000	13701.3340	
241	1517.761	44.0903	14812.3340	15881.6660	
242	1522.612	98.4587	15647.6660	16710.6660	
243	1527.454	137.8275	17288.3340	18374.0000	
244	1532.289	173.0294	16231.3340	17287.3340	
245	1537.116	176.8964	17417.6660	18503.6660	
246	1541.934	178.1660	16337.0000	17466.6680	
247	1546.745	167.4306	17553.6680	18715.0000	
248	1551.547	281.3666	16613.6680	17931.3340	
249	1556.341	738.1234	17896.3340	19744.3320	
250	1561.126	1325.2161	16776.0000	19284.6660	
251	1565.904	1583.6416	17740.3340	20581.0000	
252	1570.673	829.3994	17239.6680	19399.6660	
253	1575.434	349.3846	17973.3340	19703.0000	
254	1580.187	208.3693	16760.0000	18365.6660	
255	1584.932	124.6871	17743.6660	19406.3340	
256	1589.668	26.0043	16122.0000	17677.3340	
257	1594.396	14.6556	16414.6660	18008.3340	
258	1599.116	82.3049	15445.0000	17156.0000	
259	1603.828	351.6467	17494.3340	19544.6680	
260	1608.531	726.0704	16903.3320	19359.0000	
261	1613.226	1007.3661	17847.3340	20637.0000	
262	1617.912	1020.6630	17469.3340	20325.0000	
263	1622.591	1300.2920	17938.3340	21126.3320	
264	1627.261	1895.2568	16669.6680	20505.3340	
265	1631.922	2839.0264	17187.3340	21996.3340	
266	1636.576	3497.4521	15827.6680	21303.0000	
267	1641.220	3962.9043	17519.0000	23469.0000	
268	1645.857	4305.6890	16086.0000	22388.0000	
269	1650.485	3391.9990	17300.3340	22616.0000	
270	1655.105	2563.3101	15772.3340	20186.6680	
271	1659.716	2356.2856	16994.3340	21129.0000	
272	1664.319	2382.5967	16238.6660	20327.0000	
273	1668.913	2833.2402	17158.3320	21624.6660	
274	1673.499	3125.5498	15590.3340	20276.3340	
275	1678.077	3044.5269	15794.0000	20326.3340	
276	1682.646	1693.1704	15290.0000	18398.3340	
277	1687.206	688.6608	15305.6660	17325.0000	
278	1691.759	260.8173	14997.0000	16504.0000	
279	1696.302	167.9731	16558.6680	17888.3340	
280	1700.837	84.5209	14581.6660	15757.6680	
281	1705.364	100.1078	15065.0000	16166.0000	
282	1709.882	111.6957	13561.3340	14583.3340	
283	1714.391	168.6171	15569.6660	16558.0000	
284	1718.892	171.2037	13771.0000	14671.3320	
285	1723.385	195.4800	14082.0000	14976.3340	
286	1727.868	159.4214	11624.6660	12406.6660	
287	1732.344	187.3962	13540.6660	14425.3340	
288	1736.810	194.8961	13261.6660	14012.6680	
289	1741.268	205.4579	13068.0000	13910.3340	
290	1745.717	216.9990	11216.3330	11972.6670	
291	1750.158	224.4775	13189.3330	14056.6680	
292	1754.590	238.3943	12037.3340	12808.3330	
293	1759.014	238.9254	12264.0000	13064.6660	
294	1763.428	245.5399	9725.0000	10482.3330	
295	1767.835	263.9881	11373.3340	12158.3340	
296	1772.232	239.4370	11699.6670	12423.3330	
297	1776.621	214.1509	10795.0000	11475.6660	
298	1781.001	220.7395	8901.0000	9593.0000	
299	1785.372	206.3698	9519.3330	10234.6670	
300	1789.735	174.4584	8545.6670	9178.0000	
301	1794.089	184.7816	9437.0000	10080.6660	
302	1798.434	214.7114	9779.3330	10441.3330	
303	1802.770	251.3073	10317.0000	11004.0000	
304	1807.098	224.9033	9631.3330	10280.3330	
305	1811.416	201.4993	8694.0000	9308.0000	
306	1815.726	184.0954	7565.0000	8112.3335	
307	1820.027	185.2744	8161.0000	8779.0000	
308	1824.320	208.4373	7332.0000	7892.6670	
309	1828.603	216.7247	8757.0000	9329.3330	
310	1832.878	223.9492	7677.6660	8266.6670	
311	1837.144	222.1946	7075.6670	7670.6660	
312	1841.401	217.6898	6615.6670	7126.6670	
313	1845.649	238.3215	7045.3330	7617.0000	
314	1849.889	240.9742	7521.6665	8127.6670	
315	1854.119	227.7099	7412.3335	7962.6670	
316	1858.340	209.6123	6377.0000	6930.6670	
317	1862.553	210.8272	6096.0000	6599.0000	
318	1866.757	220.4586	5254.6665	5772.6665	
319	1870.951	223.9234	4573.6665	5090.3330	
320	1875.137	216.8884	3936.0000	4413.3335	
321	1879.314	226.5197	4735.0000	5249.3335	
322	1883.482	216.0569	3061.3333	3553.0000	
323	1887.641	178.9377	2928.0000	3373.6665	
324	1891.791	139.4855	2900.3333	3297.6665	
325	1895.932	211.3890	3996.3335	4462.6665	
326	1900.064	234.2932	2684.3335	3187.6670	
327	1904.187	232.4474	4275.3330	4748.3335	
328	1908.300	235.3517	3593.0000	4095.6665	
329	1912.405	216.0964	3648.0000	4095.3335	
330	1916.501	212.0378	3279.3335	3716.3335	
331	1920.588	215.9792	3055.6667	3500.3333	
332	1924.666	214.5873	3000.6667	3427.3335	
333	1928.734	219.6787	3775.0000	4220.6665	
334	1932.794	220.6869	2830.0000	3244.0000	
335	1936.844	231.2783	2595.0000	3032.3335	
336	1940.885	246.9529	2491.0000	2894.0000	
337	1944.917	276.7941	2949.3333	3409.6665	
338	1948.940	272.3857	2691.3333	3140.3335	
339	1952.954	186.6436	2521.0000	2877.3333	
340	1956.959	190.6517	1010.6667	1350.3333	
341	1960.955	202.3323	1408.0000	1771.0000	
342	1964.941	215.2630	1377.0000	1758.0000	
343	1968.918	200.2047	1310.0000	1638.6665	
344	1972.886	194.9039	585.6667	931.6666	
345	1976.845	187.3525	607.6666	911.3333	
346	1980.794	198.7177	-117.3333	188.0000	
347	1984.735	208.9372	336.0000	679.6666	
348	1988.666	213.7824	94.6667	395.6667	
349	1992.588	210.6654	455.3333	741.3334	
350	1996.500	227.5904	-343.3333	-24.0000	
351	2000.404	229.5791	364.3333	644.6666	
352	2004.298	227.7345	-366.6667	-48.3333	
353	2008.182	225.4734	259.3333	560.6667	
354	2012.058	225.8788	-384.0000	-86.0000	
355	2015.924	228.7844	213.0000	535.0000	
356	2019.781	220.3556	-485.6667	-180.3333	
357	2023.628	215.5043	255.6667	576.0000	
358	2027.466	212.4862	-427.6667	-156.0000	
359	2031.295	214.9681	192.3333	484.3333	
360	2035.114	220.7000	-433.3333	-150.6667	
361	2038.924	225.0662	188.3333	508.0000	
362	2042.725	226.3491	-453.3334	-169.3333	
363	2046.516	223.6319	128.6667	434.3333	
364	2050.298	202.1073	-463.3333	-179.3333	
365	2054.070	204.9332	180.0000	442.0000	
366	2057.833	223.6757	-404.3333	-104.3333	
367	2061.586	216.6265	156.3333	472.3333	
368	2065.330	207.7649	-401.6667	-137.3333	
369	2069.065	210.5491	145.6667	426.0000	
370	2072.790	214.0624	-344.3333	-49.3333	
371	2076.505	220.8846	321.6667	588.6667	
372	2080.211	214.7813	-364.6667	-90.0000	
373	2083.908	200.3300	170.6667	420.3333	
374	2087.595	211.8788	-329.3333	-67.3333	
375	2091.272	222.0108	-11.6667	270.6667	
376	2094.940	220.2258	-328.6667	-64.6667	
377	2098.599	217.8581	206.0000	489.3333	
378	2102.248	211.7404	-186.3333	71.6667	
379	2105.887	209.6227	159.0000	438.0000	
380	2109.516	208.0881	-462.3333	-216.6667	
381	2113.136	226.0478	-755.6666	-474.6667	
382	2116.747	233.9243	-197.3333	88.6667	
383	2120.348	233.4674	163.0000	445.6667	
384	2123.939	222.3438	-590.0000	-321.3333	
385	2127.521	208.6607	119.3333	357.0000	
386	2131.093	211.7993	-449.0000	-164.0000	
387	2134.655	211.6254	74.0000	338.3333	
388	2138.207	204.4101	-386.0000	-154.6667	
389	2141.750	202.3159	242.6667	534.0000	
390	2145.283	201.0551	-448.6667	-234.6667	
391	2148.807	211.3776	187.0000	448.0000	
392	2152.321	226.5814	-642.0000	-376.3333	
393	2155.825	218.3915	61.0000	328.3333	
394	2159.319	208.5351	-305.0000	-55.3333	
395	2162.804	207.0121	297.0000	557.0000	
396	2166.279	203.8215	-291.6667	-52.6667	
397	2169.744	221.3111	97.6667	371.6667	
398	2173.199	246.1341	-464.6666	-165.0000	
399	2176.644	230.7904	127.3333	429.6667	
400	2180.080	209.4468	-217.0000	47.6667	
401	2183.506	217.9365	429.3333	703.3334	
402	2186.922	253.7594	-400.3333	-89.6667	
403	2190.328	217.9157	-73.6667	202.0000	
404	2193.725	215.0729	-426.3334	-152.6667	
405	2197.111	216.5668	210.6667	471.6667	
406	2200.488	207.1624	-442.0000	-161.6667	
407	2203.854	205.7721	168.0000	458.0000	
408	2207.211	196.4654	-351.3333	-103.3333	
409	2210.558	202.4442	305.0000	603.0000	
410	2213.896	209.4231	-422.0000	-178.3333	
411	2217.223	211.2352	257.3333	564.0000	
412	2220.540	202.4640	-389.0000	-120.3333	
413	2223.847	223.5653	338.3333	600.6667	
414	2227.145	248.9759	-642.0000	-341.3333	
415	2230.432	222.6363	147.0000	420.3333	
416	2233.709	211.6301	-627.3333	-369.3333	
417	2236.977	210.3739	175.3333	452.3333	
418	2240.234	208.2011	-546.3334	-309.3333	
419	2243.482	211.7157	-57.6667	206.6667	
420	2246.719	217.5220	-389.6667	-144.3333	
421	2249.946	222.4072	237.6667	513.0000	
422	2253.164	224.7923	-475.0000	-207.0000	
423	2256.371	235.7608	206.0000	480.3333	
424	2259.568	239.1456	-403.6667	-128.3333	
425	2262.755	239.4506	147.6667	433.3333	
426	2265.933	228.9222	-159.6667	103.3333	
427	2269.100	210.8790	327.0000	581.0000	
428	2272.256	207.2306	-346.0000	-69.6667	
429	2275.403	184.7233	180.3333	410.0000	
430	2278.540	197.0492	-329.3333	-86.0000	
431	2281.667	214.5419	288.0000	581.6667	
432	2284.783	212.2012	-412.0000	-165.0000	
433	2287.889	199.1105	172.3333	437.0000	
434	2290.985	199.4785	-391.3333	-152.0000	
435	2294.071	204.5948	210.3333	457.0000	
436	2297.147	272.3781	-644.0000	-327.3333	
437	2300.212	232.4824	251.0000	529.3334	
438	2303.267	213.5034	-462.3333	-216.0000	
439	2306.312	206.6703	-18.0000	250.0000	
440	2309.347	207.3788	-580.6666	-329.6667	
441	2312.372	206.9151	313.0000	565.6667	
442	2315.386	218.5348	-324.6667	-54.6667	
443	2318.390	260.4044	66.0000	378.3333	
444	2321.384	233.2740	-534.6667	-249.0000	
445	2324.368	230.6535	321.6667	603.0000	
446	2327.341	192.3664	-504.6667	-263.3333	
447	2330.304	195.7459	159.0000	402.0000	
448	2333.256	192.0113	-408.3333	-158.6667	
449	2336.199	214.2549	-45.6667	223.0000	
450	2339.131	238.1651	-391.0000	-101.6667	
451	2342.052	230.4087	355.3333	633.6667	
452	2344.963	197.6522	-568.6666	-326.3333	
453	2347.864	211.4324	309.3333	564.6666	
454	2350.755	210.7335	-460.0000	-193.3333	
455	2353.635	220.7269	167.0000	417.3333	
456	2356.505	220.4811	-497.6667	-244.3333	
457	2359.364	215.1467	202.6667	476.0000	
458	2362.213	186.4790	-299.6667	-85.0000	
459	2365.051	210.0612	171.0000	408.0000	
460	2367.879	227.5605	-315.0000	-25.6667	
461	2370.697	226.3905	71.3333	306.3333	
462	2373.504	220.7205	-288.6667	-37.0000	
463	2376.300	225.2172	285.3333	508.6667	
464	2379.086	227.4639	-441.6666	-184.0000	
465	2381.862	229.5438	66.3333	310.3333	
466	2384.627	220.2905	-351.0000	-109.6667	
467	2387.382	220.8705	218.0000	462.6666	
468	2390.125	221.6167	-582.0000	-382.0000	
469	2392.859	212.4583	168.0000	405.3333	
470	2395.582	217.2385	-384.3333	-149.0000	
471	2398.294	212.7686	294.3333	496.3333	
472	2400.996	217.5490	-657.0000	-413.0000	
473	2403.687	196.3040	223.6667	418.3333	
474	2406.368	192.7256	-435.3333	-247.3333	
475	2409.038	211.8138	319.0000	523.0000	
476	2411.697	227.9433	-399.3333	-188.0000	
477	2414.346	219.2101	291.3333	480.3334	
478	2416.984	214.5604	-456.6666	-240.0000	
479	2419.612	211.9938	69.6667	249.0000	
480	2422.228	215.4273	-432.6667	-229.6667	
481	2424.834	225.4234	179.6667	389.0000	
482	2427.430	232.5860	-498.3333	-291.0000	
483	2430.015	238.1654	185.6667	361.3333	
484	2432.589	234.9322	945.6666	1337.6667	
485	2435.152	238.8459	219.6667	415.0000	
486	2437.705	214.6554	-694.0000	-489.3333	
487	2440.247	216.4025	48.6667	278.0000	
488	2442.778	214.2328	-465.6667	-293.6667	
489	2445.298	209.1591	20.6667	224.6667	
490	2447.808	201.7752	-532.6666	-352.3333	
491	2450.306	210.6693	349.6667	540.6667	
492	2452.794	250.3968	-439.0000	-213.0000	
493	2455.272	224.9570	210.3333	409.6667	
494	2457.738	176.8504	-595.3333	-445.3333	
495	2460.194	205.4106	241.0000	418.3333	
496	2462.638	208.1375	-332.0000	-142.3333	
497	2465.073	209.3643	402.3333	572.3334	
498	2467.496	210.0911	-441.0000	-295.0000	
499	2469.908	240.6512	380.6667	588.3333	
500	2472.309	225.5444	-394.3333	-181.0000	
501	2474.699	210.2371	-27.6667	127.0000	
502	2477.079	198.9299	-485.3333	-295.6667	
503	2479.448	196.1227	217.6667	366.3333	
504	2481.805	204.0653	-411.6667	-241.3333	
505	2484.152	212.5081	173.0000	318.6667	
506	2486.488	254.5342	-395.6667	-172.0000	
507	2488.813	214.9769	174.3333	359.0000	
508	2491.127	201.7530	-634.6666	-462.6667	
509	2493.430	212.2791	234.0000	402.0000	
510	2495.722	264.9718	-328.3333	-92.0000	
511	2498.003	184.0812	-86.0000	70.0000	
