resultName	muna16-240
resultName	muna16-240
ID	RS20201106100402_P19331194
Command	SCANANDSEARCH
User	Admin
Application	_Analyze
SerialNumber	P19331194
Power	280
Integration	900
Averages	3
AutoExposure	Off
AutoCollect	Off
QuickCollect	Off
AutoBackground	On
BaselineCorrection	On
Algorithm	Wavelet
Searched Library	All,None,None,None
MixtureComponents	2
matchThreshold	0.0
displayMatches	1
Threshold	0.80
WL Start	
WL End	
ServerVersion	3.180316
FirmwareVersion	
date	2020-11-06
time	10:04:02
scanindex	0
specpath	RS20201106100402_P19331194.xml
Search Range	200 - 2500
Synced	false
lastCalDateTime	2020-10-28 08:17:07
lastCalUser	Admin
lastCalResult	PASS
lastVerifyDateTime	2020-11-06 08:24:10
lastVerifyUser	Admin
lastVerifyResult	PASS
selectedMaterial	
result	No Match
ValidationGUID	
ValidationMatchQuality	
topMatch	
topMatchGUID	
topMatchQuality	
secondMatch	
secondMatchGUID	
secondMatchQuality	
thirdMatch	
thirdMatchGUID	
thirdMatchQuality	
fourthMatch	
fourthMatchGUID	
fourthMatchQuality	
fifthMatch	
fifthMatchGUID	
fifthMatchQuality	
signedBy	
signedDateTime	
softwareVer	1.7.0.21
memo	
batchID	
inBatch	false
batchUID	
batchCID1	
batchCIDlbl1	
batchCID2	
batchCIDlbl2	
batchCID3	
batchCIDlbl3	
batchCID4	
batchCIDlbl4	
batchCID5	
batchCIDlbl5	
signedTitle	
signedReason	
rescanned	
barcode	
topMatchContribs	
secondMatchContribs	
thirdMatchContribs	
fourthMatchContribs	
fifthMatchContribs	
ValidationMatchContribs	
Threat	
PrecursorList	
CompundName	
WindowStart4C	
MatchLibrary	
lastModified	2020/11/06 10:07
Signal2Noise	49.26
Detector TEC SetPoint	0x8000
Detector Temp	4.95
Laser Temp	25.30
OE1 Temp	36.66
OE2 Temp	41.31
Detector Gain	200
SaturationDetected	false
InterpolatedPixelList	
PeakList	 286.0	849	398.2	634	449.0	490	650.0	1075	679.4	770	736.2	751	749.8	609	805.6	486	840.9	745	960.0	493	1127.3	630	1146.0	558	1207.6	539	1249.9	482	1337.5	710	1368.7	747	1457.8	4123	1645.6	1928	1677.1	1375	1709.7	768
index	Raman Shift (cm-1)	Y value (counts)	background (counts)	raw value (counts)
0	137.234	263.3829	6032.0000	8377.6670	
1	143.735	304.5212	6427.0000	8754.6670	
2	150.232	194.9925	6610.0000	8769.0000	
3	156.722	273.7968	6865.6670	9044.3330	
4	163.207	320.6022	6565.0000	8731.3330	
5	169.686	377.7404	7288.6670	9453.0000	
6	176.159	304.5457	6962.0000	8994.0000	
7	182.627	266.0181	7191.3330	9125.6670	
8	189.089	210.1553	6580.0000	8399.3330	
9	195.545	215.2947	7339.3330	9104.6670	
10	201.996	168.0990	7114.0000	8773.0000	
11	208.440	214.2373	7797.6670	9443.6670	
12	214.879	328.3756	7081.6670	8782.6670	
13	221.313	267.2373	7745.3340	9356.0000	
14	227.740	261.6265	7463.0000	9032.3330	
15	234.162	156.7051	7925.6670	9396.3340	
16	240.578	143.1157	6951.3330	8414.6660	
17	246.988	183.1942	7364.6670	8874.3340	
18	253.392	143.6048	6839.6670	8316.0000	
19	259.791	257.6833	7535.0000	9131.6670	
20	266.184	258.7608	6484.3330	8088.3330	
21	272.570	357.5997	7664.0000	9390.6670	
22	278.951	721.1056	7198.3330	9312.3340	
23	285.327	848.6104	7210.3330	9475.6670	
24	291.696	598.7811	6769.0000	8808.3330	
25	298.059	593.0314	7086.3330	9146.6670	
26	304.417	510.9467	6673.6670	8678.6670	
27	310.768	373.1959	7602.0000	9496.0000	
28	317.114	329.7346	6647.6670	8535.0000	
29	323.454	431.6644	6985.3330	8936.6670	
30	329.788	318.5935	6561.3330	8361.6670	
31	336.116	369.1894	7260.3330	9073.3340	
32	342.438	315.7838	6944.3335	8666.0000	
33	348.754	212.0462	7082.0000	8662.0000	
34	355.064	147.6416	6130.3335	7608.0000	
35	361.368	193.6678	7303.3330	8779.3340	
36	367.666	120.4295	6135.0000	7498.3330	
37	373.958	148.6424	6313.0000	7691.6660	
38	380.244	335.1902	6493.0000	8045.3340	
39	386.524	422.7361	6600.0000	8227.0000	
40	392.798	352.2825	5513.3335	7057.0000	
41	399.066	633.5692	6339.6665	8145.0000	
42	405.328	453.1888	5743.3335	7348.6670	
43	411.583	224.8079	4351.3335	5708.6665	
44	417.833	219.7610	4727.0000	6059.6665	
45	424.077	230.4198	5068.6670	6395.3330	
46	430.314	274.7467	3824.3333	5178.6670	
47	436.546	304.0719	2825.6667	4192.6665	
48	442.771	397.7314	2644.0000	4088.0000	
49	448.991	490.2937	4316.3330	5844.6665	
50	455.204	402.3489	2956.3333	4376.0000	
51	461.411	300.0706	2716.6667	4013.3335	
52	467.611	182.1257	2648.6667	3806.6667	
53	473.806	348.2480	3797.6665	5088.3330	
54	479.995	416.3706	2285.3335	3610.6665	
55	486.177	373.1601	1313.3333	2562.0000	
56	492.353	266.7559	2476.6667	3578.6667	
57	498.523	227.2098	3092.3335	4138.0000	
58	504.686	157.3308	3017.3335	3976.3335	
59	510.844	204.7848	1683.0000	2672.6665	
60	516.995	226.2392	2231.0000	3225.3335	
61	523.140	374.2179	2958.3333	4095.0000	
62	529.279	360.8632	1796.6667	2914.3333	
63	535.411	296.1756	2805.6665	3853.0000	
64	541.537	256.9251	1713.6665	2665.0000	
65	547.657	262.5705	2852.6667	3859.6665	
66	553.771	269.8617	4234.6670	5258.6665	
67	559.878	269.3406	4732.3335	5709.3335	
68	565.979	274.9860	3286.6665	4295.0000	
69	572.074	251.5673	2527.3333	3509.6665	
70	578.162	221.8506	1000.6666	1982.6667	
71	584.244	194.4573	806.6666	1789.3335	
72	590.319	132.3140	1487.6667	2408.3335	
73	596.389	133.7515	2981.3333	3940.6665	
74	602.451	269.1895	3376.6667	4508.6670	
75	608.508	551.2936	3370.6665	4822.0000	
76	614.558	817.7311	3258.6665	5013.6665	
77	620.601	922.5992	3694.3333	5581.3330	
78	626.639	480.4556	3049.3333	4516.3335	
79	632.669	605.6449	2806.3333	4420.6670	
80	638.694	726.1665	2736.3335	4493.3330	
81	644.712	931.3564	3696.6665	5681.0000	
82	650.723	1075.2115	2723.0000	4873.3330	
83	656.728	826.7348	1662.6667	3586.6670	
84	662.727	541.5902	1637.0000	3298.0000	
85	668.719	519.5173	1913.0000	3541.3335	
86	674.704	666.7775	903.0000	2668.0000	
87	680.683	770.3710	1548.3334	3406.3330	
88	686.655	579.9648	2357.0000	4014.0000	
89	692.621	272.3154	2501.6667	3831.0000	
90	698.581	246.9369	1278.6666	2446.6667	
91	704.534	279.7977	2085.3335	3391.0000	
92	710.480	244.5656	1902.0000	3142.0000	
93	716.420	112.4708	1866.0000	2958.3333	
94	722.353	181.7097	1868.6667	3014.6667	
95	728.279	518.6149	1994.6667	3462.0000	
96	734.199	750.5203	1775.0000	3458.6665	
97	740.112	590.7589	2577.0000	4085.3330	
98	746.019	590.0077	2286.6667	3772.6665	
99	751.919	609.0919	3196.0000	4704.0000	
100	757.813	364.1755	2024.6667	3290.6665	
101	763.699	268.0041	2955.3335	4130.0000	
102	769.580	161.4994	2216.3333	3271.6665	
103	775.453	137.1612	2585.6667	3650.6665	
104	781.320	132.3231	2230.3333	3227.3335	
105	787.180	165.8654	2917.3333	4014.0000	
106	793.033	216.5738	2685.3333	3842.3330	
107	798.880	331.2831	3307.6665	4589.0000	
108	804.720	486.3251	2539.3335	3985.3335	
109	810.553	444.6564	3147.6670	4579.6670	
110	816.379	292.6551	2351.0000	3658.6670	
111	822.199	262.3199	2935.3333	4240.3335	
112	828.012	219.0196	2458.0000	3756.6665	
113	833.818	464.0986	3079.6667	4651.0000	
114	839.617	744.8441	2569.3333	4449.0000	
115	845.410	563.2559	3002.3335	4728.0000	
116	851.195	436.0013	2615.6667	4241.6665	
117	856.974	441.8443	2996.6665	4637.6665	
118	862.746	390.3539	2853.3335	4452.0000	
119	868.512	452.0627	2890.6667	4549.3335	
120	874.270	367.6190	2289.3333	3858.3335	
121	880.022	224.5777	2618.0000	4023.3335	
122	885.766	211.5362	2324.6667	3696.3335	
123	891.504	293.8280	2752.6667	4186.0000	
124	897.235	380.4535	2566.6667	4066.0000	
125	902.959	325.8808	2370.0000	3788.0000	
126	908.676	231.9744	1978.6667	3276.0000	
127	914.386	199.4016	2694.0000	3932.0000	
128	920.090	209.2457	1907.0000	3094.6667	
129	925.786	236.0062	2600.0000	3874.3335	
130	931.475	226.0166	1821.3333	3005.6667	
131	937.158	217.7766	2327.0000	3476.3330	
132	942.833	264.2666	1865.6665	2935.6665	
133	948.502	301.3208	2281.0000	3474.3335	
134	954.163	356.5875	1668.6667	2899.6667	
135	959.818	492.5208	2179.0000	3528.3333	
136	965.465	415.7881	1909.0000	3164.0000	
137	971.106	306.1979	2101.6667	3193.0000	
138	976.739	312.4201	1279.0000	2398.6667	
139	982.366	270.2047	1815.0000	2978.0000	
140	987.985	223.5382	1821.6667	2854.0000	
141	993.597	229.2196	1861.0000	2909.0000	
142	999.202	234.2343	1573.6665	2636.6665	
143	1004.800	239.5824	2152.0000	3238.0000	
144	1010.392	229.5971	1558.0000	2633.0000	
145	1015.975	228.0283	1950.6665	3063.3333	
146	1021.552	218.0431	1942.3334	2986.3335	
147	1027.122	236.6409	2172.6667	3288.0000	
148	1032.685	250.6556	1796.6667	2936.0000	
149	1038.240	231.1277	2300.6667	3444.6665	
150	1043.788	329.2666	1865.3333	3131.6665	
151	1049.329	283.2389	2184.6667	3459.3335	
152	1054.863	256.8784	1513.0000	2689.3335	
153	1060.390	234.4004	2360.0000	3620.6665	
154	1065.910	199.4979	2133.3335	3391.0000	
155	1071.422	217.9284	2505.3335	3791.3330	
156	1076.927	321.1931	2201.0000	3612.6665	
157	1082.425	330.6771	2643.6667	4069.3335	
158	1087.916	278.1612	1740.6666	3118.3335	
159	1093.399	443.6448	2703.3335	4251.0000	
160	1098.875	429.4622	2549.0000	4087.0000	
161	1104.344	239.7975	2965.6667	4307.6665	
162	1109.806	202.6581	2428.6667	3721.6665	
163	1115.260	331.5190	3072.3335	4482.3335	
164	1120.707	428.7128	2421.0000	3916.3335	
165	1126.147	629.6877	3037.6665	4706.3335	
166	1131.580	551.9955	2614.6665	4178.0000	
167	1137.005	525.6367	3236.6667	4746.0000	
168	1142.422	557.2775	2493.0000	4006.3335	
169	1147.833	557.5658	3313.3335	4804.6665	
170	1153.236	319.5221	2952.3333	4183.3335	
171	1158.632	276.1443	3417.3330	4582.6665	
172	1164.020	199.7665	2926.6667	3993.3335	
173	1169.401	158.0254	3840.6665	4871.0000	
174	1174.775	175.9504	3310.3335	4364.0000	
175	1180.141	221.2697	3937.3335	5047.0000	
176	1185.500	263.6295	3438.6665	4612.6665	
177	1190.851	242.6556	3896.6665	5071.6665	
178	1196.195	221.0154	3627.6665	4803.0000	
179	1201.531	395.7084	4064.3333	5436.3335	
180	1206.860	539.0679	3456.0000	4993.3335	
181	1212.182	429.1865	4173.0000	5618.3330	
182	1217.496	346.8846	3794.6665	5169.0000	
183	1222.802	376.3828	4268.6665	5695.0000	
184	1228.101	284.2126	3864.6670	5221.3335	
185	1233.393	194.0665	4564.6665	5861.0000	
186	1238.677	164.9199	4214.3330	5511.3330	
187	1243.953	368.7730	4539.0000	6069.6665	
188	1249.222	481.9598	4179.6670	5853.3330	
189	1254.484	408.0814	5097.3335	6719.0000	
190	1259.737	256.8686	4543.3335	6035.6665	
191	1264.984	258.9895	5175.0000	6691.3330	
192	1270.222	300.1110	4863.6665	6443.0000	
193	1275.453	222.5649	5381.3335	6905.0000	
194	1280.677	189.6863	4754.0000	6266.6670	
195	1285.893	280.4740	5533.0000	7158.3340	
196	1291.101	308.3335	4810.0000	6496.6660	
197	1296.302	146.9446	5610.0000	7178.3340	
198	1301.495	98.8870	5118.0000	6681.3335	
199	1306.680	193.8303	5857.3335	7558.6670	
200	1311.858	259.7740	5460.0000	7270.3330	
201	1317.028	279.7363	5693.0000	7550.0000	
202	1322.190	235.6986	5450.0000	7289.6670	
203	1327.345	392.3683	5870.0000	7879.0000	
204	1332.492	587.0681	5508.6665	7732.0000	
205	1337.631	710.1312	6201.3330	8553.3330	
206	1342.762	539.5273	5367.6665	7554.6660	
207	1347.886	375.2580	6171.6665	8200.0000	
208	1353.002	295.9876	5500.3335	7455.0000	
209	1358.110	443.3848	6536.0000	8643.6670	
210	1363.211	674.7809	5889.6665	8234.3330	
211	1368.304	746.5110	6481.3330	8903.3330	
212	1373.389	602.9073	5967.0000	8251.0000	
213	1378.466	600.8470	6588.6670	8866.0000	
214	1383.535	480.1208	6024.6665	8176.6665	
215	1388.597	245.0604	6849.6670	8762.0000	
216	1393.651	0.0000	6054.3335	7717.0000	
217	1398.696	77.9210	6734.6670	8464.3340	
218	1403.734	196.5531	6167.3330	7982.0000	
219	1408.765	407.5173	7042.3340	9034.3330	
220	1413.787	662.4845	6159.3330	8372.6670	
221	1418.801	994.8503	6799.6665	9322.0000	
222	1423.808	1245.8842	6285.3330	9035.3340	
223	1428.807	1777.9165	6777.0000	10035.6670	
224	1433.797	2220.5474	6330.0000	9993.3340	
225	1438.780	2464.0654	6892.3330	10762.6670	
226	1443.755	2843.2495	6322.6670	10535.6670	
227	1448.722	3284.1016	7033.3335	11650.6670	
228	1453.681	3687.2871	6156.3330	11140.3340	
229	1458.632	4122.8354	6997.3340	12354.6660	
230	1463.575	3244.7207	6192.6670	10609.6670	
231	1468.510	2093.9375	6851.3330	10055.3330	
232	1473.438	1286.1536	6064.6670	8398.6660	
233	1478.357	821.4480	6612.6670	8426.6670	
234	1483.268	528.0740	5848.3335	7313.6660	
235	1488.171	310.7017	6703.0000	7895.6670	
236	1493.066	267.3282	5903.0000	6997.0000	
237	1497.953	211.6180	6825.6670	7824.3330	
238	1502.832	170.2517	6070.0000	6993.6670	
239	1507.703	181.6610	6558.6670	7463.6660	
240	1512.566	181.0305	5022.0000	5844.0000	
241	1517.421	211.1077	6142.0000	7039.3330	
242	1522.267	230.7268	6251.0000	7082.0000	
243	1527.106	253.5544	7220.3330	8128.0000	
244	1531.937	282.8816	6499.3340	7318.6665	
245	1536.759	280.0464	7232.3330	8100.6670	
246	1541.573	265.4380	6452.6665	7280.6670	
247	1546.379	259.0798	7255.6670	8098.3330	
248	1551.177	254.1372	6548.3330	7388.6665	
249	1555.967	238.1841	7387.3330	8309.6670	
250	1560.749	186.5642	6660.6665	7548.3330	
251	1565.522	211.3611	7291.3340	8276.6670	
252	1570.288	249.7427	6882.3330	7957.6665	
253	1575.045	233.9014	7337.0000	8469.3330	
254	1579.793	215.3945	6655.3330	7842.0000	
255	1584.534	311.8872	7273.6670	8629.6670	
256	1589.266	230.0454	6320.3340	7667.3330	
257	1593.991	305.8716	6689.6670	8185.3330	
258	1598.707	236.3652	6062.0000	7561.0000	
259	1603.414	246.9843	7111.3330	8708.6670	
260	1608.114	199.9530	6776.0000	8386.0000	
261	1612.805	235.5653	7330.3340	9037.6660	
262	1617.488	251.8458	7153.0000	8938.3330	
263	1622.162	308.7921	7402.3330	9306.3330	
264	1626.828	347.7399	6714.3330	8719.0000	
265	1631.486	451.3461	7172.3330	9322.0000	
266	1636.136	806.5009	6397.0000	8926.3340	
267	1640.777	1522.8538	7466.3335	10737.0000	
268	1645.410	1927.5411	6462.0000	10162.3340	
269	1650.034	1598.0942	7234.3340	10586.3340	
270	1654.650	917.3140	6515.0000	9167.3330	
271	1659.258	674.2009	7265.6670	9656.0000	
272	1663.857	720.0880	6567.0000	8984.3330	
273	1668.448	947.6427	7382.6660	10008.6670	
274	1673.031	1250.8617	6379.6670	9290.0000	
275	1677.605	1375.0826	6722.0000	9737.6670	
276	1682.170	1091.6370	6480.6670	9194.0000	
277	1686.728	717.3282	6709.3340	8994.3330	
278	1691.276	423.3535	6331.0000	8268.0000	
279	1695.817	378.7119	7133.6670	8972.0000	
280	1700.348	389.5669	6142.0005	7950.0000	
281	1704.872	630.2935	6676.6670	8635.6660	
282	1709.386	768.3550	5839.6665	7847.0000	
283	1713.893	740.4155	6738.3330	8628.0000	
284	1718.391	437.8081	5824.6665	7322.0000	
285	1722.880	249.1855	6446.0000	7669.3330	
286	1727.361	117.8979	5176.6665	6183.3335	
287	1731.833	161.0460	6224.6670	7180.6670	
288	1736.296	145.9832	5722.6665	6593.0000	
289	1740.751	140.2538	6005.6665	6799.6670	
290	1745.198	162.5225	5090.3335	5836.0000	
291	1749.636	195.1271	6120.6665	6828.3340	
292	1754.065	211.6463	5388.3330	6016.6665	
293	1758.486	221.0225	5852.0000	6518.3340	
294	1762.898	249.8990	4494.6665	5106.6665	
295	1767.301	285.7955	5541.6670	6171.3330	
296	1771.696	314.6730	5124.3330	5792.3335	
297	1776.082	316.4813	5183.0000	5815.6665	
298	1780.460	267.8945	4171.0000	4738.6670	
299	1784.829	278.1407	4924.0000	5495.3335	
300	1789.189	238.2204	4088.6665	4612.3335	
301	1793.540	235.5762	4930.6665	5365.6665	
302	1797.883	255.5735	4654.0000	5227.0000	
303	1802.217	287.2379	5219.0000	5742.0000	
304	1806.542	297.9022	4684.0000	5245.0000	
305	1810.859	283.5663	4406.6665	4925.6665	
306	1815.167	238.9806	3917.0000	4363.0000	
307	1819.466	232.3115	4515.6665	4977.0000	
308	1823.756	249.6738	3810.6670	4239.3335	
309	1828.038	259.2044	4765.6670	5215.3330	
310	1832.311	272.3401	3897.3335	4395.0000	
311	1836.575	254.4335	4089.3335	4521.6665	
312	1840.830	224.7151	3676.6670	4073.0000	
313	1845.076	247.7676	3940.0000	4325.6665	
314	1849.314	263.2365	3933.6665	4395.0000	
315	1853.542	271.8719	4184.0000	4623.0000	
316	1857.762	270.9240	3405.3335	3868.3330	
317	1861.973	280.0908	3613.6670	4038.6665	
318	1866.176	284.7578	2950.3333	3412.6670	
319	1870.369	286.1330	2982.6667	3439.6665	
320	1874.553	275.7583	2348.6665	2770.3333	
321	1878.729	280.4252	3083.6667	3522.0000	
322	1882.895	260.6107	1956.3333	2373.3333	
323	1887.053	245.1766	2152.3335	2545.3335	
324	1891.202	235.3260	1935.6666	2289.0000	
325	1895.342	237.6568	2795.3333	3174.0000	
326	1899.473	242.4876	1867.0000	2240.3335	
327	1903.595	258.2348	2943.6667	3326.6665	
328	1907.708	258.2321	2229.6667	2618.6667	
329	1911.812	260.0065	2565.3333	2932.6667	
330	1915.907	252.1137	2121.3333	2477.3333	
331	1919.993	266.7211	2299.3333	2654.6667	
332	1924.070	286.3284	2014.0000	2397.3333	
333	1928.138	280.1130	2744.0000	3118.0000	
334	1932.197	258.5641	1875.6667	2225.0000	
335	1936.247	263.3488	2070.0000	2421.0000	
336	1940.288	274.0500	1755.3333	2146.6665	
337	1944.319	274.3346	2270.0000	2609.0000	
338	1948.342	277.4525	1904.3333	2257.3333	
339	1952.356	264.4870	1990.0000	2329.6667	
340	1956.361	250.6048	798.6667	1121.3333	
341	1960.356	252.9479	1328.0000	1647.3335	
342	1964.343	258.9988	1180.3334	1470.6666	
343	1968.320	260.2197	1256.0000	1579.0000	
344	1972.288	274.4831	569.3334	899.6667	
345	1976.247	271.5565	606.3333	928.0000	
346	1980.197	259.4632	26.3333	311.0000	
347	1984.138	265.2030	521.6666	847.6666	
348	1988.069	250.1096	222.3333	505.3333	
349	1991.992	249.9241	553.0000	832.3334	
350	1995.905	262.0996	-191.3333	75.3333	
351	1999.809	266.4856	426.6667	727.3334	
352	2003.704	268.3299	-265.3333	-0.3333	
353	2007.589	263.2574	279.3333	577.6666	
354	2011.466	265.5184	-321.3333	-56.3333	
355	2015.333	266.9669	284.3333	555.6667	
356	2019.191	269.2280	-449.0000	-156.0000	
357	2023.039	268.5214	336.6667	599.6667	
358	2026.879	271.0022	-385.0000	-95.3333	
359	2030.708	240.5664	252.0000	490.0000	
360	2034.529	241.0475	-358.3333	-122.3333	
361	2038.341	253.2752	278.6667	526.6667	
362	2042.143	263.7112	-394.0000	-121.3333	
363	2045.936	263.9390	222.0000	484.0000	
364	2049.719	259.5690	-421.0000	-144.6667	
365	2053.493	259.7115	223.3333	448.0000	
366	2057.258	280.3540	-349.3333	-67.6667	
367	2061.014	270.8924	215.3333	516.3333	
368	2064.760	250.3057	-326.3333	-75.0000	
369	2068.496	253.3649	221.3333	449.3333	
370	2072.224	264.3200	-307.3333	-36.3333	
371	2075.942	272.2056	351.6667	618.3334	
372	2079.650	276.6592	-341.3333	-78.6667	
373	2083.349	277.5947	205.0000	491.3333	
374	2087.039	267.8635	-264.0000	-6.3333	
375	2090.719	257.2156	76.3333	293.3333	
376	2094.390	255.9015	-300.0000	-37.0000	
377	2098.051	255.9137	295.0000	541.6667	
378	2101.703	256.2593	-156.0000	92.6667	
379	2105.345	256.4383	239.6667	455.0000	
380	2108.978	256.2007	-420.6667	-158.0000	
381	2112.601	257.2406	-679.6667	-434.0000	
382	2116.215	261.8638	-143.3333	102.6667	
383	2119.819	282.2371	196.0000	461.3334	
384	2123.414	269.6103	-523.6666	-272.0000	
385	2126.999	263.8316	163.0000	403.0000	
386	2130.575	276.8538	-414.0000	-149.0000	
387	2134.141	265.5009	120.0000	405.3333	
388	2137.697	235.1479	-316.0000	-93.6667	
389	2141.244	249.6615	335.6667	554.3334	
390	2144.781	270.0501	-398.3333	-140.0000	
391	2148.309	261.4180	254.0000	539.0000	
392	2151.827	231.6332	-551.3333	-338.0000	
393	2155.336	262.1229	123.6667	368.0000	
394	2158.835	270.9458	-285.0000	-31.3333	
395	2162.324	270.1021	357.0000	632.0000	
396	2165.803	267.8417	-242.3333	-9.6667	
397	2169.273	266.7712	163.6667	415.6667	
398	2172.733	266.8674	-398.3333	-151.6667	
399	2176.184	265.3803	189.3333	456.6667	
400	2179.625	257.8099	-151.6667	88.6667	
401	2183.056	258.7394	476.3333	717.3333	
402	2186.477	259.5856	-309.6667	-93.6667	
403	2189.889	265.2652	1.0000	271.6667	
404	2193.291	275.7781	-364.3333	-121.0000	
405	2196.683	275.9129	256.6667	520.0000	
406	2200.065	267.2501	-393.3333	-135.6667	
407	2203.438	263.1212	244.3333	497.0000	
408	2206.801	259.6589	-310.0000	-61.3333	
409	2210.154	255.6127	365.0000	631.0000	
410	2213.497	250.1499	-377.6667	-151.6667	
411	2216.831	248.8538	347.3333	579.6666	
412	2220.154	251.9533	-301.3333	-78.6667	
413	2223.468	266.6506	373.6667	630.3334	
414	2226.772	273.2861	-557.6666	-339.0000	
415	2230.066	273.6716	195.3333	466.0000	
416	2233.351	273.3070	-576.0000	-328.3333	
417	2236.625	268.0258	231.3333	473.3333	
418	2239.889	240.4113	-469.6667	-255.6667	
419	2243.144	253.1300	41.0000	251.6667	
420	2246.389	269.1823	-346.3333	-104.3333	
421	2249.624	264.0289	298.3333	561.3333	
422	2252.848	243.2087	-403.3333	-183.6667	
423	2256.063	251.7219	279.0000	509.0000	
424	2259.268	251.5686	-325.3333	-93.6667	
425	2262.463	272.7684	228.6667	509.0000	
426	2265.649	272.8015	-93.3333	148.3333	
427	2268.824	258.4147	400.6667	669.0000	
428	2271.989	259.7294	-301.0000	-58.6667	
429	2275.144	267.9500	210.3333	474.6667	
430	2278.289	280.2121	-305.3333	-30.3333	
431	2281.424	274.8076	354.0000	636.3334	
432	2284.549	258.7364	-371.3333	-121.0000	
433	2287.665	232.6653	268.6667	491.3334	
434	2290.770	256.3466	-320.6667	-102.6667	
435	2293.865	275.5123	251.3333	506.0000	
436	2296.949	275.0114	-567.3333	-314.6667	
437	2300.024	253.2706	329.3333	562.6667	
438	2303.089	240.1965	-375.6667	-153.0000	
439	2306.144	266.4556	26.0000	277.3333	
440	2309.188	280.0477	-531.6667	-264.3333	
441	2312.223	249.4615	404.3333	641.6667	
442	2315.247	232.2085	-219.3333	1.3333	
443	2318.261	242.2889	165.0000	396.3333	
444	2321.265	316.7029	-504.3333	-198.0000	
445	2324.259	286.6828	377.6667	687.3334	
446	2327.243	227.6628	-429.0000	-216.0000	
447	2330.216	284.4760	247.0000	514.6666	
448	2333.180	279.1577	-372.6667	-104.6667	
449	2336.133	252.7364	29.0000	267.6667	
450	2339.076	250.9818	-313.0000	-79.0000	
451	2342.009	224.8938	451.3333	656.3333	
452	2344.931	243.5556	-506.0000	-302.6667	
453	2347.843	265.5473	358.0000	598.6666	
454	2350.745	285.2892	-390.6667	-132.3333	
455	2353.637	293.5831	249.3333	513.0000	
456	2356.519	284.2053	-416.6667	-167.3333	
457	2359.390	278.2042	277.3333	533.6667	
458	2362.251	265.4532	-245.0000	-28.6667	
459	2365.102	251.7021	239.3333	472.6667	
460	2367.942	236.1172	-170.0000	22.0000	
461	2370.772	240.2316	167.6667	362.6667	
462	2373.592	264.3458	-190.6667	38.6667	
463	2376.401	273.2102	354.6667	554.3334	
464	2379.200	274.3244	-395.3333	-147.3333	
465	2381.989	272.0221	111.0000	337.0000	
466	2384.767	262.6364	-283.3333	-79.3333	
467	2387.535	259.0007	280.3333	517.6667	
468	2390.292	247.1987	-496.3333	-316.3333	
469	2393.039	239.7545	243.6667	450.6667	
470	2395.776	253.0341	-268.3333	-116.0000	
471	2398.502	282.2304	367.6667	597.3333	
472	2401.218	278.0931	-583.3334	-360.3333	
473	2403.923	271.4933	245.0000	463.3333	
474	2406.618	270.8934	-395.6667	-150.3333	
475	2409.303	232.0436	390.0000	561.0000	
476	2411.977	283.4682	-349.6667	-137.0000	
477	2414.640	285.6299	327.0000	542.3333	
478	2417.293	273.1251	-402.0000	-198.6667	
479	2419.936	209.9535	154.3333	295.0000	
480	2422.568	267.1154	-367.6667	-169.3333	
481	2425.189	276.9438	252.0000	460.6667	
482	2427.801	267.4389	-424.0000	-224.3333	
483	2430.401	263.3507	243.6667	394.3334	
484	2432.991	263.8463	1114.3333	1371.0000	
485	2435.570	264.9011	279.0000	456.3333	
486	2438.139	256.6642	-637.6667	-434.0000	
487	2440.697	260.8231	126.6667	293.6667	
488	2443.245	264.7740	-404.0000	-225.6667	
489	2445.782	271.6895	61.3333	245.3333	
490	2448.308	301.0300	-502.3333	-285.6667	
491	2450.824	299.1264	374.6667	585.6666	
492	2453.329	252.8890	-359.0000	-198.0000	
493	2455.823	250.2423	337.3333	494.3333	
494	2458.307	232.9290	-518.6667	-380.3333	
495	2460.780	238.8031	290.3333	422.3333	
496	2463.243	252.3023	-283.0000	-128.0000	
497	2465.694	244.7390	447.0000	607.0000	
498	2468.135	246.0923	-372.0000	-258.6667	
499	2470.566	257.3624	496.6666	652.6667	
500	2472.986	289.7161	-321.6667	-134.6667	
501	2475.395	282.4924	22.3333	203.0000	
502	2477.793	253.6854	-378.6667	-252.3333	
503	2480.180	251.3785	259.6667	425.3333	
504	2482.557	259.1549	-344.0000	-205.6667	
505	2484.923	262.2021	214.3333	389.3333	
506	2487.278	261.3118	-348.0000	-187.0000	
507	2489.622	262.1506	242.6667	431.0000	
508	2491.956	261.2604	-567.6667	-434.3333	
509	2494.279	274.7034	258.3333	438.3334	
510	2496.591	308.4798	-268.3333	-53.6667	
511	2498.892	210.9228	-21.0000	97.0000	
