resultName	muna8-108
resultName	muna8-108
ID	RS20200904151118_P19331194
Command	SCANANDSEARCH
User	Admin
Application	_Analyze
SerialNumber	P19331194
Power	280
Integration	900
Averages	3
AutoExposure	Off
AutoCollect	Off
QuickCollect	Off
AutoBackground	On
BaselineCorrection	On
Algorithm	Wavelet
Searched Library	All,None,None,None
MixtureComponents	2
matchThreshold	0.0
displayMatches	1
Threshold	0.80
WL Start	
WL End	
ServerVersion	3.180316
FirmwareVersion	
date	2020-09-04
time	15:11:18
scanindex	0
specpath	RS20200904151118_P19331194.xml
Search Range	200 - 2500
Synced	false
lastCalDateTime	2020-08-20 09:29:50
lastCalUser	Admin
lastCalResult	PASS
lastVerifyDateTime	2020-09-04 13:30:42
lastVerifyUser	Admin
lastVerifyResult	PASS
selectedMaterial	
result	No Match
ValidationGUID	
ValidationMatchQuality	
topMatch	
topMatchGUID	
topMatchQuality	
secondMatch	
secondMatchGUID	
secondMatchQuality	
thirdMatch	
thirdMatchGUID	
thirdMatchQuality	
fourthMatch	
fourthMatchGUID	
fourthMatchQuality	
fifthMatch	
fifthMatchGUID	
fifthMatchQuality	
signedBy	
signedDateTime	
softwareVer	1.7.0.21
memo	
batchID	
inBatch	false
batchUID	
batchCID1	
batchCIDlbl1	
batchCID2	
batchCIDlbl2	
batchCID3	
batchCIDlbl3	
batchCID4	
batchCIDlbl4	
batchCID5	
batchCIDlbl5	
signedTitle	
signedReason	
rescanned	
barcode	
topMatchContribs	
secondMatchContribs	
thirdMatchContribs	
fourthMatchContribs	
fifthMatchContribs	
ValidationMatchContribs	
Threat	
PrecursorList	
CompundName	
WindowStart4C	
MatchLibrary	
lastModified	2020/09/04 15:16
Signal2Noise	37.24
Detector TEC SetPoint	0x8000
Detector Temp	4.95
Laser Temp	25.38
OE1 Temp	36.50
OE2 Temp	41.25
Detector Gain	200
SaturationDetected	false
InterpolatedPixelList	
PeakList	 286.7	760	398.9	531	480.9	446	649.7	1184	679.0	876	735.8	735	748.5	609	840.0	663	959.5	496	1141.1	614	1207.4	501	1249.3	446	1337.2	746	1368.6	854	1457.8	3927	1645.6	1962	1677.4	1365	1710.6	771
index	Raman Shift (cm-1)	Y value (counts)	background (counts)	raw value (counts)
0	137.471	323.9507	1675.3335	3980.6665	
1	143.961	287.0093	1796.0000	4004.3330	
2	150.446	215.7354	1921.3333	3998.3335	
3	156.925	226.4604	2111.0000	4138.6665	
4	163.399	309.8523	1769.6667	3820.6665	
5	169.867	346.2446	2210.6667	4238.0000	
6	176.330	263.3033	1939.6667	3824.0000	
7	182.787	200.6953	2190.6665	3952.3330	
8	189.239	167.4208	1735.3333	3403.6665	
9	195.685	182.1462	2182.3333	3805.3333	
10	202.125	196.2050	2017.3335	3594.3335	
11	208.560	257.5967	2504.0000	4082.3330	
12	214.989	299.6559	1909.0000	3469.3335	
13	221.413	251.6760	2365.0000	3848.0000	
14	227.831	233.3161	2135.3333	3565.0000	
15	234.243	196.6095	2483.3333	3886.3335	
16	240.650	168.9024	1933.3333	3318.6665	
17	247.051	187.1955	2164.3335	3578.0000	
18	253.446	175.8227	1972.3333	3384.6670	
19	259.836	172.4488	2292.0000	3711.0000	
20	266.220	234.0754	1615.6667	3106.3335	
21	272.598	318.3587	2397.6665	3997.3330	
22	278.971	602.3088	2096.3333	4004.6665	
23	285.338	759.9255	2141.0000	4231.6665	
24	291.699	640.8754	1711.0000	3707.3330	
25	298.054	624.4436	1999.6667	4002.6665	
26	304.404	544.3449	1591.3334	3537.3330	
27	310.748	428.9136	2330.3333	4184.0000	
28	317.086	388.1571	1818.6666	3663.0000	
29	323.418	420.1294	1970.3333	3810.6665	
30	329.744	393.7689	1502.3333	3280.3335	
31	336.065	390.4081	2248.6665	3987.3335	
32	342.380	373.3801	1899.3335	3585.0000	
33	348.689	213.3525	2125.3335	3615.0000	
34	354.992	148.9919	1546.3333	2935.6667	
35	361.289	132.5912	2019.0000	3348.0000	
36	367.581	110.4408	1584.3333	2857.0000	
37	373.866	189.7521	1588.0000	2933.6667	
38	380.146	422.7299	1686.3333	3258.6665	
39	386.420	334.0413	1838.6666	3316.0000	
40	392.688	368.3527	1323.6667	2829.0000	
41	398.949	531.1440	1777.6667	3437.3335	
42	405.205	500.9349	1470.3334	3091.3333	
43	411.456	262.3926	1083.3334	2457.3333	
44	417.700	241.1840	975.3334	2319.6667	
45	423.938	197.5427	1428.6667	2721.0000	
46	430.170	240.2349	754.6666	2041.3333	
47	436.396	305.2604	805.6666	2189.0000	
48	442.616	427.6192	592.6666	2090.0000	
49	448.830	442.5439	1722.3335	3234.3333	
50	455.039	418.1855	702.0000	2175.6665	
51	461.241	245.4936	674.6666	1961.6666	
52	467.437	178.8015	601.0000	1807.3333	
53	473.627	350.3802	855.0000	2207.0000	
54	479.811	445.9589	456.3333	1878.0000	
55	485.989	323.8706	296.3333	1570.0000	
56	492.160	333.9287	341.6667	1592.6667	
57	498.326	164.8589	735.0000	1796.3333	
58	504.486	155.7893	459.6667	1491.3333	
59	510.639	192.0533	478.0000	1525.3334	
60	516.787	239.3170	284.3333	1358.3334	
61	522.928	349.6670	713.0000	1914.3334	
62	529.063	359.4339	402.0000	1578.6667	
63	535.192	370.7010	15295.3340	16535.6660	
64	541.315	278.3843	11885.6670	12953.6660	
65	547.431	238.3189	3511.0000	4527.6665	
66	553.542	243.9196	2000.0000	3011.0000	
67	559.646	137.8534	1692.0000	2585.6667	
68	565.744	249.7871	735.3333	1729.6667	
69	571.835	303.0750	933.3334	1986.3333	
70	577.921	297.7478	140.3333	1199.0000	
71	584.000	225.6042	356.6667	1359.0000	
72	590.073	83.4607	134.6667	1010.6666	
73	596.140	116.3277	782.6666	1726.0000	
74	602.200	263.5282	731.6666	1856.6667	
75	608.255	516.3951	947.0000	2359.3335	
76	614.302	769.2620	780.0000	2479.6665	
77	620.344	892.0676	1125.0000	2970.6667	
78	626.379	562.9755	828.3333	2366.6665	
79	632.408	699.8838	942.3334	2639.3333	
80	638.431	829.4586	758.3333	2606.6665	
81	644.447	1080.3669	1372.0000	3493.0000	
82	650.457	1184.2754	700.6666	2947.3335	
83	656.460	898.8500	505.6666	2488.6667	
84	662.457	638.7579	470.6667	2215.3333	
85	668.448	577.7090	628.0000	2304.6665	
86	674.432	761.6606	71.6667	1925.3335	
87	680.410	875.9452	605.0000	2566.0000	
88	686.381	596.2296	697.6666	2372.0000	
89	692.346	300.6780	1161.3333	2520.6667	
90	698.305	238.0428	413.0000	1669.0000	
91	704.257	250.4133	753.3334	2039.3333	
92	710.202	206.5896	587.3334	1795.0000	
93	716.142	135.2506	692.0000	1810.3334	
94	722.074	218.9115	578.3333	1762.3333	
95	728.000	505.9058	835.0000	2288.0000	
96	733.920	734.5665	543.6667	2207.3333	
97	739.833	592.2277	1135.3334	2638.6667	
98	745.739	597.5458	861.0000	2346.3333	
99	751.639	609.3519	1551.3333	3045.6667	
100	757.533	292.1575	666.6666	1841.0000	
101	763.419	146.7256	1448.0000	2478.0000	
102	769.300	154.2938	811.6667	1850.3333	
103	775.173	160.7789	1217.3334	2277.3335	
104	781.040	159.6804	854.0000	1861.6667	
105	786.901	181.7330	1466.0000	2544.6667	
106	792.755	215.0352	1269.6667	2392.0000	
107	798.602	352.6711	1721.6667	2992.0000	
108	804.442	462.9738	1128.6666	2519.6667	
109	810.276	444.4368	1712.0000	3115.0000	
110	816.103	270.2334	1070.0000	2329.3333	
111	821.924	262.3636	1517.6666	2799.6667	
112	827.738	242.8748	1186.6666	2489.0000	
113	833.545	507.7131	1663.0000	3259.3335	
114	839.345	662.5513	1295.0000	3075.3335	
115	845.139	506.0556	1676.3335	3329.3335	
116	850.926	374.5605	1404.6666	2955.3335	
117	856.706	422.0766	1658.6665	3265.6665	
118	862.479	405.9256	1565.6667	3165.3330	
119	868.246	407.3081	1642.3333	3241.3335	
120	874.006	301.8846	1156.3334	2644.0000	
121	879.759	246.6017	1510.0000	2923.0000	
122	885.505	207.3188	1211.3334	2565.6667	
123	891.245	265.0361	1607.3333	3000.0000	
124	896.978	349.7532	1486.3333	2944.3333	
125	902.703	341.0038	1412.3334	2839.0000	
126	908.422	231.9210	999.3334	2294.3333	
127	914.135	196.0883	1622.0000	2842.0000	
128	919.840	201.9221	875.0000	2102.3333	
129	925.538	225.2560	1581.0000	2785.0000	
130	931.230	247.8399	890.6666	2118.6665	
131	936.914	236.9032	1413.3333	2636.3333	
132	942.592	191.0913	987.0000	2105.6667	
133	948.263	264.8277	1354.0000	2540.0000	
134	953.927	406.8364	809.6666	2130.3333	
135	959.584	496.1784	1246.3334	2649.0000	
136	965.234	339.8541	1059.3333	2298.3333	
137	970.877	283.1630	1265.6667	2392.0000	
138	976.513	280.5553	535.6667	1751.6667	
139	982.142	251.3643	1163.3334	2321.6667	
140	987.764	238.1332	1170.0000	2292.6665	
141	993.379	236.7391	1076.3333	2233.3333	
142	998.987	241.0950	808.6666	1936.6667	
143	1004.588	259.5343	1281.6666	2475.0000	
144	1010.182	236.7235	702.3334	1883.0000	
145	1015.769	205.5793	1154.0000	2313.6665	
146	1021.349	205.7686	1094.3333	2264.3333	
147	1026.922	245.1245	1326.6666	2548.0000	
148	1032.487	234.9804	964.3333	2184.0000	
149	1038.046	257.8544	1290.0000	2503.0000	
150	1043.597	268.4368	958.3334	2313.3333	
151	1049.142	243.8107	1319.3333	2599.6667	
152	1054.679	223.4763	614.3333	1881.3335	
153	1060.209	263.7439	1300.0000	2667.3335	
154	1065.732	207.7292	1072.6666	2384.0000	
155	1071.248	215.6914	1372.0000	2738.3333	
156	1076.757	323.6959	1251.6666	2742.3333	
157	1082.258	302.7666	1555.3333	3024.0000	
158	1087.753	264.5038	786.0000	2215.3333	
159	1093.240	446.5745	1441.6666	3052.0000	
160	1098.720	395.3117	1299.6667	2857.6667	
161	1104.192	236.4225	1645.0000	3032.0000	
162	1109.658	236.7682	1527.0000	2897.6667	
163	1115.116	360.1137	2737.6667	4215.0000	
164	1120.567	497.4590	1270.0000	2868.0000	
165	1126.010	597.6746	1672.0000	3339.3335	
166	1131.447	530.5569	1208.6667	2778.0000	
167	1136.876	495.7724	1846.6666	3350.3333	
168	1142.298	613.6549	1060.0000	2650.6667	
169	1147.712	455.4274	1808.6667	3217.0000	
170	1153.120	294.8667	1596.6667	2820.3333	
171	1158.519	264.9733	1822.0000	2991.6667	
172	1163.912	188.4128	1295.6666	2364.6667	
173	1169.297	164.4821	2068.3335	3118.0000	
174	1174.675	173.6353	1570.3333	2611.0000	
175	1180.045	194.8900	2100.6667	3195.0000	
176	1185.408	225.5036	1632.0000	2813.6665	
177	1190.764	200.8670	2000.3333	3123.0000	
178	1196.112	226.3138	1763.6667	2963.3333	
179	1201.453	402.3439	2046.6666	3447.0000	
180	1206.786	501.0407	1488.6666	3012.3333	
181	1212.112	399.8764	2140.0000	3583.0000	
182	1217.431	332.3960	1755.3334	3144.3335	
183	1222.742	317.3152	2156.3335	3550.0000	
184	1228.045	252.2340	1743.6667	3092.0000	
185	1233.341	210.1111	2269.6667	3603.3335	
186	1238.630	235.6546	1978.0000	3303.6665	
187	1243.911	360.5316	2255.6667	3794.6665	
188	1249.185	446.4086	1952.6667	3605.0000	
189	1254.451	404.6647	2615.3333	4239.0000	
190	1259.709	234.2541	2158.0000	3624.3335	
191	1264.960	239.5094	2634.6667	4119.3330	
192	1270.203	231.7652	2354.3335	3844.3330	
193	1275.439	184.6885	2775.3333	4231.3335	
194	1280.668	196.2774	2169.0000	3649.6665	
195	1285.888	300.2002	2783.6667	4381.3335	
196	1291.101	275.1029	2167.6667	3764.0000	
197	1296.307	177.0685	2845.0000	4385.0000	
198	1301.505	118.3678	2404.0000	3927.0000	
199	1306.695	197.3334	3004.0000	4647.6665	
200	1311.877	333.3000	2620.0000	4441.3335	
201	1317.052	243.1745	2733.3333	4491.0000	
202	1322.219	230.7165	2632.3333	4404.0000	
203	1327.379	494.8035	2877.6665	4926.6665	
204	1332.531	679.7299	2678.0000	4929.3335	
205	1337.675	745.5344	3181.0000	5504.6665	
206	1342.811	573.3395	2377.0000	4535.0000	
207	1347.940	410.4778	3058.3333	5060.0000	
208	1353.061	292.9496	2495.6665	4386.3335	
209	1358.174	509.7536	3574.3335	5688.3330	
210	1363.280	845.8927	2770.0000	5226.6670	
211	1368.377	854.0308	3325.3335	5796.6670	
212	1373.467	747.8356	2724.6665	5096.3335	
213	1378.550	643.1268	3187.0000	5453.3335	
214	1383.624	563.4179	2764.0000	4950.0000	
215	1388.690	256.0427	3667.0000	5545.0000	
216	1393.749	0.0000	2747.0000	4368.3335	
217	1398.800	74.1399	3230.6665	4918.0000	
218	1403.843	230.9973	2748.6665	4565.0000	
219	1408.878	403.8545	3490.0000	5451.3335	
220	1413.906	655.7122	2770.3333	4955.6670	
221	1418.925	946.1454	3229.3330	5680.6670	
222	1423.937	1250.5778	2771.3333	5502.6665	
223	1428.940	1654.0112	3224.3335	6334.6670	
224	1433.936	2183.9729	2855.0000	6458.0000	
225	1438.924	2485.3037	3223.0000	7091.3335	
226	1443.904	2857.3005	2758.0000	6962.3330	
227	1448.876	3222.2981	3356.6665	7890.0000	
228	1453.840	3634.2944	2618.3335	7527.6660	
229	1458.796	3927.4531	3335.6670	8476.6670	
230	1463.744	3102.6104	2637.6667	6892.3330	
231	1468.685	1964.4349	3220.0000	6275.0000	
232	1473.617	1137.5929	2592.6665	4759.3330	
233	1478.541	747.1488	3020.6665	4743.6665	
234	1483.457	486.0385	2406.6667	3815.3335	
235	1488.365	338.5939	3076.6667	4284.6665	
236	1493.265	259.1496	2377.0000	3452.3330	
237	1498.157	181.1217	3147.0000	4103.6665	
238	1503.041	183.2060	2504.6667	3427.6670	
239	1507.917	182.9291	3002.3333	3897.0000	
240	1512.785	149.6523	2034.0000	2867.3333	
241	1517.645	162.7088	2792.3333	3610.6665	
242	1522.496	200.6822	2713.0000	3530.6665	
243	1527.340	239.3224	3510.6665	4351.3335	
244	1532.175	274.2961	2788.3333	3624.6665	
245	1537.002	291.7289	3422.0000	4282.6670	
246	1541.822	269.1978	2771.6665	3617.0000	
247	1546.633	260.5835	3442.3335	4338.3335	
248	1551.435	253.3033	2848.3335	3690.6665	
249	1556.230	216.8916	3524.0000	4446.3330	
250	1561.016	159.2305	2921.0000	3833.3335	
251	1565.795	168.0690	3443.3335	4424.3335	
252	1570.565	204.4084	3139.0000	4214.0000	
253	1575.327	226.7565	3433.3335	4617.6665	
254	1580.080	255.4381	2933.0000	4233.0000	
255	1584.825	262.7858	3620.6670	5015.0000	
256	1589.562	309.8017	2838.6667	4367.0000	
257	1594.291	302.8175	3271.3330	4879.6665	
258	1599.012	284.1654	2642.3333	4319.0000	
259	1603.724	205.0094	3335.3333	5034.0000	
260	1608.428	239.9555	3075.0000	4884.3335	
261	1613.124	234.7165	3517.6665	5384.6670	
262	1617.811	236.1437	3427.6670	5359.0000	
263	1622.490	238.9052	3578.3335	5575.3335	
264	1627.161	337.3324	3038.6667	5197.0000	
265	1631.823	491.8012	3412.3330	5759.6665	
266	1636.477	793.5961	2800.6667	5468.0000	
267	1641.123	1509.0509	3701.6665	7101.6670	
268	1645.760	1962.1713	2845.3333	6715.6670	
269	1650.389	1414.6881	3534.3330	6822.6670	
270	1655.009	744.5372	2959.0000	5542.6670	
271	1659.621	525.3868	3550.6665	5880.6665	
272	1664.225	647.9034	3048.3335	5466.3335	
273	1668.820	896.0865	3747.6665	6379.3330	
274	1673.406	1245.6031	2979.0000	5925.6665	
275	1677.985	1365.1195	3426.3333	6458.0000	
276	1682.554	1104.3033	3314.0000	6050.3335	
277	1687.116	649.5848	3326.0000	5536.3330	
278	1691.668	380.5334	2905.6667	4775.6665	
279	1696.213	250.8156	3614.3333	5283.3335	
280	1700.749	294.6352	2832.6667	4486.3335	
281	1705.276	527.6862	3392.3335	5176.6665	
282	1709.794	771.0726	2726.3333	4651.6670	
283	1714.305	715.7906	3477.6665	5245.3335	
284	1718.806	440.1750	2725.3335	4115.0000	
285	1723.299	175.2965	3447.0000	4495.3330	
286	1727.784	105.4191	2408.0000	3310.0000	
287	1732.260	123.1973	3141.0000	3976.6665	
288	1736.727	125.5274	2771.6667	3549.6665	
289	1741.186	129.5243	3143.6670	3862.0000	
290	1745.636	189.5216	2303.6665	3022.3333	
291	1750.077	200.5196	3215.0000	3888.0000	
292	1754.510	228.1844	2570.6665	3211.3333	
293	1758.934	242.8228	3191.0000	3798.6665	
294	1763.349	268.0446	2002.6667	2640.3335	
295	1767.756	282.5175	2834.0000	3462.6665	
296	1772.154	309.1556	2507.0000	3142.0000	
297	1776.544	256.9524	2818.0000	3377.0000	
298	1780.924	261.0821	1899.6666	2453.6667	
299	1785.296	264.9620	2640.6667	3207.0000	
300	1789.659	267.2587	1852.0000	2409.6667	
301	1794.014	241.9261	2623.6665	3152.6665	
302	1798.360	242.7636	2410.3333	2935.0000	
303	1802.697	248.4346	3007.0000	3550.3335	
304	1807.025	229.6052	2571.6667	3071.3333	
305	1811.344	210.9430	2466.6667	2942.0000	
306	1815.655	216.6138	2004.0000	2479.3333	
307	1819.957	254.9514	2649.3335	3180.3330	
308	1824.250	276.0316	1990.0000	2498.6667	
309	1828.534	278.6624	3256.6665	3773.6665	
310	1832.809	273.3764	2387.6667	2896.0000	
311	1837.076	268.0074	2515.6665	3016.0000	
312	1841.333	255.9706	2189.0000	2674.6667	
313	1845.582	264.0412	2191.0000	2671.3333	
314	1849.822	275.4452	2286.0000	2798.3333	
315	1854.053	270.5160	2513.0000	3024.0000	
316	1858.275	220.5864	2017.6667	2482.3333	
317	1862.488	232.2563	2441.0000	2916.3333	
318	1866.692	255.5928	2136.6665	2653.3333	
319	1870.888	263.9294	1808.3333	2287.0000	
320	1875.074	264.9326	1081.6666	1601.6666	
321	1879.251	265.6025	1910.6665	2415.3335	
322	1883.420	250.4352	1105.3334	1594.0000	
323	1887.579	254.3089	1549.6666	2056.0000	
324	1891.730	247.7659	1025.6667	1511.6666	
325	1895.871	236.3302	1821.6667	2258.6667	
326	1900.004	242.0611	945.0000	1454.0000	
327	1904.127	252.0420	1871.3335	2320.6667	
328	1908.241	256.2736	1275.6666	1767.6665	
329	1912.347	251.0708	1749.0000	2209.0000	
330	1916.443	256.1016	1721.0000	2164.0000	
331	1920.530	260.9656	1890.3333	2381.6667	
332	1924.609	262.5793	1171.3334	1622.6667	
333	1928.678	264.3556	1909.3334	2374.3333	
334	1932.738	240.4651	1221.3333	1656.3333	
335	1936.788	243.5747	1466.6666	1900.3333	
336	1940.830	247.1008	1159.6667	1607.0000	
337	1944.863	248.5438	1542.3333	1971.6667	
338	1948.886	250.3200	1435.3334	1877.3333	
339	1952.901	251.7420	1807.3333	2239.6665	
340	1956.906	257.8729	526.0000	952.3333	
341	1960.902	270.8123	842.3333	1296.6666	
342	1964.888	270.8350	779.0000	1233.0000	
343	1968.866	245.3522	885.0000	1302.3334	
344	1972.834	237.4859	399.3333	854.3334	
345	1976.793	237.7008	715.6666	1132.0000	
346	1980.743	238.2490	-39.0000	385.0000	
347	1984.684	244.4639	354.3333	777.6666	
348	1988.616	256.4286	163.6667	626.0000	
349	1992.538	263.7353	1083.0000	1529.3333	
350	1996.451	272.5124	421.6667	898.6666	
351	2000.354	263.5148	460.3333	908.3334	
352	2004.249	254.2672	-262.0000	175.3333	
353	2008.134	235.6862	353.6667	771.0000	
354	2012.009	236.1053	-256.3333	159.0000	
355	2015.876	242.6076	376.3333	798.3334	
356	2019.733	244.0268	-248.3333	162.3333	
357	2023.580	262.2286	1110.6667	1548.3334	
358	2027.419	283.5139	2402.3333	2859.3333	
359	2031.248	279.2156	7660.6670	8169.3330	
360	2035.067	270.9176	652.0000	1035.0000	
361	2038.878	262.0379	369.6667	824.0000	
362	2042.678	263.8039	-331.3333	84.6667	
363	2046.470	256.7992	267.3333	723.3333	
364	2050.252	250.7950	-372.0000	23.6667	
365	2054.024	245.9453	287.3333	704.0000	
366	2057.787	240.1788	-150.6667	294.3333	
367	2061.541	216.4123	395.6667	783.6666	
368	2065.285	214.3126	-266.3333	120.0000	
369	2069.020	221.5461	272.6667	666.6666	
370	2072.745	257.3631	-241.6667	207.3333	
371	2076.461	264.6074	775.0000	1163.0000	
372	2080.167	323.7905	1286.6666	1776.6667	
373	2083.864	345.5065	7540.0000	8051.3340	
374	2087.551	297.6383	8585.6670	9111.6670	
375	2091.228	255.6037	671.3334	1077.6666	
376	2094.896	255.9857	-178.3333	230.3333	
377	2098.555	241.3769	317.6667	741.6666	
378	2102.204	219.2683	-84.3333	296.6667	
379	2105.843	244.4097	390.6667	795.3334	
380	2109.473	252.5510	117.6667	529.0000	
381	2113.093	255.3104	-497.0000	-80.0000	
382	2116.703	256.4239	-107.6667	295.0000	
383	2120.304	260.4333	240.0000	649.3333	
384	2123.895	263.9218	-503.3333	-89.0000	
385	2127.477	254.0467	161.6667	562.0000	
386	2131.049	221.2094	-363.3333	1.3333	
387	2134.611	248.0389	123.6667	512.3334	
388	2138.163	248.1806	-328.3333	64.6667	
389	2141.706	242.3919	342.6667	723.3333	
390	2145.239	242.8323	-374.3333	-13.6667	
391	2148.763	246.5228	264.3333	672.6666	
392	2152.276	253.8212	-552.6666	-176.0000	
393	2155.780	264.4584	115.6667	513.0000	
394	2159.275	261.1791	-273.0000	139.3333	
395	2162.759	260.2331	357.3333	729.6667	
396	2166.234	262.2866	-242.0000	156.0000	
397	2169.698	266.1581	152.0000	563.6666	
398	2173.154	262.9464	-404.3333	7.6667	
399	2176.599	243.1929	209.0000	581.6666	
400	2180.034	254.2729	-137.6667	244.0000	
401	2183.460	273.3529	482.6666	881.3334	
402	2186.876	271.1202	-311.6667	104.0000	
403	2190.282	260.2625	-20.3333	414.0000	
404	2193.678	209.2596	-336.6667	-8.3333	
405	2197.064	227.7710	297.0000	644.3333	
406	2200.440	242.1261	-357.0000	12.6667	
407	2203.807	254.3675	236.0000	640.6667	
408	2207.164	257.0257	-290.6667	75.6667	
409	2210.510	253.2278	387.3333	787.3334	
410	2213.847	246.6590	-405.3333	-12.0000	
411	2217.174	232.6319	362.0000	740.6667	
412	2220.491	241.5010	-274.0000	111.0000	
413	2223.798	252.7190	730.3334	1085.6666	
414	2227.094	266.5370	813.6666	1257.6667	
415	2230.381	285.2719	2351.6667	2760.0000	
416	2233.658	284.0900	-458.6666	-13.6667	
417	2236.925	277.8664	231.6667	666.6667	
418	2240.182	259.6429	-458.6667	-47.6667	
419	2243.429	248.9401	44.3333	440.3333	
420	2246.666	247.7579	-319.6667	98.3333	
421	2249.893	241.8675	319.3333	693.3333	
422	2253.110	243.2063	-419.3333	-3.6667	
423	2256.317	219.6284	290.6667	660.0000	
424	2259.513	233.3628	-322.0000	43.6667	
425	2262.700	252.4415	254.3333	652.0000	
426	2265.876	283.9161	-98.0000	328.0000	
427	2269.043	260.4552	379.3333	786.3334	
428	2272.199	258.5418	-297.3333	99.6667	
429	2275.345	260.6208	220.6667	624.3333	
430	2278.481	261.5330	-305.6667	117.6667	
431	2281.607	242.6119	380.6667	760.6666	
432	2284.723	246.0242	-322.0000	31.0000	
433	2287.828	264.7698	220.6667	618.6667	
434	2290.924	270.6354	-362.6667	31.6667	
435	2294.009	241.5269	282.3333	632.3333	
436	2297.083	239.9184	-533.6667	-165.6667	
437	2300.148	240.2826	377.3333	724.0000	
438	2303.203	241.8969	-402.0000	-16.0000	
439	2306.247	241.3861	45.6667	389.3333	
440	2309.281	261.5424	-523.3333	-137.0000	
441	2312.305	289.5253	370.6667	786.3334	
442	2315.318	262.5082	-209.6667	180.3333	
443	2318.322	243.1577	193.0000	565.0000	
444	2321.314	239.6404	-439.0000	-92.0000	
445	2324.297	246.6674	383.0000	790.6667	
446	2327.269	259.1944	-424.0000	-71.3333	
447	2330.231	264.0547	244.3333	645.6666	
448	2333.183	268.2177	-343.3333	55.0000	
449	2336.124	289.9166	6.3333	434.6667	
450	2339.055	264.8654	-326.3333	76.0000	
451	2341.976	212.8143	488.6667	838.0000	
452	2344.886	197.0966	-519.3333	-186.6667	
453	2347.786	250.4511	356.6667	742.0000	
454	2350.675	259.4723	-403.3333	-9.6667	
455	2353.554	252.7093	260.0000	638.3333	
456	2356.423	252.7315	-405.6667	-52.0000	
457	2359.281	256.1297	279.0000	676.3334	
458	2362.128	265.4446	-262.3333	117.6667	
459	2364.966	268.0927	228.6667	610.0000	
460	2367.792	266.3250	-169.6667	210.6667	
461	2370.609	261.1415	146.3333	519.0000	
462	2373.415	249.6246	-202.3333	156.3333	
463	2376.210	237.6910	330.6667	651.0000	
464	2378.995	244.2575	-336.3333	39.6667	
465	2381.769	247.8030	150.3333	472.3334	
466	2384.533	250.2862	-315.6667	59.3333	
467	2387.286	254.8734	292.6667	624.6667	
468	2390.029	261.3141	-527.0000	-170.0000	
469	2392.760	255.4520	247.0000	589.0000	
470	2395.482	257.7122	-326.6667	75.6667	
471	2398.193	253.4724	376.3333	694.3333	
472	2400.893	251.1489	-588.3333	-222.0000	
473	2403.583	249.4522	251.0000	593.6667	
474	2406.262	249.7556	-420.0000	-61.3333	
475	2408.931	250.9756	342.0000	668.6667	
476	2411.589	268.9124	-349.6667	5.0000	
477	2414.236	265.6564	301.6667	659.3333	
478	2416.872	254.7339	-418.3333	-85.0000	
479	2419.498	241.9780	106.3333	423.3333	
480	2422.113	235.2221	-389.6667	-83.0000	
481	2424.718	242.1329	237.0000	530.6667	
482	2427.312	269.8770	-462.3333	-110.6667	
483	2429.895	265.3711	224.3333	512.3333	
484	2432.467	266.0326	1054.0000	1457.3333	
485	2435.029	266.7755	281.6667	543.0000	
486	2437.580	246.6852	-645.6667	-305.6667	
487	2440.120	249.8447	114.6667	393.0000	
488	2442.649	265.8380	-425.3333	-115.0000	
489	2445.167	265.1425	34.6667	377.6667	
490	2447.675	232.7839	-493.3333	-211.3333	
491	2450.172	190.9961	409.0000	648.3334	
492	2452.658	254.8749	-386.3333	-84.0000	
493	2455.134	256.8066	306.6667	610.0000	
494	2457.598	282.0717	-582.3333	-254.6667	
495	2460.052	262.0034	269.6667	576.3334	
496	2462.495	260.2684	-332.0000	-28.0000	
497	2464.927	249.2001	428.3333	681.0000	
498	2467.348	247.5485	-429.6667	-87.6667	
499	2469.758	258.3969	471.3333	740.6667	
500	2472.157	259.3285	-343.3333	-49.6667	
501	2474.546	252.5521	17.0000	309.3333	
502	2476.923	236.7758	-438.3333	-162.0000	
503	2479.290	253.3329	245.6667	538.3334	
504	2481.645	262.2231	-357.3333	-56.0000	
505	2483.990	252.6135	179.3333	493.3334	
506	2486.323	230.3372	-355.0000	-86.0000	
507	2488.646	243.2275	248.0000	529.6667	
508	2490.958	262.5553	-597.6667	-309.6667	
509	2493.258	258.5289	254.6667	537.3333	
510	2495.548	295.2318	-255.3333	77.6667	
511	2497.827	227.1221	-37.0000	227.6667	
