resultName	muna15-67
resultName	muna15-67
ID	RS20200227115711_P19331194
Command	SCANANDSEARCH
User	Admin
Application	_Analyze
SerialNumber	P19331194
Power	280
Integration	900
Averages	3
AutoExposure	Off
AutoCollect	Off
QuickCollect	Off
AutoBackground	On
BaselineCorrection	On
Algorithm	Wavelet
Searched Library	All,None,None,None
MixtureComponents	2
matchThreshold	0.0
displayMatches	1
Threshold	0.80
WL Start	
WL End	
ServerVersion	3.180316
FirmwareVersion	
date	2020-02-27
time	11:57:11
scanindex	0
specpath	RS20200227115711_P19331194.xml
Search Range	200 - 2500
Synced	false
lastCalDateTime	2020-02-27 08:30:34
lastCalUser	Admin
lastCalResult	PASS
lastVerifyDateTime	2019-10-16 15:05:37
lastVerifyUser	Admin
lastVerifyResult	PASS
selectedMaterial	
result	No Match
ValidationGUID	
ValidationMatchQuality	
topMatch	
topMatchGUID	
topMatchQuality	
secondMatch	
secondMatchGUID	
secondMatchQuality	
thirdMatch	
thirdMatchGUID	
thirdMatchQuality	
fourthMatch	
fourthMatchGUID	
fourthMatchQuality	
fifthMatch	
fifthMatchGUID	
fifthMatchQuality	
signedBy	
signedDateTime	
softwareVer	1.7.0.21
memo	
batchID	
inBatch	false
batchUID	
batchCID1	
batchCIDlbl1	
batchCID2	
batchCIDlbl2	
batchCID3	
batchCIDlbl3	
batchCID4	
batchCIDlbl4	
batchCID5	
batchCIDlbl5	
signedTitle	
signedReason	
rescanned	
barcode	
topMatchContribs	
secondMatchContribs	
thirdMatchContribs	
fourthMatchContribs	
fifthMatchContribs	
ValidationMatchContribs	
Threat	
PrecursorList	
CompundName	
WindowStart4C	
MatchLibrary	
lastModified	2020/02/27 11:57
Signal2Noise	61.02
Detector TEC SetPoint	0x8000
Detector Temp	4.94
Laser Temp	25.39
OE1 Temp	32.44
OE2 Temp	35.75
Detector Gain	200
SaturationDetected	false
InterpolatedPixelList	
PeakList	 296.9	925	335.0	653	383.5	622	398.1	606	442.7	755	649.8	2429	672.5	816	756.2	746	804.2	734	959.0	935	1126.8	589	1142.2	576	1211.9	922	1333.7	808	1377.5	1329	1453.6	5226	1642.1	4365	1672.9	3644	1714.0	863
index	Raman Shift (cm-1)	Y value (counts)	background (counts)	raw value (counts)
0	137.455	698.0565	11753.0000	15678.3340	
1	143.948	436.3676	12356.6670	15918.3340	
2	150.436	299.6789	13060.6660	16383.6660	
3	156.918	332.9891	13263.3340	16517.6660	
4	163.394	405.3033	12875.6660	16100.3340	
5	169.865	418.9455	14063.3340	17199.6660	
6	176.330	319.9257	13754.6660	16690.0000	
7	182.790	260.9019	13549.3340	16323.6660	
8	189.244	139.8822	13083.0000	15634.3340	
9	195.693	142.1922	14206.3340	16658.0000	
10	202.136	243.1703	14200.0000	16650.6660	
11	208.573	414.1487	14714.3340	17234.0000	
12	215.005	473.4607	14010.0000	16487.0000	
13	221.431	319.9233	14580.3320	16850.6660	
14	227.851	360.1827	14863.0000	17109.3340	
15	234.266	277.1347	15350.3340	17514.0000	
16	240.675	162.4224	13227.0000	15276.3340	
17	247.078	225.0443	14285.3320	16397.6680	
18	253.476	243.9941	13125.3340	15257.0000	
19	259.868	310.2818	13834.0000	16032.3340	
20	266.254	242.5668	12359.0010	14490.0000	
21	272.635	356.7825	14222.3340	16497.6660	
22	279.009	758.3354	13779.6660	16486.6680	
23	285.378	836.2162	12917.0000	15732.0000	
24	291.742	837.0984	12428.6670	15274.6660	
25	298.099	925.0544	12268.0000	15233.6660	
26	304.451	722.6774	12074.6660	14869.6660	
27	310.797	521.6344	13117.6660	15743.3340	
28	317.137	541.7878	11623.0000	14315.3320	
29	323.471	558.2681	11895.6660	14543.0000	
30	329.800	567.0786	11694.6670	14289.3330	
31	336.122	652.5560	12323.6670	14942.3320	
32	342.439	600.7033	12038.0000	14543.3340	
33	348.750	304.5137	11706.6670	13854.3330	
34	355.055	243.3262	9736.6670	11761.6670	
35	361.354	224.8622	12623.0000	14553.6660	
36	367.648	43.2805	10166.3340	11858.0000	
37	373.935	204.8559	10069.0000	11902.0000	
38	380.216	622.0964	10680.6670	12910.6660	
39	386.492	495.3389	11045.0000	13128.0000	
40	392.762	340.5802	8710.0000	10618.0000	
41	399.025	605.6885	9997.0000	12149.3330	
42	405.283	432.4639	8946.0000	10904.3330	
43	411.535	298.1561	5906.3330	7618.0000	
44	417.781	280.3480	6649.6660	8422.6660	
45	424.020	296.3927	7104.0000	8874.0000	
46	430.254	351.7707	4749.3335	6553.3335	
47	436.482	648.1489	3445.3330	5529.6665	
48	442.704	754.5267	2647.3335	4822.0000	
49	448.920	572.3279	5037.6665	7029.6670	
50	455.129	393.6813	3225.3335	5020.6665	
51	461.333	218.3693	2660.3333	4262.3335	
52	467.531	60.3899	2523.3335	3949.3335	
53	473.722	377.8237	3928.0000	5647.3330	
54	479.908	463.9246	2197.0000	3978.3330	
55	486.087	421.6926	1130.3334	2845.3335	
56	492.260	403.4659	2329.0000	3986.0000	
57	498.427	374.0549	2954.6667	4481.3330	
58	504.588	413.3527	3044.3335	4660.6665	
59	510.743	417.5254	1522.0001	3145.3335	
60	516.892	349.9902	1888.3333	3334.6670	
61	523.034	347.9791	2877.3333	4277.6665	
62	529.171	293.9686	1464.3333	2766.6667	
63	535.301	256.6245	2393.0000	3614.0000	
64	541.425	160.6140	1284.6666	2365.6667	
65	547.543	254.6029	2717.6667	3848.6665	
66	553.655	411.2585	5187.0000	6430.6660	
67	559.760	447.5823	5917.6665	7153.6670	
68	565.859	404.2379	3709.0000	4857.6665	
69	571.952	295.5254	2649.3335	3633.3335	
70	578.039	297.0666	856.0001	1887.6665	
71	584.119	205.1996	700.0000	1645.6667	
72	590.193	119.8327	1154.6666	2025.0000	
73	596.261	192.8715	2832.3335	3817.3335	
74	602.323	370.5771	4071.0000	5275.3335	
75	608.378	629.9492	3918.3335	5423.6670	
76	614.427	988.6544	4137.0000	6042.6665	
77	620.469	1027.3745	4964.3335	6930.3330	
78	626.505	981.3122	3739.6670	5537.6670	
79	632.535	1113.7498	3032.9998	5127.6670	
80	638.559	1390.9365	3003.0000	5396.0000	
81	644.576	2161.1238	4149.3335	7333.6670	
82	650.587	2429.3105	3355.3335	6829.0000	
83	656.591	1735.1650	1636.0001	4436.6670	
84	662.589	1047.0188	1340.6666	3474.3335	
85	668.581	784.4077	1542.6666	3279.6667	
86	674.566	816.2969	588.3333	2345.3333	
87	680.544	738.0191	1230.3334	2959.3333	
88	686.517	421.5747	2663.0000	4043.6665	
89	692.483	288.9480	2683.0000	3859.0000	
90	698.442	306.3837	1297.0000	2483.3333	
91	704.395	259.3606	2168.6667	3393.6667	
92	710.341	223.9798	2098.6665	3229.0000	
93	716.281	153.7029	1942.0000	3045.0000	
94	722.214	174.7598	2157.0000	3324.0000	
95	728.141	482.1498	2154.3333	3671.6665	
96	734.061	640.8733	2013.0000	3732.0000	
97	739.975	637.9297	3076.6667	4835.6665	
98	745.882	634.7872	2863.6667	4648.6665	
99	751.783	692.6320	4220.6665	6106.6665	
100	757.677	745.8096	2870.3333	4852.6665	
101	763.564	506.8018	4203.0000	5956.6665	
102	769.445	354.4609	3298.3335	4910.0000	
103	775.319	165.7870	3648.6665	5082.0000	
104	781.187	328.1124	3312.6665	4918.6665	
105	787.048	422.8293	4291.3335	6022.0000	
106	792.902	427.1296	4057.0000	5696.6665	
107	798.750	544.3466	5241.0000	7050.3330	
108	804.591	733.6475	4156.0000	6150.3335	
109	810.425	646.1757	4663.0000	6578.6665	
110	816.253	279.0373	3513.6670	5071.0000	
111	822.074	104.8988	4155.3335	5547.3330	
112	827.888	180.4249	3759.3333	5113.3335	
113	833.695	343.2784	4443.3335	6105.3335	
114	839.496	563.7981	3893.3335	5783.6665	
115	845.290	502.9848	4503.0000	6340.3330	
116	851.078	497.6503	3965.3335	5737.3330	
117	856.858	505.3599	4394.6670	6246.6660	
118	862.632	492.5500	4226.3335	6070.0000	
119	868.399	443.4167	4176.0000	5959.6670	
120	874.159	335.0251	3271.6665	4946.6665	
121	879.913	280.7797	3268.6667	4876.3335	
122	885.659	296.7839	3227.3335	4775.6665	
123	891.399	359.9552	3759.0000	5419.6665	
124	897.132	338.0434	3657.0000	5282.6665	
125	902.858	256.4529	2980.6667	4513.6665	
126	908.577	278.1964	2546.6665	4090.3335	
127	914.290	560.6059	3412.3333	5227.3335	
128	919.995	533.3484	2405.6665	4182.3330	
129	925.694	367.0917	3191.0000	4790.3335	
130	931.385	350.8345	2087.3335	3659.3335	
131	937.070	137.5775	2387.6665	3735.3333	
132	942.748	225.6537	2010.0000	3434.6670	
133	948.419	430.3647	2453.3333	4079.3335	
134	954.083	817.9971	1572.0000	3566.0000	
135	959.740	934.9628	2094.6667	4186.0000	
136	965.390	547.2618	1897.6667	3581.6667	
137	971.033	369.0497	1968.0000	3465.0000	
138	976.669	340.1710	1001.6666	2461.0000	
139	982.299	338.6258	1473.3334	2928.0000	
140	987.921	349.7411	1470.6666	2936.3335	
141	993.536	310.4208	1541.9999	2958.3333	
142	999.144	283.6008	1146.6667	2566.3335	
143	1004.745	264.1765	1727.6665	3082.6667	
144	1010.339	269.0438	1091.6667	2507.6667	
145	1015.926	312.9738	1483.6666	2958.0000	
146	1021.506	359.2371	1447.0000	2982.0000	
147	1027.078	447.1671	1637.6666	3275.0000	
148	1032.644	427.5972	1256.3334	2930.0000	
149	1038.203	374.2431	1666.6665	3261.3335	
150	1043.754	357.4727	1338.6667	2961.6665	
151	1049.298	281.4522	1692.6667	3229.0000	
152	1054.836	170.3488	958.3333	2400.3333	
153	1060.366	265.8949	1809.3334	3365.0000	
154	1065.889	296.3632	1611.6667	3232.3330	
155	1071.404	350.0704	1949.6665	3637.3335	
156	1076.913	367.4851	1762.0000	3504.6665	
157	1082.414	355.5803	2233.6667	3921.6665	
158	1087.908	380.4669	1351.6666	2969.6667	
159	1093.395	496.3954	2376.0000	4259.0000	
160	1098.875	433.1570	2368.6665	4200.3330	
161	1104.348	284.8433	2884.3333	4562.3335	
162	1109.813	352.1013	2417.3333	4057.3330	
163	1115.271	420.6924	3114.3333	4948.6665	
164	1120.721	481.6172	2602.0000	4412.3335	
165	1126.165	589.1838	3282.6670	5216.6665	
166	1131.601	555.0838	3009.6665	4875.0000	
167	1137.030	541.4625	3780.3335	5541.6665	
168	1142.452	576.0285	2864.3333	4718.0000	
169	1147.866	570.9133	3817.3335	5674.6665	
170	1153.273	487.1105	3723.3335	5404.0000	
171	1158.672	337.5573	4084.6670	5592.0000	
172	1164.064	218.0053	3698.6665	5062.6670	
173	1169.449	186.2182	5032.6665	6387.3340	
174	1174.827	177.0961	4494.6665	5862.6665	
175	1180.197	284.8802	5461.6665	6970.6670	
176	1185.560	377.1871	5070.3335	6707.0000	
177	1190.915	332.5779	5622.3335	7257.3330	
178	1196.263	445.0523	5414.3330	7217.3330	
179	1201.603	651.7769	6081.0000	8135.3340	
180	1206.936	860.4998	5554.6670	7862.3330	
181	1212.262	922.2192	6393.3330	8779.0000	
182	1217.580	721.2447	6106.6670	8294.6660	
183	1222.891	581.0551	6755.3330	8825.0000	
184	1228.194	543.8638	6518.0000	8572.3340	
185	1233.489	384.1127	7437.3330	9373.6670	
186	1238.778	207.3604	7259.3330	9060.6660	
187	1244.058	272.9426	7592.6665	9501.3330	
188	1249.331	465.5248	7319.3340	9462.3340	
189	1254.597	410.7944	8798.3340	10953.0000	
190	1259.855	245.7319	8243.3330	10299.3330	
191	1265.106	219.6694	9225.0000	11321.3340	
192	1270.349	299.6059	9197.6670	11440.3340	
193	1275.584	310.8762	10029.0000	12349.3340	
194	1280.812	367.1467	9379.3330	11822.3340	
195	1286.032	473.0822	10339.0000	12954.3330	
196	1291.244	503.0081	9947.3330	12679.3340	
197	1296.449	413.6332	11065.3330	13768.3340	
198	1301.647	344.5903	10691.6670	13386.0000	
199	1306.836	530.8814	11702.6670	14643.6660	
200	1312.018	518.5081	11304.3330	14293.3340	
201	1317.193	331.3937	11938.3330	14771.0000	
202	1322.359	159.9460	11863.3340	14555.3340	
203	1327.518	550.7767	12539.0000	15628.0000	
204	1332.670	808.4101	12070.3330	15430.0000	
205	1337.813	647.1034	13117.6660	16335.6660	
206	1342.949	353.1306	12365.3330	15309.0000	
207	1348.077	229.8239	13463.6660	16303.6660	
208	1353.198	221.1840	12685.6680	15536.6680	
209	1358.311	433.2105	14067.3340	17150.0000	
210	1363.415	822.9047	13555.0000	17047.0000	
211	1368.513	1040.5989	14442.6660	18172.0000	
212	1373.602	989.9595	13928.0000	17626.3340	
213	1378.684	1328.6060	14846.0000	18894.0000	
214	1383.757	1162.9207	14224.0000	18117.3340	
215	1388.823	401.5671	15327.0000	18470.0000	
216	1393.881	2.5455	14393.3340	17148.3340	
217	1398.932	0.0000	15439.3340	18189.0000	
218	1403.974	266.6938	14709.3330	17690.3340	
219	1409.009	692.7197	15878.6660	19250.3340	
220	1414.036	1401.7444	14850.0000	18895.3340	
221	1419.054	1796.1829	15851.3340	20263.6680	
222	1424.065	2085.2874	15171.3340	19845.3340	
223	1429.068	2843.0603	15976.6660	21381.0000	
224	1434.064	3800.7954	15312.6680	21624.6680	
225	1439.051	4369.5547	16161.0000	22998.6680	
226	1444.030	4704.6445	15466.6660	22596.3320	
227	1449.001	5028.0723	16446.3320	23856.3340	
228	1453.965	5226.1616	15318.3320	22883.3320	
229	1458.920	5048.2183	16554.0000	23842.0000	
230	1463.868	3736.6062	15344.3340	21221.6660	
231	1468.807	2412.6638	16147.6670	20602.0000	
232	1473.739	1463.0564	15019.0000	18424.6660	
233	1478.662	873.8874	15831.3340	18562.0000	
234	1483.578	436.0529	14844.3340	17051.3340	
235	1488.485	340.5500	15942.3340	17968.0000	
236	1493.385	286.7150	15036.3340	16922.3340	
237	1498.276	245.0539	16286.6660	18066.0000	
238	1503.159	199.2842	15534.0000	17213.3320	
239	1508.035	224.1293	15885.0000	17545.6660	
240	1512.902	71.9744	12658.3340	14123.3340	
241	1517.761	152.8195	14770.3340	16272.6680	
242	1522.612	229.9966	15950.0000	17486.0000	
243	1527.454	307.6742	17464.0000	19057.6660	
244	1532.289	351.1858	16630.0000	18174.6680	
245	1537.116	369.0978	17718.6660	19325.0000	
246	1541.934	344.7702	16813.6660	18454.0000	
247	1546.745	319.4416	17922.6660	19596.0000	
248	1551.547	261.7770	17229.0000	18903.0000	
249	1556.341	256.1188	18479.6660	20244.0000	
250	1561.126	203.4572	17439.6680	19247.3320	
251	1565.904	280.4665	18283.3340	20264.0000	
252	1570.673	245.1423	18109.6660	20151.0000	
253	1575.434	325.2121	18609.6660	20864.6660	
254	1580.187	319.6159	17455.3320	19838.3320	
255	1584.932	423.3561	18382.0000	21002.3340	
256	1589.668	518.4260	16919.6660	19768.6660	
257	1594.396	493.4977	17046.6660	20004.3340	
258	1599.116	531.9040	16310.3320	19440.0000	
259	1603.828	618.9291	18241.0000	21615.3320	
260	1608.531	648.6982	17751.6660	21271.3340	
261	1613.226	834.8605	18648.0000	22414.3340	
262	1617.912	1061.3547	18535.0000	22588.3320	
263	1622.591	1069.5183	18883.0000	23005.0000	
264	1627.261	1330.0164	17745.3340	22188.3340	
265	1631.922	1965.5125	18129.0000	23236.3340	
266	1636.576	3185.3635	16789.6680	23119.3340	
267	1641.220	4364.9741	18599.6660	26115.3320	
268	1645.857	4085.9187	17509.6680	24752.6680	
269	1650.485	3014.0647	18794.0000	24883.0000	
270	1655.105	2077.8782	17113.3340	22184.0000	
271	1659.716	2048.6926	18339.3340	23298.6680	
272	1664.319	2540.1726	18037.3320	23406.0000	
273	1668.913	3372.6487	18872.3340	24991.3320	
274	1673.499	3643.7996	17438.6660	23746.6680	
275	1678.077	2957.9446	17281.6660	22821.6660	
276	1682.646	1777.4226	17031.3340	21308.6660	
277	1687.206	845.6100	16894.3320	20134.3340	
278	1691.759	403.4557	17081.3340	19773.6660	
279	1696.302	235.6411	18986.3340	21405.3340	
280	1700.837	174.5681	16886.6660	19159.0000	
281	1705.364	353.3244	17034.3340	19340.0000	
282	1709.882	661.4172	15655.0000	18123.3340	
283	1714.391	863.1725	18233.6660	20758.3340	
284	1718.892	589.9289	16314.0000	18420.0000	
285	1723.385	266.5314	16425.3340	18114.0000	
286	1727.868	164.8019	13451.3340	14869.3340	
287	1732.344	273.0840	16066.0000	17529.0000	
288	1736.810	256.3220	16169.0000	17571.3340	
289	1741.268	201.5580	15495.3340	16769.0000	
290	1745.717	228.3784	13544.3340	14725.3330	
291	1750.158	302.2824	16090.6680	17318.3340	
292	1754.590	373.6046	15122.6660	16346.6680	
293	1759.014	355.3837	14960.3320	16130.6660	
294	1763.428	226.4935	11986.3340	12992.3320	
295	1767.835	360.2745	14289.6680	15394.0000	
296	1772.232	511.3860	15503.6670	16723.6660	
297	1776.621	351.2676	13599.6660	14650.6660	
298	1781.001	318.8149	11430.3330	12440.0000	
299	1785.372	297.3625	11961.6660	12941.0000	
300	1789.735	313.0763	11106.3330	12046.0000	
301	1794.089	347.0914	12085.3340	13101.3340	
302	1798.434	396.7616	13536.3340	14618.3340	
303	1802.770	394.8491	14104.3340	15161.0000	
304	1807.098	403.9368	13761.0000	14832.6660	
305	1811.416	339.4414	11859.0000	12831.0000	
306	1815.726	288.8629	10495.3330	11407.6670	
307	1820.027	277.6176	11167.6660	12059.6670	
308	1824.320	303.5890	10638.6660	11483.3330	
309	1828.603	355.6266	12554.3340	13485.0000	
310	1832.878	350.4992	11489.0000	12485.3340	
311	1837.144	289.8709	9970.6670	10803.0000	
312	1841.401	351.4940	9770.0000	10647.6670	
313	1845.649	434.7807	10659.3330	11606.0000	
314	1849.889	512.0670	11950.6670	12960.3330	
315	1854.119	421.3536	11378.0000	12282.6660	
316	1858.340	398.9741	10222.6670	11090.6670	
317	1862.553	322.8373	9463.6670	10236.3330	
318	1866.757	302.7832	8362.6660	9151.6670	
319	1870.951	286.2296	6712.6660	7361.6670	
320	1875.137	308.4252	6364.6660	7063.6670	
321	1879.314	321.2040	7314.0000	8060.0000	
322	1883.482	273.1885	4855.0000	5478.0000	
323	1887.641	264.4678	4320.0000	4859.0000	
324	1891.791	281.5807	4765.0000	5383.3335	
325	1895.932	290.7055	6321.0000	6929.3340	
326	1900.064	329.3289	4858.0000	5429.3335	
327	1904.187	390.6199	7310.6670	8023.0000	
328	1908.300	380.2431	6956.6670	7660.6660	
329	1912.405	352.1387	6571.3330	7242.3330	
330	1916.501	347.1571	6435.6665	7120.6660	
331	1920.588	347.8419	5413.3330	6004.6665	
332	1924.666	348.6094	6211.0000	6873.0000	
333	1928.734	341.2213	7167.3330	7819.0000	
334	1932.794	349.3332	6000.3335	6666.3330	
335	1936.844	356.6948	4892.0000	5387.3335	
336	1940.885	376.9109	5232.0000	5860.0000	
337	1944.917	400.3352	6060.0000	6674.6660	
338	1948.940	416.9470	5979.6665	6624.6660	
339	1952.954	380.1425	4872.6665	5430.6665	
340	1956.959	299.6714	2267.3335	2667.6667	
341	1960.955	326.6259	2721.6667	3177.3335	
342	1964.941	322.3305	2965.3333	3434.3335	
343	1968.918	299.3859	2391.3333	2785.0000	
344	1972.886	313.0124	1513.6667	1890.3335	
345	1976.845	295.2859	1045.0000	1350.0000	
346	1980.794	320.0801	47.0000	381.0000	
347	1984.735	331.6453	707.3333	1066.6666	
348	1988.666	320.8561	523.0000	808.3333	
349	1992.588	325.1973	577.0000	845.3333	
350	1996.500	348.3887	-254.0000	27.3333	
351	2000.404	350.3873	410.0000	720.6667	
352	2004.298	331.0106	-290.0000	-26.3333	
353	2008.182	322.0504	303.0000	569.3334	
354	2012.058	321.6737	-322.6667	-120.3333	
355	2015.924	328.7134	275.3333	548.6667	
356	2019.781	329.0871	-444.3334	-183.6667	
357	2023.628	368.3079	271.6667	564.6666	
358	2027.466	385.8622	-427.0000	-120.0000	
359	2031.295	362.0831	212.0000	491.6667	
360	2035.114	363.4910	-399.6667	-124.0000	
361	2038.924	358.8863	238.3333	517.0000	
362	2042.725	352.8442	-420.3333	-133.0000	
363	2046.516	334.8228	203.0000	465.6667	
364	2050.298	318.8174	-438.6667	-196.6667	
365	2054.070	328.5594	206.6667	480.6667	
366	2057.833	321.3846	-368.3333	-103.0000	
367	2061.586	320.5433	212.0000	475.0000	
368	2065.330	318.2020	-350.6667	-99.6667	
369	2069.065	323.0273	168.6667	434.6667	
370	2072.790	330.0193	-301.3333	-44.6667	
371	2076.505	354.2122	302.3333	578.6667	
372	2080.211	352.2310	-348.0000	-75.0000	
373	2083.908	347.8146	203.3333	464.0000	
374	2087.595	345.7314	-287.0000	-21.6667	
375	2091.272	340.5857	5.0000	266.3333	
376	2094.940	339.6275	-335.3333	-36.3333	
377	2098.599	323.6890	254.0000	502.3334	
378	2102.248	321.9795	-147.0000	94.3333	
379	2105.887	321.0200	189.0000	442.0000	
380	2109.516	320.9775	-422.6667	-178.6667	
381	2113.136	340.8004	-719.3333	-474.6667	
382	2116.747	365.4983	-187.0000	96.3333	
383	2120.348	360.3003	182.3333	457.0000	
384	2123.939	317.4357	-550.3333	-322.0000	
385	2127.521	322.0412	119.0000	362.6667	
386	2131.093	333.5050	-439.3333	-188.3333	
387	2134.655	364.3021	88.3333	366.0000	
388	2138.207	352.0156	-404.0000	-106.6667	
389	2141.750	338.1450	287.0000	510.6667	
390	2145.283	328.1910	-428.0000	-181.6667	
391	2148.807	325.4038	240.0000	450.3334	
392	2152.321	339.3204	-618.3333	-372.6667	
393	2155.825	340.3342	114.0000	314.6667	
394	2159.319	341.6812	-265.3333	-31.0000	
395	2162.804	340.1116	376.3333	597.0000	
396	2166.279	367.6243	-279.0000	-21.6667	
397	2169.744	351.3028	95.0000	405.6667	
398	2173.199	299.3145	-398.3333	-198.3333	
399	2176.644	311.8264	183.0000	401.0000	
400	2180.080	345.6714	-189.6667	67.6667	
401	2183.506	347.5166	436.6667	701.3333	
402	2186.922	348.9451	-369.3333	-87.6667	
403	2190.328	343.4568	-29.6667	239.6667	
404	2193.725	356.5324	-370.6667	-100.0000	
405	2197.111	393.3895	206.3333	533.0000	
406	2200.488	344.0375	-387.6667	-96.0000	
407	2203.854	334.6653	191.6667	471.0000	
408	2207.211	305.2930	-345.6667	-98.6667	
409	2210.558	304.7164	321.6667	563.3333	
410	2213.896	324.1399	-414.3333	-175.3333	
411	2217.223	364.2299	272.6667	564.3333	
412	2220.540	330.3204	-353.3333	-100.3333	
413	2223.847	327.0163	354.0000	587.6666	
414	2227.145	335.4174	-593.6667	-352.3333	
415	2230.432	341.8184	169.0000	416.0000	
416	2233.709	349.2193	-602.3333	-348.6667	
417	2236.977	348.2037	199.3333	475.3334	
418	2240.234	342.5214	-508.3334	-269.6667	
419	2243.482	332.5890	13.0000	252.3333	
420	2246.719	326.4899	-343.3333	-115.3333	
421	2249.946	332.7701	283.6667	517.0000	
422	2253.164	334.7171	-438.6667	-204.3333	
423	2256.371	342.9973	228.3333	470.0000	
424	2259.568	361.6109	-360.3333	-101.0000	
425	2262.755	344.7973	185.0000	470.3333	
426	2265.933	281.1504	-97.0000	81.6667	
427	2269.100	334.6461	348.0000	594.3334	
428	2272.256	335.7373	-313.0000	-62.3333	
429	2275.403	333.8834	189.0000	436.3333	
430	2278.540	334.4461	-317.3333	-66.0000	
431	2281.667	371.9256	305.3333	596.0000	
432	2284.783	343.0716	-391.3333	-127.6667	
433	2287.889	331.5510	190.0000	444.0000	
434	2290.985	330.7907	-383.6667	-148.3333	
435	2294.071	335.2033	215.6667	457.0000	
436	2297.147	335.4490	-576.0000	-344.6667	
437	2300.212	341.7444	261.6667	533.6667	
438	2303.267	347.5399	-440.0000	-203.3333	
439	2306.312	346.3354	3.6667	265.0000	
440	2309.347	344.6308	-553.0000	-303.6667	
441	2312.372	341.6387	370.6667	618.3333	
442	2315.386	345.8965	-255.6667	5.6667	
443	2318.390	350.4877	163.0000	383.3333	
444	2321.384	352.1623	-501.3333	-241.6667	
445	2324.368	337.0897	359.6667	619.0000	
446	2327.341	309.7672	-460.6667	-255.6667	
447	2330.304	326.4862	236.3333	456.6667	
448	2333.256	324.8326	-374.3333	-110.6667	
449	2336.199	324.3673	-12.3333	205.0000	
450	2339.131	324.0479	-328.3333	-103.0000	
451	2342.052	329.6245	413.0000	664.3333	
452	2344.963	329.3051	-553.6667	-321.6667	
453	2347.864	329.6917	338.6667	579.6667	
454	2350.755	345.3282	-453.3333	-151.0000	
455	2353.635	356.8094	210.6667	457.6667	
456	2356.505	349.9485	-428.0000	-179.0000	
457	2359.364	350.7239	243.0000	511.0000	
458	2362.213	349.3328	-293.6667	-43.6667	
459	2365.051	350.1081	189.6667	443.0000	
460	2367.879	334.8003	-181.6667	54.0000	
461	2370.697	333.4323	162.3333	390.0000	
462	2373.504	339.0644	-241.0000	-8.3333	
463	2376.300	336.6964	339.6667	560.3333	
464	2379.086	313.9951	-324.3333	-132.0000	
465	2381.862	310.2938	129.3333	312.3333	
466	2384.627	329.4258	-299.6667	-123.6667	
467	2387.382	342.1413	259.6667	475.6667	
468	2390.125	355.9399	-519.3333	-308.3333	
469	2392.859	343.0169	244.3333	455.6667	
470	2395.582	340.4473	-252.3333	-43.6667	
471	2398.294	341.3779	383.3333	595.6667	
472	2400.996	331.9756	-598.0000	-401.0000	
473	2403.687	330.2869	271.6667	438.6667	
474	2406.368	343.9315	-396.3333	-188.3333	
475	2409.038	351.7429	358.6667	574.0000	
476	2411.697	350.1307	-343.3333	-144.3333	
477	2414.346	345.6111	315.6667	509.3334	
478	2416.984	318.7581	-430.0000	-264.0000	
479	2419.612	325.5719	132.3333	304.3333	
480	2422.228	332.1357	-370.6667	-192.6667	
481	2424.834	332.9495	231.0000	408.0000	
482	2427.430	340.0132	-477.3333	-302.3333	
483	2430.015	343.4102	176.0000	388.3333	
484	2432.589	336.3920	1196.3334	1368.0000	
485	2435.152	338.5087	240.0000	427.3334	
486	2437.705	346.5420	-621.6667	-478.0000	
487	2440.247	375.0754	77.3333	284.6667	
488	2442.778	361.4416	-434.6667	-244.3333	
489	2445.298	344.0357	37.6667	208.0000	
490	2447.808	329.3036	-505.6667	-338.3333	
491	2450.306	330.1556	402.3333	567.3333	
492	2452.794	329.8407	-396.0000	-220.0000	
493	2455.272	323.3055	278.0000	431.6667	
494	2457.738	327.2702	-564.6666	-409.3333	
495	2460.194	340.5684	269.3333	435.6666	
496	2462.638	333.8665	-304.6667	-129.3333	
497	2465.073	327.9148	447.3333	581.6667	
498	2467.496	327.5462	-417.3333	-264.0000	
499	2469.908	332.3444	459.6667	593.0000	
500	2472.309	333.7054	-344.6667	-180.0000	
501	2474.699	330.6273	34.3333	178.6667	
502	2477.079	329.2784	-437.0000	-277.3333	
503	2479.448	336.7420	252.3333	368.0000	
504	2481.805	344.9972	-346.0000	-182.0000	
505	2484.152	342.2317	183.6667	354.3333	
506	2486.488	332.9661	-382.0000	-227.6667	
507	2488.813	338.1172	220.0000	380.6667	
508	2491.127	349.3723	-615.0000	-443.0000	
509	2493.430	338.2734	250.6667	379.3333	
510	2495.722	381.2370	-279.0000	-71.6667	
511	2498.003	293.7214	-39.6667	81.3333	
