resultName	muna16-215
resultName	muna16-215
ID	RS20201106093858_P19331194
Command	SCANANDSEARCH
User	Admin
Application	_Analyze
SerialNumber	P19331194
Power	280
Integration	900
Averages	3
AutoExposure	Off
AutoCollect	Off
QuickCollect	Off
AutoBackground	On
BaselineCorrection	On
Algorithm	Wavelet
Searched Library	All,None,None,None
MixtureComponents	2
matchThreshold	0.0
displayMatches	1
Threshold	0.80
WL Start	
WL End	
ServerVersion	3.180316
FirmwareVersion	
date	2020-11-06
time	09:38:58
scanindex	0
specpath	RS20201106093858_P19331194.xml
Search Range	200 - 2500
Synced	false
lastCalDateTime	2020-10-28 08:17:07
lastCalUser	Admin
lastCalResult	PASS
lastVerifyDateTime	2020-11-06 08:24:10
lastVerifyUser	Admin
lastVerifyResult	PASS
selectedMaterial	
result	No Match
ValidationGUID	
ValidationMatchQuality	
topMatch	
topMatchGUID	
topMatchQuality	
secondMatch	
secondMatchGUID	
secondMatchQuality	
thirdMatch	
thirdMatchGUID	
thirdMatchQuality	
fourthMatch	
fourthMatchGUID	
fourthMatchQuality	
fifthMatch	
fifthMatchGUID	
fifthMatchQuality	
signedBy	
signedDateTime	
softwareVer	1.7.0.21
memo	
batchID	
inBatch	false
batchUID	
batchCID1	
batchCIDlbl1	
batchCID2	
batchCIDlbl2	
batchCID3	
batchCIDlbl3	
batchCID4	
batchCIDlbl4	
batchCID5	
batchCIDlbl5	
signedTitle	
signedReason	
rescanned	
barcode	
topMatchContribs	
secondMatchContribs	
thirdMatchContribs	
fourthMatchContribs	
fifthMatchContribs	
ValidationMatchContribs	
Threat	
PrecursorList	
CompundName	
WindowStart4C	
MatchLibrary	
lastModified	2020/11/06 09:40
Signal2Noise	46.63
Detector TEC SetPoint	0x8000
Detector Temp	4.95
Laser Temp	25.38
OE1 Temp	35.38
OE2 Temp	39.00
Detector Gain	200
SaturationDetected	false
InterpolatedPixelList	
PeakList	 286.2	757	302.3	523	398.7	611	449.1	441	650.2	1191	679.4	817	736.4	739	749.2	591	805.9	463	840.5	700	866.6	373	959.8	481	1126.6	571	1141.3	508	1207.5	444	1250.3	450	1337.1	716	1368.4	747	1379.3	536	1457.7	4219	1645.5	2057	1676.9	1277	1709.1	757
index	Raman Shift (cm-1)	Y value (counts)	background (counts)	raw value (counts)
0	137.234	263.4731	16657.0000	19186.6660	
1	143.735	184.9240	17498.6660	19888.6680	
2	150.232	183.3709	18077.6660	20405.0000	
3	156.722	196.1519	18439.3320	20718.3320	
4	163.207	259.5988	18274.3340	20555.6660	
5	169.686	317.3817	19622.0000	21900.0000	
6	176.159	287.8306	19335.6660	21523.0000	
7	182.627	153.2774	19413.3340	21405.0000	
8	189.089	128.0603	18569.6660	20475.0000	
9	195.545	99.8412	19906.0000	21722.0000	
10	201.996	159.2901	19783.3320	21597.6660	
11	208.440	199.7370	20739.6660	22533.3320	
12	214.879	228.5199	19894.3340	21655.6680	
13	221.313	211.3088	20772.3340	22488.6660	
14	227.740	189.7577	20710.6660	22371.3340	
15	234.162	105.7839	21364.0000	22949.3320	
16	240.578	88.4801	19192.0000	20768.6660	
17	246.988	58.1763	20334.0000	21889.0000	
18	253.392	126.8723	18879.6660	20512.0000	
19	259.791	161.2345	20258.6660	21934.0000	
20	266.184	216.9306	18461.6660	20201.3340	
21	272.570	255.6223	20614.6680	22418.0000	
22	278.951	648.6499	19979.6680	22201.0000	
23	285.327	757.3474	19535.6660	21890.6680	
24	291.696	568.0393	18957.0000	21147.6660	
25	298.059	476.1513	19274.6660	21395.3340	
26	304.417	522.9272	18873.0000	21062.3340	
27	310.768	311.7032	20201.0000	22201.0000	
28	317.114	291.5331	18355.3340	20366.6660	
29	323.454	329.6960	19045.6660	21057.0000	
30	329.788	316.1890	18659.6660	20619.3320	
31	336.116	332.3519	19385.3320	21323.0000	
32	342.438	327.5128	19006.3320	20901.0000	
33	348.754	95.6738	18947.0000	20571.6680	
34	355.064	94.8328	16752.0000	18337.6660	
35	361.368	131.6515	19900.0000	21475.0000	
36	367.666	45.1789	17064.3320	18515.3340	
37	373.958	140.7531	17275.3340	18811.0000	
38	380.244	397.6632	17787.0000	19568.6660	
39	386.524	283.5732	18289.0000	19945.6660	
40	392.798	274.1531	15387.3320	17023.6680	
41	399.066	610.5298	17079.3320	19036.6680	
42	405.328	417.5704	15865.0000	17614.0000	
43	411.583	157.6140	11930.3330	13404.0000	
44	417.833	208.9915	13238.6660	14748.3340	
45	424.077	150.1462	13833.0000	15269.0000	
46	430.314	193.3018	10734.0000	12198.3330	
47	436.546	212.1254	7762.3330	9230.6670	
48	442.771	364.9470	6984.3340	8590.6670	
49	448.991	440.7249	11360.0000	13036.3320	
50	455.204	353.5213	8292.0000	9859.0000	
51	461.411	230.3166	7111.6660	8533.3330	
52	467.611	124.1101	7000.3340	8293.6660	
53	473.806	221.9167	10007.0000	11362.6670	
54	479.995	333.3875	6335.6670	7767.3330	
55	486.177	313.8601	3634.6665	5011.3335	
56	492.353	199.1429	6950.0000	8169.3330	
57	498.523	152.0520	7769.6665	8922.0000	
58	504.686	83.2942	8453.6670	9517.3340	
59	510.844	122.8693	4380.0000	5463.3335	
60	516.995	208.1113	6070.0000	7218.6670	
61	523.140	352.9389	7909.0000	9196.0000	
62	529.279	350.4328	5178.3335	6456.3330	
63	535.411	195.9286	6990.3330	8107.3340	
64	541.537	186.5057	4889.0000	5959.6670	
65	547.657	193.0002	7159.0000	8274.6670	
66	553.771	199.4102	11912.3340	13013.3330	
67	559.878	189.4886	12798.3330	13833.0000	
68	565.979	203.5667	9466.3340	10585.6670	
69	572.074	195.1276	6659.3340	7742.6670	
70	578.162	189.5199	3234.6665	4366.0000	
71	584.244	157.8504	1961.6667	3114.6665	
72	590.319	67.2848	4544.0000	5562.6665	
73	596.389	65.8492	7938.0000	8992.6670	
74	602.451	200.7465	10347.0000	11574.0000	
75	608.508	558.3107	9871.0000	11493.0000	
76	614.558	844.8746	10082.0000	12028.0000	
77	620.601	950.2864	11281.3330	13355.6660	
78	626.639	561.1637	9408.0000	11114.0000	
79	632.669	587.3743	8214.0000	9967.0000	
80	638.694	726.5845	8639.0000	10552.0000	
81	644.712	1040.7939	10651.6670	12899.6660	
82	650.723	1191.0042	9233.6670	11652.6660	
83	656.728	908.8822	5311.3335	7469.0000	
84	662.727	610.4263	5250.0000	7130.0000	
85	668.719	548.4852	5687.6665	7496.6670	
86	674.704	705.5430	3505.0000	5462.0000	
87	680.683	817.2679	4391.3335	6451.0000	
88	686.655	625.3276	8295.6660	10154.3340	
89	692.621	261.1149	7611.6670	9089.0000	
90	698.581	174.1542	4762.6665	6064.3335	
91	704.534	183.2276	7227.3330	8604.3340	
92	710.480	170.1686	7107.0000	8444.0000	
93	716.420	0.0000	6474.3330	7633.0000	
94	722.353	146.1644	6919.3330	8216.0000	
95	728.279	520.6619	6692.6670	8355.6670	
96	734.199	739.4927	6624.6665	8498.3330	
97	740.112	613.6576	8574.0000	10313.6670	
98	746.019	578.4750	8289.6660	9979.6670	
99	751.919	590.6733	10311.6670	12020.6670	
100	757.813	305.8728	8237.3330	9668.3330	
101	763.699	224.7267	10228.3340	11582.0000	
102	769.580	154.2496	8861.3330	10148.3340	
103	775.453	51.7696	9143.0000	10331.3330	
104	781.320	20.2918	8804.3330	9965.0000	
105	787.180	116.1190	10252.6670	11515.6670	
106	793.033	141.2802	10002.6660	11297.3330	
107	798.880	298.1065	11741.3330	13199.3320	
108	804.720	462.9358	10287.0000	11916.3340	
109	810.553	398.1273	10985.3330	12582.6660	
110	816.379	252.6539	9266.3330	10751.0000	
111	822.199	158.5134	10378.6660	11802.0000	
112	828.012	201.8198	9923.6670	11433.3330	
113	833.818	471.1784	10971.3340	12781.6680	
114	839.617	699.8673	10244.3340	12314.6660	
115	845.410	519.2263	11052.0000	12973.0000	
116	851.195	345.2489	10289.3340	12067.6660	
117	856.974	367.9119	11033.3330	12841.3340	
118	862.746	315.5730	10745.0000	12507.6680	
119	868.512	372.6376	10802.3340	12617.3340	
120	874.270	263.7572	9313.6660	11011.6660	
121	880.022	152.7280	9129.0000	10692.0000	
122	885.766	169.6979	9288.3340	10844.3330	
123	891.504	224.6696	10175.6670	11762.6670	
124	897.235	302.6405	10177.6670	11818.6670	
125	902.959	243.3072	8852.6670	10404.3330	
126	908.676	146.3079	8466.0000	9890.6660	
127	914.386	156.6415	9930.3340	11335.3330	
128	920.090	155.9762	8473.6670	9848.0000	
129	925.786	165.8940	9731.6660	11096.6670	
130	931.475	195.8946	7776.6670	9161.0000	
131	937.158	164.9783	7738.6670	9032.0000	
132	942.833	86.9787	7765.6670	8951.0000	
133	948.502	202.8246	8469.3330	9760.3340	
134	954.163	368.0424	6959.6660	8405.0000	
135	959.818	480.5931	8232.6670	9779.6670	
136	965.465	313.8107	8001.3340	9370.6670	
137	971.106	228.7016	8021.3330	9254.3340	
138	976.739	226.5920	6211.3330	7485.0000	
139	982.366	207.4824	6794.6665	8145.6670	
140	987.985	198.4991	7269.3340	8495.6670	
141	993.597	174.8707	7606.6660	8833.0000	
142	999.202	166.1590	7017.3340	8236.3330	
143	1004.800	208.0310	8000.0000	9291.3340	
144	1010.392	204.6523	7396.0000	8692.6670	
145	1015.975	177.6074	7704.3330	8982.6670	
146	1021.552	154.8948	7889.0000	9102.0000	
147	1027.122	153.3496	8115.6670	9410.6670	
148	1032.685	144.6377	7551.6670	8822.6660	
149	1038.240	157.5227	8634.3340	9941.3340	
150	1043.788	235.5732	7973.0000	9380.6660	
151	1049.329	222.1665	8636.6670	10064.0000	
152	1054.863	199.5510	6884.0000	8299.0000	
153	1060.390	179.1079	8830.6670	10245.3330	
154	1065.910	185.9001	8761.0000	10181.3330	
155	1071.422	167.3265	9346.3330	10766.3330	
156	1076.927	260.2529	9139.3340	10706.3340	
157	1082.425	298.6302	9823.3340	11429.3330	
158	1087.916	224.0096	7413.0000	8945.0000	
159	1093.399	385.3879	9986.3340	11680.3340	
160	1098.875	347.4333	10028.6660	11685.3330	
161	1104.344	129.6315	11144.0000	12572.3340	
162	1109.806	177.4296	10109.3340	11571.3330	
163	1115.260	353.2307	11069.3330	12693.0000	
164	1120.707	376.6971	9919.0000	11552.0000	
165	1126.147	570.8236	11110.6670	12913.0000	
166	1131.580	476.6172	10812.0000	12495.3330	
167	1137.005	402.7447	11708.3330	13293.0000	
168	1142.422	507.5378	10492.3340	12157.0000	
169	1147.833	507.0475	11936.3330	13582.3340	
170	1153.236	214.5556	11984.0000	13319.3340	
171	1158.632	194.0627	12287.6660	13584.3320	
172	1164.020	143.9042	11635.6670	12828.0000	
173	1169.401	138.6562	13527.3340	14740.3320	
174	1174.775	136.1796	12678.0000	13889.3340	
175	1180.141	150.3706	14033.0000	15243.3340	
176	1185.500	166.4048	13194.6660	14501.0000	
177	1190.851	144.9389	13997.3320	15295.0000	
178	1196.195	190.8896	13555.0000	14916.3340	
179	1201.531	389.4217	14583.3340	16164.6660	
180	1206.860	443.9580	13710.6660	15368.0000	
181	1212.182	382.8161	14808.6660	16424.0000	
182	1217.496	299.9125	14258.6680	15803.0000	
183	1222.802	285.3562	15250.0000	16802.3340	
184	1228.101	205.4640	14851.0000	16346.0000	
185	1233.393	115.0066	16099.3320	17534.0000	
186	1238.677	99.5475	15619.6660	17069.0000	
187	1243.953	263.0873	16014.3330	17657.3320	
188	1249.222	449.6311	15412.0000	17271.6680	
189	1254.484	327.1175	17378.0000	19134.3340	
190	1259.737	207.9375	16436.0000	18092.3340	
191	1264.984	187.7578	17669.0000	19324.3340	
192	1270.222	195.5779	17374.0000	19056.3340	
193	1275.453	187.0659	18344.6660	20037.6680	
194	1280.677	175.2184	17436.3320	19136.6660	
195	1285.893	228.3704	18626.0000	20398.6660	
196	1291.101	205.7459	17808.3340	19589.3340	
197	1296.302	37.0292	19149.0000	20800.6680	
198	1301.495	45.3127	18333.3320	20032.6680	
199	1306.680	113.5943	19635.6660	21442.6680	
200	1311.858	271.5398	18952.3340	20956.6660	
201	1317.028	265.8142	19715.0000	21735.0000	
202	1322.190	196.0868	19190.3340	21162.0000	
203	1327.345	394.4890	20024.3340	22201.6680	
204	1332.492	616.8571	19307.0000	21721.6660	
205	1337.631	716.4902	20654.6660	23175.0000	
206	1342.762	502.7874	19459.3340	21772.0000	
207	1347.886	318.7525	20790.3340	22925.0000	
208	1353.002	269.0516	19671.3340	21762.3340	
209	1358.110	445.3508	21316.3340	23589.6680	
210	1363.211	739.9818	20490.6660	23064.6660	
211	1368.304	746.6130	21631.3340	24218.0000	
212	1373.389	640.9124	20751.0000	23238.0000	
213	1378.466	524.8732	21934.6660	24302.3340	
214	1383.535	536.4979	20848.0000	23224.0000	
215	1388.597	188.4568	22220.0000	24244.6660	
216	1393.651	10.0823	20980.0000	22823.0000	
217	1398.696	3.6970	22218.0000	24043.6660	
218	1403.734	120.8647	21126.6660	23035.3340	
219	1408.765	340.3625	22484.6660	24578.6660	
220	1413.787	684.8599	21056.3340	23460.6660	
221	1418.801	1037.5800	22287.6660	25023.0020	
222	1423.808	1269.2944	21326.0000	24271.3340	
223	1428.807	1692.0100	22343.6660	25690.0000	
224	1433.797	2296.5063	21298.3340	25212.6680	
225	1438.780	2488.6311	22480.6660	26552.6680	
226	1443.755	2975.7498	21349.6680	25874.3320	
227	1448.722	3385.5410	22571.3340	27471.3320	
228	1453.681	3800.9998	21128.0000	26409.0000	
229	1458.632	4219.1548	22597.6660	28228.3320	
230	1463.575	3270.6409	21034.0000	25647.6641	
231	1468.510	2021.4637	21960.6660	25256.6641	
232	1473.438	1220.2897	20538.6660	22965.0000	
233	1478.357	750.0443	21524.3340	23421.3320	
234	1483.268	411.1366	20144.3320	21643.3320	
235	1488.171	211.0607	21531.6660	22738.0000	
236	1493.066	161.6510	20304.0000	21513.0000	
237	1497.953	135.9472	21705.3320	22750.3340	
238	1502.832	172.1518	20711.3340	21776.3340	
239	1507.703	74.3355	21203.6660	22137.0000	
240	1512.566	73.6016	16923.3340	17824.0000	
241	1517.421	101.8712	19614.6660	20511.6680	
242	1522.267	168.4691	20951.3340	21883.0000	
243	1527.106	224.0689	22820.0000	23775.3320	
244	1531.937	235.6704	21670.0000	22605.0000	
245	1536.759	201.2782	23012.0000	23900.3320	
246	1541.573	205.9635	21893.0000	22807.6680	
247	1546.379	200.3117	23114.3340	24045.0000	
248	1551.177	209.3268	22146.3340	23107.6660	
249	1555.967	176.9525	23685.6680	24670.3320	
250	1560.749	134.9159	22381.6660	23380.0000	
251	1565.522	168.2084	23644.3340	24731.6660	
252	1570.288	163.8373	23043.0000	24181.6680	
253	1575.045	163.6527	23866.3340	25077.3340	
254	1579.793	198.1347	22579.3340	23897.3340	
255	1584.534	208.9506	23681.3340	25082.6660	
256	1589.266	232.1015	21788.6680	23285.6680	
257	1593.991	147.9164	21748.3340	23233.6660	
258	1598.707	187.4042	20758.3320	22355.6680	
259	1603.414	187.6387	23377.0000	25063.3340	
260	1608.114	165.9680	22806.6660	24530.3340	
261	1612.805	156.0086	23991.6660	25768.0000	
262	1617.488	222.0484	23556.0000	25461.0000	
263	1622.162	165.7578	24273.0000	26184.3359	
264	1626.828	347.7984	22895.0000	25051.0020	
265	1631.486	416.7547	23585.0000	25851.3320	
266	1636.136	833.8802	22126.6660	24833.0000	
267	1640.777	1596.5219	23991.3340	27483.3320	
268	1645.410	2056.8337	22312.0000	26287.3320	
269	1650.034	1593.9010	23882.0000	27377.3320	
270	1654.650	912.9681	22283.3340	25080.6660	
271	1659.258	646.0392	23747.0000	26260.3359	
272	1663.857	688.7684	22829.3340	25368.3320	
273	1668.448	932.8373	23966.0000	26732.0000	
274	1673.031	1245.9044	22427.0000	25489.0000	
275	1677.605	1276.9696	22715.3340	25791.3320	
276	1682.170	1021.0370	22190.0000	24992.9980	
277	1686.728	640.4484	22206.3340	24574.0000	
278	1691.276	331.1907	21830.3340	23834.0000	
279	1695.817	333.9333	23685.3340	25637.0000	
280	1700.348	440.0302	21494.6660	23511.6660	
281	1704.872	593.0931	22171.0000	24248.3340	
282	1709.386	756.8231	20466.0000	22614.3340	
283	1713.893	616.8851	22894.6660	24810.3340	
284	1718.391	341.6147	20898.3320	22446.0000	
285	1722.880	161.8681	21195.6680	22479.0000	
286	1727.361	39.1239	18332.3340	19371.3320	
287	1731.833	133.1117	20815.3340	21855.3320	
288	1736.296	68.6560	20547.0000	21488.6660	
289	1740.751	82.5348	20410.0000	21295.6680	
290	1745.198	91.0777	18179.3340	19003.6680	
291	1749.636	122.4535	20745.3340	21534.3320	
292	1754.065	173.4953	19533.6680	20336.3340	
293	1758.486	192.9860	19907.0000	20634.3340	
294	1762.898	224.4754	16739.3340	17488.3320	
295	1767.301	241.9661	18930.0000	19671.0000	
296	1771.696	241.7888	19640.3340	20349.6680	
297	1776.082	237.0808	18206.6660	18900.0000	
298	1780.460	163.7068	16058.0000	16666.6680	
299	1784.829	179.1431	16816.6680	17380.0000	
300	1789.189	206.6227	15976.6680	16605.6680	
301	1793.540	194.9198	16846.0000	17456.6660	
302	1797.883	200.5501	17680.0000	18288.0000	
303	1802.217	191.2418	18345.0000	18929.3340	
304	1806.542	199.5378	17715.0000	18328.6660	
305	1810.859	194.9380	16434.3340	16977.3320	
306	1815.167	189.8177	14886.0000	15500.3340	
307	1819.466	195.5314	15696.6660	16235.6660	
308	1823.756	211.4098	14740.3340	15300.3340	
309	1828.038	190.4749	16888.6660	17421.3340	
310	1832.311	197.2046	15853.0000	16371.0000	
311	1836.575	205.1023	14679.0000	15225.6660	
312	1840.830	210.1653	14115.6680	14644.3340	
313	1845.076	190.5584	14988.0000	15498.3340	
314	1849.314	207.2818	16154.6680	16683.0000	
315	1853.542	208.1748	15821.6680	16351.3340	
316	1857.762	205.3169	14620.6670	15127.3340	
317	1861.973	208.0981	13835.6660	14393.0000	
318	1866.176	203.9626	12793.0000	13315.0000	
319	1870.369	189.7438	11060.3330	11565.3330	
320	1874.553	180.8591	10703.3330	11196.6670	
321	1878.729	178.3054	11890.6670	12378.6660	
322	1882.895	165.8741	9052.6670	9534.0000	
323	1887.053	177.1756	8108.0000	8596.3330	
324	1891.202	188.1442	8686.0000	9181.0000	
325	1895.342	203.1360	10644.3330	11154.6660	
326	1899.473	215.6279	8403.3330	8885.6670	
327	1903.595	244.7022	11581.3330	12130.6660	
328	1907.708	238.1127	10972.3330	11514.3340	
329	1911.812	198.3907	10307.6660	10769.0000	
330	1915.907	201.8744	10440.3340	10924.6660	
331	1919.993	203.9624	9203.0000	9680.6670	
332	1924.070	203.4254	9892.6660	10435.0000	
333	1928.138	199.4795	10978.3330	11440.0000	
334	1932.197	183.8668	9584.6670	10047.6660	
335	1936.247	173.8378	7948.6665	8389.3330	
336	1940.288	197.1415	8941.3340	9400.0000	
337	1944.319	220.4467	9750.0000	10226.6670	
338	1948.342	206.0004	9730.3340	10211.3330	
339	1952.356	194.8046	8361.3330	8782.0000	
340	1956.361	200.1086	4507.0000	4956.3330	
341	1960.356	199.7328	5131.6665	5585.0000	
342	1964.343	192.0445	6035.3335	6440.6660	
343	1968.320	189.0365	5281.3335	5712.3330	
344	1972.288	189.1238	4120.6665	4560.6670	
345	1976.247	165.5974	2439.3333	2827.0000	
346	1980.197	186.6539	844.6666	1229.0000	
347	1984.138	224.5437	2210.6665	2647.6665	
348	1988.069	199.0173	2299.0000	2705.6665	
349	1991.992	198.6288	1190.0000	1594.6667	
350	1995.905	210.6517	304.0000	714.3334	
351	1999.809	202.6170	880.6667	1268.0000	
352	2003.704	204.6032	54.3333	436.0000	
353	2007.589	202.1934	399.6667	825.3333	
354	2011.466	197.9296	-221.6667	149.6667	
355	2015.333	184.5823	299.3333	672.0000	
356	2019.191	176.9846	-417.3333	-60.6667	
357	2023.039	187.5172	335.0000	699.3334	
358	2026.879	205.7162	-355.0000	24.6667	
359	2030.708	220.3320	206.6667	601.6666	
360	2034.529	219.4473	-395.6667	-6.6667	
361	2038.341	215.8099	216.3333	618.3333	
362	2042.143	208.8600	-414.0000	-49.3333	
363	2045.936	209.3059	181.0000	559.6667	
364	2049.719	190.8453	-450.3333	-84.6667	
365	2053.493	188.7077	201.3333	556.0000	
366	2057.258	187.9035	-361.3333	18.3333	
367	2061.014	180.0993	215.3333	572.6667	
368	2064.760	183.3783	-334.0000	9.0000	
369	2068.496	186.9907	157.0000	541.0000	
370	2072.224	186.1865	-303.3333	58.0000	
371	2075.942	203.0673	313.0000	688.0000	
372	2079.650	238.8164	-371.3333	39.3333	
373	2083.349	210.2761	185.6667	566.6667	
374	2087.039	195.3191	-282.6667	67.0000	
375	2090.719	197.8622	8.6667	392.6667	
376	2094.390	205.6548	-305.6667	39.3333	
377	2098.051	206.4636	245.3333	632.0000	
378	2101.703	207.3766	-200.3333	176.0000	
379	2105.345	205.1645	202.0000	569.6667	
380	2108.978	205.9735	-437.6666	-51.0000	
381	2112.601	186.1029	-724.3333	-374.6667	
382	2116.215	179.9823	-150.3333	192.6667	
383	2119.819	191.1951	192.0000	545.6666	
384	2123.414	195.3245	-524.6667	-157.6667	
385	2126.999	187.5224	214.3333	546.6667	
386	2130.575	206.7174	-416.0000	-40.0000	
387	2134.141	216.4958	130.0000	515.3333	
388	2137.697	196.9406	-252.6667	112.6667	
389	2141.244	193.8612	340.3333	675.3333	
390	2144.781	198.9486	-438.6667	-53.3333	
391	2148.309	202.8693	217.6667	576.0000	
392	2151.827	206.3316	-639.3333	-258.6667	
393	2155.336	201.3778	57.3333	403.0000	
394	2158.835	202.0906	-310.6667	50.3333	
395	2162.324	182.7201	322.3333	658.0000	
396	2165.803	195.9328	-285.6667	46.3333	
397	2169.273	210.5619	100.6667	464.6667	
398	2172.733	201.0243	-435.0000	-59.3333	
399	2176.184	178.8200	162.0000	496.6667	
400	2179.625	191.2824	-220.3333	128.0000	
401	2183.056	208.9115	405.6666	806.6667	
402	2186.477	207.7072	-350.3333	5.6667	
403	2189.889	202.6696	-50.3333	313.0000	
404	2193.291	197.1322	-397.0000	-19.3333	
405	2196.683	198.7693	333.6667	650.6667	
406	2200.065	210.9482	-350.3333	27.6667	
407	2203.438	213.6522	274.0000	665.3334	
408	2206.801	207.3568	-244.3333	101.6667	
409	2210.154	205.6692	343.0000	744.3334	
410	2213.497	203.8983	-418.6667	-72.0000	
411	2216.831	188.9608	266.3333	646.6666	
412	2220.154	174.9400	-332.0000	2.6667	
413	2223.468	183.9711	340.0000	677.3333	
414	2226.772	198.1062	-611.3333	-258.6667	
415	2230.066	195.8245	138.3333	510.3333	
416	2233.351	194.6263	-608.3333	-284.6667	
417	2236.625	199.8448	233.6667	591.6667	
418	2239.889	239.9797	-331.0000	68.3333	
419	2243.144	214.1148	114.0000	488.6667	
420	2246.389	188.9166	-270.0000	80.6667	
421	2249.624	176.8523	253.6667	591.0000	
422	2252.848	193.1213	-462.3333	-110.0000	
423	2256.063	217.3904	221.3333	596.6666	
424	2259.268	202.3256	-315.0000	44.0000	
425	2262.463	182.0853	449.3333	786.6667	
426	2265.649	187.1782	38.0000	379.0000	
427	2268.824	201.4082	393.0000	794.0000	
428	2271.989	201.4644	-310.6667	28.6667	
429	2275.144	205.6983	182.0000	549.0000	
430	2278.289	203.2657	-274.0000	93.6667	
431	2281.424	192.9163	447.0000	805.6667	
432	2284.549	194.0670	-362.0000	5.6667	
433	2287.665	193.3843	228.0000	556.3333	
434	2290.770	204.1747	-269.0000	106.0000	
435	2293.865	195.8360	272.3333	657.3333	
436	2296.949	163.2478	-571.0000	-252.0000	
437	2300.024	189.6676	310.0000	592.6667	
438	2303.089	241.5874	-394.6667	5.0000	
439	2306.144	242.7572	61.6667	463.6666	
440	2309.188	189.5937	-389.3333	-39.3333	
441	2312.223	182.9769	626.0000	970.0000	
442	2315.247	168.3600	234.6667	564.6666	
443	2318.261	184.4099	255.6667	602.3334	
444	2321.265	199.7928	-507.6667	-145.0000	
445	2324.259	212.5764	382.6667	756.0000	
446	2327.243	210.3600	-297.6667	85.3333	
447	2330.216	210.4770	746.0000	1096.0000	
448	2333.180	204.1829	-90.6667	279.0000	
449	2336.133	203.7341	175.0000	540.3334	
450	2339.076	195.2853	-104.6667	223.0000	
451	2342.009	196.5033	555.6667	927.0000	
452	2344.931	185.3881	-566.0000	-207.6667	
453	2347.843	160.6270	434.6667	754.6667	
454	2350.745	178.5326	-239.6667	99.6667	
455	2353.637	190.0370	449.6667	793.3334	
456	2356.519	232.0615	-74.0000	312.0000	
457	2359.390	208.0407	712.3334	1073.3333	
458	2362.251	201.4159	-108.0000	240.0000	
459	2365.102	202.3952	306.6667	677.3334	
460	2367.942	202.2285	124.0000	436.6667	
461	2370.772	205.2599	507.0000	884.6666	
462	2373.592	204.0414	-72.3333	275.6667	
463	2376.401	197.0729	588.6667	910.6666	
464	2379.200	200.1044	59.6667	424.3333	
465	2381.989	200.2192	320.3333	611.3333	
466	2384.767	203.6049	-266.3333	106.0000	
467	2387.535	208.9488	321.3333	633.6667	
468	2390.292	211.9806	-316.6667	33.3333	
469	2393.039	184.3763	541.3333	857.6667	
470	2395.776	177.8705	134.6667	442.3333	
471	2398.502	190.0314	722.0000	1039.6666	
472	2401.218	199.8589	-551.3333	-226.0000	
473	2403.923	199.4440	261.0000	592.0000	
474	2406.618	195.2789	-348.6667	-13.0000	
475	2409.303	169.5723	564.3334	852.0000	
476	2411.977	201.7284	-224.3333	84.6667	
477	2414.640	211.9019	352.6667	669.6667	
478	2417.293	211.0752	-310.0000	4.0000	
479	2419.936	206.4153	270.0000	579.3333	
480	2422.568	207.5887	-292.3333	24.0000	
481	2425.189	200.8037	319.6667	608.6667	
482	2427.801	202.9771	-450.6667	-140.6667	
483	2430.401	191.2756	258.3333	541.6667	
484	2432.991	182.1156	1372.0000	1571.3333	
485	2435.570	217.7995	358.6667	664.3334	
486	2438.139	220.4834	-594.0000	-287.6667	
487	2440.697	195.8341	198.3333	478.0000	
488	2443.245	190.6014	-370.6667	-101.3333	
489	2445.782	189.0620	69.6667	362.3333	
490	2448.308	160.1173	-446.0000	-198.0000	
491	2450.824	181.9547	414.0000	683.0000	
492	2453.329	205.6255	-335.6667	-14.6667	
493	2455.823	209.4898	399.3333	670.6667	
494	2458.307	213.2708	-537.0000	-231.0000	
495	2460.780	213.5517	317.6667	596.6666	
496	2463.243	211.4993	-322.3333	8.3333	
497	2465.694	211.4469	446.6667	713.6666	
498	2468.135	212.8112	-353.3333	-61.0000	
499	2470.566	196.6755	483.6667	757.0000	
500	2472.986	186.4564	-240.0000	1.6667	
501	2475.395	181.0576	86.3333	373.3333	
502	2477.793	186.0755	-351.0000	-106.0000	
503	2480.180	188.0310	330.3333	576.3333	
504	2482.557	206.5281	-350.3333	-76.3333	
505	2484.923	213.8168	167.0000	446.3333	
506	2487.278	194.1056	-347.0000	-89.3333	
507	2489.622	195.6443	246.6667	497.3333	
508	2491.956	197.5997	-579.0000	-309.6667	
509	2494.279	193.6384	285.6667	537.0000	
510	2496.591	178.2605	-194.0000	40.0000	
511	2498.892	233.2160	-13.6667	273.3333	
