resultName	muna15-5
resultName	muna15-5
ID	RS20191212121707_P19331194
Command	SCANANDSEARCH
User	Admin
Application	_Analyze
SerialNumber	P19331194
Power	280
Integration	900
Averages	3
AutoExposure	Off
AutoCollect	Off
QuickCollect	Off
AutoBackground	On
BaselineCorrection	On
Algorithm	Wavelet
Searched Library	All,None,None,None
MixtureComponents	2
matchThreshold	0.75
displayMatches	1
Threshold	0.80
WL Start	
WL End	
ServerVersion	3.180316
FirmwareVersion	
date	2019-12-12
time	12:17:07
scanindex	0
specpath	RS20191212121707_P19331194.xml
Search Range	200 - 2500
Synced	false
lastCalDateTime	2019-12-12 08:43:43
lastCalUser	Admin
lastCalResult	PASS
lastVerifyDateTime	2019-10-16 15:05:37
lastVerifyUser	Admin
lastVerifyResult	PASS
selectedMaterial	
result	No Match
ValidationGUID	
ValidationMatchQuality	
topMatch	
topMatchGUID	
topMatchQuality	
secondMatch	
secondMatchGUID	
secondMatchQuality	
thirdMatch	
thirdMatchGUID	
thirdMatchQuality	
fourthMatch	
fourthMatchGUID	
fourthMatchQuality	
fifthMatch	
fifthMatchGUID	
fifthMatchQuality	
signedBy	
signedDateTime	
softwareVer	1.7.0.21
memo	
batchID	
inBatch	false
batchUID	
batchCID1	
batchCIDlbl1	
batchCID2	
batchCIDlbl2	
batchCID3	
batchCIDlbl3	
batchCID4	
batchCIDlbl4	
batchCID5	
batchCIDlbl5	
signedTitle	
signedReason	
rescanned	
barcode	
topMatchContribs	
secondMatchContribs	
thirdMatchContribs	
fourthMatchContribs	
fifthMatchContribs	
ValidationMatchContribs	
Threat	
PrecursorList	
CompundName	
WindowStart4C	
MatchLibrary	
lastModified	2019/12/12 12:20
Signal2Noise	40.05
Detector TEC SetPoint	0x8000
Detector Temp	4.97
Laser Temp	25.38
OE1 Temp	34.75
OE2 Temp	38.69
Detector Gain	200
SaturationDetected	false
InterpolatedPixelList	
PeakList	 297.4	908	398.9	508	442.7	720	650.2	2360	672.6	806	756.0	683	804.3	679	959.2	918	1146.4	641	1212.1	926	1333.7	710	1377.9	1419	1453.7	5342	1642.3	4315	1673.1	3750	1714.1	861
index	Raman Shift (cm-1)	Y value (counts)	background (counts)	raw value (counts)
0	137.923	541.3853	12426.0000	15817.0000	
1	144.410	411.1935	13452.0000	16612.6680	
2	150.891	313.9994	14129.0000	17092.3340	
3	157.367	289.4726	14508.3330	17347.0000	
4	163.837	441.9436	14142.6680	17033.6660	
5	170.302	462.7518	15475.0000	18286.6660	
6	176.762	344.8916	15074.3340	17668.0000	
7	183.215	204.6998	14896.6660	17250.0000	
8	189.664	115.5038	14342.3340	16506.3320	
9	196.106	205.3129	15755.6670	17909.3340	
10	202.544	255.4519	15558.0000	17661.6660	
11	208.975	369.9261	16153.0000	18271.0000	
12	215.401	413.3979	15348.3340	17409.6660	
13	221.822	399.9924	16130.0000	18121.3320	
14	228.236	242.1997	16409.3320	18177.3340	
15	234.646	196.3204	16806.0000	18527.3340	
16	241.049	155.4421	14632.6660	16312.3330	
17	247.447	175.2298	15737.6660	17436.3320	
18	253.839	270.6864	14274.6660	16068.0000	
19	260.226	235.8091	15249.6660	17007.3340	
20	266.607	274.2637	13315.0000	15110.3340	
21	272.982	339.6457	15727.3340	17612.3340	
22	279.352	619.6957	14860.6660	17050.0000	
23	285.716	820.0776	14117.0000	16531.0000	
24	292.074	720.7937	13459.0000	15798.0000	
25	298.426	908.3790	13190.6660	15744.3320	
26	304.773	752.9644	12957.3340	15382.6660	
27	311.114	510.5516	14272.6660	16482.6660	
28	317.449	522.5626	12296.0000	14556.6660	
29	323.779	625.4426	12761.3340	15078.3340	
30	330.102	590.6556	12624.3330	14860.0000	
31	336.420	580.5347	13109.6660	15288.6660	
32	342.732	566.4147	12946.0000	15064.3340	
33	349.039	398.9588	12251.0000	14155.3320	
34	355.339	197.5068	10539.3330	12195.6670	
35	361.634	159.9189	13513.6660	15074.6670	
36	367.923	0.0000	10656.0000	12018.0000	
37	374.205	206.2824	10865.6670	12425.6680	
38	380.483	473.8967	11425.6660	13245.0000	
39	386.754	375.5102	11682.0000	13394.6660	
40	393.019	305.1255	9249.3330	10883.3330	
41	399.278	508.2527	10734.0000	12564.6660	
42	405.532	401.7139	9253.6670	10971.3330	
43	411.779	271.1759	6168.3335	7670.6665	
44	418.021	266.2207	7110.3330	8671.3340	
45	424.257	268.5592	7092.6670	8634.3340	
46	430.487	373.6474	4872.6670	6544.6670	
47	436.710	627.3199	3351.3330	5274.6670	
48	442.928	719.6574	2847.0000	4860.3330	
49	449.140	529.5089	4987.0000	6822.0000	
50	455.346	366.0650	3118.6670	4780.3330	
51	461.546	206.9554	2726.0000	4218.6665	
52	467.739	111.8456	2472.6667	3860.3335	
53	473.927	327.2010	3778.0000	5363.3330	
54	480.109	502.8904	1978.3333	3721.6665	
55	486.285	443.9128	1178.6666	2845.3333	
56	492.454	403.0266	2153.0000	3747.3335	
57	498.618	346.8859	2999.3333	4424.0000	
58	504.775	386.6827	2778.0000	4294.3335	
59	510.926	386.3337	1526.0000	3064.6665	
60	517.072	321.2144	1904.0000	3257.3335	
61	523.211	281.7486	2628.3333	3895.3335	
62	529.344	311.2825	1419.6666	2669.3333	
63	535.471	268.4835	2237.3335	3397.3335	
64	541.591	232.0178	1193.0000	2197.0000	
65	547.706	278.8854	2880.0000	3960.0000	
66	553.814	311.7532	5182.0000	6244.6670	
67	559.917	274.2868	5853.6670	6832.0000	
68	566.013	301.1547	3608.6665	4567.0000	
69	572.102	307.2933	2478.6667	3426.0000	
70	578.186	312.0875	793.0000	1763.3333	
71	584.263	280.7876	737.6667	1667.0000	
72	590.334	176.1544	1104.6666	1938.6665	
73	596.399	152.5552	3051.6667	3902.0000	
74	602.458	276.2894	4029.6667	5043.6665	
75	608.510	588.3577	3899.6665	5265.6670	
76	614.556	896.7584	4502.6665	6217.0000	
77	620.596	975.9613	4965.6670	6783.6670	
78	626.630	899.5066	3880.3330	5469.3335	
79	632.657	1048.7185	3140.3333	5077.0000	
80	638.677	1328.7633	3177.3335	5417.0000	
81	644.692	2048.1421	4460.0000	7442.0000	
82	650.700	2360.1870	3393.3335	6710.3330	
83	656.702	1846.2328	1686.6667	4512.6670	
84	662.697	1079.9440	1407.0000	3489.6665	
85	668.686	744.1299	1598.6666	3313.3333	
86	674.669	805.6495	561.3333	2305.3333	
87	680.645	782.1685	1460.0000	3148.3330	
88	686.615	401.3550	2921.6665	4197.0000	
89	692.578	279.0320	2915.0000	4048.3335	
90	698.535	265.4586	1467.6666	2567.6667	
91	704.486	274.5103	2403.0000	3551.6665	
92	710.430	207.8608	2359.0000	3377.3335	
93	716.368	66.6006	2156.6667	3074.0000	
94	722.299	190.6742	2508.3335	3590.0000	
95	728.223	476.4143	2282.3335	3690.0000	
96	734.141	594.0714	2418.6667	4040.6665	
97	740.053	553.8118	3456.3333	5027.0000	
98	745.958	621.4468	3270.3330	4932.3335	
99	751.857	641.7475	4798.6670	6519.6670	
100	757.749	683.3821	3394.6665	5196.0000	
101	763.634	487.2197	4843.6665	6457.0000	
102	769.513	289.7238	3883.6665	5307.6665	
103	775.385	190.5612	4126.0000	5459.0000	
104	781.251	336.3986	3940.0000	5427.0000	
105	787.110	392.0743	5031.6665	6648.0000	
106	792.963	396.0002	4901.0000	6336.3330	
107	798.809	477.5091	6187.3330	7803.6660	
108	804.648	679.4348	5047.3335	6861.6665	
109	810.481	580.6088	5477.0000	7199.6670	
110	816.307	274.7819	4175.0000	5599.0000	
111	822.126	95.6230	4980.3330	6232.3340	
112	827.938	168.4990	4617.0000	5838.6665	
113	833.744	299.9449	5373.6665	6854.0000	
114	839.544	525.8909	4866.0000	6576.6665	
115	845.336	473.1706	5616.3335	7278.6670	
116	851.122	448.7005	4908.0000	6463.3330	
117	856.901	508.9462	5563.3330	7270.0000	
118	862.673	442.7759	5298.6665	6943.3340	
119	868.439	389.5401	5277.3335	6860.6660	
120	874.198	332.0837	4051.0000	5579.6670	
121	879.950	285.4058	4266.6665	5744.3335	
122	885.695	314.5611	4142.3335	5615.6670	
123	891.434	346.7165	4989.3335	6519.6670	
124	897.165	304.3718	4799.6665	6345.0000	
125	902.890	249.6031	3879.3330	5308.0000	
126	908.608	251.5015	3625.3330	5055.6670	
127	914.319	451.3988	4626.6665	6256.6665	
128	920.024	484.9636	3444.0000	5107.3335	
129	925.721	321.1115	4313.0000	5772.0000	
130	931.412	321.3428	2874.0000	4375.0000	
131	937.095	195.9911	3107.0000	4480.6670	
132	942.772	257.9724	2982.6667	4285.0000	
133	948.442	388.1069	3398.3335	4963.0000	
134	954.105	780.9327	2341.6667	4283.6665	
135	959.761	917.7588	3128.6665	5192.0000	
136	965.410	494.5839	2869.3333	4494.0000	
137	971.053	387.3293	2867.6667	4373.3335	
138	976.688	347.0741	1651.0000	3075.3335	
139	982.316	358.8195	2228.0000	3666.0000	
140	987.937	343.3903	2360.0000	3776.6665	
141	993.552	253.5692	2433.6667	3775.6665	
142	999.159	214.0813	2005.0000	3322.6665	
143	1004.759	231.5936	2619.3333	3969.6665	
144	1010.352	286.4392	2002.0000	3422.3335	
145	1015.939	288.6183	2389.0000	3826.6670	
146	1021.518	312.7968	2372.0000	3849.0000	
147	1027.090	420.3091	2514.3333	4114.0000	
148	1032.655	489.8209	2037.3333	3721.6665	
149	1038.213	399.2537	2624.6667	4200.3335	
150	1043.764	384.1026	2205.0000	3828.6665	
151	1049.307	312.0353	2552.6667	4104.6670	
152	1054.844	166.8833	1647.3333	3069.3333	
153	1060.373	191.2564	2739.6667	4199.0000	
154	1065.896	250.8086	2480.6667	4026.6665	
155	1071.411	344.0608	2843.0000	4489.3335	
156	1076.919	360.3124	2719.3335	4389.0000	
157	1082.420	331.9781	3129.0000	4755.0000	
158	1087.914	327.6435	2006.3335	3657.0000	
159	1093.400	518.8097	3316.6665	5165.3335	
160	1098.880	460.9747	3378.0000	5175.6665	
161	1104.352	306.2986	3958.3335	5593.3335	
162	1109.817	293.9029	3327.3335	4940.6670	
163	1115.274	417.5062	4156.6670	5884.3330	
164	1120.725	466.7777	3490.6665	5258.3335	
165	1126.168	576.1932	4271.0000	6111.6670	
166	1131.604	540.9421	4042.3330	5811.3335	
167	1137.032	495.6893	4742.3335	6429.6660	
168	1142.453	584.7731	3746.3335	5486.3335	
169	1147.868	640.5293	4772.3335	6538.3340	
170	1153.274	385.2849	4771.6665	6252.6670	
171	1158.674	279.0403	5036.3330	6381.3330	
172	1164.066	231.1294	4628.3335	5895.6665	
173	1169.450	175.0685	6156.0000	7376.3335	
174	1174.828	190.1738	5479.0000	6668.3330	
175	1180.198	229.4515	6659.6660	7960.6670	
176	1185.560	301.2869	6160.6665	7564.3330	
177	1190.916	329.7905	6724.6665	8187.6670	
178	1196.263	357.2926	6525.6670	8047.0000	
179	1201.604	605.4624	7350.0000	9150.3330	
180	1206.937	867.2988	6601.0000	8694.0000	
181	1212.262	926.2007	7695.0000	9858.3330	
182	1217.581	759.9697	7255.6670	9254.0000	
183	1222.891	593.0063	7998.3340	9846.3330	
184	1228.194	514.0462	7794.3330	9580.0000	
185	1233.490	361.8314	8857.0000	10526.3330	
186	1238.778	174.6165	8603.3340	10121.3330	
187	1244.059	291.4026	8873.3340	10544.0000	
188	1249.333	404.8562	8754.0000	10574.0000	
189	1254.598	360.4958	10376.0000	12205.0000	
190	1259.856	191.1340	9723.3340	11436.3330	
191	1265.107	235.1069	10837.6670	12648.0000	
192	1270.350	281.7451	10822.0000	12732.3320	
193	1275.586	281.7195	11759.3330	13723.0000	
194	1280.814	348.6914	10989.3340	13073.3340	
195	1286.034	454.9966	12073.0000	14316.6660	
196	1291.247	553.9503	11631.6660	14044.6670	
197	1296.452	338.3690	12961.0000	15207.0000	
198	1301.650	357.7885	12426.0000	14740.0000	
199	1306.840	464.2081	13563.0000	16032.0000	
200	1312.022	518.9587	13087.6680	15660.0000	
201	1317.197	293.8105	13897.0000	16265.6670	
202	1322.364	171.6589	13613.3340	15881.3320	
203	1327.523	595.6321	14404.6660	17097.3340	
204	1332.674	710.3418	13897.0000	16712.6660	
205	1337.818	669.9836	15097.3340	17873.6660	
206	1342.955	400.9597	14142.3340	16650.6660	
207	1348.083	230.9374	15428.6660	17768.0000	
208	1353.204	173.2454	14577.0000	16859.6660	
209	1358.317	471.2213	16077.3340	18659.0000	
210	1363.422	964.8652	15407.3320	18483.6660	
211	1368.520	1061.1731	16565.0000	19738.6660	
212	1373.610	1147.8165	15840.6660	19102.0000	
213	1378.692	1418.9932	16937.0000	20480.0000	
214	1383.766	1311.5039	16164.0000	19610.0000	
215	1388.832	554.0145	17419.0000	20118.0000	
216	1393.891	48.1930	16374.3320	18578.0000	
217	1398.942	71.3541	17596.6660	19820.6680	
218	1403.984	228.3981	16707.0000	19057.0000	
219	1409.020	741.4435	17976.6680	20808.6680	
220	1414.047	1453.1581	16828.6660	20341.3340	
221	1419.066	1865.8446	17932.6660	21834.0000	
222	1424.078	2163.5327	17047.6660	21222.6680	
223	1429.081	2869.2192	18004.3320	22861.0000	
224	1434.077	3886.3062	17177.6680	23006.3340	
225	1439.065	4441.6362	18238.0000	24578.0000	
226	1444.045	4857.9634	17327.3340	24039.6660	
227	1449.016	5191.6250	18421.3340	25423.3320	
228	1453.980	5341.9556	17110.3320	24218.6660	
229	1458.936	5287.3159	18444.6680	25397.0000	
230	1463.885	4041.6772	16970.3340	22575.6660	
231	1468.825	2581.0400	17930.6660	21974.0000	
232	1473.757	1631.4023	16560.6660	19553.0000	
233	1478.681	821.7515	17571.0000	19663.3320	
234	1483.597	465.1060	16357.3340	18002.6680	
235	1488.505	354.4575	17700.0000	19144.3340	
236	1493.405	259.1416	16656.0000	17914.6660	
237	1498.297	197.9336	18051.6680	19187.0000	
238	1503.181	196.2244	17042.3320	18123.0000	
239	1508.057	197.9785	17269.6660	18306.6660	
240	1512.924	192.7344	13656.6680	14657.0000	
241	1517.784	220.9904	16330.3320	17330.6680	
242	1522.635	246.2872	17566.6660	18474.3340	
243	1527.479	291.7095	19361.0000	20329.3340	
244	1532.314	339.0881	18330.6680	19302.0000	
245	1537.142	299.1709	19703.6680	20615.0000	
246	1541.961	296.5361	18677.0000	19630.0000	
247	1546.772	281.2349	19935.0000	20923.3340	
248	1551.574	236.9326	19212.0000	20183.3340	
249	1556.369	182.4663	20695.6660	21711.0000	
250	1561.155	196.6655	19447.6660	20565.0000	
251	1565.933	247.1992	20523.3320	21779.0000	
252	1570.703	165.7290	20213.3340	21475.3320	
253	1575.465	209.4966	20920.6660	22370.0000	
254	1580.219	415.5962	19439.6660	21238.6660	
255	1584.964	385.0288	20644.0000	22556.0000	
256	1589.701	422.7925	18967.3340	21060.6660	
257	1594.430	519.2261	19301.0000	21634.3340	
258	1599.150	519.9927	18549.6660	21027.3340	
259	1603.863	520.2156	20753.6660	23397.3340	
260	1608.567	631.3167	20053.6660	22934.6680	
261	1613.262	745.7484	21246.0000	24310.3340	
262	1617.949	890.1786	21013.0000	24290.6660	
263	1622.629	947.9427	21465.6680	24870.0000	
264	1627.299	1237.3749	20039.6680	23802.3340	
265	1631.961	1943.4540	20421.3320	24926.6641	
266	1636.615	3158.3530	18960.0000	24691.6680	
267	1641.261	4315.0435	21184.0000	28083.0000	
268	1645.898	4236.0737	19877.3320	26708.0000	
269	1650.527	3258.5405	21233.0000	26997.0000	
270	1655.147	2244.3403	19195.6680	23856.3340	
271	1659.759	2101.4736	20792.6680	25221.3320	
272	1664.363	2531.9409	20397.6680	25167.6641	
273	1668.958	3389.7461	21290.3340	26829.0000	
274	1673.544	3749.5474	19516.3320	25325.6641	
275	1678.123	3134.3467	19396.6680	24501.6660	
276	1682.692	1905.8163	18995.6660	22783.0000	
277	1687.254	910.1567	19037.0000	21719.0000	
278	1691.806	282.5010	19299.0000	21243.6680	
279	1696.350	79.5056	21407.3340	23039.3320	
280	1700.886	136.5913	18786.0000	20383.6680	
281	1705.413	304.1860	19173.0000	20784.6660	
282	1709.932	678.4468	17570.6660	19403.0000	
283	1714.442	860.7095	20494.0000	22355.0000	
284	1718.944	507.6353	18187.3340	19541.6660	
285	1723.437	301.0029	18273.3340	19323.6660	
286	1727.921	222.7046	15126.3340	16001.0000	
287	1732.397	182.7855	18242.6660	18969.3340	
288	1736.864	176.0531	17883.0000	18536.3340	
289	1741.323	169.3218	17355.3340	17935.3340	
290	1745.773	233.9244	15148.3340	15726.3340	
291	1750.214	244.5270	18105.0000	18627.0000	
292	1754.647	297.2964	16720.0000	17209.3340	
293	1759.071	315.6756	16465.0000	17018.6680	
294	1763.486	334.8878	13415.0000	13882.6680	
295	1767.893	364.5991	15993.6660	16470.3340	
296	1772.291	355.3099	17213.0000	17660.3340	
297	1776.680	349.1484	14920.3320	15366.0000	
298	1781.061	344.7783	12592.0000	13039.3340	
299	1785.432	339.0334	13108.6660	13523.6680	
300	1789.796	330.3298	12146.3340	12645.6680	
301	1794.150	315.0827	13537.6660	13952.6660	
302	1798.495	300.4869	15127.3320	15557.3340	
303	1802.832	303.8915	15644.3340	16010.6660	
304	1807.160	307.8791	15158.0000	15583.0000	
305	1811.480	310.0128	13018.3320	13431.0000	
306	1815.790	304.2709	11541.3340	11910.0000	
307	1820.092	308.2585	12439.6660	12853.0000	
308	1824.385	319.4821	11783.3330	12176.3330	
309	1828.669	305.1055	13776.3340	14106.0000	
310	1832.944	307.3119	12594.3320	13005.6670	
311	1837.210	311.2683	10921.3330	11293.0000	
312	1841.468	323.4747	10957.0000	11319.0000	
313	1845.716	372.1913	11912.6660	12351.0000	
314	1849.956	313.0739	13236.6670	13617.3340	
315	1854.187	290.2906	12566.6660	12926.0000	
316	1858.409	304.6728	11224.3330	11569.3340	
317	1862.622	319.9159	10188.3330	10632.0000	
318	1866.826	335.9090	9021.6670	9374.3330	
319	1871.021	340.9023	7288.6670	7689.0000	
320	1875.207	338.4791	6851.0000	7240.0000	
321	1879.384	309.7643	7782.3330	8124.0000	
322	1883.552	303.1442	5209.6665	5556.3335	
323	1887.712	298.0692	4734.0000	5095.3335	
324	1891.862	286.2861	5172.3330	5498.0000	
325	1896.003	298.2173	6892.3330	7212.3335	
326	1900.135	317.2318	5302.3335	5654.6670	
327	1904.258	319.7045	7986.0000	8351.3330	
328	1908.372	319.2607	7625.3330	7953.0000	
329	1912.478	328.7410	7015.0000	7380.3335	
330	1916.574	320.4825	7038.3330	7380.3330	
331	1920.661	315.4741	5903.0000	6257.3330	
332	1924.738	315.7156	6839.3330	7132.0000	
333	1928.807	317.5533	7614.3335	7957.6670	
334	1932.867	327.5576	6555.0000	6896.0000	
335	1936.917	322.7283	5246.0000	5580.3330	
336	1940.959	311.9000	5785.0000	6106.6670	
337	1944.991	262.7376	6590.3330	6861.0000	
338	1949.014	304.9073	6377.6670	6688.6660	
339	1953.028	318.7455	5153.3335	5476.3330	
340	1957.033	356.2502	2444.3335	2803.0000	
341	1961.029	342.8358	2901.0000	3245.6665	
342	1965.015	341.7545	3120.6670	3463.6665	
343	1968.992	324.7050	2477.6667	2785.3335	
344	1972.960	324.7775	1541.3334	1908.3333	
345	1976.919	317.4113	1023.3334	1352.6666	
346	1980.869	303.8785	91.0000	401.6667	
347	1984.809	299.0124	717.3333	1035.6666	
348	1988.740	292.8969	546.6666	851.3333	
349	1992.661	299.6612	569.0000	878.6666	
350	1996.574	339.8797	-235.6667	101.0000	
351	2000.477	329.1834	414.3334	738.6667	
352	2004.371	267.1539	-297.3333	-36.6667	
353	2008.256	292.4576	306.3333	590.6667	
354	2012.131	356.7613	-370.0000	-23.0000	
355	2015.997	329.7318	252.3333	570.6667	
356	2019.853	308.0348	-446.3334	-151.3333	
357	2023.701	298.1428	292.3333	577.6666	
358	2027.538	321.9176	-403.0000	-93.6667	
359	2031.367	326.6923	206.0000	523.6666	
360	2035.186	326.4667	-413.3333	-107.0000	
361	2038.996	335.0965	222.3333	546.3333	
362	2042.796	342.0596	-454.6667	-122.6667	
363	2046.587	336.6893	159.3333	487.0000	
364	2050.368	313.7429	-496.3333	-184.0000	
365	2054.140	311.9926	135.0000	478.3333	
366	2057.903	301.8256	-370.3333	-84.0000	
367	2061.656	303.1586	180.6667	491.6667	
368	2065.399	301.6583	-349.6667	-87.6667	
369	2069.133	304.0746	131.3333	470.3333	
370	2072.858	281.4910	-321.0000	-50.3333	
371	2076.573	307.1314	328.6667	592.3333	
372	2080.278	320.7389	-367.3333	-61.3333	
373	2083.974	319.3203	166.0000	454.6667	
374	2087.661	338.3184	-328.6667	-15.3333	
375	2091.338	345.8999	-14.3333	308.0000	
376	2095.005	334.8149	-349.0000	-36.3333	
377	2098.663	332.3813	222.6667	534.0000	
378	2102.311	261.6142	-202.3333	39.3333	
379	2105.949	311.8472	166.3333	459.3333	
380	2109.578	313.3301	-463.6667	-165.0000	
381	2113.198	315.9425	-714.3333	-425.3333	
382	2116.807	324.6383	-192.6667	109.0000	
383	2120.407	338.2507	125.0000	459.3333	
384	2123.998	334.6131	-593.0000	-291.0000	
385	2127.579	325.8873	86.6667	399.3333	
386	2131.150	298.3361	-443.3333	-166.6667	
387	2134.711	297.2017	61.6667	335.0000	
388	2138.263	306.0673	-403.0000	-123.0000	
389	2141.805	336.5635	241.0000	550.3333	
390	2145.337	327.7264	-469.3333	-170.0000	
391	2148.859	321.5560	204.0000	496.0000	
392	2152.372	304.0104	-594.6667	-349.6667	
393	2155.875	298.6533	35.3333	322.3333	
394	2159.368	298.2962	-293.3333	-69.3333	
395	2162.852	312.9392	314.3333	586.3334	
396	2166.326	332.5825	-307.6667	-15.6667	
397	2169.790	316.7204	106.0000	384.6667	
398	2173.244	316.5042	-423.6667	-146.0000	
399	2176.688	321.7255	150.3333	429.0000	
400	2180.123	319.1968	-218.0000	53.3333	
401	2183.547	337.6055	406.3333	716.0000	
402	2186.962	350.7434	-352.3333	-27.0000	
403	2190.367	337.6314	-62.0000	264.3333	
404	2193.762	322.5189	-392.6667	-106.3333	
405	2197.147	312.9969	207.0000	528.0000	
406	2200.522	287.7001	-395.3333	-120.3333	
407	2203.888	297.7227	188.6667	468.6667	
408	2207.243	322.7456	-393.0000	-63.6667	
409	2210.589	322.7517	311.0000	597.6667	
410	2213.924	314.2579	-446.6666	-142.6667	
411	2217.250	308.9099	277.0000	539.3334	
412	2220.565	313.3327	-372.3333	-94.6667	
413	2223.871	320.9050	297.3333	594.0000	
414	2227.167	312.5174	-594.6667	-363.3333	
415	2230.453	312.1507	169.6667	439.6667	
416	2233.728	314.7422	-608.6667	-354.3333	
417	2236.994	314.6879	188.3333	467.3333	
418	2240.250	312.1336	-510.0000	-231.6667	
419	2243.495	316.6627	-31.0000	249.0000	
420	2246.731	357.1082	-416.0000	-93.0000	
421	2249.957	330.5104	249.0000	545.0000	
422	2253.172	326.7460	-467.6667	-174.3333	
423	2256.377	327.1481	196.3333	511.0000	
424	2259.573	299.0501	-372.6667	-109.3333	
425	2262.758	309.4843	190.3333	451.0000	
426	2265.933	323.4185	-144.0000	142.6667	
427	2269.098	307.9011	323.0000	605.3333	
428	2272.253	308.6737	-342.3333	-60.0000	
429	2275.397	316.4042	143.0000	460.0000	
430	2278.532	313.0515	-363.6667	-81.6667	
431	2281.656	304.8653	306.0000	595.0000	
432	2284.771	303.7625	-410.6667	-131.6667	
433	2287.875	310.4097	160.0000	454.3333	
434	2290.968	319.7285	-402.0000	-114.3333	
435	2294.052	347.7388	156.6667	482.3333	
436	2297.125	351.7487	-626.0000	-295.3333	
437	2300.188	325.9717	229.6667	560.3334	
438	2303.241	319.0282	-418.0000	-198.0000	
439	2306.284	319.9180	-70.3333	264.3333	
440	2309.316	316.6414	-568.6667	-276.6667	
441	2312.338	299.1015	343.0000	615.3334	
442	2315.350	266.2281	-246.3333	-9.0000	
443	2318.352	295.3549	119.6667	384.0000	
444	2321.343	337.1481	-540.3333	-236.3333	
445	2324.323	331.3549	323.3333	618.3333	
446	2327.294	324.5617	-507.6666	-214.6667	
447	2330.254	329.3519	191.3333	485.3333	
448	2333.204	321.2040	-384.6667	-126.6667	
449	2336.144	337.0750	-46.0000	255.3333	
450	2339.073	332.2587	-393.0000	-72.3333	
451	2341.991	310.9839	392.3333	665.3333	
452	2344.900	303.0218	-604.6667	-343.6667	
453	2347.798	291.3699	285.6667	574.0000	
454	2350.685	268.8015	-421.6667	-188.3333	
455	2353.562	278.9403	189.6667	423.3333	
456	2356.429	313.3596	-459.0000	-190.0000	
457	2359.285	334.0825	252.0000	541.3333	
458	2362.130	338.5552	-307.3333	-6.0000	
459	2364.966	332.3614	174.0000	460.3334	
460	2367.790	323.7507	-231.6667	65.0000	
461	2370.604	321.1652	111.6667	374.6667	
462	2373.408	323.9963	-277.3333	-12.0000	
463	2376.202	327.0983	306.6667	571.3333	
464	2378.984	338.4921	-339.3333	-77.3333	
465	2381.756	363.4066	65.3333	368.6667	
466	2384.518	357.9044	-367.3333	-72.3333	
467	2387.269	325.7356	215.6667	475.6666	
468	2390.010	282.2337	-531.0000	-317.3333	
469	2392.739	280.6956	260.3333	463.6666	
470	2395.458	303.0703	-276.0000	-38.3333	
471	2398.167	297.7365	357.6667	600.3333	
472	2400.865	287.4023	-611.0000	-407.6667	
473	2403.553	286.4917	233.3333	458.3333	
474	2406.229	292.0811	-414.0000	-238.3333	
475	2408.896	309.1704	341.6667	558.3333	
476	2411.551	323.9921	-361.6667	-130.6667	
477	2414.196	322.0445	308.0000	518.3333	
478	2416.830	327.3053	-425.0000	-211.6667	
479	2419.453	370.5661	71.6667	326.0000	
480	2422.066	331.1601	-386.3333	-173.6667	
481	2424.668	316.0459	197.6667	390.6667	
482	2427.260	318.3067	-491.6667	-289.3333	
483	2429.840	298.4425	155.0000	375.3333	
484	2432.410	295.6191	846.6666	904.0000	
485	2434.969	293.6017	228.3333	441.0000	
486	2437.517	296.0842	-666.0000	-484.0000	
487	2440.055	337.3167	89.6667	292.0000	
488	2442.581	348.7997	-466.3334	-255.0000	
489	2445.097	353.2332	20.0000	242.0000	
490	2447.602	333.2670	-545.3333	-349.3333	
491	2450.096	328.6246	338.0000	569.6667	
492	2452.580	321.3984	-396.3333	-221.3333	
493	2455.052	307.4734	277.0000	479.3334	
494	2457.514	294.9651	-580.6666	-414.6667	
495	2459.965	302.9568	244.3333	417.6667	
496	2462.405	349.2818	-356.3333	-137.3333	
497	2464.834	340.2734	399.0000	608.3333	
498	2467.252	318.7650	-438.6667	-251.0000	
499	2469.659	308.5068	422.6667	623.0000	
500	2472.056	284.2488	-333.0000	-181.6667	
501	2474.441	300.5159	0.0000	165.6667	
502	2476.816	309.1163	-461.6667	-287.6667	
503	2479.179	311.0501	225.6667	393.3333	
504	2481.532	322.6505	-384.6667	-202.6667	
505	2483.873	326.5843	164.6667	374.0000	
506	2486.204	316.8513	-411.6667	-239.3333	
507	2488.523	311.1185	199.6667	364.3333	
508	2490.832	311.0522	-623.0000	-460.3333	
509	2493.130	316.4027	212.6667	361.6667	
510	2495.416	359.9198	-301.3333	-93.6667	
511	2497.692	299.1869	-54.3333	90.6667	
