resultName	chilca6-134
resultName	chilca6-134
ID	RS20200904162735_P19331194
Command	SCANANDSEARCH
User	Admin
Application	_Analyze
SerialNumber	P19331194
Power	280
Integration	900
Averages	3
AutoExposure	Off
AutoCollect	Off
QuickCollect	Off
AutoBackground	On
BaselineCorrection	On
Algorithm	Wavelet
Searched Library	All,None,None,None
MixtureComponents	2
matchThreshold	0.0
displayMatches	1
Threshold	0.80
WL Start	
WL End	
ServerVersion	3.180316
FirmwareVersion	
date	2020-09-04
time	16:27:35
scanindex	0
specpath	RS20200904162735_P19331194.xml
Search Range	200 - 2500
Synced	false
lastCalDateTime	2020-08-20 09:29:50
lastCalUser	Admin
lastCalResult	PASS
lastVerifyDateTime	2020-09-04 13:30:42
lastVerifyUser	Admin
lastVerifyResult	PASS
selectedMaterial	
result	No Match
ValidationGUID	
ValidationMatchQuality	
topMatch	
topMatchGUID	
topMatchQuality	
secondMatch	
secondMatchGUID	
secondMatchQuality	
thirdMatch	
thirdMatchGUID	
thirdMatchQuality	
fourthMatch	
fourthMatchGUID	
fourthMatchQuality	
fifthMatch	
fifthMatchGUID	
fifthMatchQuality	
signedBy	
signedDateTime	
softwareVer	1.7.0.21
memo	
batchID	
inBatch	false
batchUID	
batchCID1	
batchCIDlbl1	
batchCID2	
batchCIDlbl2	
batchCID3	
batchCIDlbl3	
batchCID4	
batchCIDlbl4	
batchCID5	
batchCIDlbl5	
signedTitle	
signedReason	
rescanned	
barcode	
topMatchContribs	
secondMatchContribs	
thirdMatchContribs	
fourthMatchContribs	
fifthMatchContribs	
ValidationMatchContribs	
Threat	
PrecursorList	
CompundName	
WindowStart4C	
MatchLibrary	
lastModified	2020/09/04 16:29
Signal2Noise	81.15
Detector TEC SetPoint	0x8000
Detector Temp	4.95
Laser Temp	24.71
OE1 Temp	38.12
OE2 Temp	42.38
Detector Gain	200
SaturationDetected	false
InterpolatedPixelList	
PeakList	 304.4	757	328.4	719	432.0	604	496.0	584	561.4	788	656.8	1005	665.8	936	759.1	2093	797.7	874	846.9	582	1158.5	608	1227.2	569	1296.7	804	1304.9	641	1377.5	1575	1440.1	5411	1448.3	5321	1564.9	1596	1645.3	4270	1676.1	3056
index	Raman Shift (cm-1)	Y value (counts)	background (counts)	raw value (counts)
0	137.471	324.7446	752.6666	4014.6670	
1	143.961	335.6785	789.6666	3957.0000	
2	150.446	244.6128	851.6666	3822.3335	
3	156.925	203.2132	1012.3334	3836.0000	
4	163.399	200.4810	623.0000	3338.3335	
5	169.867	215.7484	1049.3334	3674.3335	
6	176.330	235.0157	763.3334	3302.0000	
7	182.787	237.9501	955.6666	3391.6667	
8	189.239	239.2174	616.0000	2947.6665	
9	195.685	251.4848	984.3334	3222.6665	
10	202.125	224.0861	810.6666	2916.0000	
11	208.560	222.6866	1266.3334	3264.6665	
12	214.989	217.9545	721.3334	2609.3335	
13	221.413	234.9674	1117.0000	2975.0000	
14	227.831	136.2858	886.0000	2588.0000	
15	234.243	158.9798	1199.3334	2929.3333	
16	240.650	175.6740	782.0000	2534.0000	
17	247.051	234.0349	958.3333	2774.0000	
18	253.446	251.7288	782.0000	2620.6665	
19	259.836	283.4231	1094.0000	2969.6667	
20	266.220	267.7839	489.0000	2354.3335	
21	272.598	170.4691	1180.0000	2967.6667	
22	278.971	71.1543	921.0000	2629.0000	
23	285.338	238.8398	971.0000	2866.3335	
24	291.699	527.1917	547.0000	2750.3335	
25	298.054	704.7802	865.3334	3273.3330	
26	304.404	757.3699	483.0000	2970.6667	
27	310.748	684.2922	1118.3334	3560.0000	
28	317.086	528.2422	676.0000	3001.6665	
29	323.418	584.5458	781.3334	3132.0000	
30	329.744	718.8495	333.6667	2787.3335	
31	336.065	470.1528	1048.3334	3222.0000	
32	342.380	311.4565	724.6667	2708.3335	
33	348.689	239.4266	990.0000	2870.3333	
34	354.992	276.7301	516.3333	2402.6665	
35	361.289	293.5045	797.6666	2656.3333	
36	367.581	282.3384	527.6667	2337.6667	
37	373.866	185.8320	492.6667	2182.6667	
38	380.146	48.3258	594.6667	2123.6667	
39	386.420	169.1530	646.3333	2272.6667	
40	392.688	293.6463	364.6667	2092.0000	
41	398.949	355.4074	702.6667	2471.3335	
42	405.205	54.5017	518.0000	1965.3333	
43	411.456	67.5960	337.6667	1777.6667	
44	417.700	191.0236	129.3333	1672.3334	
45	423.938	469.1516	571.6667	2390.0000	
46	430.170	604.2798	38.3333	1989.0000	
47	436.396	586.4083	321.3333	2251.3335	
48	442.616	477.2031	110.3333	1928.3335	
49	448.830	257.6171	612.6666	2218.6667	
50	455.039	230.9927	36.0000	1629.0000	
51	461.241	195.9519	157.3333	1718.6667	
52	467.437	205.8278	151.0000	1723.0000	
53	473.627	196.1178	271.3333	1831.3335	
54	479.811	278.3244	23.0000	1710.0000	
55	485.989	515.6144	-23.0000	1911.0000	
56	492.160	485.2513	-86.0000	1814.3335	
57	498.326	583.7561	246.3333	2221.0000	
58	504.486	368.5942	-84.3333	1651.0000	
59	510.639	167.4326	209.3333	1719.3335	
60	516.787	242.0209	-117.6667	1372.3334	
61	522.928	409.1930	269.6667	1959.3333	
62	529.063	309.4485	-36.0000	1516.0000	
63	535.192	254.5376	6296.0000	7754.3340	
64	541.315	252.7095	4162.3335	5694.3335	
65	547.431	165.5482	786.6666	2081.0000	
66	553.542	302.1368	372.6667	1765.6665	
67	559.646	787.7260	608.0000	2448.6667	
68	565.744	703.9813	73.6667	1792.6667	
69	571.835	291.0715	468.0000	1745.0000	
70	577.921	154.9203	-129.3333	992.3333	
71	584.000	176.9341	206.6667	1329.3334	
72	590.073	200.2391	-162.3333	1034.3334	
73	596.140	197.3978	302.3333	1395.6666	
74	602.200	176.2647	93.3333	1235.0000	
75	608.255	126.8816	242.0000	1278.0000	
76	614.302	187.4155	120.6667	1212.0000	
77	620.344	311.7431	382.3333	1697.6665	
78	626.379	303.3978	156.6667	1368.3334	
79	632.408	326.9692	427.0000	1675.6667	
80	638.431	505.9572	226.0000	1662.0000	
81	644.447	770.6122	659.3333	2368.3335	
82	650.457	841.5999	77.6667	1866.0000	
83	656.460	1004.5881	112.0000	2071.6667	
84	662.457	780.2426	106.6667	1850.3334	
85	668.448	935.7586	265.3333	2132.6667	
86	674.432	434.9418	-175.0000	1159.6667	
87	680.410	383.1244	310.6667	1561.6667	
88	686.381	330.9744	108.3333	1275.3334	
89	692.346	294.9716	597.6666	1701.6667	
90	698.305	293.6355	12.6667	1184.3333	
91	704.257	244.2249	219.6667	1313.6666	
92	710.202	206.7183	41.3333	1091.3334	
93	716.142	151.5071	221.0000	1299.6667	
94	722.074	92.6298	41.6667	1062.3334	
95	728.000	77.9188	323.6667	1432.3334	
96	733.920	128.0410	84.6667	1302.3334	
97	739.833	165.4963	538.3334	1852.3333	
98	745.739	373.1196	247.0000	1817.3333	
99	751.639	1074.9358	845.6666	3179.0000	
100	757.533	2092.7510	40.6667	3453.0000	
101	763.419	1991.3037	657.6667	4006.3335	
102	769.300	774.5231	109.0000	2278.6667	
103	775.173	477.4090	554.6666	2465.0000	
104	781.040	593.2947	224.3333	2288.3333	
105	786.901	679.9772	771.0000	2943.0000	
106	792.755	618.6599	526.0000	2658.0000	
107	798.602	874.0087	900.6667	3309.3330	
108	804.442	808.0246	358.0000	2722.0000	
109	810.276	335.8794	938.6667	2820.6667	
110	816.103	130.4007	398.6666	1933.6667	
111	821.924	122.5888	804.6666	2453.6667	
112	827.738	71.9050	379.6667	1980.3335	
113	833.545	113.0004	895.3334	2423.6667	
114	839.345	228.7622	497.3334	2223.3333	
115	845.139	581.8580	887.6666	2951.0000	
116	850.926	414.2867	612.6667	2492.6667	
117	856.706	257.5646	899.0000	2626.6667	
118	862.479	237.5925	817.6667	2433.0000	
119	868.246	293.5495	842.0000	2602.6665	
120	874.006	273.2309	475.6666	2220.3333	
121	879.759	373.0423	901.3334	2737.3335	
122	885.505	411.8535	535.0000	2401.3333	
123	891.245	483.6649	904.0000	2833.6667	
124	896.978	238.8096	762.0000	2438.3333	
125	902.703	152.7693	766.6667	2355.0000	
126	908.422	174.3958	447.6667	2055.6667	
127	914.135	258.6890	976.3334	2666.6667	
128	919.840	474.9822	271.0000	2175.6667	
129	925.538	318.2753	943.6666	2689.6667	
130	931.230	214.2352	364.6667	2004.6667	
131	936.914	204.1948	894.3334	2522.3335	
132	942.592	260.8210	475.0000	2157.6665	
133	948.263	261.7472	828.6666	2517.6667	
134	953.927	459.2081	346.0000	2229.3335	
135	959.584	417.6689	716.3333	2555.0000	
136	965.234	167.1302	545.6666	2130.6667	
137	970.877	222.8114	700.3333	2336.6667	
138	976.513	280.1591	94.6667	1784.0000	
139	982.142	243.8401	676.6666	2325.3333	
140	987.764	159.0886	637.3334	2186.0000	
141	993.379	273.2194	569.0000	2229.6665	
142	998.987	297.3507	308.0000	1990.6667	
143	1004.588	266.4818	800.6667	2450.3335	
144	1010.182	313.9462	248.0000	1943.0000	
145	1015.769	346.4106	645.3333	2370.6667	
146	1021.349	195.2082	596.3333	2168.3333	
147	1026.922	221.9226	803.0000	2373.0000	
148	1032.487	293.1370	421.6667	2087.3333	
149	1038.046	213.8650	715.3333	2294.0000	
150	1043.597	206.0929	407.6666	1946.0000	
151	1049.142	211.2166	657.3333	2219.3333	
152	1054.679	218.9440	103.0000	1659.3333	
153	1060.209	229.7591	696.6667	2244.6667	
154	1065.732	261.4700	416.0000	2022.6666	
155	1071.248	343.7558	738.6666	2422.0000	
156	1076.757	514.0412	485.0000	2333.0000	
157	1082.258	501.5170	775.3333	2603.3335	
158	1087.753	270.6592	223.0000	1812.6667	
159	1093.240	168.1346	736.3334	2216.0000	
160	1098.720	215.6103	628.0000	2147.6667	
161	1104.192	371.1359	846.3333	2505.3333	
162	1109.658	284.3346	641.3334	2201.3335	
163	1115.116	244.7627	1284.6667	2871.0000	
164	1120.567	196.2326	437.0000	1927.0000	
165	1126.010	205.7047	864.3334	2349.6665	
166	1131.447	215.2605	401.0000	1946.0000	
167	1136.876	206.1494	991.3334	2505.3333	
168	1142.298	234.4553	286.0000	1850.6665	
169	1147.712	379.7111	912.3334	2642.0000	
170	1153.120	506.9668	531.0000	2407.6667	
171	1158.519	607.8889	953.0000	2950.3333	
172	1163.912	452.1444	440.0000	2301.3333	
173	1169.297	394.2814	1125.0000	2941.3333	
174	1174.675	199.0852	666.0000	2300.0000	
175	1180.045	211.0967	1150.3334	2820.3335	
176	1185.408	188.6830	706.0000	2361.3335	
177	1190.764	129.2691	1014.0000	2617.6667	
178	1196.112	167.1885	787.0000	2436.3333	
179	1201.453	346.4415	1045.6666	2882.0000	
180	1206.786	429.3610	562.6667	2489.6667	
181	1212.112	471.9929	1097.3334	3073.0000	
182	1217.431	466.3449	718.0000	2683.0000	
183	1222.742	522.8982	1104.0000	3135.3330	
184	1228.045	569.1179	668.0000	2755.3333	
185	1233.341	439.5252	1193.6667	3168.3335	
186	1238.630	327.5993	863.3333	2743.0000	
187	1243.911	157.6731	1189.0000	2915.6667	
188	1249.185	148.7466	853.3334	2588.0000	
189	1254.451	176.0238	1472.0000	3278.3335	
190	1259.709	155.9674	1011.0000	2841.6665	
191	1264.960	188.5779	1448.3334	3356.0000	
192	1270.203	267.1881	1187.0000	3217.6665	
193	1275.439	343.4652	1518.6667	3670.0000	
194	1280.668	320.7423	949.0000	3122.0000	
195	1285.888	429.0192	1564.6667	3890.3330	
196	1291.101	777.1870	922.0000	3653.0000	
197	1296.307	803.9465	1534.6666	4300.0000	
198	1301.505	634.3720	1168.6667	3772.0000	
199	1306.695	641.4648	1695.3333	4313.3330	
200	1311.877	612.8913	1357.3333	3954.3333	
201	1317.052	296.8546	1359.0000	3620.0000	
202	1322.219	131.4853	1304.3334	3380.0000	
203	1327.379	369.9177	1571.3333	3852.0000	
204	1332.531	432.3895	1307.6666	3633.6665	
205	1337.675	314.3421	1718.0000	3921.3333	
206	1342.811	195.9616	1045.0000	3125.3335	
207	1347.940	101.5804	1666.0000	3647.3330	
208	1353.061	141.2005	1154.3333	3170.6670	
209	1358.174	206.8194	1983.3333	4060.6665	
210	1363.280	504.7719	1372.0000	3742.6665	
211	1368.377	1088.3911	1746.0000	4695.6665	
212	1373.467	1372.0107	1303.6667	4532.3335	
213	1378.550	1574.8384	1691.3335	5135.6665	
214	1383.624	1253.3333	1390.0000	4525.6665	
215	1388.690	534.8283	1989.0000	4419.0000	
216	1393.749	120.9894	1223.3333	3252.3335	
217	1398.800	9.8016	1751.6667	3671.6670	
218	1403.843	0.0000	1358.3334	3248.3330	
219	1408.878	250.5339	2002.3333	4122.6670	
220	1413.906	714.7332	1306.3333	3870.6667	
221	1418.925	1112.5522	1747.0000	4689.0000	
222	1423.937	1536.7046	1356.3334	4702.3335	
223	1428.940	2844.8572	1695.3333	6329.3330	
224	1433.936	4738.8989	1407.3334	7899.0000	
225	1438.924	5410.8042	1705.6667	8831.6660	
226	1443.904	5311.0435	1375.3334	8364.0000	
227	1448.876	5320.6167	1873.0000	8833.6670	
228	1453.840	4894.5220	1173.0000	7670.0000	
229	1458.796	4256.5913	1810.0000	7580.0000	
230	1463.744	3363.6609	1204.6666	5992.6665	
231	1468.685	2525.3972	1754.3333	5615.0000	
232	1473.617	1704.4666	1143.6666	4094.3335	
233	1478.541	957.1910	1610.3333	3734.6665	
234	1483.457	452.9172	1061.0000	2602.0000	
235	1488.365	250.6423	1628.6665	2888.3335	
236	1493.265	203.7002	969.6667	2103.3335	
237	1498.157	164.0687	1704.6666	2744.0000	
238	1503.041	165.1146	1059.6666	2052.6667	
239	1507.917	122.7001	1500.6666	2413.3333	
240	1512.785	90.7858	862.3333	1683.0000	
241	1517.645	98.0381	1455.0000	2304.3333	
242	1522.496	112.4571	1262.3334	2051.0000	
243	1527.340	151.7092	1956.3335	2746.3333	
244	1532.175	207.2953	1310.6666	2118.3335	
245	1537.002	211.6074	1934.6667	2752.6665	
246	1541.822	175.0522	1303.0000	2123.3333	
247	1546.633	244.8298	1912.0000	2841.0000	
248	1551.435	345.2745	1332.6666	2401.0000	
249	1556.230	635.2205	1942.3333	3374.0000	
250	1561.016	1282.8335	1370.0000	3522.6665	
251	1565.795	1595.7803	1847.3333	4386.3335	
252	1570.565	929.7266	1575.6667	3522.0000	
253	1575.327	386.5054	1862.3335	3319.0000	
254	1580.080	232.2854	1396.3333	2752.3335	
255	1584.825	141.0635	1955.0000	3273.3333	
256	1589.562	78.8428	1229.3333	2539.0000	
257	1594.291	48.7051	1814.0000	3083.0000	
258	1599.012	97.4001	1227.0000	2662.3333	
259	1603.724	260.7149	1726.0000	3397.6665	
260	1608.428	607.5244	1525.6667	3578.3335	
261	1613.124	867.4561	1915.6666	4289.3335	
262	1617.811	1010.3870	1821.6667	4399.3335	
263	1622.490	1124.9854	1923.0000	4676.3335	
264	1627.161	1619.5833	1476.3333	4785.3330	
265	1631.823	2511.3416	1794.3333	6032.6670	
266	1636.477	3265.2029	1246.0000	6255.0000	
267	1641.123	3687.6814	2108.0000	7557.0000	
268	1645.760	4269.8252	1297.6666	7346.3330	
269	1650.389	3463.9612	1866.6667	7035.3340	
270	1655.009	2611.0969	1429.3334	5671.0000	
271	1659.621	2313.2327	1984.0000	5853.6665	
272	1664.225	2276.3684	1469.0000	5227.6670	
273	1668.820	2689.8367	2071.0000	6169.0000	
274	1673.406	2962.3054	1366.3333	5662.6665	
275	1677.985	3056.1086	1678.6667	5994.6670	
276	1682.554	2007.2439	1538.6666	4731.6665	
277	1687.116	853.4742	1765.6667	3717.0000	
278	1691.668	294.3721	1405.3333	2709.6667	
279	1696.213	174.6025	1914.6665	3011.3335	
280	1700.749	129.0513	1297.0000	2273.6667	
281	1705.276	133.9060	1859.0000	2746.6665	
282	1709.794	90.0950	1260.0000	2010.0000	
283	1714.305	182.6187	1799.0000	2547.6667	
284	1718.806	236.8073	1176.0000	1885.0000	
285	1723.299	224.6346	1898.0000	2564.0000	
286	1727.784	215.1283	1065.0000	1701.0000	
287	1732.260	234.6955	1684.3335	2323.6667	
288	1736.727	222.4422	1258.6666	1820.0000	
289	1741.186	234.8759	1651.6667	2234.3333	
290	1745.636	238.9144	1024.0000	1613.3335	
291	1750.077	233.2653	1762.3335	2316.0000	
292	1754.510	246.9081	1134.6666	1666.0000	
293	1758.934	281.6435	1681.0000	2255.3333	
294	1763.349	282.7541	782.3334	1363.6667	
295	1767.756	293.7812	1546.3333	2072.0000	
296	1772.154	309.0587	1028.3334	1587.6667	
297	1776.544	300.0190	1421.0000	1978.3335	
298	1780.924	270.2709	654.3333	1169.0000	
299	1785.296	256.1271	1427.3333	1949.3333	
300	1789.659	237.8161	644.6667	1114.3334	
301	1794.014	216.6174	1411.3333	1909.6667	
302	1798.360	222.0166	1104.3333	1543.3333	
303	1802.697	228.1656	1678.3333	2148.3333	
304	1807.025	272.2315	1172.0000	1680.6667	
305	1811.344	268.9637	1157.3334	1657.3333	
306	1815.655	233.3632	840.6666	1299.6667	
307	1819.957	237.0954	1505.0000	1962.3333	
308	1824.250	216.7752	898.0000	1319.0000	
309	1828.534	234.9712	1736.6667	2173.6667	
310	1832.809	282.1672	892.6666	1374.6666	
311	1837.076	261.3631	1331.0000	1790.0000	
312	1841.333	233.8920	959.0000	1388.3334	
313	1845.582	245.8861	1079.3333	1502.6666	
314	1849.822	255.3595	1070.0000	1535.3333	
315	1854.053	255.1036	1358.6667	1807.0000	
316	1858.275	253.5355	864.0000	1311.6667	
317	1862.488	261.6903	1150.6667	1630.6666	
318	1866.692	265.0327	690.6666	1114.6666	
319	1870.888	269.5417	932.6666	1402.0000	
320	1875.074	266.9049	205.0000	650.3333	
321	1879.251	222.7473	953.0000	1349.6666	
322	1883.420	233.7818	323.6667	738.0000	
323	1887.579	246.4370	693.6667	1115.6667	
324	1891.730	248.5920	191.6667	631.0000	
325	1895.871	236.2701	949.0000	1356.6666	
326	1900.004	235.4482	336.3333	744.0000	
327	1904.127	244.8763	949.3333	1380.6667	
328	1908.241	244.0547	380.0000	795.6666	
329	1912.347	253.4471	1016.0000	1403.0000	
330	1916.443	270.8061	508.6667	942.6666	
331	1920.530	261.9984	839.3333	1278.3333	
332	1924.609	256.0242	349.0000	751.6666	
333	1928.678	254.3516	1033.0000	1456.6666	
334	1932.738	259.5123	366.0000	774.6666	
335	1936.788	263.5897	852.6666	1268.6666	
336	1940.830	260.8338	330.3333	737.3334	
337	1944.863	249.5779	784.3334	1162.6666	
338	1948.886	257.9052	460.0000	857.0000	
339	1952.901	263.9826	800.3334	1184.6667	
340	1956.906	268.0600	86.0000	510.0000	
341	1960.902	261.1474	435.6667	822.0000	
342	1964.888	233.1515	260.6667	614.3333	
343	1968.866	217.9190	441.0000	785.6666	
344	1972.834	227.5500	-87.0000	246.3333	
345	1976.793	248.0547	337.3333	706.3333	
346	1980.743	271.7261	-166.0000	225.0000	
347	1984.684	267.7308	179.3333	564.6667	
348	1988.616	247.7361	-13.3333	350.3333	
349	1992.538	245.8181	655.6667	1020.0000	
350	1996.451	251.2103	-206.0000	179.3333	
351	2000.354	242.6331	385.6667	732.3334	
352	2004.249	242.5143	-344.0000	20.6667	
353	2008.134	247.5621	325.0000	654.0000	
354	2012.009	261.0474	-350.3333	48.6667	
355	2015.876	257.5118	370.3333	751.3334	
356	2019.733	261.8716	-79.0000	301.3333	
357	2023.580	283.0690	1840.6665	2253.6665	
358	2027.419	302.9330	1446.0000	1877.3333	
359	2031.248	281.1304	2115.0000	2523.0000	
360	2035.067	259.6607	-112.0000	273.0000	
361	2038.878	234.5537	309.3333	666.3334	
362	2042.678	230.1133	-358.0000	-8.3333	
363	2046.470	222.0062	271.6667	610.3333	
364	2050.252	219.3452	-392.3333	-48.0000	
365	2054.024	252.1878	295.6667	673.0000	
366	2057.787	252.6971	-292.3333	85.6667	
367	2061.541	252.4564	249.6667	639.0000	
368	2065.285	241.3824	-295.0000	72.0000	
369	2069.020	220.4750	266.3333	596.3334	
370	2072.745	236.2343	-181.6667	175.3333	
371	2076.461	264.2199	1397.6666	1728.6667	
372	2080.167	278.7684	2293.3333	2724.0000	
373	2083.864	290.1359	3318.3335	3716.3335	
374	2087.551	291.6701	1764.0000	2179.6667	
375	2091.228	259.8710	210.6667	581.0000	
376	2094.896	239.7389	-248.3333	100.3333	
377	2098.555	222.5304	312.0000	641.3333	
378	2102.204	240.9886	-34.3333	271.3333	
379	2105.843	297.4467	379.0000	779.0000	
380	2109.473	247.2384	-273.3333	74.3333	
381	2113.093	241.3629	-642.0000	-317.6667	
382	2116.703	244.4041	-151.0000	212.6667	
383	2120.304	244.6953	246.6667	563.0000	
384	2123.895	242.0698	-535.3334	-190.6667	
385	2127.477	233.4802	171.0000	481.3334	
386	2131.049	239.4520	-416.0000	-78.0000	
387	2134.611	251.8406	128.0000	438.6667	
388	2138.163	273.3121	-386.6667	-29.3333	
389	2141.706	263.3909	307.0000	655.6667	
390	2145.239	227.4696	-412.3333	-98.3333	
391	2148.763	218.8818	271.3333	578.0000	
392	2152.276	253.7425	-598.3334	-266.6667	
393	2155.780	258.2214	99.0000	437.0000	
394	2159.275	265.2004	-278.3333	90.6667	
395	2162.759	260.9293	376.3333	698.0000	
396	2166.234	255.3037	-280.3333	78.3333	
397	2169.698	258.1660	172.6667	501.0000	
398	2173.154	259.3824	-392.3333	-47.0000	
399	2176.599	261.4945	216.6667	547.0000	
400	2180.034	264.3567	-177.3333	174.6667	
401	2183.460	254.3022	470.6667	796.0000	
402	2186.876	233.8311	-286.0000	16.0000	
403	2190.282	243.6933	37.6667	346.6667	
404	2193.678	252.8892	-361.6667	-46.3333	
405	2197.064	255.1248	240.6667	558.6667	
406	2200.440	247.7656	-351.0000	-29.0000	
407	2203.807	241.5513	269.6667	581.3334	
408	2207.164	239.5035	-304.6667	31.3333	
409	2210.510	232.7700	371.6667	673.0000	
410	2213.847	235.2448	-354.6667	-56.6667	
411	2217.174	251.9488	332.0000	697.3333	
412	2220.491	251.2357	-146.6667	167.6667	
413	2223.798	268.7871	1044.3333	1425.0000	
414	2227.094	266.7247	164.6667	472.3333	
415	2230.381	264.4330	727.6666	1129.6666	
416	2233.658	265.7664	-549.3334	-236.6667	
417	2236.925	264.1206	239.3333	591.0000	
418	2240.182	255.3915	-498.0000	-152.0000	
419	2243.429	242.7457	15.3333	350.3333	
420	2246.666	235.4337	-356.3333	-27.0000	
421	2249.893	220.6414	297.6667	612.6666	
422	2253.110	238.1824	-443.3333	-110.3333	
423	2256.317	279.3902	247.0000	621.6667	
424	2259.513	276.2648	-370.6667	1.3333	
425	2262.700	266.1171	217.3333	574.6667	
426	2265.876	266.7609	-134.6667	224.6667	
427	2269.043	251.2591	369.3333	732.3334	
428	2272.199	240.9064	-316.6667	28.3333	
429	2275.345	246.3699	193.0000	529.0000	
430	2278.481	247.0833	-345.3333	50.3333	
431	2281.607	247.4635	354.3333	678.0000	
432	2284.723	243.7602	-373.6667	-27.3333	
433	2287.828	243.7237	235.6667	587.6667	
434	2290.924	254.2510	-386.0000	-50.6667	
435	2294.009	254.9985	242.6667	592.6667	
436	2297.083	257.6628	-544.6666	-202.0000	
437	2300.148	256.3240	322.3333	677.0000	
438	2303.203	252.4018	-434.0000	-88.3333	
439	2306.247	243.8130	30.0000	343.3333	
440	2309.281	244.8079	-564.0000	-191.6667	
441	2312.305	252.1249	389.6667	712.0000	
442	2315.318	252.6085	-278.6667	76.3333	
443	2318.322	246.1754	148.6667	489.3333	
444	2321.314	251.5751	-510.6667	-173.6667	
445	2324.297	264.6814	382.0000	736.3333	
446	2327.269	265.0378	-506.6667	-156.3333	
447	2330.231	259.7276	226.3333	567.0000	
448	2333.183	238.6216	-405.3333	-79.0000	
449	2336.124	236.6881	14.0000	314.6667	
450	2339.055	240.0048	-348.6667	-8.3333	
451	2341.976	244.3213	430.3333	743.3334	
452	2344.886	251.8885	-560.0000	-237.6667	
453	2347.786	251.3623	356.6667	690.3333	
454	2350.675	244.2945	-406.3333	-89.0000	
455	2353.554	250.7504	227.6667	533.3333	
456	2356.423	249.4135	-462.0000	-120.0000	
457	2359.281	247.7985	262.6667	553.3333	
458	2362.128	249.0792	-266.0000	50.3333	
459	2364.966	255.1516	230.6667	533.0000	
460	2367.792	258.7032	-235.3333	100.6667	
461	2370.609	260.5181	102.6667	435.0000	
462	2373.415	262.5831	-237.6667	96.0000	
463	2376.210	265.3981	315.0000	609.0000	
464	2378.995	266.3172	-399.0000	-70.3333	
465	2381.769	270.2155	106.0000	434.0000	
466	2384.533	258.2596	-316.6667	-9.6667	
467	2387.286	251.4913	255.6667	569.0000	
468	2390.029	224.4730	-529.6667	-269.0000	
469	2392.760	240.5132	225.3333	510.6666	
470	2395.482	246.6465	-332.3333	-38.6667	
471	2398.193	244.1130	352.0000	635.0000	
472	2400.893	241.4128	-610.3333	-320.6667	
473	2403.583	237.0044	255.0000	516.0000	
474	2406.262	237.2626	-399.6667	-131.0000	
475	2408.931	243.5209	333.6667	584.6667	
476	2411.589	267.4203	-366.3333	-90.0000	
477	2414.236	263.9047	321.0000	592.6667	
478	2416.872	260.1393	-444.0000	-190.6667	
479	2419.498	261.2904	83.0000	363.6667	
480	2422.113	257.0250	-389.3334	-128.0000	
481	2424.718	249.1761	239.6667	492.0000	
482	2427.312	248.4940	-435.6667	-199.6667	
483	2429.895	250.3119	207.0000	468.3333	
484	2432.467	255.8796	988.0000	1240.3333	
485	2435.029	259.1599	237.0000	492.0000	
486	2437.580	261.2736	-673.6667	-420.0000	
487	2440.120	264.2206	96.3333	359.0000	
488	2442.649	261.0841	-409.6667	-160.6667	
489	2445.167	253.8633	41.0000	281.0000	
490	2447.675	243.2854	-512.3333	-284.6667	
491	2450.172	251.1756	379.3333	624.0000	
492	2452.658	250.6279	-369.6667	-115.6667	
493	2455.134	245.0584	290.3333	525.3333	
494	2457.598	247.0723	-567.6666	-332.3333	
495	2460.052	253.7529	278.0000	518.3334	
496	2462.495	254.1000	-317.6667	-78.6667	
497	2464.927	259.5514	427.6667	647.6667	
498	2467.348	268.4610	-427.0000	-177.0000	
499	2469.758	264.8915	424.0000	710.3334	
500	2472.157	253.0723	-339.6667	-120.0000	
501	2474.546	235.6909	26.3333	249.3333	
502	2476.923	218.2262	-420.6667	-224.6667	
503	2479.290	238.4283	240.0000	456.0000	
504	2481.645	246.9636	-369.6667	-145.3333	
505	2483.990	241.6449	195.6667	471.6667	
506	2486.323	227.3677	-336.6667	-132.3333	
507	2488.646	239.5696	209.6667	426.0000	
508	2490.958	271.7300	-637.0000	-376.3333	
509	2493.258	269.9320	251.3333	510.0000	
510	2495.548	297.8423	-288.6667	-14.6667	
511	2497.827	232.3777	-70.6667	137.6667	
