resultName	muna11-13
resultName	muna11-13
ID	RS20191212100113_P19331194
Command	SCANANDSEARCH
User	Admin
Application	_Analyze
SerialNumber	P19331194
Power	280
Integration	900
Averages	3
AutoExposure	Off
AutoCollect	Off
QuickCollect	Off
AutoBackground	On
BaselineCorrection	On
Algorithm	Wavelet
Searched Library	All,None,None,None
MixtureComponents	2
matchThreshold	0.75
displayMatches	1
Threshold	0.80
WL Start	
WL End	
ServerVersion	3.180316
FirmwareVersion	
date	2019-12-12
time	10:01:13
scanindex	0
specpath	RS20191212100113_P19331194.xml
Search Range	200 - 2500
Synced	false
lastCalDateTime	2019-12-12 08:43:43
lastCalUser	Admin
lastCalResult	PASS
lastVerifyDateTime	2019-10-16 15:05:37
lastVerifyUser	Admin
lastVerifyResult	PASS
selectedMaterial	
result	No Match
ValidationGUID	
ValidationMatchQuality	
topMatch	
topMatchGUID	
topMatchQuality	
secondMatch	
secondMatchGUID	
secondMatchQuality	
thirdMatch	
thirdMatchGUID	
thirdMatchQuality	
fourthMatch	
fourthMatchGUID	
fourthMatchQuality	
fifthMatch	
fifthMatchGUID	
fifthMatchQuality	
signedBy	
signedDateTime	
softwareVer	1.7.0.21
memo	
batchID	
inBatch	false
batchUID	
batchCID1	
batchCIDlbl1	
batchCID2	
batchCIDlbl2	
batchCID3	
batchCIDlbl3	
batchCID4	
batchCIDlbl4	
batchCID5	
batchCIDlbl5	
signedTitle	
signedReason	
rescanned	
barcode	
topMatchContribs	
secondMatchContribs	
thirdMatchContribs	
fourthMatchContribs	
fifthMatchContribs	
ValidationMatchContribs	
Threat	
PrecursorList	
CompundName	
WindowStart4C	
MatchLibrary	
lastModified	2019/12/12 10:04
Signal2Noise	67.38
Detector TEC SetPoint	0x8000
Detector Temp	4.97
Laser Temp	24.85
OE1 Temp	31.44
OE2 Temp	35.06
Detector Gain	200
SaturationDetected	false
InterpolatedPixelList	
PeakList	 282.6	1079	291.6	1068	335.3	971	397.5	909	443.6	714	480.2	762	645.4	3023	678.2	1297	751.6	1049	803.9	825	839.8	959	959.3	817	1092.5	774	1127.0	1049	1141.6	940	1208.0	766	1248.8	743	1312.7	592	1365.9	1498	1376.5	1375	1457.4	5973	1618.4	1078	1644.2	3925	1677.2	2900	1711.4	1242
index	Raman Shift (cm-1)	Y value (counts)	background (counts)	raw value (counts)
0	137.923	590.9132	28477.6641	31960.0000	
1	144.410	453.7850	29917.0000	33176.6641	
2	150.891	217.3285	31285.3359	34223.0000	
3	157.367	324.2083	31312.6680	34271.6680	
4	163.837	483.7519	31435.0000	34468.0000	
5	170.302	528.6274	33388.0000	36380.3320	
6	176.762	515.8391	33140.3359	36034.3359	
7	183.215	358.7186	32177.6641	34829.0000	
8	189.664	292.9262	31532.0000	34032.0000	
9	196.106	345.4701	34074.3320	36541.3320	
10	202.544	360.0097	34102.3359	36498.3320	
11	208.975	434.8892	34675.0000	37060.3320	
12	215.401	457.4329	33922.3320	36244.6641	
13	221.822	418.6899	34839.0000	37062.3359	
14	228.236	353.6138	35839.3359	37925.3320	
15	234.646	274.2284	35754.3320	37764.3320	
16	241.049	149.5068	32148.6680	34037.3359	
17	247.447	285.1133	33998.3359	36026.0000	
18	253.839	287.7238	31641.3359	33675.0000	
19	260.226	299.3380	33448.6641	35497.3320	
20	266.607	314.9448	30431.0000	32498.6641	
21	272.982	496.2507	34426.0000	36716.6680	
22	279.352	1078.8848	33033.3359	35948.3359	
23	285.716	1032.5227	31291.3320	34201.6680	
24	292.074	1067.8248	30717.6641	33705.0000	
25	298.426	1019.8220	30007.3359	32982.6680	
26	304.773	911.4949	30311.6641	33214.6680	
27	311.114	712.8258	32012.6660	34753.0000	
28	317.449	768.6486	28502.3359	31352.0000	
29	323.779	802.8359	29461.0000	32292.0000	
30	330.102	881.6871	30038.0000	32895.0000	
31	336.420	971.2065	29733.0000	32626.6680	
32	342.732	945.7258	30186.3320	33001.6680	
33	349.039	407.9072	28182.6680	30407.3340	
34	355.339	203.4246	25322.0000	27289.3320	
35	361.634	114.7036	31384.3320	33192.6641	
36	367.923	219.1965	25234.6680	26920.0000	
37	374.205	351.3870	26042.3320	28019.3359	
38	380.483	905.4018	27511.6680	30028.0000	
39	386.754	695.0884	27381.0000	29672.3320	
40	393.019	595.7766	22538.3340	24715.6680	
41	399.278	909.3336	25718.6641	28191.6660	
42	405.532	607.8886	22590.0000	24743.6680	
43	411.779	263.4417	15307.6680	17099.0000	
44	418.021	346.9984	18885.0000	20742.0000	
45	424.257	406.5471	17692.0000	19574.0000	
46	430.487	424.5129	13322.3340	15165.6660	
47	436.710	555.8952	8482.6670	10494.6660	
48	442.928	714.1950	8252.3330	10404.6660	
49	449.140	701.8041	13639.0000	15778.0000	
50	455.346	518.2334	8896.0000	10828.3340	
51	461.546	161.9956	7704.3330	9257.3340	
52	467.739	381.4235	7337.6670	8852.3330	
53	473.927	663.4223	10780.6670	12778.0000	
54	480.109	761.7546	5893.6670	7955.3330	
55	486.285	588.4214	3614.0000	5468.3335	
56	492.454	432.6777	7049.0000	8698.0000	
57	498.618	270.8398	8674.0000	10048.6660	
58	504.775	253.1688	8377.6670	9815.0000	
59	510.926	287.9145	4139.3330	5488.0000	
60	517.072	361.9935	6386.6670	7826.0000	
61	523.211	500.6862	7649.6670	9190.0000	
62	529.344	523.3798	4950.3330	6475.6670	
63	535.471	456.0715	6320.6670	7741.0000	
64	541.591	319.4312	4040.0000	5286.0000	
65	547.706	367.4571	8309.0000	9551.6670	
66	553.814	405.1499	14784.0000	16080.0000	
67	559.917	427.1752	15383.0000	16623.6660	
68	566.013	407.2019	10461.0000	11644.0000	
69	572.102	374.4285	6515.0000	7629.6670	
70	578.186	361.4116	2878.0000	4124.3335	
71	584.263	245.8365	2148.0000	3207.3335	
72	590.334	84.7610	4310.6670	5233.0000	
73	596.399	206.4612	9046.0000	10149.3330	
74	602.458	591.1625	11992.6660	13540.0000	
75	608.510	972.5288	11249.0000	13237.0000	
76	614.556	1390.8953	13413.0000	15878.6660	
77	620.596	1468.3533	13791.3320	16363.6680	
78	626.630	1106.0208	11389.3330	13627.3320	
79	632.657	1484.0271	9145.3330	11789.3340	
80	638.677	1961.6974	9871.3330	13021.0000	
81	644.692	3023.0352	12524.0000	16763.0000	
82	650.700	2855.0391	10354.6660	14453.6660	
83	656.702	1668.0437	5349.0000	8289.0000	
84	662.697	1164.7145	4765.3335	7230.0000	
85	668.686	1000.5281	5037.0000	7319.6670	
86	674.669	1283.0077	2764.0000	5311.3335	
87	680.645	1296.8208	4319.3335	6862.6670	
88	686.615	724.2998	8925.0000	10878.0000	
89	692.578	334.7676	7904.6660	9441.0000	
90	698.535	366.2342	4774.0000	6298.6665	
91	704.486	377.1530	7197.3330	8841.6660	
92	710.430	324.5953	7405.6670	8863.0000	
93	716.368	175.7425	6229.3330	7548.3330	
94	722.299	278.2229	7662.0000	9094.0000	
95	728.223	608.3703	6478.6660	8251.3330	
96	734.141	815.1836	7375.6670	9365.6670	
97	740.053	872.6639	9305.0000	11363.0000	
98	745.958	996.6577	9520.3330	11697.6670	
99	751.857	1049.3040	12102.6660	14351.6660	
100	757.749	950.9502	9852.0000	12021.6660	
101	763.634	791.8972	12354.0000	14355.3340	
102	769.513	489.1764	10838.6660	12528.0000	
103	775.385	235.1215	10784.0000	12210.0000	
104	781.251	155.0678	10795.3330	12132.0000	
105	787.110	328.1054	12433.6680	13931.3340	
106	792.963	421.4779	12475.0000	14054.0000	
107	798.809	682.1846	14514.0000	16341.6680	
108	804.648	824.5551	12806.6660	14764.6660	
109	810.481	616.0654	12840.3320	14616.0000	
110	816.307	279.5723	10745.6670	12211.0000	
111	822.126	222.0814	11813.0000	13247.0000	
112	827.938	291.6393	11552.0000	13099.0000	
113	833.744	683.2733	12450.3330	14419.0000	
114	839.544	958.9064	11850.0000	14124.3330	
115	845.336	459.5401	12824.6660	14629.6660	
116	851.122	457.2359	11636.3330	13330.0000	
117	856.901	496.3339	12506.3340	14384.0000	
118	862.673	456.1618	12030.0000	13873.3330	
119	868.439	456.5594	11770.0000	13600.3340	
120	874.198	395.3983	9556.6670	11313.6670	
121	879.950	263.0926	9347.6660	10949.3340	
122	885.695	371.7850	9412.6660	11100.0000	
123	891.434	517.4775	10582.0000	12392.0000	
124	897.165	484.0872	10354.6670	12203.6660	
125	902.890	423.1846	8253.3330	9921.3340	
126	908.608	282.5305	8049.3330	9552.0000	
127	914.319	344.5426	9309.3340	10849.3330	
128	920.024	398.2235	7729.6670	9298.6670	
129	925.721	392.2365	8578.3340	10116.6670	
130	931.412	374.2495	6344.3340	7840.0000	
131	937.095	269.5964	6236.6670	7603.0000	
132	942.772	323.9424	6238.6670	7634.6660	
133	948.442	476.4864	6495.6670	8035.3330	
134	954.105	787.8599	4975.6670	6810.6670	
135	959.761	817.2325	5979.6670	7828.0000	
136	965.410	546.2729	5598.3335	7159.6670	
137	971.053	484.3232	5376.6665	6817.3330	
138	976.688	484.0403	3685.0000	5226.0000	
139	982.316	439.7571	4261.6670	5717.3335	
140	987.937	403.4827	4479.3335	5884.6665	
141	993.552	360.6242	4458.6665	5871.0000	
142	999.159	298.8486	3949.0000	5300.0000	
143	1004.759	306.4072	4630.3330	6013.6670	
144	1010.352	407.2982	4016.6665	5525.6670	
145	1015.939	397.4391	4273.3335	5800.6665	
146	1021.518	376.4135	4355.0000	5848.3330	
147	1027.090	361.3880	4496.6665	6062.6670	
148	1032.655	336.6127	4119.0000	5643.0000	
149	1038.213	330.2563	4896.0000	6462.3335	
150	1043.764	431.8999	4459.3335	6204.3335	
151	1049.307	396.6270	4909.6670	6643.6660	
152	1054.844	425.7699	3832.6665	5559.3335	
153	1060.373	421.2515	5353.3335	7173.3335	
154	1065.896	368.6150	5265.0000	7055.0000	
155	1071.411	396.3262	5739.3330	7588.6670	
156	1076.919	646.2028	5847.6665	7972.0000	
157	1082.420	569.3155	6255.3330	8301.6670	
158	1087.914	611.1771	4834.6665	6775.6660	
159	1093.400	774.2058	6829.0000	9078.0000	
160	1098.880	638.3185	7195.6665	9307.6670	
161	1104.352	307.4760	8053.0000	9813.0000	
162	1109.817	334.8021	7324.3335	9089.6670	
163	1115.274	569.1273	8260.6670	10238.3330	
164	1120.725	795.1215	7562.0000	9743.6670	
165	1126.168	1049.2788	8673.3330	11071.6660	
166	1131.604	883.4371	8679.3330	10874.3330	
167	1137.032	855.9283	9303.6670	11433.6670	
168	1142.453	940.0875	8365.0000	10541.6670	
169	1147.868	832.1263	9802.0000	11845.6660	
170	1153.274	561.8346	10077.0000	11825.3340	
171	1158.674	399.8751	10318.3330	11879.6670	
172	1164.066	288.9139	10072.0000	11497.3330	
173	1169.450	266.3673	12143.0000	13566.3330	
174	1174.828	257.0704	11580.0000	12909.6660	
175	1180.198	350.7579	13164.6660	14724.6660	
176	1185.560	389.4160	12748.3340	14430.3340	
177	1190.916	338.4907	13505.6660	15124.3320	
178	1196.263	375.6493	13635.0000	15246.0000	
179	1201.604	626.0575	14881.3340	16920.3340	
180	1206.937	766.1329	14122.0000	16352.0000	
181	1212.262	721.9423	15617.3340	17833.6660	
182	1217.581	627.6608	15494.3320	17632.6680	
183	1222.891	614.1031	16653.6660	18808.6680	
184	1228.194	547.5433	16881.6660	19000.3320	
185	1233.490	361.5716	18467.0000	20448.6660	
186	1238.778	414.9337	18466.0000	20382.6660	
187	1244.059	600.9624	18808.0000	21127.0000	
188	1249.333	742.6573	19262.6660	21772.3340	
189	1254.598	573.4315	21680.3340	24071.0000	
190	1259.856	307.2075	21171.6680	23346.3340	
191	1265.107	239.6511	23154.3340	25311.6680	
192	1270.350	455.0930	23465.0000	25888.0000	
193	1275.586	307.8692	25022.6680	27348.6680	
194	1280.814	397.3126	24457.0000	26922.6680	
195	1286.034	575.7528	26023.3359	28717.6680	
196	1291.247	493.7833	26091.3320	28774.3320	
197	1296.452	240.4298	27997.3320	30504.0000	
198	1301.650	164.0768	27750.0000	30257.3359	
199	1306.840	421.3834	29461.0000	32302.6641	
200	1312.022	591.6945	29321.6680	32410.6641	
201	1317.197	374.6591	30707.0000	33623.6680	
202	1322.364	318.9484	30530.0000	33435.6641	
203	1327.523	756.9227	31884.6680	35247.0000	
204	1332.674	975.9725	31538.0000	35146.6641	
205	1337.818	1088.4586	33325.0000	37062.0000	
206	1342.955	608.2769	32489.3320	35762.0000	
207	1348.083	374.7589	34364.3359	37419.3359	
208	1353.204	313.2411	33474.3320	36483.6641	
209	1358.317	878.0595	35754.6680	39344.6680	
210	1363.422	1497.5417	35278.0000	39503.3320	
211	1368.520	1448.6957	36999.3320	41191.6680	
212	1373.610	1365.1774	36342.6641	40467.3320	
213	1378.692	1375.4347	37931.3320	42087.3359	
214	1383.766	1011.6801	37041.3359	40854.6641	
215	1388.832	425.2733	38768.3320	42016.3320	
216	1393.891	54.8615	37724.3320	40623.0000	
217	1398.942	0.0000	39452.6680	42303.3359	
218	1403.984	315.8007	38245.3320	41379.6641	
219	1409.020	745.2723	39913.0000	43444.6680	
220	1414.047	1331.7426	38684.3320	42770.3320	
221	1419.066	1771.1838	40455.3359	44953.0000	
222	1424.078	2113.6343	39489.3320	44301.6680	
223	1429.081	2924.4077	40849.0000	46444.3320	
224	1434.077	3902.0435	39885.6680	46403.0000	
225	1439.065	4293.7480	41413.0000	48269.0000	
226	1444.045	4794.4473	40416.3359	47720.0000	
227	1449.016	5333.8203	41806.0000	49596.0000	
228	1453.980	5843.1860	40400.6680	48647.0000	
229	1458.936	5973.3687	42092.6641	50351.3359	
230	1463.885	4290.5425	40051.6641	46509.6680	
231	1468.825	2516.3838	41136.6641	45702.6680	
232	1473.757	1497.2230	39427.0000	42856.0000	
233	1478.681	974.1259	40601.6680	43407.0000	
234	1483.597	526.3646	38948.0000	41205.0000	
235	1488.505	401.2684	40961.6680	42993.0000	
236	1493.405	324.8387	39633.3320	41487.6641	
237	1498.297	297.8085	41706.0000	43467.0000	
238	1503.181	224.7140	40541.6641	42176.3359	
239	1508.057	241.6182	39360.6680	40970.6680	
240	1512.924	108.1976	33426.3320	34861.3359	
241	1517.784	289.1018	38622.6680	40197.0000	
242	1522.635	333.0094	41764.3359	43341.0000	
243	1527.479	392.1704	44667.3320	46286.6680	
244	1532.314	443.0814	43602.6680	45163.6641	
245	1537.142	424.3470	45498.6680	47118.6680	
246	1541.961	367.1840	44389.6641	46003.6680	
247	1546.772	314.2650	46307.0000	47877.6680	
248	1551.574	328.0140	45617.0000	47327.0000	
249	1556.369	232.6522	47733.3320	49457.0000	
250	1561.155	256.6176	46212.0000	48068.6641	
251	1565.933	242.2596	48080.3359	50031.6719	
252	1570.703	316.8920	47678.0000	49813.0000	
253	1575.465	382.1976	48648.3320	51007.0000	
254	1580.219	445.8304	46766.3359	49347.0000	
255	1584.964	671.8041	48090.3359	51055.3359	
256	1589.701	633.4413	45347.0000	48432.0000	
257	1594.430	770.4144	44925.0000	48305.3359	
258	1599.150	814.7157	44679.6680	48262.6680	
259	1603.863	806.4047	48569.6680	52330.6641	
260	1608.567	870.7162	47767.3320	51733.0000	
261	1613.262	1009.4557	49711.0000	53887.3359	
262	1617.949	1078.1866	49396.6680	53713.6641	
263	1622.629	1057.9349	50015.6641	54384.3359	
264	1627.299	1107.6625	48060.0000	52550.3281	
265	1631.961	1450.2672	48322.0000	53190.3359	
266	1636.615	2482.8770	46535.3320	52440.3320	
267	1641.261	3779.2778	49573.6641	56783.3281	
268	1645.898	3925.3579	48050.3320	55414.3359	
269	1650.527	2233.7275	49719.6641	55289.3359	
270	1655.147	878.4308	46942.6641	51054.3359	
271	1659.759	522.1241	49651.0000	53303.6641	
272	1664.363	913.4955	49074.3320	53015.6641	
273	1668.958	1747.5306	50255.6641	54928.3281	
274	1673.544	2570.9004	47589.3320	52982.6641	
275	1678.123	2899.9355	47469.0000	53088.6641	
276	1682.692	2079.6313	46424.6680	51121.3281	
277	1687.254	954.3405	46604.0000	50054.6641	
278	1691.806	454.0455	47591.0000	50420.6641	
279	1696.350	66.7533	50600.3359	52922.0000	
280	1700.886	278.2997	46323.6680	48761.0000	
281	1705.413	628.8055	46331.3320	48941.3359	
282	1709.932	1242.3036	44864.0000	47909.6680	
283	1714.442	1138.4696	49013.0000	51777.0000	
284	1718.944	681.9696	45169.3320	47299.0000	
285	1723.437	225.4813	43822.0000	45379.0000	
286	1727.921	186.4921	39326.0000	40650.3320	
287	1732.397	318.1975	45014.3320	46453.3359	
288	1736.864	282.7794	44459.0000	45746.0000	
289	1741.323	278.9444	42453.0000	43565.0000	
290	1745.773	342.2764	40037.0000	41310.6641	
291	1750.214	371.8564	44450.3320	45592.6641	
292	1754.647	387.1903	42469.3359	43692.0000	
293	1759.071	265.6273	40739.0000	41651.6641	
294	1763.486	409.8162	36384.0000	37401.3320	
295	1767.893	565.6759	41436.6641	42570.3359	
296	1772.291	543.1929	42850.0000	43921.6680	
297	1776.680	463.2517	37939.6680	38927.0000	
298	1781.061	450.3141	34023.0000	34993.0000	
299	1785.432	312.7086	34542.3320	35370.3320	
300	1789.796	359.7718	33659.6641	34530.3320	
301	1794.150	409.3822	36174.0000	37097.0000	
302	1798.495	448.4069	39556.6680	40513.6680	
303	1802.832	443.9315	39784.0000	40799.3320	
304	1807.160	396.1241	38677.0000	39571.6680	
305	1811.480	323.8130	34288.6680	35106.0000	
306	1815.790	295.8416	31567.3320	32351.6680	
307	1820.092	370.8633	32552.0000	33330.6680	
308	1824.385	468.0933	32974.6680	33905.3320	
309	1828.669	468.0394	35901.6680	36825.3320	
310	1832.944	392.6499	33427.3359	34268.6641	
311	1837.210	344.9323	29722.3359	30509.0000	
312	1841.468	470.5459	30690.3359	31595.6680	
313	1845.716	483.8468	33255.0000	34167.3320	
314	1849.956	464.8115	35390.3359	36277.3320	
315	1854.187	446.7841	33831.3320	34694.0000	
316	1858.409	403.8320	30983.3359	31810.0000	
317	1862.622	389.9663	28435.6680	29293.3320	
318	1866.826	363.8726	25063.0000	25769.6680	
319	1871.021	387.6736	21348.0000	22060.0000	
320	1875.207	394.6213	21724.0000	22463.3340	
321	1879.384	387.4236	21745.6660	22423.6680	
322	1883.552	254.1006	16020.6660	16557.0000	
323	1887.712	297.4865	14962.6660	15524.3320	
324	1891.862	398.2924	16901.6660	17649.0000	
325	1896.003	424.8186	19621.3340	20184.6660	
326	1900.135	419.7604	17799.0000	18504.3340	
327	1904.258	414.0780	23070.6660	23758.6680	
328	1908.372	395.1460	22784.0000	23446.6680	
329	1912.478	399.7387	20932.3340	21692.0000	
330	1916.574	283.0543	20485.6660	21021.3340	
331	1920.661	411.2023	18392.6660	19054.0000	
332	1924.738	468.3509	21203.0000	21919.0000	
333	1928.807	434.3033	21602.3340	22334.3340	
334	1932.867	433.6719	19152.3340	19712.3340	
335	1936.917	436.2070	16061.6660	16720.6680	
336	1940.959	474.9086	18330.3320	18983.0000	
337	1944.991	490.1102	20215.6660	20897.0000	
338	1949.014	497.5609	18816.3340	19470.3340	
339	1953.028	337.4285	14437.3340	14916.0000	
340	1957.033	345.3802	8365.0000	8763.3340	
341	1961.029	368.9189	9735.3330	10315.6670	
342	1965.015	398.2908	9923.6670	10352.0000	
343	1968.992	407.2489	8004.6670	8481.0000	
344	1972.960	375.4069	5822.3330	6241.6670	
345	1976.919	278.7130	2893.3335	3194.6665	
346	1980.869	370.6870	1493.3334	1865.3333	
347	1984.809	474.3275	2871.0000	3325.3330	
348	1988.740	393.3021	2375.6665	2727.6665	
349	1992.661	387.4104	1236.6666	1565.0000	
350	1996.574	404.5297	275.3333	610.3333	
351	2000.477	404.9760	855.6667	1177.0000	
352	2004.371	406.2974	-45.0000	315.0000	
353	2008.256	410.6606	460.6666	784.0000	
354	2012.131	411.1068	-226.0000	114.3333	
355	2015.997	408.3866	388.6667	725.6666	
356	2019.853	376.4991	-310.3333	-5.6667	
357	2023.701	403.3875	407.3333	703.6666	
358	2027.538	445.1095	-298.6667	59.6667	
359	2031.367	435.9148	301.0000	671.6666	
360	2035.186	424.4288	-300.0000	9.6667	
361	2038.996	424.4237	322.6667	650.6667	
362	2042.796	398.3768	-326.0000	-29.3333	
363	2046.587	361.0384	314.3333	573.6667	
364	2050.368	379.8008	-328.0000	-34.3333	
365	2054.140	390.6762	254.0000	572.6667	
366	2057.903	388.4682	-271.3333	34.3333	
367	2061.656	388.5103	257.0000	566.0000	
368	2065.399	387.9689	-276.0000	34.6667	
369	2069.133	401.7609	224.6667	551.3333	
370	2072.858	410.5530	-260.0000	77.6667	
371	2076.573	420.0142	361.0000	712.6667	
372	2080.278	403.1533	-279.0000	39.3333	
373	2083.974	400.9712	247.6667	564.0000	
374	2087.661	399.1225	-212.6667	89.0000	
375	2091.338	398.9405	73.6667	404.3333	
376	2095.005	394.0917	-253.0000	57.0000	
377	2098.663	398.8256	320.6667	607.3333	
378	2102.311	430.7262	-170.3333	175.3333	
379	2105.949	400.2100	241.0000	555.6667	
380	2109.578	380.0263	-378.6667	-84.6667	
381	2113.198	381.3456	-635.3333	-343.6667	
382	2116.807	406.9983	-117.0000	196.6667	
383	2120.407	425.6510	234.6667	563.3333	
384	2123.998	410.3036	-498.3333	-188.6667	
385	2127.579	390.4491	178.0000	480.0000	
386	2131.150	364.9912	-350.6667	-84.0000	
387	2134.711	368.3666	163.3333	442.3333	
388	2138.263	379.5763	-263.6667	-22.0000	
389	2141.805	399.5454	338.6667	637.3333	
390	2145.337	423.3480	-359.3333	-36.6667	
391	2148.859	415.4837	243.0000	558.0000	
392	2152.372	413.7848	-518.3333	-270.0000	
393	2155.875	411.5522	107.6667	444.6667	
394	2159.368	402.2361	-236.3333	54.3333	
395	2162.852	392.5868	402.0000	653.3333	
396	2166.326	397.5216	-252.6667	71.0000	
397	2169.790	407.8198	181.6667	449.0000	
398	2173.244	400.7847	-383.6667	-64.3333	
399	2176.688	401.3329	227.0000	517.3333	
400	2180.123	402.6311	-146.6667	146.6667	
401	2183.547	402.1793	478.3333	791.6667	
402	2186.962	397.7275	-280.0000	7.3333	
403	2190.367	393.5674	19.6667	292.6667	
404	2193.762	397.4482	-353.0000	-51.6667	
405	2197.147	396.5178	296.3333	550.0000	
406	2200.522	394.6210	-345.0000	-44.3333	
407	2203.888	404.6069	260.6667	573.0000	
408	2207.243	416.9259	-320.3333	6.0000	
409	2210.589	405.0719	316.3333	669.6667	
410	2213.924	378.8845	-363.0000	-70.6667	
411	2217.250	378.5305	330.6667	624.6667	
412	2220.565	392.0508	-342.3333	10.6667	
413	2223.871	406.4312	391.3333	672.6667	
414	2227.167	412.7917	-558.6667	-230.3333	
415	2230.453	415.7770	213.3333	503.3333	
416	2233.728	414.8457	-580.0000	-212.3333	
417	2236.994	390.1644	267.0000	564.0000	
418	2240.250	398.5664	-413.3333	-119.3333	
419	2243.495	407.3851	18.0000	375.3333	
420	2246.731	406.3712	-309.0000	-32.0000	
421	2249.957	392.9809	281.3333	617.3333	
422	2253.172	392.4240	-405.6667	-112.0000	
423	2256.377	394.7004	277.6667	583.6667	
424	2259.573	395.4770	-301.6667	5.6667	
425	2262.758	401.4865	300.3333	620.3333	
426	2265.933	401.3295	-45.0000	239.6667	
427	2269.098	413.8055	372.6667	714.6667	
428	2272.253	408.8410	-306.0000	39.0000	
429	2275.397	398.1436	197.6667	521.3333	
430	2278.532	394.8629	-279.6667	62.6667	
431	2281.656	393.5198	371.0000	679.0000	
432	2284.771	393.2183	-385.6667	-45.0000	
433	2287.875	395.1876	243.3333	565.3334	
434	2290.968	405.3645	-337.0000	18.0000	
435	2294.052	398.0428	248.6667	573.3333	
436	2297.125	403.9503	-543.6666	-235.3333	
437	2300.188	418.8563	293.0000	638.6666	
438	2303.241	417.5123	-394.6667	-28.3333	
439	2306.284	408.1683	38.6667	358.0000	
440	2309.316	408.1578	-448.6667	-102.6667	
441	2312.338	383.0173	557.6666	866.0000	
442	2315.350	369.2101	-25.3333	267.6667	
443	2318.352	380.4029	201.3333	504.0000	
444	2321.343	400.4285	-461.3333	-138.6667	
445	2324.323	405.9988	408.3333	730.0000	
446	2327.294	411.8191	-337.6667	0.0000	
447	2330.254	415.6394	473.3333	788.0000	
448	2333.204	405.8326	-247.0000	88.6667	
449	2336.144	404.5328	82.0000	408.6667	
450	2339.073	405.8996	-236.6667	114.3333	
451	2341.991	381.9331	497.6666	801.6666	
452	2344.900	396.1337	-520.6667	-224.0000	
453	2347.798	422.0408	391.0000	734.0000	
454	2350.685	402.4478	-306.3333	17.3333	
455	2353.562	392.8953	407.6667	686.6667	
456	2356.429	392.6062	-126.3333	175.6667	
457	2359.285	385.2245	595.0000	884.6666	
458	2362.130	354.7595	-114.3333	143.3333	
459	2364.966	385.2945	349.3333	636.0000	
460	2367.790	414.8287	67.3333	382.0000	
461	2370.604	420.7247	405.3333	723.0000	
462	2373.408	416.2872	-49.0000	261.3333	
463	2376.202	417.5164	628.3334	937.0000	
464	2378.984	417.0789	19.3333	324.6667	
465	2381.756	400.9748	227.0000	513.3333	
466	2384.518	404.7873	-229.0000	45.0000	
467	2387.269	407.6832	343.3333	646.6666	
468	2390.010	408.6629	-214.0000	71.3333	
469	2392.739	395.3777	585.6667	869.6667	
470	2395.458	380.8454	213.6667	477.3333	
471	2398.167	389.1466	677.6666	929.6667	
472	2400.865	402.4475	-520.0000	-246.3333	
473	2403.553	397.5193	300.0000	564.0000	
474	2406.229	391.4243	-258.3333	-30.0000	
475	2408.896	396.1627	540.0000	801.3334	
476	2411.551	414.1160	-224.6667	34.3333	
477	2414.196	399.9031	419.6667	657.3333	
478	2416.830	393.8568	-238.6667	-13.0000	
479	2419.453	393.8105	281.0000	527.3333	
480	2422.066	392.6809	-259.0000	-37.6667	
481	2424.668	399.7179	324.6667	566.6666	
482	2427.260	416.4217	-384.0000	-131.6667	
483	2429.840	418.2087	308.3333	499.3333	
484	2432.410	436.8911	938.3334	1292.3334	
485	2434.969	411.3311	373.0000	626.6667	
486	2437.517	401.0835	-525.6667	-300.6667	
487	2440.055	401.1693	228.6667	480.6667	
488	2442.581	400.9219	-335.6667	-106.0000	
489	2445.097	395.6669	94.3333	335.0000	
490	2447.602	368.8479	-405.3333	-194.6667	
491	2450.096	380.0782	453.6667	672.0000	
492	2452.580	411.2256	-265.6667	13.0000	
493	2455.052	413.8554	428.6666	662.0000	
494	2457.514	418.1519	-476.3333	-223.0000	
495	2459.965	389.8650	343.0000	554.6666	
496	2462.405	361.8282	-220.0000	-40.6667	
497	2464.834	389.9581	482.6667	661.3333	
498	2467.252	408.7545	-298.0000	-62.0000	
499	2469.659	414.4677	583.0000	801.6666	
500	2472.056	406.9303	-150.0000	87.3333	
501	2474.441	394.8096	190.3333	374.6667	
502	2476.816	387.1055	-261.0000	-72.3333	
503	2479.179	384.4846	359.0000	536.0000	
504	2481.532	382.2806	-311.6667	-98.3333	
505	2483.873	380.5765	224.0000	404.6666	
506	2486.204	386.6433	-297.6667	-111.0000	
507	2488.523	411.0017	272.0000	510.3333	
508	2490.832	409.2977	-528.3333	-301.0000	
509	2493.130	425.0102	342.0000	582.6667	
510	2495.416	439.9727	-139.0000	118.3333	
511	2497.692	363.9353	112.3333	295.3333	
