resultName	chilca1-5
resultName	chilca1-5
ID	RS20191205103226_P19331194
Command	SCANANDSEARCH
User	Admin
Application	_Analyze
SerialNumber	P19331194
Power	280
Integration	1000
Averages	3
AutoExposure	Off
AutoCollect	Off
QuickCollect	Off
AutoBackground	On
BaselineCorrection	On
Algorithm	Wavelet
Searched Library	All,None,None,None
MixtureComponents	2
matchThreshold	0.75
displayMatches	1
Threshold	0.80
WL Start	
WL End	
ServerVersion	3.180316
FirmwareVersion	
date	2019-12-05
time	10:32:26
scanindex	0
specpath	RS20191205103226_P19331194.xml
Search Range	200 - 2500
Synced	false
lastCalDateTime	2019-12-05 09:53:08
lastCalUser	Admin
lastCalResult	PASS
lastVerifyDateTime	2019-10-16 15:05:37
lastVerifyUser	Admin
lastVerifyResult	PASS
selectedMaterial	
result	No Match
ValidationGUID	
ValidationMatchQuality	
topMatch	
topMatchGUID	
topMatchQuality	
secondMatch	
secondMatchGUID	
secondMatchQuality	
thirdMatch	
thirdMatchGUID	
thirdMatchQuality	
fourthMatch	
fourthMatchGUID	
fourthMatchQuality	
fifthMatch	
fifthMatchGUID	
fifthMatchQuality	
signedBy	
signedDateTime	
softwareVer	1.7.0.21
memo	
batchID	
inBatch	false
batchUID	
batchCID1	
batchCIDlbl1	
batchCID2	
batchCIDlbl2	
batchCID3	
batchCIDlbl3	
batchCID4	
batchCIDlbl4	
batchCID5	
batchCIDlbl5	
signedTitle	
signedReason	
rescanned	
barcode	
topMatchContribs	
secondMatchContribs	
thirdMatchContribs	
fourthMatchContribs	
fifthMatchContribs	
ValidationMatchContribs	
Threat	
PrecursorList	
CompundName	
WindowStart4C	
MatchLibrary	
lastModified	2019/12/05 10:35
Signal2Noise	71.76
Detector TEC SetPoint	0x8000
Detector Temp	4.97
Laser Temp	25.39
OE1 Temp	33.00
OE2 Temp	37.06
Detector Gain	200
SaturationDetected	false
InterpolatedPixelList	
PeakList	 304.8	1206	329.9	912	427.0	844	525.0	688	560.2	996	651.3	993	759.7	4093	797.5	1489	889.7	734	1077.4	798	1155.1	901	1292.5	1086	1309.4	990	1376.8	1847	1436.2	6045	1564.7	1567	1614.2	1692	1645.0	4926	1676.6	4149
index	Raman Shift (cm-1)	Y value (counts)	background (counts)	raw value (counts)
0	137.714	372.6199	29340.3359	33400.3320	
1	144.215	286.5447	31309.0000	35164.3320	
2	150.711	237.4675	32705.3340	36393.0000	
3	157.202	305.7225	33256.3320	36893.6641	
4	163.686	409.3114	33429.3320	37051.6641	
5	170.165	594.9039	35609.6641	39299.0000	
6	176.638	557.8248	35310.3320	38844.0000	
7	183.106	484.4137	34800.0000	38141.6680	
8	189.567	433.3347	33951.0000	37123.0000	
9	196.023	439.2517	36537.3359	39596.6641	
10	202.474	384.5163	36291.6641	39177.6680	
11	208.918	316.7693	37347.6680	40047.3359	
12	215.357	289.0222	36511.6680	39065.0000	
13	221.790	242.5784	37779.6680	40219.6680	
14	228.217	282.8866	38327.3359	40727.6680	
15	234.638	135.3726	38881.6680	41132.3359	
16	241.054	188.1904	35226.3320	37527.6680	
17	247.464	214.3365	37208.0000	39533.3320	
18	253.868	394.8225	34680.6680	37184.3359	
19	260.266	526.9727	36637.3320	39271.0000	
20	266.658	359.4547	33564.3320	36028.3320	
21	273.044	241.6639	37534.3359	39909.3359	
22	279.425	242.1230	36233.3320	38543.0000	
23	285.799	277.4142	34978.6680	37447.0000	
24	292.168	625.9553	34311.6680	37157.3320	
25	298.531	912.0991	33844.6680	37012.3359	
26	304.888	1205.9070	33804.3320	37301.6680	
27	311.239	930.7111	35642.0000	38900.0000	
28	317.584	590.8490	32150.3359	35121.3359	
29	323.923	812.3417	33414.6680	36541.6641	
30	330.256	911.8466	33523.3320	36684.3359	
31	336.583	625.0033	33562.0000	36370.6641	
32	342.905	587.8359	33877.0000	36583.0000	
33	349.220	397.3328	32340.3359	34790.3359	
34	355.529	387.1634	29368.0000	31742.3340	
35	361.833	463.5331	35250.0000	37619.6680	
36	368.130	210.0863	29395.6641	31451.6680	
37	374.421	193.6417	30520.6641	32494.0000	
38	380.707	228.1983	31555.0000	33581.0000	
39	386.986	262.1726	31994.6680	33961.6680	
40	393.259	304.6467	27199.3320	29257.6641	
41	399.526	302.7738	30342.6680	32465.3359	
42	405.787	143.5673	27200.0000	29004.0000	
43	412.042	245.2780	19877.0000	21574.6660	
44	418.291	423.1563	23064.6660	25098.6680	
45	424.534	843.5773	21883.0000	24326.6660	
46	430.771	815.6697	17544.3320	19949.3340	
47	437.001	621.0916	11650.3330	13850.0000	
48	443.226	496.8492	11124.6660	13189.3340	
49	449.444	383.1241	17146.0000	19101.3340	
50	455.656	195.3704	12151.3330	13913.6670	
51	461.862	261.2819	10871.3330	12694.3320	
52	468.062	279.1955	10121.3330	11946.0000	
53	474.256	274.1745	14531.0000	16316.6660	
54	480.443	342.8201	8731.3330	10640.6660	
55	486.624	676.7991	5657.0000	7905.3330	
56	492.800	672.4017	9750.6660	11983.3340	
57	498.968	677.2505	11797.0000	14019.3340	
58	505.131	371.1012	11973.6660	13874.6680	
59	511.288	164.6149	6515.6670	8195.0000	
60	517.438	440.4646	9113.6660	11053.6660	
61	523.582	688.0237	10825.6670	12966.6660	
62	529.719	477.5846	7728.0000	9612.0000	
63	535.851	389.2282	9341.0000	11020.6670	
64	541.976	401.9553	6495.6670	8231.6670	
65	548.095	448.5153	11305.6660	13002.3340	
66	554.207	528.4923	19189.6660	20938.3340	
67	560.313	995.7183	20754.6660	22924.0000	
68	566.413	797.9443	15152.0000	17077.0000	
69	572.507	274.7038	9780.0000	11155.0000	
70	578.594	82.3034	4738.3335	5906.6665	
71	584.675	96.6829	3081.0000	4248.0000	
72	590.749	146.3958	6324.6670	7525.6670	
73	596.817	231.9773	12550.3340	13838.6660	
74	602.879	296.7281	16486.0000	17819.3340	
75	608.935	294.9775	16093.0000	17367.6680	
76	614.983	461.3930	18106.6660	19629.6660	
77	621.026	460.2141	18887.6660	20494.3340	
78	627.062	439.3051	16218.3340	17671.3340	
79	633.092	433.4800	13334.3320	14882.0000	
80	639.115	816.5691	14146.0000	16097.6660	
81	645.132	921.3279	17659.6660	19737.0000	
82	651.142	992.7520	15207.6670	17377.3340	
83	657.146	983.1758	8609.0000	10790.0000	
84	663.143	861.6010	7649.3330	9729.6670	
85	669.134	835.6284	8145.6670	10163.3330	
86	675.118	525.3242	4926.3335	6458.6670	
87	681.096	562.0195	6751.0000	8363.3330	
88	687.068	448.3820	13363.6660	14884.0000	
89	693.032	350.1167	12238.3330	13659.6660	
90	698.991	421.8519	7730.6670	9223.0000	
91	704.942	421.1253	11367.0000	12871.3340	
92	710.888	405.3125	11634.0000	13123.6660	
93	716.826	252.0163	10120.6670	11518.0000	
94	722.758	107.0544	11837.6660	13151.0000	
95	728.683	49.7562	10381.3340	11698.3330	
96	734.602	127.1263	11415.3340	12870.6660	
97	740.514	269.4983	14161.3330	15820.0000	
98	746.420	649.5167	14403.0000	16488.6660	
99	752.319	1878.5161	17851.6680	21231.3340	
100	758.211	4093.1831	14874.0000	20533.3340	
101	764.097	3409.3994	18319.3320	23345.0000	
102	769.976	1333.9485	16421.0000	19421.3340	
103	775.848	786.4971	16406.6660	18909.6660	
104	781.714	792.0479	16456.3320	19015.0000	
105	787.573	1104.3145	18860.6680	21763.0000	
106	793.425	1145.5830	18838.3340	21813.3320	
107	799.271	1488.8553	21989.3320	25339.0000	
108	805.109	970.1238	19780.3340	22642.6680	
109	810.942	398.9489	19953.3340	22242.0000	
110	816.767	260.0261	17092.3320	19171.0000	
111	822.586	262.5192	18760.3340	20920.6660	
112	828.397	162.0177	18599.0000	20660.3340	
113	834.202	235.2650	20127.6660	22119.0000	
114	840.001	403.6798	19449.0000	21729.6660	
115	845.792	636.1786	21055.6660	23557.6660	
116	851.577	412.6755	19600.6680	21868.0000	
117	857.355	338.7265	21255.0000	23460.6680	
118	863.126	222.4396	20864.6660	22966.3320	
119	868.890	280.9687	20911.0000	23067.0000	
120	874.648	366.9288	17760.3340	20014.0000	
121	880.398	570.3681	17292.3340	19740.3320	
122	886.142	655.8094	18089.3340	20613.6660	
123	891.879	733.9183	20251.0000	22844.3340	
124	897.609	386.0234	20365.3340	22601.6660	
125	903.332	224.4464	16807.3340	18869.0000	
126	909.048	339.8673	16637.3340	18801.3320	
127	914.757	566.9583	19103.6660	21481.6660	
128	920.459	659.3812	16684.3340	19141.6680	
129	926.155	488.4703	18282.0000	20555.3340	
130	931.843	228.8933	14426.0000	16426.6680	
131	937.525	233.3142	13683.0000	15675.0000	
132	943.199	353.7375	14371.6660	16471.0000	
133	948.867	385.1267	15164.3340	17298.0000	
134	954.528	566.4222	12443.0000	14751.0000	
135	960.181	566.0519	14610.0000	16910.6680	
136	965.828	360.2622	14312.0000	16279.3340	
137	971.468	364.8374	13917.0000	15966.0000	
138	977.100	316.1622	10686.3330	12721.0000	
139	982.726	187.0683	11616.3340	13517.3320	
140	988.344	260.0746	12564.6680	14518.6660	
141	993.956	370.6625	13132.0000	15239.3340	
142	999.560	366.3321	12098.0000	14146.0000	
143	1005.158	459.4193	13437.0000	15603.3340	
144	1010.748	475.7549	12794.3340	14981.3340	
145	1016.331	454.4244	12676.0000	14846.0000	
146	1021.907	378.7599	12757.0000	14855.6660	
147	1027.476	355.8467	12599.6660	14655.0000	
148	1033.038	351.5161	11509.3340	13602.6660	
149	1038.593	363.7247	12808.6660	14881.6660	
150	1044.141	338.9333	11731.6660	13744.6660	
151	1049.681	358.2249	12206.3330	14268.6680	
152	1055.215	315.9324	9597.0000	11564.3330	
153	1060.741	293.5641	11902.6670	13837.6680	
154	1066.260	365.5310	11667.3330	13678.0000	
155	1071.772	555.0338	12130.3340	14314.0000	
156	1077.276	797.8717	12076.0000	14486.0000	
157	1082.774	754.5128	12522.0000	14886.0000	
158	1088.264	308.8210	9616.3330	11532.0000	
159	1093.747	206.4614	12921.6680	14732.3340	
160	1099.223	372.4355	13434.6670	15408.6660	
161	1104.691	564.6414	14974.3330	17126.6660	
162	1110.152	441.6476	13849.0000	15892.0000	
163	1115.606	416.3186	15109.6680	17141.0000	
164	1121.053	306.3253	13883.3330	15793.0000	
165	1126.493	264.5338	15397.3340	17308.6660	
166	1131.925	252.4085	15235.0000	17122.6680	
167	1137.349	247.6162	15987.0000	17899.6660	
168	1142.767	322.4929	14356.3320	16356.0000	
169	1148.177	510.9252	16261.0000	18483.0000	
170	1153.580	901.0255	16661.3320	19307.3320	
171	1158.975	836.1238	16890.3340	19505.3320	
172	1164.364	595.5605	16363.6660	18772.0000	
173	1169.744	456.3741	19398.6680	21697.3320	
174	1175.118	321.1926	18456.0000	20583.0000	
175	1180.484	277.3323	20706.3340	22897.0000	
176	1185.843	242.8889	20012.3340	22168.0000	
177	1191.194	228.2374	21064.6660	23209.3340	
178	1196.538	297.3130	20789.3340	23079.3320	
179	1201.874	546.3080	22548.3340	25113.0000	
180	1207.203	491.6370	21454.6660	23990.3340	
181	1212.525	588.7302	23039.3340	25700.6660	
182	1217.839	536.0829	22765.0000	25387.3359	
183	1223.145	666.7981	24202.6660	26986.3320	
184	1228.444	655.1852	24264.6660	27067.3359	
185	1233.736	425.8427	26391.3359	29003.0000	
186	1239.020	452.8416	26142.0000	28819.0000	
187	1244.297	294.8371	26641.6680	29199.0000	
188	1249.566	256.8322	26669.6680	29227.3320	
189	1254.828	271.4869	30024.6680	32656.0000	
190	1260.082	260.1412	29055.6680	31734.6680	
191	1265.328	298.1280	31354.0000	34130.0000	
192	1270.567	400.4464	31649.0000	34586.3320	
193	1275.799	565.1006	33508.6641	36669.6641	
194	1281.022	539.0874	32587.3359	35781.3359	
195	1286.239	699.4097	34410.6641	37824.0000	
196	1291.448	1085.5959	34086.3320	37962.0000	
197	1296.649	1017.8541	36493.0000	40311.3359	
198	1301.842	794.7726	35684.3359	39290.0000	
199	1307.028	942.3667	37882.3320	41646.0000	
200	1312.206	989.6230	37215.6680	41037.0000	
201	1317.377	348.4384	39266.3359	42427.6680	
202	1322.540	193.9218	38638.3320	41626.3320	
203	1327.695	622.2529	40391.0000	43771.0000	
204	1332.843	662.5681	39659.3359	43078.0000	
205	1337.982	386.7720	42192.3359	45385.3320	
206	1343.115	149.9795	40937.0000	43943.3320	
207	1348.239	108.8508	43386.3320	46401.6641	
208	1353.356	225.3906	42002.0000	45184.0000	
209	1358.465	361.9346	44954.6641	48323.3359	
210	1363.567	882.7979	44267.3359	48207.0000	
211	1368.660	1551.3376	46653.6680	51312.0000	
212	1373.746	1619.2124	45589.0000	50365.3359	
213	1378.824	1846.5886	47880.3320	52926.3320	
214	1383.894	1199.6365	46469.0000	50910.3359	
215	1388.957	465.3484	48887.0000	52636.3359	
216	1394.012	178.7219	47307.0000	50812.0000	
217	1399.059	52.2108	49603.6641	53010.6641	
218	1404.098	15.6329	47833.6680	51183.0000	
219	1409.129	345.7228	50151.6680	53810.0000	
220	1414.153	963.1443	48215.3359	52470.0000	
221	1419.169	1490.8328	50600.6641	55355.0000	
222	1424.176	2093.5093	49007.3320	54336.3281	
223	1429.176	3902.5300	50813.3281	57923.3281	
224	1434.168	6044.8115	49079.3359	58277.6641	
225	1439.153	6036.7012	51294.6641	60432.0000	
226	1444.129	5797.9150	49601.0000	58446.6680	
227	1449.097	5681.4648	51628.6641	60305.0000	
228	1454.058	5118.3472	49484.0000	57544.3359	
229	1459.011	4230.9253	52039.0000	59098.3359	
230	1463.955	3003.4990	49243.3320	54961.6641	
231	1468.892	2216.0811	50887.0000	55704.3359	
232	1473.821	1329.6577	48599.3320	52416.6641	
233	1478.742	806.0635	50347.3320	53538.6719	
234	1483.655	476.4576	48024.6641	50784.0000	
235	1488.559	286.8477	50732.3359	53199.6641	
236	1493.456	282.5894	48802.0000	51162.6719	
237	1498.345	308.4121	51294.3281	53612.0000	
238	1503.226	220.0371	49950.6641	52122.6641	
239	1508.099	167.5786	49970.0000	52048.3359	
240	1512.964	92.1168	41242.3320	43204.0000	
241	1517.821	147.3190	47318.6680	49294.3320	
242	1522.669	208.1965	50997.0000	52992.3359	
243	1527.510	289.7356	54655.6641	56689.6641	
244	1532.343	334.8577	52836.3320	54866.0000	
245	1537.167	363.1592	55269.6641	57353.3359	
246	1541.984	311.4854	53637.6641	55648.6641	
247	1546.792	359.7310	55901.6641	58076.3359	
248	1551.593	450.3762	54631.6719	56948.6641	
249	1556.385	777.2554	57543.0000	60277.3359	
250	1561.169	1413.7898	55271.0000	58732.3359	
251	1565.945	1567.3213	57614.6680	61320.0000	
252	1570.712	826.5156	56909.6719	59964.6641	
253	1575.472	437.8064	58468.6719	61203.3359	
254	1580.223	273.4253	55893.0000	58531.6641	
255	1584.967	272.7210	57929.3320	60635.6719	
256	1589.702	0.0000	54493.3359	56995.3359	
257	1594.429	11.6189	53760.0000	56342.0000	
258	1599.147	185.2388	52711.0000	55535.0000	
259	1603.858	603.4465	58324.3281	61662.3359	
260	1608.560	1435.0071	57091.6641	61309.6719	
261	1613.254	1692.3271	59567.3281	64126.3359	
262	1617.940	1310.9761	58803.3359	63064.6719	
263	1622.617	1333.6240	59988.0000	64355.6641	
264	1627.286	2147.6094	57376.0000	62641.3281	
265	1631.947	3076.0110	58167.3359	64409.0000	
266	1636.600	3662.8325	55359.6641	62205.6641	
267	1641.244	4391.9404	59180.3359	66770.3359	
268	1645.880	4925.7114	56720.3359	64859.0000	
269	1650.508	3499.8062	59644.3359	66261.3359	
270	1655.128	2355.5640	55707.0000	61084.0000	
271	1659.739	2103.6587	59100.6641	64130.0000	
272	1664.341	2075.0811	58117.3281	63022.3281	
273	1668.936	2542.5112	59971.6641	65248.3359	
274	1673.522	3397.5981	56966.0000	63002.0000	
275	1678.099	4149.3560	56866.3359	63558.3359	
276	1682.669	2290.1147	55795.3359	60532.3359	
277	1687.230	865.5894	55560.6641	58765.3359	
278	1691.782	361.3814	56170.3359	58763.0000	
279	1696.326	230.5103	60646.6719	63000.6641	
280	1700.862	147.5342	55567.3359	57750.6641	
281	1705.389	158.6147	55865.0000	57936.6719	
282	1709.908	257.3501	52846.6641	54894.3359	
283	1714.418	288.0850	59157.3281	61113.0000	
284	1718.920	340.8154	54346.0000	56231.6641	
285	1723.413	314.7290	53717.6641	55533.0000	
286	1727.898	300.8252	46749.6680	48429.6680	
287	1732.375	358.5411	53987.6641	55757.3359	
288	1736.842	379.2233	53980.0000	55850.0000	
289	1741.302	385.0916	52081.6641	53755.0000	
290	1745.753	399.2118	47707.6680	49449.6680	
291	1750.195	394.4961	53892.3359	55629.0000	
292	1754.629	353.2802	51851.3359	53532.6641	
293	1759.054	281.0707	50718.3359	52304.0000	
294	1763.471	370.8642	43700.3320	45352.3359	
295	1767.879	455.6421	49601.0000	51314.3281	
296	1772.278	435.1020	53031.0000	54779.6680	
297	1776.669	336.9704	47162.0000	48725.3320	
298	1781.051	255.1718	42327.6680	43801.3320	
299	1785.425	247.7129	42870.3320	44328.6680	
300	1789.790	265.9143	41911.6680	43380.3359	
301	1794.147	407.5397	43741.6680	45355.0000	
302	1798.494	438.7849	48223.0000	49866.3320	
303	1802.833	410.1121	48643.3359	50268.3359	
304	1807.164	380.8572	48269.6680	49921.3359	
305	1811.486	317.3517	43175.3359	44629.0000	
306	1815.799	279.2629	39543.6641	41025.0000	
307	1820.103	290.5071	40707.0000	42033.0000	
308	1824.399	342.7964	40332.0000	41786.3359	
309	1828.686	474.1165	44792.3320	46368.6641	
310	1832.964	439.4445	42991.3320	44523.6680	
311	1837.234	233.7652	37855.0000	39172.3320	
312	1841.495	248.0931	38151.3320	39473.6680	
313	1845.747	390.6881	40910.3320	42447.3320	
314	1849.990	432.9502	44835.6641	46272.3320	
315	1854.225	452.7132	42820.6680	44305.3359	
316	1858.451	417.1412	39903.6680	41316.0000	
317	1862.668	380.0756	36880.6680	38220.6680	
318	1866.876	330.3420	33899.0000	35154.0000	
319	1871.075	325.2737	27866.6660	29025.6641	
320	1875.266	360.5401	28510.0000	29800.0000	
321	1879.448	335.8051	30068.3359	31223.0000	
322	1883.620	148.8665	22693.6660	23641.3320	
323	1887.784	195.0956	19860.6660	20822.0000	
324	1891.940	277.3226	22732.0000	23743.0000	
325	1896.086	281.6662	26892.0000	27909.0000	
326	1900.223	356.6768	22491.3340	23585.0000	
327	1904.352	358.0195	30836.6680	31933.3320	
328	1908.471	385.6996	30687.0000	31813.0000	
329	1912.582	444.2687	27668.0000	28840.3320	
330	1916.684	434.8085	28536.0000	29698.6680	
331	1920.777	427.2632	24114.6660	25226.0000	
332	1924.861	427.4663	28232.6641	29422.0000	
333	1928.936	428.0252	29423.3320	30579.6680	
334	1933.002	366.0842	26985.3320	28016.6680	
335	1937.059	315.1799	21209.3340	22158.6660	
336	1941.107	446.9479	25069.3320	26119.3320	
337	1945.146	609.3815	27344.3320	28525.6660	
338	1949.176	565.8156	27249.3320	28356.0000	
339	1953.197	407.5794	21792.3340	22709.6660	
340	1957.209	323.8893	11954.0000	12690.6660	
341	1961.212	365.5491	13613.0000	14405.6680	
342	1965.206	368.1677	15545.6660	16362.0000	
343	1969.191	339.7793	12691.3330	13399.6660	
344	1973.167	343.2170	10302.6670	10965.3330	
345	1977.134	228.1233	5117.0000	5622.6665	
346	1981.092	248.3611	2230.3335	2714.3333	
347	1985.041	353.2668	4888.0000	5435.0000	
348	1988.980	413.5045	5094.6670	5660.0000	
349	1992.911	362.4044	1951.6667	2446.6667	
350	1996.832	367.3278	864.0000	1332.0000	
351	2000.744	320.7448	1331.0000	1746.6665	
352	2004.647	350.1620	339.6667	779.0000	
353	2008.541	360.2457	572.0000	1015.6666	
354	2012.426	360.2458	-118.6667	327.3333	
355	2016.301	350.7461	393.3333	816.0000	
356	2020.168	337.8305	-282.3333	121.6667	
357	2024.025	349.1633	421.6667	824.3334	
358	2027.873	363.1622	-258.0000	154.6667	
359	2031.712	367.4949	292.3333	701.0000	
360	2035.542	364.4933	-299.6667	97.6667	
361	2039.362	366.3319	314.6667	719.6666	
362	2043.173	397.8371	-354.0000	88.3333	
363	2046.975	412.0091	224.6667	687.0000	
364	2050.768	376.2875	-372.6667	74.6667	
365	2054.551	338.9587	255.6667	664.0000	
366	2058.325	327.2966	-281.0000	114.0000	
367	2062.090	328.3012	262.0000	656.3334	
368	2065.846	331.4099	-275.3333	90.0000	
369	2069.592	336.9769	216.3333	643.3333	
370	2073.329	350.6481	-252.0000	137.6667	
371	2077.056	367.4784	363.0000	779.6667	
372	2080.775	368.5757	-326.0000	87.3333	
373	2084.484	362.4016	222.6667	619.0000	
374	2088.183	359.3316	-227.6667	200.0000	
375	2091.873	357.7824	63.3333	443.6667	
376	2095.554	357.4630	-252.6667	149.6667	
377	2099.226	352.3689	285.6667	698.6666	
378	2102.887	345.6289	-72.3333	279.0000	
379	2106.540	351.3056	227.6667	645.3334	
380	2110.183	363.4831	-379.3333	-1.0000	
381	2113.817	364.7702	-766.6666	-328.0000	
382	2117.442	359.6407	-96.6667	306.3333	
383	2121.056	354.3445	239.3333	625.0000	
384	2124.662	360.7983	-524.0000	-123.3333	
385	2128.258	352.3705	178.3333	574.6667	
386	2131.844	370.7505	-381.3333	42.3333	
387	2135.421	356.9640	145.3333	553.3334	
388	2138.989	339.1766	-204.3333	184.0000	
389	2142.547	335.9316	323.0000	707.0000	
390	2146.095	330.6866	-369.6667	13.6667	
391	2149.635	335.6915	258.0000	643.6666	
392	2153.164	352.0012	-561.6667	-204.0000	
393	2156.684	371.3536	57.3333	457.0000	
394	2160.194	404.2893	-282.3333	149.0000	
395	2163.695	403.8918	325.6667	755.3333	
396	2167.186	358.1606	-277.0000	105.6667	
397	2170.668	350.3453	141.6667	515.6667	
398	2174.140	329.5299	-368.3333	-16.0000	
399	2177.603	337.2147	203.0000	522.6667	
400	2181.055	353.2328	-179.0000	214.6667	
401	2184.499	369.8341	457.3333	828.3334	
402	2187.932	370.6855	-306.3333	106.6667	
403	2191.356	364.1202	-28.6667	354.0000	
404	2194.770	345.6385	-341.3333	22.0000	
405	2198.175	355.7719	313.3333	686.0000	
406	2201.570	341.8849	-325.0000	48.0000	
407	2204.955	359.1346	271.0000	684.0000	
408	2208.331	356.1336	-203.3333	172.3333	
409	2211.697	345.6073	366.6667	766.0000	
410	2215.053	327.8309	-402.6667	-41.6667	
411	2218.399	340.8045	320.6667	695.6667	
412	2221.736	356.7794	-325.6667	51.0000	
413	2225.063	372.8712	331.0000	698.3334	
414	2228.380	382.8590	-625.6667	-176.6667	
415	2231.688	359.3884	144.3333	525.0000	
416	2234.985	353.6886	-576.0000	-200.6667	
417	2238.273	350.8222	284.0000	656.3334	
418	2241.552	353.1225	-274.3333	101.0000	
419	2244.820	352.7561	158.0000	526.3333	
420	2248.078	362.8883	-256.6667	129.3333	
421	2251.327	378.8115	265.3333	668.3334	
422	2254.566	376.7346	-422.3333	-20.3333	
423	2257.795	325.6577	253.6667	605.6667	
424	2261.014	341.9149	-246.6667	122.6667	
425	2264.223	356.0247	518.6666	931.0000	
426	2267.423	360.7178	147.6667	483.6667	
427	2270.612	344.0499	428.6667	850.3334	
428	2273.792	346.0184	-282.6667	111.0000	
429	2276.962	354.6449	177.6667	556.6667	
430	2280.122	379.1046	-289.3333	136.6667	
431	2283.271	362.4810	470.6667	879.6666	
432	2286.411	347.3575	-350.6667	20.6667	
433	2289.542	347.7340	221.6667	624.3333	
434	2292.662	352.1531	-204.3333	178.0000	
435	2295.772	338.3278	295.6667	650.3333	
436	2298.872	348.8349	-565.0000	-183.3333	
437	2301.962	356.2099	326.3333	683.0000	
438	2305.042	390.7517	-351.3333	74.3333	
439	2308.113	355.3768	108.6667	501.0000	
440	2311.173	338.6686	-280.0000	97.6667	
441	2314.223	362.5702	814.6666	1216.6667	
442	2317.263	394.1383	478.3333	912.3334	
443	2320.293	360.3730	322.6667	723.3333	
444	2323.313	343.2750	-475.3334	-91.3333	
445	2326.323	348.2682	451.6667	818.6666	
446	2329.323	354.8447	-177.0000	241.0000	
447	2332.313	356.5879	958.3334	1338.3334	
448	2335.293	354.1639	28.6667	432.0000	
449	2338.262	360.7114	197.3333	604.0000	
450	2341.222	363.9253	-92.6667	314.0000	
451	2344.172	364.4727	626.0000	1030.0000	
452	2347.111	349.0196	-523.3334	-139.0000	
453	2350.040	350.4564	478.3333	867.3333	
454	2352.959	330.5598	-104.3333	259.6667	
455	2355.868	347.1584	701.0000	1065.0000	
456	2358.767	360.2635	380.6667	757.6667	
457	2361.655	352.2815	1195.6666	1615.3333	
458	2364.534	337.8411	71.6667	424.0000	
459	2367.402	350.6299	492.0000	856.0000	
460	2370.260	368.8363	567.3334	963.0000	
461	2373.107	369.0728	1034.6667	1415.6666	
462	2375.945	366.2261	255.3333	639.0000	
463	2378.772	361.3794	1205.6667	1562.6666	
464	2381.589	356.9494	883.0000	1259.3334	
465	2384.396	358.5194	537.0000	890.6666	
466	2387.192	360.5060	-146.3333	211.6667	
467	2389.979	356.9926	484.6667	840.0000	
468	2392.755	364.2700	276.6667	607.0000	
469	2395.520	362.1093	1220.0000	1592.3335	
470	2398.276	355.0968	1165.0000	1590.3334	
471	2401.021	345.7927	1433.0000	1779.3335	
472	2403.755	330.0515	-456.3334	-100.0000	
473	2406.479	333.3183	432.0000	712.6667	
474	2409.194	356.7518	-123.6667	231.0000	
475	2411.897	363.0187	984.3333	1342.0000	
476	2414.591	372.8669	14.3333	363.3333	
477	2417.273	354.8803	546.0000	846.0000	
478	2419.946	357.2061	30.0000	366.0000	
479	2422.608	360.5944	656.6667	1013.3334	
480	2425.260	353.7535	3.6667	289.6667	
481	2427.901	341.9127	533.3334	873.6667	
482	2430.532	344.2385	-314.6667	-15.3333	
483	2433.152	357.1893	400.6667	700.6667	
484	2435.762	397.8060	1715.6667	2221.3333	
485	2438.362	405.6180	641.6667	945.3334	
486	2440.951	413.0969	-408.3333	-96.3333	
487	2443.530	366.2422	474.0000	775.3333	
488	2446.098	341.3874	-166.6667	102.3333	
489	2448.655	333.3510	195.0000	449.3333	
490	2451.202	327.2143	-263.3333	-9.6667	
491	2453.739	339.8242	599.3334	862.3333	
492	2456.265	349.4341	-7.3333	248.6667	
493	2458.781	364.3131	722.3334	1001.3334	
494	2461.286	353.6088	-301.0000	-34.6667	
495	2463.780	335.2378	487.3333	733.3334	
496	2466.264	350.8668	-261.6667	-2.0000	
497	2468.737	358.1624	535.3333	800.3333	
498	2471.200	361.4582	-189.6667	127.6667	
499	2473.652	356.9205	735.3334	939.3334	
500	2476.094	344.8828	111.6667	390.6667	
501	2478.525	344.9311	402.6667	641.6667	
502	2480.945	360.4793	-76.3333	185.0000	
503	2483.354	361.4443	503.0000	791.0000	
504	2485.754	352.4092	-272.6667	-28.3333	
505	2488.142	352.0409	217.3333	472.6666	
506	2490.520	348.4225	-225.3333	-0.3333	
507	2492.887	346.7207	361.6667	648.0000	
508	2495.243	346.7690	-369.6667	-140.0000	
509	2497.589	347.8173	471.6667	720.0000	
510	2499.924	397.1989	77.3333	375.0000	
511	2502.248	349.9138	307.3333	557.6667	
