resultName	muna16-207
resultName	muna16-207
ID	RS20201106092403_P19331194
Command	SCANANDSEARCH
User	Admin
Application	_Analyze
SerialNumber	P19331194
Power	280
Integration	900
Averages	3
AutoExposure	Off
AutoCollect	Off
QuickCollect	Off
AutoBackground	On
BaselineCorrection	On
Algorithm	Wavelet
Searched Library	All,None,None,None
MixtureComponents	2
matchThreshold	0.0
displayMatches	1
Threshold	0.80
WL Start	
WL End	
ServerVersion	3.180316
FirmwareVersion	
date	2020-11-06
time	09:24:03
scanindex	0
specpath	RS20201106092403_P19331194.xml
Search Range	200 - 2500
Synced	false
lastCalDateTime	2020-10-28 08:17:07
lastCalUser	Admin
lastCalResult	PASS
lastVerifyDateTime	2020-11-06 08:24:10
lastVerifyUser	Admin
lastVerifyResult	PASS
selectedMaterial	
result	No Match
ValidationGUID	
ValidationMatchQuality	
topMatch	
topMatchGUID	
topMatchQuality	
secondMatch	
secondMatchGUID	
secondMatchQuality	
thirdMatch	
thirdMatchGUID	
thirdMatchQuality	
fourthMatch	
fourthMatchGUID	
fourthMatchQuality	
fifthMatch	
fifthMatchGUID	
fifthMatchQuality	
signedBy	
signedDateTime	
softwareVer	1.7.0.21
memo	
batchID	
inBatch	false
batchUID	
batchCID1	
batchCIDlbl1	
batchCID2	
batchCIDlbl2	
batchCID3	
batchCIDlbl3	
batchCID4	
batchCIDlbl4	
batchCID5	
batchCIDlbl5	
signedTitle	
signedReason	
rescanned	
barcode	
topMatchContribs	
secondMatchContribs	
thirdMatchContribs	
fourthMatchContribs	
fifthMatchContribs	
ValidationMatchContribs	
Threat	
PrecursorList	
CompundName	
WindowStart4C	
MatchLibrary	
lastModified	2020/11/06 09:29
Signal2Noise	51.27
Detector TEC SetPoint	0x8000
Detector Temp	4.97
Laser Temp	25.39
OE1 Temp	34.88
OE2 Temp	39.31
Detector Gain	200
SaturationDetected	false
InterpolatedPixelList	
PeakList	 286.3	709	398.4	573	449.4	419	481.0	359	649.9	1059	679.4	741	736.3	693	749.5	579	805.9	400	840.4	668	855.9	397	959.8	486	1092.9	449	1126.9	529	1141.2	465	1207.8	420	1249.9	383	1337.5	613	1368.5	718	1457.8	3934	1645.5	1887	1676.9	1253	1709.3	709
index	Raman Shift (cm-1)	Y value (counts)	background (counts)	raw value (counts)
0	137.234	206.3258	7154.3330	9756.0000	
1	143.735	238.0558	7484.6670	10062.0000	
2	150.232	152.4539	7812.0000	10247.6670	
3	156.722	205.5179	8018.0000	10450.6670	
4	163.207	288.5811	7739.6670	10199.3330	
5	169.686	262.9790	8633.0000	11011.0000	
6	176.159	218.0432	8265.0000	10542.0000	
7	182.627	206.4402	8462.0000	10671.3330	
8	189.089	166.5043	7825.6670	9939.0000	
9	195.545	139.5684	8593.0000	10623.3330	
10	201.996	131.9664	8471.3330	10438.0000	
11	208.440	237.0305	9158.3330	11174.0000	
12	214.879	189.7606	8495.0000	10407.3330	
13	221.313	186.8524	9101.0000	10983.6660	
14	227.740	180.9806	8914.0000	10758.3340	
15	234.162	129.2726	9436.3340	11234.6660	
16	240.578	104.5676	8125.6670	9905.0000	
17	246.988	137.8625	8803.3330	10621.6670	
18	253.392	119.4895	8023.0000	9828.6670	
19	259.791	153.7844	8837.6660	10683.3340	
20	266.184	175.4104	7726.0000	9599.0000	
21	272.570	291.1121	8938.3340	10948.0000	
22	278.951	584.4816	8573.0000	10897.0000	
23	285.327	708.5172	8416.3330	10885.3330	
24	291.696	549.5532	7934.0000	10265.0000	
25	298.059	512.8962	8276.6660	10592.3330	
26	304.417	448.2393	7821.6660	10094.0000	
27	310.768	398.5815	8718.3330	10962.3330	
28	317.114	292.9923	7756.3330	9925.3330	
29	323.454	356.2578	8045.0000	10237.0000	
30	329.788	259.1903	7620.3330	9675.0000	
31	336.116	280.4558	8453.3330	10489.0000	
32	342.438	257.7214	7948.0000	9920.6670	
33	348.754	114.9859	8173.3340	9963.0000	
34	355.064	49.5845	6863.3340	8547.3330	
35	361.368	167.5972	8398.3330	10151.0000	
36	367.666	71.4276	7069.6670	8682.6670	
37	373.958	153.5505	7026.0000	8701.3330	
38	380.244	359.0075	7346.3330	9207.3330	
39	386.524	382.4634	7655.6670	9520.3330	
40	392.798	301.9199	6186.0000	7950.3330	
41	399.066	572.8270	7056.3335	9064.6670	
42	405.328	453.7340	6549.3330	8411.6670	
43	411.583	199.6398	4794.0000	6375.3330	
44	417.833	167.2133	5000.0000	6522.0000	
45	424.077	221.0525	5807.3335	7362.3330	
46	430.314	144.5586	4063.6670	5521.3330	
47	436.546	185.0651	3229.3335	4706.6665	
48	442.771	298.9052	2508.6665	4079.0000	
49	448.991	418.6666	4611.3330	6287.6660	
50	455.204	365.6995	3160.3333	4759.3335	
51	461.411	206.7312	2625.0000	4040.6665	
52	467.611	123.7635	2674.0000	3982.3333	
53	473.806	267.5168	3919.3335	5335.3335	
54	479.995	358.9364	2400.3335	3871.6667	
55	486.177	253.3561	1170.3334	2500.0000	
56	492.353	235.0365	2488.6667	3758.6670	
57	498.523	187.7159	2843.3335	4049.0000	
58	504.686	112.3960	3117.0000	4230.3335	
59	510.844	109.7422	1604.0000	2697.6665	
60	516.995	178.7555	1929.3333	3075.0000	
61	523.140	304.0602	2994.6667	4256.3335	
62	529.279	219.3648	1553.3333	2721.0000	
63	535.411	225.6694	2630.6667	3795.3335	
64	541.537	97.6405	1554.0000	2581.3333	
65	547.657	202.9451	2408.6667	3532.0000	
66	553.771	220.3330	4052.3335	5210.6665	
67	559.878	223.7211	4552.0000	5670.3335	
68	565.979	233.0258	3031.0000	4156.6665	
69	572.074	198.4081	2417.0000	3516.6667	
70	578.162	154.3410	829.6666	1899.0000	
71	584.244	134.5456	596.3333	1664.3335	
72	590.319	117.6873	1110.3333	2085.6667	
73	596.389	104.4663	2227.6665	3318.0000	
74	602.451	219.8495	2846.6665	4086.3335	
75	608.508	477.8990	2763.3333	4295.0000	
76	614.558	719.9485	2424.6667	4232.3330	
77	620.601	917.0931	3035.6665	5061.0000	
78	626.639	507.1213	2242.0000	3875.0000	
79	632.669	573.8162	2079.0000	3796.3330	
80	638.694	678.1780	1890.3333	3729.6665	
81	644.712	891.5395	2640.3335	4710.6665	
82	650.723	1058.9019	1872.0000	4127.3335	
83	656.728	729.5968	1092.6666	3036.3335	
84	662.727	486.2914	991.6666	2709.6665	
85	668.719	498.6954	1138.6667	2854.3333	
86	674.704	624.4331	410.6667	2237.3335	
87	680.683	740.8372	890.6666	2819.0000	
88	686.655	553.9078	1284.3333	3011.0000	
89	692.621	243.1270	1573.6667	2966.3333	
90	698.581	176.7630	621.3333	1868.6665	
91	704.534	193.3293	1112.6666	2416.6665	
92	710.480	186.8959	893.0000	2161.3335	
93	716.420	25.5633	1026.3333	2121.6667	
94	722.353	125.5639	821.0000	2004.6667	
95	728.279	516.2313	1089.0000	2651.6667	
96	734.199	692.5654	739.3333	2466.6667	
97	740.112	572.2325	1403.6667	2999.0000	
98	746.019	531.4237	1066.3334	2604.0000	
99	751.919	579.3533	1772.0000	3359.6670	
100	757.813	331.9488	833.3334	2175.6667	
101	763.699	211.8297	1551.3334	2775.3335	
102	769.580	113.7105	906.6667	2034.3335	
103	775.453	110.9247	1310.0000	2436.6667	
104	781.320	64.8056	884.0000	1966.3334	
105	787.180	95.1454	1489.0000	2607.6667	
106	793.033	102.4851	1255.3334	2387.3333	
107	798.880	368.8251	1610.3333	3014.6667	
108	804.720	400.4980	989.3333	2431.3333	
109	810.553	383.5009	1601.6667	3056.6667	
110	816.379	245.8372	948.6667	2296.0000	
111	822.199	181.5069	1422.3333	2735.3335	
112	828.012	231.8134	915.0000	2317.3333	
113	833.818	448.4927	1459.3334	3107.6665	
114	839.617	667.8387	999.3334	2896.3333	
115	845.410	540.8514	1369.6666	3169.0000	
116	851.195	330.5307	1123.0000	2741.3333	
117	856.974	396.9789	1341.3333	3029.6665	
118	862.746	325.0939	1235.3334	2855.3335	
119	868.512	367.5942	1285.6666	2941.0000	
120	874.270	262.0986	886.0000	2423.6667	
121	880.022	158.4734	1240.3334	2651.0000	
122	885.766	148.5151	909.3333	2286.6667	
123	891.504	233.2231	1199.6667	2638.3335	
124	897.235	337.9312	992.0000	2512.0000	
125	902.959	253.6022	1040.6666	2450.3333	
126	908.676	154.9402	634.0000	1919.0000	
127	914.386	147.9445	1154.6666	2406.6665	
128	920.090	163.7825	479.0000	1702.0000	
129	925.786	189.7870	1106.3334	2363.0000	
130	931.475	209.6249	513.6666	1749.3335	
131	937.158	163.6293	1098.3334	2262.0000	
132	942.833	114.9672	568.6666	1657.6667	
133	948.502	203.2514	947.0000	2114.0000	
134	954.163	282.9944	486.0000	1719.6666	
135	959.818	486.4043	777.6666	2201.6667	
136	965.465	233.4806	584.0000	1742.0000	
137	971.106	225.6474	779.0000	1907.0000	
138	976.739	229.2515	165.6667	1330.6667	
139	982.366	221.5433	623.0000	1820.6666	
140	987.985	209.6780	551.0000	1638.6667	
141	993.597	191.9395	553.0000	1643.6665	
142	999.202	185.7841	326.3333	1409.0000	
143	1004.800	179.1289	786.6666	1940.0000	
144	1010.392	158.0569	199.6667	1289.3333	
145	1015.975	159.4226	685.0000	1774.3333	
146	1021.552	162.7462	561.6667	1669.3333	
147	1027.122	174.0912	801.0000	1926.6667	
148	1032.685	191.1025	493.3333	1642.6667	
149	1038.240	171.4812	773.6666	1923.3334	
150	1043.788	271.1931	470.6667	1740.0000	
151	1049.329	244.5718	730.0000	1992.6667	
152	1054.863	204.2833	245.6667	1435.6666	
153	1060.390	184.3951	856.6667	2158.0000	
154	1065.910	154.0203	627.6667	1843.0000	
155	1071.422	160.2560	919.6667	2190.6665	
156	1076.927	270.2422	640.6666	2042.0000	
157	1082.425	300.1848	1010.0000	2447.6665	
158	1087.916	336.3777	409.6667	1798.3334	
159	1093.399	449.4041	994.6667	2594.3335	
160	1098.875	338.3468	855.6666	2350.6667	
161	1104.344	227.5550	1102.6666	2483.6665	
162	1109.806	164.6217	648.6666	1957.6665	
163	1115.260	302.6881	1270.3334	2708.3333	
164	1120.707	420.4216	671.3333	2218.0000	
165	1126.147	529.2565	1187.0000	2819.0000	
166	1131.580	485.0911	721.6667	2286.0000	
167	1137.005	414.9255	1357.6667	2828.3333	
168	1142.422	465.0942	662.6666	2160.0000	
169	1147.833	436.7141	1307.6666	2758.6667	
170	1153.236	250.6667	945.0000	2192.0000	
171	1158.632	157.6199	1431.0000	2567.0000	
172	1164.020	130.8230	940.3334	1996.3333	
173	1169.401	136.0819	1661.0000	2767.0000	
174	1174.775	130.2577	1227.3333	2294.3335	
175	1180.141	198.0853	1735.6666	2916.0000	
176	1185.500	190.4070	1309.0000	2504.0000	
177	1190.851	168.1454	1703.3334	2873.6667	
178	1196.195	184.9669	1500.6666	2734.6665	
179	1201.531	318.0385	1814.3335	3203.6665	
180	1206.860	420.4437	1329.0000	2843.0000	
181	1212.182	386.7841	1995.3334	3496.0000	
182	1217.496	300.2383	1628.0000	3056.6667	
183	1222.802	252.1218	2117.3333	3520.6665	
184	1228.101	197.6718	1685.3335	3057.0000	
185	1233.393	115.8245	2328.6667	3648.6665	
186	1238.677	123.6442	2026.3333	3384.3335	
187	1243.953	319.7969	2377.3333	3961.6670	
188	1249.222	383.2825	2052.0000	3730.0000	
189	1254.484	317.4314	2812.0000	4443.6665	
190	1259.737	206.9140	2366.0000	3906.6665	
191	1264.984	221.3964	2912.6665	4487.3330	
192	1270.222	205.8792	2615.6665	4194.3335	
193	1275.453	193.3610	3126.3335	4712.0000	
194	1280.677	164.8434	2530.0000	4106.6665	
195	1285.893	186.6595	3254.3335	4872.3335	
196	1291.101	210.8324	2615.3333	4287.0000	
197	1296.302	95.5826	3354.0000	4958.0000	
198	1301.495	0.0000	2935.0000	4491.0000	
199	1306.680	100.7505	3634.3335	5338.6670	
200	1311.858	261.5015	3239.6665	5152.3330	
201	1317.028	194.8881	3447.0000	5323.0000	
202	1322.190	171.2753	3281.0000	5163.3335	
203	1327.345	334.4379	3672.0000	5735.0000	
204	1332.492	542.0780	3344.6665	5638.0000	
205	1337.631	613.2152	3979.3335	6349.3330	
206	1342.762	463.0199	3237.3335	5462.6665	
207	1347.886	347.4916	3965.0000	6080.3335	
208	1353.002	243.9628	3362.0000	5379.3335	
209	1358.110	427.4340	4306.6665	6513.0000	
210	1363.211	604.9047	3748.0000	6137.3330	
211	1368.304	717.7098	4283.0000	6790.6670	
212	1373.389	535.8472	3810.6665	6142.0000	
213	1378.466	528.4392	4385.6670	6704.0000	
214	1383.535	413.3652	3945.3335	6143.0000	
215	1388.597	177.2911	4654.0000	6610.0000	
216	1393.651	7.5504	3892.3330	5673.0000	
217	1398.696	26.6019	4591.3335	6377.6660	
218	1403.734	84.0629	4114.3335	5924.6665	
219	1408.765	360.1910	4918.0000	6971.0000	
220	1413.787	537.9856	4168.6665	6366.0000	
221	1418.801	914.7188	4698.3335	7257.0000	
222	1423.808	1131.4532	4227.0000	6987.0000	
223	1428.807	1581.5199	4761.6665	7956.3330	
224	1433.797	2085.4102	4328.6670	7998.6670	
225	1438.780	2378.2310	4806.3330	8740.3330	
226	1443.755	2657.7185	4338.6665	8523.3340	
227	1448.722	3132.8723	5022.6665	9653.6670	
228	1453.681	3553.0259	4153.3335	9175.6670	
229	1458.632	3934.4458	4990.0000	10326.3340	
230	1463.575	3153.1997	4195.6665	8683.3340	
231	1468.510	1949.2847	4870.0000	8086.3330	
232	1473.438	1168.3715	4143.0000	6511.0000	
233	1478.357	656.1656	4690.6665	6487.3330	
234	1483.268	420.2928	4043.3335	5545.0000	
235	1488.171	263.0868	4741.3335	6026.6665	
236	1493.066	141.2140	4042.6665	5147.0000	
237	1497.953	122.9301	4913.6665	5958.3335	
238	1502.832	103.4597	4183.3335	5172.0000	
239	1507.703	104.5801	4678.0000	5637.3330	
240	1512.566	125.0343	3471.6665	4421.0000	
241	1517.421	143.8215	4358.6665	5296.3335	
242	1522.267	140.2753	4356.6665	5231.6670	
243	1527.106	163.3958	5275.6665	6176.6670	
244	1531.937	198.7666	4540.3335	5441.3335	
245	1536.759	221.3101	5272.3330	6180.6670	
246	1541.573	199.7896	4511.0000	5405.6670	
247	1546.379	220.2694	5275.3335	6232.6670	
248	1551.177	214.5823	4570.0000	5555.6670	
249	1555.967	162.8655	5343.6665	6289.0000	
250	1560.749	142.3153	4665.6665	5670.0000	
251	1565.522	197.0989	5262.3335	6368.6670	
252	1570.288	145.3818	4937.3335	6024.0000	
253	1575.045	209.5055	5270.3330	6516.3340	
254	1579.793	171.1278	4686.6665	5965.3330	
255	1584.534	211.4164	5302.6670	6692.6660	
256	1589.266	205.3732	4350.6665	5805.6665	
257	1593.991	184.3295	4869.3335	6374.3340	
258	1598.707	167.2855	4214.3330	5773.3335	
259	1603.414	135.6827	5084.6665	6697.0000	
260	1608.114	159.8339	4731.6665	6429.3330	
261	1612.805	201.2648	5194.0000	6996.6670	
262	1617.488	260.0289	5015.3330	6940.3335	
263	1622.162	227.4603	5276.6665	7232.6670	
264	1626.828	244.2234	4690.0000	6726.3330	
265	1631.486	452.7721	5058.6670	7346.0000	
266	1636.136	731.8584	4371.6670	6964.0000	
267	1640.777	1384.2020	5382.6665	8650.6670	
268	1645.410	1886.5449	4381.6665	8175.3330	
269	1650.034	1507.2045	5099.6670	8493.0000	
270	1654.650	763.8651	4485.6665	7114.6670	
271	1659.258	616.1912	5105.6665	7566.0000	
272	1663.857	639.5173	4462.3335	6925.0000	
273	1668.448	924.1768	5169.6670	7896.0000	
274	1673.031	1182.5034	4275.6665	7239.3330	
275	1677.605	1253.1635	4593.6665	7607.0000	
276	1682.170	981.8236	4359.3330	7080.3330	
277	1686.728	625.2168	4632.3330	6940.3330	
278	1691.276	419.2767	4144.0000	6189.6670	
279	1695.817	329.0029	4866.0000	6765.0000	
280	1700.348	397.9406	3990.6670	5914.6665	
281	1704.872	626.2145	4537.0000	6598.3330	
282	1709.386	708.8224	3736.6665	5789.6665	
283	1713.893	673.0973	4478.3330	6404.6670	
284	1718.391	335.0363	3719.3335	5216.6665	
285	1722.880	152.7936	4334.3335	5566.6665	
286	1727.361	89.2174	3216.6670	4302.6665	
287	1731.833	88.0991	4030.3335	5024.3335	
288	1736.296	89.3718	3540.3333	4465.3335	
289	1740.751	91.6436	3924.3335	4781.3330	
290	1745.198	82.5833	3067.6667	3845.3335	
291	1749.636	136.8558	3962.0000	4723.6670	
292	1754.065	194.7941	3177.6665	3927.0000	
293	1758.486	190.6636	3744.6665	4457.6670	
294	1762.898	197.7822	2577.6667	3260.6665	
295	1767.301	220.3179	3418.3335	4104.0000	
296	1771.696	230.0210	2910.3333	3580.3333	
297	1776.082	229.9642	3179.3335	3853.6667	
298	1780.460	213.2407	2273.0000	2866.0000	
299	1784.829	197.7675	2979.0000	3610.0000	
300	1789.189	199.8771	2175.3333	2724.0000	
301	1793.540	192.4326	2945.6667	3503.6670	
302	1797.883	195.5898	2526.6667	3073.6667	
303	1802.217	203.1426	3115.0000	3677.3335	
304	1806.542	201.6747	2571.0000	3110.0000	
305	1810.859	209.2275	2469.6667	3030.3333	
306	1815.167	176.5303	2023.0000	2523.3333	
307	1819.466	188.9167	2624.0000	3117.3333	
308	1823.756	214.2143	1882.3334	2399.3335	
309	1828.038	214.1328	2718.6667	3228.6665	
310	1832.311	187.6355	1914.3335	2376.0000	
311	1836.575	200.3045	2282.0000	2762.3333	
312	1840.830	210.7234	1817.6667	2272.0000	
313	1845.076	211.1735	1920.3333	2453.3333	
314	1849.314	210.1236	1950.3334	2426.0000	
315	1853.542	209.0112	2169.6667	2656.0000	
316	1857.762	207.9611	1511.0000	2006.0000	
317	1861.973	206.8402	1751.6665	2262.3333	
318	1866.176	207.4067	1306.3334	1739.3333	
319	1870.369	213.1399	1504.0000	1987.0000	
320	1874.553	217.9565	761.3334	1235.6667	
321	1878.729	190.3564	1492.3334	1933.3334	
322	1882.895	182.6030	723.3333	1157.6666	
323	1887.053	136.0375	1023.3334	1402.6667	
324	1891.202	197.1388	604.6667	1036.6666	
325	1895.342	204.6628	1357.0000	1808.0000	
326	1899.473	203.2700	576.3333	976.6667	
327	1903.595	205.6271	1287.0000	1745.6667	
328	1907.708	215.9013	692.6666	1103.0000	
329	1911.812	225.7513	1108.0000	1552.3333	
330	1915.907	218.3346	642.3333	1067.6666	
331	1919.993	219.9181	973.6666	1398.6666	
332	1924.070	210.8347	513.0000	927.0000	
333	1928.138	188.3975	1312.3334	1669.0000	
334	1932.197	186.1268	499.6666	921.0000	
335	1936.247	187.5229	952.3333	1321.0000	
336	1940.288	201.7523	426.0000	825.3334	
337	1944.319	235.4816	803.3334	1235.0000	
338	1948.342	234.5443	527.6666	957.0000	
339	1952.356	192.2738	876.6666	1262.3334	
340	1956.361	186.1699	101.6667	479.0000	
341	1960.356	195.3452	499.0000	885.3334	
342	1964.343	202.0206	330.6667	694.0000	
343	1968.320	199.3679	428.6667	830.3333	
344	1972.288	204.6087	-117.6667	265.6667	
345	1976.247	210.3275	301.3333	690.3334	
346	1980.197	183.5464	-241.6667	106.3333	
347	1984.138	200.2652	112.6667	457.3333	
348	1988.069	237.3172	-257.0000	133.3333	
349	1991.992	201.9179	350.0000	703.0000	
350	1995.905	173.9148	-384.6667	-68.0000	
351	1999.809	193.9023	305.3333	642.6667	
352	2003.704	200.3899	-434.0000	-78.0000	
353	2007.589	199.7108	229.6667	566.3334	
354	2011.466	202.5317	-435.6667	-87.6667	
355	2015.333	201.6859	212.0000	563.0000	
356	2019.191	202.6734	-500.6666	-162.6667	
357	2023.039	208.6980	209.3333	563.6667	
358	2026.879	229.8892	-494.3334	-120.0000	
359	2030.708	207.4138	147.6667	498.3334	
360	2034.529	206.0215	-475.6666	-125.0000	
361	2038.341	204.6327	182.3333	537.6667	
362	2042.143	193.9939	-486.0000	-150.3333	
363	2045.936	202.8551	121.6667	466.0000	
364	2049.719	198.9079	-500.6667	-146.6667	
365	2053.493	197.8019	142.6667	480.3333	
366	2057.258	196.3626	-447.3333	-95.3333	
367	2061.014	195.6107	157.0000	499.0000	
368	2064.760	195.0880	-440.6667	-90.3333	
369	2068.496	189.0446	116.3333	479.3333	
370	2072.224	185.6052	-360.6667	-75.6667	
371	2075.942	198.4728	279.6667	640.3333	
372	2079.650	221.0453	-433.3333	-94.6667	
373	2083.349	245.5272	121.3333	510.3333	
374	2087.039	231.1759	-355.3333	18.3333	
375	2090.719	207.2412	-26.3333	318.3333	
376	2094.390	195.5567	-386.3333	-30.0000	
377	2098.051	181.4507	214.6667	535.0000	
378	2101.703	185.7613	-192.3333	130.6667	
379	2105.345	196.0719	133.3333	465.0000	
380	2108.978	199.9659	-490.6667	-149.6667	
381	2112.601	198.7105	-739.0000	-443.0000	
382	2116.215	203.2885	-216.3333	150.6667	
383	2119.819	210.5332	123.0000	442.3333	
384	2123.414	212.8612	-609.0000	-269.0000	
385	2126.999	207.6338	83.3333	413.0000	
386	2130.575	208.0645	-494.3333	-125.3333	
387	2134.141	206.4535	57.6667	379.3333	
388	2137.697	199.5092	-414.0000	-84.0000	
389	2141.244	198.4564	225.3333	541.0000	
390	2144.781	198.2369	-498.6667	-165.0000	
391	2148.309	200.7675	181.0000	488.3334	
392	2151.827	206.9262	-645.0000	-326.0000	
393	2155.336	198.2315	21.0000	346.6667	
394	2158.835	175.8076	-338.0000	-52.6667	
395	2162.324	190.6337	318.6667	619.0000	
396	2165.803	204.1265	-312.6667	1.3333	
397	2169.273	207.9821	99.0000	419.6667	
398	2172.733	206.0668	-461.6667	-151.0000	
399	2176.184	211.8806	128.6667	467.3334	
400	2179.625	211.1320	-217.6667	78.6667	
401	2183.056	206.8000	368.6667	733.0000	
402	2186.477	204.8847	-407.3333	-92.0000	
403	2189.889	205.7194	-62.0000	267.0000	
404	2193.291	213.3041	-455.3333	-98.6667	
405	2196.683	208.1457	186.6667	494.0000	
406	2200.065	201.3721	-480.6667	-119.6667	
407	2203.438	177.2084	178.3333	486.3333	
408	2206.801	194.7106	-399.0000	-94.3333	
409	2210.154	236.2027	254.3333	619.3334	
410	2213.497	192.1114	-467.0000	-147.0000	
411	2216.831	192.0202	279.0000	592.3334	
412	2220.154	195.0959	-420.0000	-93.3333	
413	2223.468	203.7467	290.0000	606.0000	
414	2226.772	202.5303	-639.3333	-310.6667	
415	2230.066	201.7306	118.3333	442.6667	
416	2233.351	202.4308	-657.6667	-332.6667	
417	2236.625	214.8811	148.0000	491.0000	
418	2239.889	211.7480	-561.3333	-228.6667	
419	2243.144	205.7816	-66.0000	286.3333	
420	2246.389	189.8982	-432.0000	-116.3333	
421	2249.624	197.7172	234.0000	556.3333	
422	2252.848	216.2030	-496.6667	-157.0000	
423	2256.063	206.6053	155.3333	496.6667	
424	2259.268	205.5919	-391.0000	-103.6667	
425	2262.463	206.9319	144.6667	492.0000	
426	2265.649	202.2094	-202.0000	129.0000	
427	2268.824	186.5032	326.6667	637.0000	
428	2271.989	191.7163	-370.6667	-56.0000	
429	2275.144	200.6068	122.0000	466.0000	
430	2278.289	198.6016	-358.0000	-46.6667	
431	2281.424	202.4505	266.0000	610.3333	
432	2284.549	209.6119	-449.6667	-139.0000	
433	2287.665	226.3567	139.3333	498.6667	
434	2290.770	219.7544	-446.6667	-98.6667	
435	2293.865	212.6146	189.3333	525.0000	
436	2296.949	206.0590	-654.3334	-294.0000	
437	2300.024	195.0387	250.3333	577.3333	
438	2303.089	190.0184	-496.0000	-166.6667	
439	2306.144	183.4981	-45.0000	245.0000	
440	2309.188	183.1453	-636.6666	-298.0000	
441	2312.223	184.5470	325.0000	624.3334	
442	2315.247	198.6988	-340.3333	-14.0000	
443	2318.261	211.2672	70.0000	428.0000	
444	2321.265	210.6688	-549.6667	-225.6667	
445	2324.259	209.2869	299.6667	641.3333	
446	2327.243	211.7383	-553.3333	-235.0000	
447	2330.216	214.5230	134.0000	476.6667	
448	2333.180	200.2039	-482.0000	-129.6667	
449	2336.133	159.3506	-41.6667	238.0000	
450	2339.076	194.4974	-401.6667	-88.3333	
451	2342.009	237.6441	346.0000	701.0000	
452	2344.931	205.1244	-602.3333	-281.3333	
453	2347.843	174.9657	279.6667	572.0000	
454	2350.745	172.1404	-470.3333	-179.3333	
455	2353.637	202.6701	150.6667	466.6667	
456	2356.519	214.6842	-525.3333	-187.3333	
457	2359.390	215.3391	159.3333	485.3334	
458	2362.251	219.1815	-347.0000	-23.0000	
459	2365.102	226.5865	121.0000	458.6667	
460	2367.942	225.5747	-305.3333	30.6667	
461	2370.772	218.4359	25.6667	353.0000	
462	2373.592	168.2971	-282.0000	-6.3333	
463	2376.401	178.4916	234.6667	519.0000	
464	2379.200	200.3528	-461.6667	-157.0000	
465	2381.989	216.1931	9.0000	385.6667	
466	2384.767	195.4084	-367.3333	-70.6667	
467	2387.535	198.1863	194.3333	488.3333	
468	2390.292	206.8809	-627.6667	-296.6667	
469	2393.039	207.6864	154.6667	424.6667	
470	2395.776	209.8256	-426.3334	-101.0000	
471	2398.502	208.0065	252.6667	566.0000	
472	2401.218	194.8539	-647.3334	-385.0000	
473	2403.923	195.6624	173.6667	483.3334	
474	2406.618	198.7209	-481.0000	-203.6667	
475	2409.303	199.6960	300.3333	595.6666	
476	2411.977	208.5127	-440.6666	-161.0000	
477	2414.640	210.8264	249.0000	542.0000	
478	2417.293	201.6402	-494.3334	-220.3333	
479	2419.936	193.9539	49.0000	313.0000	
480	2422.568	186.3511	-458.0000	-209.6667	
481	2425.189	195.1648	178.6667	435.6666	
482	2427.801	197.7285	-508.0000	-261.0000	
483	2430.401	204.7923	150.3333	440.3333	
484	2432.991	207.1061	1052.6667	1302.0000	
485	2435.570	220.1516	187.6667	463.6667	
486	2438.139	218.1762	-751.9999	-469.0000	
487	2440.697	210.4092	48.3333	309.3333	
488	2443.245	204.4548	-492.3334	-253.0000	
489	2445.782	204.9734	-9.3333	251.6667	
490	2448.308	194.7571	-569.6667	-321.3333	
491	2450.824	197.8719	350.0000	560.0000	
492	2453.329	203.8205	-441.6667	-162.0000	
493	2455.823	205.3309	226.0000	475.0000	
494	2458.307	195.5079	-655.0000	-367.6667	
495	2460.780	193.1016	246.6667	461.6667	
496	2463.243	193.3620	-382.6667	-143.3333	
497	2465.694	186.9556	374.6667	613.0000	
498	2468.135	192.4660	-441.3333	-206.0000	
499	2470.566	210.4763	372.0000	633.3333	
500	2472.986	209.8195	-398.6667	-136.0000	
501	2475.395	206.2295	-34.0000	223.6667	
502	2477.793	207.7227	-519.0000	-259.0000	
503	2480.180	212.2993	171.0000	454.3334	
504	2482.557	211.4592	-399.6667	-162.6667	
505	2484.923	213.7233	145.6667	427.0000	
506	2487.278	206.2790	-442.0000	-139.3333	
507	2489.622	166.8556	165.3333	388.6667	
508	2491.956	183.0155	-650.3334	-410.0000	
509	2494.279	190.8420	197.6667	446.6667	
510	2496.591	252.6686	-361.0000	-49.3333	
511	2498.892	182.4952	-105.3333	137.0000	
