resultName	chilca2-7
resultName	chilca2-7
ID	RS20191205110937_P19331194
Command	SCANANDSEARCH
User	Admin
Application	_Analyze
SerialNumber	P19331194
Power	280
Integration	900
Averages	3
AutoExposure	Off
AutoCollect	Off
QuickCollect	Off
AutoBackground	On
BaselineCorrection	On
Algorithm	Wavelet
Searched Library	All,None,None,None
MixtureComponents	2
matchThreshold	0.75
displayMatches	1
Threshold	0.80
WL Start	
WL End	
ServerVersion	3.180316
FirmwareVersion	
date	2019-12-05
time	11:09:37
scanindex	0
specpath	RS20191205110937_P19331194.xml
Search Range	200 - 2500
Synced	false
lastCalDateTime	2019-12-05 09:53:08
lastCalUser	Admin
lastCalResult	PASS
lastVerifyDateTime	2019-10-16 15:05:37
lastVerifyUser	Admin
lastVerifyResult	PASS
selectedMaterial	
result	No Match
ValidationGUID	
ValidationMatchQuality	
topMatch	
topMatchGUID	
topMatchQuality	
secondMatch	
secondMatchGUID	
secondMatchQuality	
thirdMatch	
thirdMatchGUID	
thirdMatchQuality	
fourthMatch	
fourthMatchGUID	
fourthMatchQuality	
fifthMatch	
fifthMatchGUID	
fifthMatchQuality	
signedBy	
signedDateTime	
softwareVer	1.7.0.21
memo	
batchID	
inBatch	false
batchUID	
batchCID1	
batchCIDlbl1	
batchCID2	
batchCIDlbl2	
batchCID3	
batchCIDlbl3	
batchCID4	
batchCIDlbl4	
batchCID5	
batchCIDlbl5	
signedTitle	
signedReason	
rescanned	
barcode	
topMatchContribs	
secondMatchContribs	
thirdMatchContribs	
fourthMatchContribs	
fifthMatchContribs	
ValidationMatchContribs	
Threat	
PrecursorList	
CompundName	
WindowStart4C	
MatchLibrary	
lastModified	2019/12/05 11:14
Signal2Noise	28.46
Detector TEC SetPoint	0x8000
Detector Temp	5.00
Laser Temp	25.39
OE1 Temp	35.84
OE2 Temp	39.81
Detector Gain	200
SaturationDetected	false
InterpolatedPixelList	
PeakList	 304.8	745	329.6	573	431.4	521	489.5	476	667.7	659	759.6	2350	797.7	796	919.5	474	1081.8	496	1158.3	632	1305.7	619	1377.2	1006	1439.8	3627	1564.9	679	1614.8	573	1645.5	2733	1676.9	2521
index	Raman Shift (cm-1)	Y value (counts)	background (counts)	raw value (counts)
0	137.714	250.8952	17022.0000	18980.3340	
1	144.215	227.8976	18310.6660	20168.0000	
2	150.711	126.5661	19073.6660	20751.6660	
3	157.202	146.2345	19587.3340	21207.0000	
4	163.686	225.9049	19447.6660	21069.0000	
5	170.165	280.5734	20973.0000	22571.0000	
6	176.638	318.2438	20643.0000	22200.6680	
7	183.106	274.5784	20553.6660	21989.6660	
8	189.567	252.5807	19786.0000	21122.0000	
9	196.023	268.2512	21511.3320	22785.0000	
10	202.474	208.2536	21237.6660	22373.3340	
11	208.918	160.5862	22162.6680	23172.6660	
12	215.357	201.2566	21284.0000	22256.6660	
13	221.790	175.0155	22318.6660	23226.3340	
14	228.217	125.4328	22465.0000	23183.6660	
15	234.638	103.9129	22937.6660	23764.0000	
16	241.054	100.3098	20665.3320	21457.0000	
17	247.464	139.5399	21887.6660	22723.6660	
18	253.868	272.6028	20264.0000	21236.6660	
19	260.266	316.3338	21663.0000	22683.0000	
20	266.658	264.3987	19522.0000	20493.6680	
21	273.044	158.7599	22197.3340	23083.3320	
22	279.425	77.7929	21174.0000	21999.0000	
23	285.799	184.1580	20721.3320	21672.6660	
24	292.168	454.8550	19952.6660	21194.6660	
25	298.531	596.0769	19997.3340	21406.0000	
26	304.888	744.6328	19715.3340	21298.0000	
27	311.239	624.1904	21165.3320	22653.0000	
28	317.584	432.1898	18858.6660	20188.6680	
29	323.923	449.8501	19773.0000	21089.0000	
30	330.256	573.1805	19458.3320	20866.0000	
31	336.583	429.1749	19898.3340	21130.3340	
32	342.905	331.8372	19881.0000	20984.0000	
33	349.220	260.1655	19235.6680	20235.3340	
34	355.529	282.1599	17283.6680	18273.6660	
35	361.833	227.7114	20741.0000	21637.0000	
36	368.130	154.2052	17275.0000	18044.6660	
37	374.421	159.3064	17950.3340	18727.6680	
38	380.707	121.4077	18468.3340	19225.3340	
39	386.986	144.5920	18844.0000	19575.0000	
40	393.259	203.2762	15867.3340	16696.0000	
41	399.526	153.6381	17979.3340	18763.0000	
42	405.787	0.0000	15989.3340	16624.0000	
43	412.042	116.6978	11797.6660	12553.6680	
44	418.291	281.7258	13558.0000	14483.6680	
45	424.534	440.2328	13125.6670	14233.0000	
46	430.771	520.7429	10374.6660	11585.6670	
47	437.001	435.5841	7106.0000	8255.0000	
48	443.226	396.4263	6769.3330	7902.3330	
49	449.444	207.8755	10388.0000	11366.0000	
50	455.656	226.3190	7207.0000	8228.3340	
51	461.862	192.7613	6642.0000	7654.6670	
52	468.062	224.8707	6180.6670	7250.3340	
53	474.256	141.6567	8781.3330	9786.0000	
54	480.443	247.7764	5256.6665	6385.6670	
55	486.624	476.2285	3464.3335	4840.0000	
56	492.800	430.0358	5848.0000	7183.6670	
57	498.968	461.0234	7171.0000	8524.0000	
58	505.131	188.6778	6995.6670	8062.6670	
59	511.288	115.3323	4010.0000	4990.0000	
60	517.438	249.6529	5492.0000	6592.6660	
61	523.582	440.8078	6542.3330	7802.6660	
62	529.719	285.2956	4602.0000	5675.3330	
63	535.851	215.1169	5855.3335	6827.0000	
64	541.976	348.2718	3899.6665	4973.0000	
65	548.095	225.0931	7059.0000	7977.6670	
66	554.207	288.7477	11461.6670	12295.3340	
67	560.313	440.0687	12512.3330	13583.0000	
68	566.413	381.2237	9091.6660	10072.0000	
69	572.507	125.1716	6146.3330	6838.0000	
70	578.594	174.8777	2890.0000	3553.3335	
71	584.675	293.9963	2072.6667	2877.0000	
72	590.749	229.6986	3949.6665	4658.0000	
73	596.817	151.5139	8028.3330	8637.0000	
74	602.879	116.3288	10207.3340	10759.3340	
75	608.935	85.8106	10108.3340	10608.3340	
76	614.983	148.6263	11486.3330	12027.6670	
77	621.026	252.9702	12005.0000	12675.6660	
78	627.062	233.3340	10338.6670	10968.6670	
79	633.092	317.9470	8846.3340	9599.3330	
80	639.115	488.9786	9387.0000	10330.6670	
81	645.132	578.0083	11932.6670	12985.0000	
82	651.142	529.0390	10022.0000	11045.0000	
83	657.146	656.4031	5922.6665	7092.6670	
84	663.143	623.7659	5431.3335	6588.3330	
85	669.134	658.9174	5852.6665	7033.3330	
86	675.118	390.0685	3475.3335	4375.6665	
87	681.096	436.5536	5112.3335	6047.6670	
88	687.068	288.7044	9649.3340	10425.3340	
89	693.032	257.1721	9020.6660	9688.6670	
90	698.991	253.8063	5665.0000	6449.0000	
91	704.942	257.8066	8510.0000	9273.3330	
92	710.888	246.1265	8593.3330	9346.0000	
93	716.826	161.0830	7547.3330	8246.3330	
94	722.758	42.3734	8793.6670	9405.3340	
95	728.683	52.9970	7728.3330	8382.0000	
96	734.602	49.2875	8468.3330	9149.6670	
97	740.514	104.5771	10542.0000	11310.0000	
98	746.420	331.5482	10636.6670	11654.6670	
99	752.319	1039.3014	13308.6680	15067.6680	
100	758.211	2349.7229	10945.0000	14047.6680	
101	764.097	1876.4199	13619.6660	16272.0000	
102	769.976	626.4492	12054.0000	13479.3320	
103	775.848	410.8164	12200.6660	13433.3340	
104	781.714	409.1809	12215.6660	13469.6670	
105	787.573	584.3298	14264.6660	15706.6660	
106	793.425	596.4797	14299.3340	15766.3340	
107	799.271	796.2977	16865.3320	18545.0000	
108	805.109	567.7775	15191.6680	16655.6660	
109	810.942	218.6542	15662.0000	16765.0000	
110	816.767	127.8630	13405.6660	14406.0000	
111	822.586	127.4019	15021.6680	16009.6660	
112	828.397	97.5506	14801.6680	15757.6660	
113	834.202	155.6515	16261.3340	17138.3340	
114	840.001	341.4188	15624.6670	16789.0000	
115	845.792	402.8545	17137.3320	18345.3340	
116	851.577	214.9532	15902.3340	16904.6680	
117	857.355	258.2520	17436.6660	18480.3340	
118	863.126	99.2150	17136.0000	18018.6660	
119	868.890	182.8150	17370.3340	18325.6660	
120	874.648	201.4675	14797.3320	15770.3340	
121	880.398	353.3852	14836.6660	15953.0000	
122	886.142	405.9709	15407.6660	16568.0000	
123	891.879	429.5545	17601.3340	18776.6660	
124	897.609	224.8080	17688.0000	18650.0000	
125	903.332	125.4955	14908.0000	15762.6660	
126	909.048	224.8509	14961.6660	15907.6660	
127	914.757	338.5402	17442.6660	18494.3340	
128	920.459	474.2277	15408.0000	16587.3340	
129	926.155	223.2471	17291.3340	18211.6660	
130	931.843	158.9384	13735.6660	14583.6680	
131	937.525	158.2918	13519.6660	14359.0000	
132	943.199	222.6453	14371.0000	15266.6660	
133	948.867	253.9696	15462.3340	16391.6680	
134	954.528	396.7116	12945.3340	14016.0000	
135	960.181	390.4556	15573.6660	16636.6660	
136	965.828	168.8659	15440.3340	16280.3340	
137	971.468	165.2301	15283.0000	16123.3320	
138	977.100	224.2632	11871.3330	12774.6660	
139	982.726	204.4835	13076.3330	13926.6680	
140	988.344	210.7008	14263.6660	15153.0000	
141	993.956	199.8056	15038.0000	15913.6670	
142	999.560	202.7014	14029.0000	14924.6660	
143	1005.158	266.8697	15655.0000	16622.0000	
144	1010.748	304.0380	15105.6660	16117.0000	
145	1016.331	334.2043	15020.3340	16069.0000	
146	1021.907	238.7065	15226.0000	16186.3340	
147	1027.476	221.2068	15132.6660	16082.6660	
148	1033.038	258.7078	13929.6670	14924.3340	
149	1038.593	206.5668	15633.0000	16574.6660	
150	1044.141	148.0947	14362.6660	15245.0000	
151	1049.681	166.2877	15075.3340	15952.3340	
152	1055.215	241.8143	11831.3330	12805.6670	
153	1060.741	179.8511	14669.0000	15534.0000	
154	1066.260	178.0618	14408.0000	15313.6660	
155	1071.772	223.3669	14967.0000	15904.6660	
156	1077.276	447.0070	14822.6660	15970.6670	
157	1082.774	495.7602	15251.6680	16434.6660	
158	1088.264	262.1843	11643.0000	12578.6660	
159	1093.747	177.2764	15463.6660	16300.6680	
160	1099.223	206.1981	15859.6660	16686.3340	
161	1104.691	281.6108	17491.6680	18398.0000	
162	1110.152	228.5956	15930.0000	16768.6680	
163	1115.606	233.7457	17069.6660	17946.0000	
164	1121.053	162.0620	15579.3340	16350.6670	
165	1126.493	148.4208	17123.6680	17886.6660	
166	1131.925	160.6135	16885.3340	17680.3320	
167	1137.349	164.3060	17677.3320	18364.0000	
168	1142.767	210.8333	15820.6660	16626.0000	
169	1148.177	289.2510	17746.3340	18633.0000	
170	1153.580	511.6708	18093.3340	19205.3340	
171	1158.975	632.4206	18020.6680	19256.3320	
172	1164.364	372.1765	17340.3340	18318.6680	
173	1169.744	227.2331	20194.3340	20994.6680	
174	1175.118	176.2068	18955.3340	19780.6660	
175	1180.484	153.6486	20997.0000	21757.0000	
176	1185.843	159.7927	19956.0000	20760.6660	
177	1191.194	154.3533	20857.6680	21634.3340	
178	1196.538	217.3304	20224.6660	21096.3320	
179	1201.874	271.2250	21805.3340	22736.3340	
180	1207.203	443.1176	20348.6680	21457.0000	
181	1212.525	374.5106	21793.6660	22830.0000	
182	1217.839	290.4856	21145.6660	22085.3320	
183	1223.145	377.0791	22263.6660	23283.6680	
184	1228.444	414.0028	21946.6660	22997.3340	
185	1233.736	327.4346	23565.0000	24529.0000	
186	1239.020	263.2003	23005.0000	23904.6660	
187	1244.297	208.4048	23259.3320	24077.6660	
188	1249.566	208.5042	22829.6660	23664.0000	
189	1254.828	169.7502	25533.6680	26397.0000	
190	1260.082	124.2662	24301.6660	25103.6660	
191	1265.328	108.8686	26052.0000	26859.3359	
192	1270.567	169.7992	25749.0000	26638.0000	
193	1275.799	289.7338	27118.0000	28147.6680	
194	1281.022	273.0002	25944.0000	26977.6680	
195	1286.239	391.2668	27221.6680	28394.3359	
196	1291.448	591.5919	26497.0000	27899.0000	
197	1296.649	619.2687	28154.3359	29584.6680	
198	1301.842	529.6133	27113.0000	28454.3320	
199	1307.028	619.2941	28732.0000	30163.6680	
200	1312.206	582.9747	27791.6641	29187.6680	
201	1317.377	265.4037	29097.0000	30164.0000	
202	1322.540	186.5028	28235.3340	29212.0000	
203	1327.695	342.0334	29412.0000	30523.6660	
204	1332.843	319.1715	28495.3359	29577.3320	
205	1337.982	166.4844	30237.6680	31178.3320	
206	1343.115	128.6304	28835.3340	29713.0000	
207	1348.239	122.7766	30495.6680	31415.3340	
208	1353.356	110.4194	29156.0000	30074.6641	
209	1358.465	172.4042	31293.3320	32285.3359	
210	1363.567	426.7095	30354.0000	31611.6641	
211	1368.660	848.0225	31900.6680	33591.0000	
212	1373.746	972.9996	30762.3359	32589.0000	
213	1378.824	1005.7755	32359.6641	34235.3359	
214	1383.894	734.8760	30973.6641	32594.6680	
215	1388.957	348.6423	32725.6660	33976.6680	
216	1394.012	142.7407	31169.6680	32231.0000	
217	1399.059	8.4831	32810.6641	33745.6680	
218	1404.098	42.2968	31281.6680	32238.6680	
219	1409.129	193.1147	33016.6680	34112.6680	
220	1414.153	538.9327	31251.0000	32681.0000	
221	1419.169	794.5560	32936.0000	34605.0000	
222	1424.176	1109.8472	31567.0000	33534.6680	
223	1429.176	2300.8020	32815.0000	35957.0000	
224	1434.168	3538.5513	31454.0000	35803.6680	
225	1439.153	3626.6047	32892.0000	37297.0000	
226	1444.129	3587.6582	31464.0000	35797.3320	
227	1449.097	3366.0471	32990.6680	37069.6680	
228	1454.058	3112.7722	31217.3320	35010.3359	
229	1459.011	2526.0059	33104.6680	36239.3320	
230	1463.955	1861.9153	30951.6680	33350.6680	
231	1468.892	1438.1567	32137.6641	34041.3320	
232	1473.821	908.7303	30351.0000	31653.6680	
233	1478.742	527.3069	31599.3340	32458.6680	
234	1483.655	328.5515	29798.6680	30397.3359	
235	1488.559	199.7979	31670.6641	32078.6680	
236	1493.456	184.7045	30107.6680	30438.6680	
237	1498.345	135.7614	31944.3359	32200.6641	
238	1503.226	140.6237	30667.6680	30926.0000	
239	1508.099	131.9237	31055.3320	31181.6641	
240	1512.964	157.7229	25286.6660	25505.3340	
241	1517.821	121.4381	29138.0000	29256.3320	
242	1522.669	125.4898	31098.0000	31159.0000	
243	1527.510	151.2889	33570.6641	33677.6680	
244	1532.343	188.9000	32129.3340	32229.3359	
245	1537.167	195.5850	33888.6680	33941.3359	
246	1541.984	206.7612	32468.6680	32606.3320	
247	1546.792	297.4199	34065.3320	34287.3320	
248	1551.593	279.3286	33019.0000	33201.3320	
249	1556.385	432.5374	35011.3359	35455.0000	
250	1561.169	641.1694	33333.0000	34029.3359	
251	1565.945	679.4573	34966.3359	35745.0000	
252	1570.712	434.0896	34284.6641	34862.0000	
253	1575.472	262.4858	35380.0000	35829.6680	
254	1580.223	175.1311	33588.0000	33963.0000	
255	1584.967	125.9458	35036.6680	35460.6641	
256	1589.702	82.0100	32657.6680	33034.0000	
257	1594.429	65.7432	32492.0000	32920.6680	
258	1599.147	84.8039	31493.0000	31984.6641	
259	1603.858	196.6422	35128.3359	35790.3320	
260	1608.560	403.4966	34288.6641	35190.3359	
261	1613.254	572.6262	35988.0000	37111.6680	
262	1617.940	527.4230	35456.6680	36588.0000	
263	1622.617	498.5566	36342.6680	37498.0000	
264	1627.286	871.3544	34476.3359	36057.3320	
265	1631.947	1387.4167	35134.3320	37264.0000	
266	1636.600	1786.5906	33112.0000	35657.3320	
267	1641.244	2210.1428	35839.3359	38822.6680	
268	1645.880	2732.7002	33831.6641	37352.0000	
269	1650.508	1991.0625	35959.0000	38686.3320	
270	1655.128	1500.0962	33165.3320	35350.3320	
271	1659.739	1341.1304	35404.3320	37379.0000	
272	1664.341	1288.1643	34589.6641	36460.0000	
273	1668.936	1529.5266	35951.0000	38011.3320	
274	1673.522	2038.5605	33791.6680	36309.6680	
275	1678.099	2520.5942	33783.0000	36731.6680	
276	1682.669	1517.2917	33112.6680	35006.6680	
277	1687.230	689.0999	33044.3320	34049.6641	
278	1691.782	233.9067	33127.3359	33617.0000	
279	1696.326	113.7229	36105.3320	36414.3359	
280	1700.862	97.9290	32692.6641	32935.6680	
281	1705.389	113.4429	33246.6680	33442.3320	
282	1709.908	101.2966	30948.3359	31069.0000	
283	1714.418	142.1545	35037.6641	35136.3320	
284	1718.920	160.3400	31924.0000	31978.0000	
285	1723.413	209.8892	31962.6660	32047.0000	
286	1727.898	263.1064	27404.3320	27522.6680	
287	1732.375	235.9054	31751.0000	31816.0000	
288	1736.842	203.8085	31603.6680	31634.6680	
289	1741.302	192.7938	30950.6680	30946.6641	
290	1745.753	198.5310	27666.0000	27738.6680	
291	1750.195	210.1021	31869.6680	31842.3320	
292	1754.629	208.3394	30252.0000	30298.3359	
293	1759.054	213.3597	30136.6641	30171.3320	
294	1763.471	248.4645	25455.3340	25513.3359	
295	1767.879	256.0870	28968.3320	29037.0000	
296	1772.278	261.1077	31063.3359	31120.0000	
297	1776.669	252.8981	27903.6680	27921.3359	
298	1781.051	268.9603	24627.0000	24729.6680	
299	1785.425	262.1879	25235.6680	25295.0000	
300	1789.790	255.4991	24303.3340	24451.0000	
301	1794.147	181.0972	25725.3359	25742.6680	
302	1798.494	180.8739	28075.6680	28089.3320	
303	1802.833	156.9844	28732.3340	28718.6641	
304	1807.164	151.7630	28396.3359	28374.0000	
305	1811.486	165.2091	25527.3320	25488.3320	
306	1815.799	206.6561	23161.0000	23186.6680	
307	1820.103	255.7647	24217.0000	24288.3320	
308	1824.399	239.1835	23455.6680	23498.6660	
309	1828.686	236.1372	26562.6641	26605.3320	
310	1832.964	254.6701	25362.6680	25338.3359	
311	1837.234	317.0349	22545.6680	22674.6660	
312	1841.495	293.6546	22366.0000	22474.3340	
313	1845.747	206.9888	23981.0000	23971.6660	
314	1849.990	199.6575	26487.3340	26504.3320	
315	1854.225	163.3267	25489.6680	25489.6680	
316	1858.451	175.9123	23778.6660	23776.6660	
317	1862.668	202.5273	22013.6660	22078.6660	
318	1866.876	195.1423	20421.0000	20437.6680	
319	1871.075	269.8403	16854.3340	16990.3340	
320	1875.266	243.2049	16806.3340	16970.0000	
321	1879.448	168.7363	18309.3340	18359.0000	
322	1883.620	221.0058	13807.0000	13924.6660	
323	1887.784	326.3964	11977.3330	12208.6660	
324	1891.940	277.1190	13414.0000	13604.3320	
325	1896.086	232.0633	16483.6680	16594.3320	
326	1900.223	227.8402	13259.3340	13426.3340	
327	1904.352	204.1195	18577.6660	18707.6680	
328	1908.471	186.3944	18421.3340	18506.6660	
329	1912.582	206.9965	16663.6680	16802.6660	
330	1916.684	227.9667	17358.3320	17470.0000	
331	1920.777	263.2692	14626.3320	14822.3320	
332	1924.861	246.5730	16758.6660	16941.3340	
333	1928.936	185.6106	17938.6660	18064.6680	
334	1933.002	200.3964	16421.0000	16546.0000	
335	1937.059	203.5155	12843.0000	13053.0000	
336	1941.107	200.3022	15096.6660	15216.0000	
337	1945.146	189.7558	16409.6680	16565.3320	
338	1949.176	185.4595	16625.6680	16755.0000	
339	1953.197	218.8306	13661.0000	13846.0000	
340	1957.209	252.5347	7449.0000	7672.0000	
341	1961.212	231.3971	8181.3330	8414.6670	
342	1965.206	190.0932	9752.0000	9929.3340	
343	1969.191	203.1980	8006.3330	8213.6660	
344	1973.167	211.1111	6476.3330	6703.6670	
345	1977.134	237.7359	3540.6665	3804.6667	
346	1981.092	254.2777	1336.0000	1634.6667	
347	1985.041	247.1529	3076.0000	3366.0000	
348	1988.980	237.1114	3343.3335	3653.0000	
349	1992.911	212.2188	1490.0000	1765.6667	
350	1996.832	171.8573	522.0000	755.0000	
351	2000.744	221.8272	1031.0000	1316.0000	
352	2004.647	221.4637	194.3333	481.0000	
353	2008.541	233.0168	483.6667	811.3334	
354	2012.426	230.9866	-141.0000	149.6667	
355	2016.301	224.7065	370.3333	666.3333	
356	2020.168	222.6766	-337.6667	-38.0000	
357	2024.025	214.0565	379.6667	683.0000	
358	2027.873	195.6033	-261.0000	9.3333	
359	2031.712	203.5666	308.6667	587.6667	
360	2035.542	234.1965	-329.3333	-19.0000	
361	2039.362	221.0030	299.6667	631.0000	
362	2043.173	183.4761	-328.6667	-76.0000	
363	2046.975	214.6158	264.0000	544.3333	
364	2050.768	220.6283	-414.6667	-89.3333	
365	2054.551	223.7975	276.6667	537.6666	
366	2058.325	222.0500	-292.0000	7.3333	
367	2062.090	220.8025	259.6667	556.0000	
368	2065.846	219.9717	-304.6667	17.0000	
369	2069.592	218.9742	253.3333	508.6666	
370	2073.329	218.1434	-275.3333	31.0000	
371	2077.056	224.7061	370.0000	662.6666	
372	2080.775	210.3503	-288.0000	-32.3333	
373	2084.484	207.4423	202.6667	547.6667	
374	2088.183	208.6176	-197.3333	23.3333	
375	2091.873	211.7096	69.0000	345.3333	
376	2095.554	234.2182	-244.0000	53.6667	
377	2099.226	238.8654	282.6667	597.0000	
378	2102.887	236.5126	-97.3333	192.6667	
379	2106.540	233.9098	237.3333	540.6667	
380	2110.183	223.7239	-368.6667	-84.3333	
381	2113.817	212.6799	-664.6666	-364.6667	
382	2117.442	202.6359	-74.0000	171.3333	
383	2121.056	194.4252	271.0000	529.3333	
384	2124.662	194.6312	-457.0000	-213.6667	
385	2128.258	199.2254	239.0000	505.3333	
386	2131.844	230.6236	-361.0000	-63.6667	
387	2135.421	227.0218	164.0000	457.3334	
388	2138.989	226.2530	-170.6667	116.6667	
389	2142.547	227.0037	376.6667	676.3333	
390	2146.095	223.9211	-381.6667	-93.3333	
391	2149.635	223.1301	287.3333	550.3333	
392	2153.164	232.3905	-562.6667	-264.3333	
393	2156.684	232.2900	92.6667	374.0000	
394	2160.194	221.8980	-259.3333	55.3333	
395	2163.695	213.6725	386.0000	638.6667	
396	2167.186	213.6140	-229.6667	27.3333	
397	2170.668	194.3549	152.0000	400.6667	
398	2174.140	205.6791	-362.6667	-117.0000	
399	2177.603	228.0033	161.0000	442.6667	
400	2181.055	209.3275	-143.3333	119.3333	
401	2184.499	176.9850	474.3333	704.3333	
402	2187.932	226.3092	-271.6667	7.3333	
403	2191.356	236.6334	-22.3333	266.6667	
404	2194.770	249.9572	-337.0000	-35.0000	
405	2198.175	240.8533	345.0000	639.0000	
406	2201.570	176.5082	-282.3333	-43.0000	
407	2204.955	206.5294	341.3333	611.6666	
408	2208.331	208.8839	-181.0000	92.6667	
409	2211.697	210.6278	407.0000	683.0000	
410	2215.053	253.0385	-405.3333	-86.3333	
411	2218.399	240.4492	310.0000	617.0000	
412	2221.736	191.1932	-296.3333	-38.0000	
413	2225.063	211.2187	366.6667	617.0000	
414	2228.380	220.2931	-570.0000	-279.3333	
415	2231.688	227.5341	190.3333	464.0000	
416	2234.985	228.8585	-570.6667	-281.3333	
417	2238.273	222.2662	296.6667	570.6667	
418	2241.552	207.9239	-197.3333	61.0000	
419	2244.820	189.2483	248.3333	486.6667	
420	2248.078	207.9061	-194.3333	32.6667	
421	2251.327	219.2895	277.6667	576.0000	
422	2254.566	223.7562	-406.0000	-147.0000	
423	2257.795	216.3896	258.3333	542.0000	
424	2261.014	216.4398	-217.0000	27.6667	
425	2264.223	220.7112	612.6666	881.3334	
426	2267.423	250.6491	147.6667	446.6667	
427	2270.612	223.5714	478.0000	759.0000	
428	2273.792	218.8890	-276.6667	1.0000	
429	2276.962	190.5637	237.0000	487.6667	
430	2280.122	212.5717	-224.6667	49.3333	
431	2283.271	226.2464	520.3333	809.3334	
432	2286.411	206.2544	-276.0000	-5.6667	
433	2289.542	180.9290	281.3333	527.6666	
434	2292.662	212.9009	-180.3333	90.3333	
435	2295.772	227.1523	339.6667	623.6667	
436	2298.872	249.0710	-532.0000	-227.0000	
437	2301.962	251.9319	317.0000	624.6667	
438	2305.042	230.7927	-276.6667	9.6667	
439	2308.113	222.3203	192.3333	461.6667	
440	2311.173	222.5146	-210.0000	76.0000	
441	2314.223	215.9376	924.6666	1193.6666	
442	2317.263	193.0272	752.0000	996.0000	
443	2320.293	177.4502	439.6667	666.0000	
444	2323.313	209.8732	-439.3333	-182.6667	
445	2326.323	217.1545	477.3334	737.0000	
446	2329.323	239.1025	-74.3333	203.0000	
447	2332.313	237.3840	1211.0000	1482.3334	
448	2335.293	182.5733	254.3333	475.0000	
449	2338.262	210.3710	320.0000	565.3333	
450	2341.222	230.5019	65.0000	327.3333	
451	2344.172	237.9663	718.6667	985.3334	
452	2347.111	238.4305	-454.0000	-190.0000	
453	2350.040	235.9906	541.3333	802.6666	
454	2352.959	214.8841	-24.3333	215.6667	
455	2355.868	197.8871	834.6666	1049.0000	
456	2358.767	186.0630	534.0000	737.0000	
457	2361.655	193.3304	1410.0000	1621.6667	
458	2364.534	218.5978	160.3333	398.6667	
459	2367.402	224.1985	511.6667	757.0000	
460	2370.260	221.7162	590.6666	868.3334	
461	2373.107	197.8267	1137.3333	1356.0000	
462	2375.945	216.1872	313.0000	548.3334	
463	2378.772	270.8811	1149.6666	1438.0000	
464	2381.589	230.2417	930.6666	1176.6667	
465	2384.396	200.2688	625.3334	839.6666	
466	2387.192	203.4627	-88.0000	82.6667	
467	2389.979	231.9900	519.3333	762.0000	
468	2392.755	226.6836	216.0000	451.6667	
469	2395.520	214.1553	1212.6666	1445.0000	
470	2398.276	212.5983	1084.3334	1311.3334	
471	2401.021	212.8955	1478.3334	1712.3334	
472	2403.755	213.4007	-385.0000	-172.0000	
473	2406.479	216.1277	398.6667	647.3333	
474	2409.194	215.0628	-126.3333	99.0000	
475	2411.897	178.1231	1017.0000	1202.6666	
476	2414.591	210.4292	85.6667	265.6667	
477	2417.273	248.2626	559.3333	798.6666	
478	2419.946	234.9293	10.6667	231.6667	
479	2422.608	229.5959	649.0000	852.6666	
480	2425.260	234.5959	-20.6667	196.3333	
481	2427.901	229.9291	564.0000	765.0000	
482	2430.532	225.9291	-302.3333	-110.3333	
483	2433.152	228.2623	401.6667	591.0000	
484	2435.762	148.7617	1615.6667	1480.0000	
485	2438.362	149.7640	653.0000	836.0000	
486	2440.951	210.9747	-365.0000	-182.3333	
487	2443.530	211.9771	497.6666	671.0000	
488	2446.098	238.2712	-189.3333	1.0000	
489	2448.655	242.6633	201.6667	424.0000	
490	2451.202	229.7349	-270.0000	-107.3333	
491	2453.739	216.5320	597.3333	807.3334	
492	2456.265	213.3295	-57.6667	120.6667	
493	2458.781	223.7772	689.3333	871.6666	
494	2461.286	248.7249	-361.6667	-145.6667	
495	2463.780	222.0893	483.6667	671.6666	
496	2466.264	231.0787	-196.0000	-39.3333	
497	2468.737	244.8181	550.0000	758.0000	
498	2471.200	236.8493	-183.3333	15.3333	
499	2473.652	193.8803	692.6666	847.0000	
500	2476.094	196.6612	99.0000	247.6667	
501	2478.525	199.9558	369.3333	526.6667	
502	2480.945	201.0420	-111.6667	45.3333	
503	2483.354	207.3366	500.6667	651.0000	
504	2485.754	213.5061	-256.0000	-82.0000	
505	2488.142	214.5924	242.6667	414.0000	
506	2490.520	224.7620	-263.6667	-86.3333	
507	2492.887	222.9524	378.0000	579.0000	
508	2495.243	218.6011	-431.3334	-262.3333	
509	2497.589	222.4373	488.0000	654.0000	
510	2499.924	291.7736	1.6667	241.6667	
511	2502.248	164.8598	287.0000	399.0000	
