resultName	muna11-14
resultName	muna11-14
ID	RS20191212100145_P19331194
Command	SCANANDSEARCH
User	Admin
Application	_Analyze
SerialNumber	P19331194
Power	280
Integration	900
Averages	3
AutoExposure	Off
AutoCollect	Off
QuickCollect	Off
AutoBackground	On
BaselineCorrection	On
Algorithm	Wavelet
Searched Library	All,None,None,None
MixtureComponents	2
matchThreshold	0.75
displayMatches	1
Threshold	0.80
WL Start	
WL End	
ServerVersion	3.180316
FirmwareVersion	
date	2019-12-12
time	10:01:45
scanindex	0
specpath	RS20191212100145_P19331194.xml
Search Range	200 - 2500
Synced	false
lastCalDateTime	2019-12-12 08:43:43
lastCalUser	Admin
lastCalResult	PASS
lastVerifyDateTime	2019-10-16 15:05:37
lastVerifyUser	Admin
lastVerifyResult	PASS
selectedMaterial	
result	No Match
ValidationGUID	
ValidationMatchQuality	
topMatch	
topMatchGUID	
topMatchQuality	
secondMatch	
secondMatchGUID	
secondMatchQuality	
thirdMatch	
thirdMatchGUID	
thirdMatchQuality	
fourthMatch	
fourthMatchGUID	
fourthMatchQuality	
fifthMatch	
fifthMatchGUID	
fifthMatchQuality	
signedBy	
signedDateTime	
softwareVer	1.7.0.21
memo	
batchID	
inBatch	false
batchUID	
batchCID1	
batchCIDlbl1	
batchCID2	
batchCIDlbl2	
batchCID3	
batchCIDlbl3	
batchCID4	
batchCIDlbl4	
batchCID5	
batchCIDlbl5	
signedTitle	
signedReason	
rescanned	
barcode	
topMatchContribs	
secondMatchContribs	
thirdMatchContribs	
fourthMatchContribs	
fifthMatchContribs	
ValidationMatchContribs	
Threat	
PrecursorList	
CompundName	
WindowStart4C	
MatchLibrary	
lastModified	2019/12/12 10:04
Signal2Noise	56.97
Detector TEC SetPoint	0x8000
Detector Temp	4.95
Laser Temp	25.39
OE1 Temp	31.62
OE2 Temp	35.44
Detector Gain	200
SaturationDetected	false
InterpolatedPixelList	
PeakList	 287.0	1138	297.0	938	335.5	920	398.8	879	442.9	839	480.8	890	645.5	2752	673.7	1309	746.3	1029	804.4	768	839.1	973	959.2	876	1092.7	757	1127.1	1089	1141.5	1024	1207.6	816	1313.2	610	1365.5	1440	1457.5	5572	1618.7	1022	1644.1	3571	1677.4	2716	1711.3	1138
index	Raman Shift (cm-1)	Y value (counts)	background (counts)	raw value (counts)
0	137.923	633.2707	38517.0000	41189.0000	
1	144.410	490.4444	41405.6641	43853.3320	
2	150.891	269.9500	43669.6641	45815.3320	
3	157.367	389.7917	45173.6641	47357.6680	
4	163.837	528.6255	44857.3359	47098.6680	
5	170.302	582.1353	47583.0000	49796.3359	
6	176.762	508.6371	47488.6680	49547.0000	
7	183.215	485.8107	47516.6680	49470.6680	
8	189.664	437.3165	45884.6641	47708.6641	
9	196.106	425.4862	48423.0000	50153.6641	
10	202.544	405.6638	48636.0000	50265.3359	
11	208.975	476.5055	50255.3281	51874.0000	
12	215.401	521.6713	48927.6680	50510.0000	
13	221.822	436.5668	50382.3359	51841.6719	
14	228.236	264.5821	51048.6641	52287.6680	
15	234.646	311.8558	52427.3359	53735.0000	
16	241.049	320.4692	47676.3359	49014.0000	
17	247.447	322.4185	49484.6641	50845.6641	
18	253.839	365.9489	46570.3320	47997.0000	
19	260.226	344.5623	48115.3359	49529.6680	
20	266.607	398.9267	44875.6641	46377.3320	
21	272.982	466.2810	48530.6641	50146.3359	
22	279.352	936.2955	47936.6641	50069.0000	
23	285.716	1137.6421	46296.0000	48676.3320	
24	292.074	887.6602	44658.6680	46835.6680	
25	298.426	938.2432	44343.6680	46614.0000	
26	304.773	837.4979	43427.3320	45639.6680	
27	311.114	671.4128	45601.6680	47690.6680	
28	317.449	754.6255	42417.0000	44646.3359	
29	323.779	789.3535	42626.6680	44846.0000	
30	330.102	814.4212	42551.3320	44751.0000	
31	336.420	919.8168	43765.0000	46025.3320	
32	342.732	821.5486	42879.6680	44997.0000	
33	349.039	496.6125	42069.6680	43817.3320	
34	355.339	273.6801	37063.3320	38543.3320	
35	361.634	0.0000	43602.3320	44749.6680	
36	367.923	207.6472	38612.0000	39733.3359	
37	374.205	393.0845	37607.6680	39110.3320	
38	380.483	780.3595	38831.6680	40726.0000	
39	386.754	565.6307	40291.6680	41975.6641	
40	393.019	610.2418	34126.6680	35859.6680	
41	399.278	878.5549	36227.3320	38231.6680	
42	405.532	539.5321	33711.0000	35379.3359	
43	411.779	481.8375	25037.3359	26651.0000	
44	418.021	333.8186	25473.3320	26942.0000	
45	424.257	372.1388	26652.3340	28146.0000	
46	430.487	555.7968	20149.3320	21813.3340	
47	436.710	689.1168	14786.0000	16570.0000	
48	442.928	838.7720	11429.6670	13350.0000	
49	449.140	585.1359	18120.0000	19788.6660	
50	455.346	607.0020	14113.0000	15781.6660	
51	461.546	361.8689	11461.3330	12863.0000	
52	467.739	305.4019	10594.3330	11917.6670	
53	473.927	622.8051	14690.3340	16308.0000	
54	480.109	889.8772	9980.3330	11842.0000	
55	486.285	752.6149	5865.6665	7567.0000	
56	492.454	410.0830	9372.0000	10694.0000	
57	498.618	319.2553	11219.6670	12418.6660	
58	504.775	350.5964	12627.0000	13719.6680	
59	510.926	420.5202	7070.6670	8351.6670	
60	517.072	510.1931	8059.0000	9279.0000	
61	523.211	599.8246	11009.3330	12359.3340	
62	529.344	605.5370	7349.3340	8672.0000	
63	535.471	493.5852	8882.0000	10059.6670	
64	541.591	404.6316	6270.6670	7326.3330	
65	547.706	365.6798	9748.6660	10732.3330	
66	553.814	304.3960	19001.3320	19890.6680	
67	559.917	389.1075	21907.0000	22848.0000	
68	566.013	490.5712	15961.3340	16987.0000	
69	572.102	497.3820	10610.6670	11605.6670	
70	578.186	479.2132	4873.3335	5949.3335	
71	584.263	423.6194	2772.3335	3771.3335	
72	590.334	173.6087	5301.3335	6081.0000	
73	596.399	207.0750	10633.0000	11508.0000	
74	602.458	518.5408	16279.6670	17528.0000	
75	608.510	912.0064	15951.3340	17655.0000	
76	614.556	1142.4729	17018.0000	19014.0000	
77	620.596	1283.6353	19840.6680	22002.3320	
78	626.630	1073.0488	16091.0000	18063.3340	
79	632.657	1432.4596	12799.3330	15152.3340	
80	638.677	1815.8687	12984.3340	15742.0000	
81	644.692	2751.6145	16367.6660	20082.3340	
82	650.700	2582.6904	15205.3340	18772.3340	
83	656.702	1725.7671	8110.6670	10842.0000	
84	662.697	1176.8442	6497.3340	8701.0000	
85	668.686	989.6465	6658.0000	8658.3330	
86	674.669	1308.7825	4189.6665	6493.0000	
87	680.645	1257.9171	5058.6670	7295.0000	
88	686.615	592.3857	11419.3340	12974.0000	
89	692.578	434.7311	10796.6660	12040.6670	
90	698.535	462.5339	6866.3330	8238.0000	
91	704.486	413.7792	9240.3330	10634.0000	
92	710.430	359.2028	9678.3340	10895.0000	
93	716.368	236.8433	8772.3330	9865.6670	
94	722.299	301.1486	9539.3330	10696.0000	
95	728.223	702.1201	9137.6670	10694.3330	
96	734.141	889.4264	9044.0000	10787.0000	
97	740.053	823.7307	12277.3340	13953.6660	
98	745.958	1029.4600	12162.3330	14031.6660	
99	751.857	998.1682	15673.6680	17525.3340	
100	757.749	949.5438	13201.6660	15018.3320	
101	763.634	759.5228	16138.6670	17756.3320	
102	769.513	589.1699	14427.0000	15865.3320	
103	775.385	330.1521	14394.6660	15565.0000	
104	781.251	172.4639	13955.0000	14958.6660	
105	787.110	372.9285	16215.3340	17410.0000	
106	792.963	501.0610	15981.6660	17295.0000	
107	798.809	613.8596	19231.6660	20648.3340	
108	804.648	767.6561	16927.0000	18488.0000	
109	810.481	679.8783	17156.6660	18651.6660	
110	816.307	399.4346	14233.0000	15469.3340	
111	822.126	308.6568	15301.3340	16468.6680	
112	827.938	393.9945	15111.0000	16237.6660	
113	833.744	708.7849	16367.6660	17994.0000	
114	839.544	973.0754	15448.3330	17361.3340	
115	845.336	432.3639	16777.3340	18172.0000	
116	851.122	418.6554	15443.0000	16846.3340	
117	856.901	495.2967	16250.6680	17775.0000	
118	862.673	509.8560	15940.3340	17444.6660	
119	868.439	521.2902	15593.6660	17101.0000	
120	874.198	509.2166	13127.6660	14608.6680	
121	879.950	414.8658	11937.3330	13304.6660	
122	885.695	379.1849	12585.0000	13897.3340	
123	891.434	496.8352	13698.0000	15108.6660	
124	897.165	621.1556	13852.3320	15368.0000	
125	902.890	520.9874	11397.0000	12795.0000	
126	908.608	332.8203	10440.3330	11632.6660	
127	914.319	402.9871	12380.0000	13625.0000	
128	920.024	447.4864	10326.6670	11637.6660	
129	925.721	431.5696	11494.6670	12760.6660	
130	931.412	449.0693	8874.6670	10140.6670	
131	937.095	339.3199	8066.3335	9177.6670	
132	942.772	433.2357	8224.3340	9267.3330	
133	948.442	586.1691	8784.3330	10115.0000	
134	954.105	751.9200	6869.6670	8352.3330	
135	959.761	876.0059	7773.0000	9366.0000	
136	965.410	533.7578	7655.3340	8892.3340	
137	971.053	520.6948	7371.6670	8567.6670	
138	976.688	519.5488	5269.3335	6567.0000	
139	982.316	462.9861	5549.0000	6718.6670	
140	987.937	442.9646	5919.0000	7067.3335	
141	993.552	406.9239	6132.3335	7281.0000	
142	999.159	339.3832	5375.0000	6467.0000	
143	1004.759	356.7594	6147.3335	7284.6670	
144	1010.352	445.4681	5541.3335	6795.3330	
145	1015.939	445.6779	5740.0000	7067.6670	
146	1021.518	417.7204	5836.3335	7062.0000	
147	1027.090	428.9301	6027.3335	7348.6670	
148	1032.655	448.9727	5387.6665	6758.6665	
149	1038.213	443.8111	6397.3330	7718.0000	
150	1043.764	449.1706	6045.3335	7509.6670	
151	1049.307	408.6756	6674.3330	8137.0000	
152	1054.844	388.0756	5193.3330	6621.3340	
153	1060.373	413.0401	6898.6660	8425.3330	
154	1065.896	393.8541	7015.0000	8571.6670	
155	1071.411	419.1216	7606.6670	9207.3340	
156	1076.919	614.7219	7680.3330	9495.3330	
157	1082.420	529.0374	8543.6660	10258.0000	
158	1087.914	559.6840	6329.6670	8059.6660	
159	1093.400	757.3334	8787.3330	10700.0000	
160	1098.880	577.9819	9348.0000	11066.3340	
161	1104.352	339.1037	10800.3330	12246.6660	
162	1109.817	344.5665	9901.6670	11320.3330	
163	1115.274	635.3642	10942.6660	12619.0000	
164	1120.725	776.4933	10139.6670	11924.0000	
165	1126.168	1089.1689	11375.6670	13430.6660	
166	1131.604	944.1795	11479.0000	13347.0000	
167	1137.032	921.5209	12670.6680	14474.0000	
168	1142.453	1023.5325	11161.3340	13024.6670	
169	1147.868	777.8599	12869.3340	14457.3340	
170	1153.274	633.1884	13596.3320	15010.0000	
171	1158.674	508.5148	13892.3340	15151.6680	
172	1164.066	336.5071	13380.0000	14437.6660	
173	1169.450	282.1844	16055.6660	17072.3320	
174	1174.828	275.1957	15569.0000	16592.0000	
175	1180.198	383.6407	17426.0000	18580.3340	
176	1185.560	405.1784	17140.6660	18348.6660	
177	1190.916	362.7167	18247.3320	19428.3340	
178	1196.263	431.9195	17998.6680	19328.6660	
179	1201.604	652.1258	19721.6660	21314.3320	
180	1206.937	815.9982	19202.3340	21001.3340	
181	1212.262	707.4501	20578.6660	22296.0000	
182	1217.581	593.0291	20618.0000	22235.3340	
183	1222.891	540.7808	21997.6660	23588.3340	
184	1228.194	528.8636	22242.0000	23846.3340	
185	1233.490	455.6201	24373.6660	25873.3320	
186	1238.778	435.6679	24448.6660	25930.0000	
187	1244.059	587.3616	25057.6680	26842.6680	
188	1249.333	688.6392	24809.3359	26736.3359	
189	1254.598	524.9351	28520.0000	30315.6660	
190	1259.856	359.5673	27852.0000	29514.6680	
191	1265.107	325.1973	29996.6641	31657.3320	
192	1270.350	442.8232	30709.6680	32520.3320	
193	1275.586	424.1211	32736.6680	34561.0000	
194	1280.814	427.4190	32201.6680	34061.6680	
195	1286.034	626.3814	33895.6680	35987.0000	
196	1291.247	514.8735	34076.0000	36106.0000	
197	1296.452	285.8305	36633.0000	38499.6680	
198	1301.650	140.7836	36203.6680	37991.0000	
199	1306.840	472.7407	38567.3320	40752.3320	
200	1312.022	609.6949	38033.6680	40421.3320	
201	1317.197	366.7192	40106.6680	42295.0000	
202	1322.364	428.0794	39743.0000	42036.3359	
203	1327.523	765.0301	41550.3359	44201.6641	
204	1332.674	1045.4091	40806.0000	43767.0000	
205	1337.818	1094.7488	43245.3320	46269.6641	
206	1342.955	677.4243	42212.0000	44833.0000	
207	1348.083	467.7678	44532.6641	46958.0000	
208	1353.204	449.7756	43387.6641	45809.0000	
209	1358.317	875.1152	46080.3320	48941.0000	
210	1363.422	1439.7830	45588.3359	49027.6641	
211	1368.520	1371.7947	47932.3320	51317.6641	
212	1373.610	1334.1375	46905.3320	50267.0000	
213	1378.692	1243.5623	49205.0000	52486.6641	
214	1383.766	1032.3269	47823.6641	50904.6641	
215	1388.832	349.0840	50236.0000	52644.3281	
216	1393.891	114.8506	48731.0000	50915.6641	
217	1398.942	214.2131	51016.0000	53294.6641	
218	1403.984	373.5196	49399.6680	51796.6719	
219	1409.020	814.1543	51713.3281	54510.0000	
220	1414.047	1243.7856	49811.6641	52997.0000	
221	1419.066	1704.0129	52300.0000	55914.0000	
222	1424.078	1887.5759	50919.0000	54685.0000	
223	1429.081	2872.4673	52745.0000	57464.3281	
224	1434.077	3593.9211	51203.3359	56588.3359	
225	1439.065	4056.8665	53464.0000	59258.3359	
226	1444.045	4444.4766	51827.3281	57955.6641	
227	1449.016	4904.7422	54046.3359	60581.3281	
228	1453.980	5384.3594	51723.6641	58684.6641	
229	1458.936	5572.2188	54394.6680	61445.0000	
230	1463.885	3947.0781	51516.3359	56843.0000	
231	1468.825	2512.6128	53042.0000	56835.6719	
232	1473.757	1509.4668	50619.0000	53311.0000	
233	1478.681	944.8085	52243.3359	54289.6719	
234	1483.597	667.1435	49966.0000	51653.6641	
235	1488.505	475.4902	52410.3320	53825.3359	
236	1493.405	385.8276	50826.3359	52070.6719	
237	1498.297	382.1313	53170.3359	54351.0000	
238	1503.181	325.9396	52188.0000	53263.3281	
239	1508.057	342.4044	52665.0000	53726.3359	
240	1512.924	383.1978	42008.6680	43133.0000	
241	1517.784	315.9924	47282.3320	48225.3320	
242	1522.635	293.1138	52901.6719	53781.0000	
243	1527.479	396.2436	56967.3359	57909.0000	
244	1532.314	465.1033	55436.3359	56421.3359	
245	1537.142	454.3058	57911.0000	58862.3359	
246	1541.961	426.4536	56491.0000	57421.3359	
247	1546.772	407.6620	58631.6680	59714.3359	
248	1551.574	348.6225	57624.0000	58663.3359	
249	1556.369	319.6464	60769.3281	61881.6641	
250	1561.155	313.1684	58505.6641	59711.6641	
251	1565.933	317.0258	60615.0000	61925.0000	
252	1570.703	365.8886	60488.6641	61947.6680	
253	1575.465	390.3705	61987.3359	63622.6641	
254	1580.219	494.8740	59293.0000	61184.6719	
255	1584.964	559.0244	61375.6719	63483.3359	
256	1589.701	696.8560	58155.3359	60552.6719	
257	1594.430	800.6758	57121.3359	59774.3320	
258	1599.150	720.5020	55350.0000	58074.6641	
259	1603.863	662.1716	61452.6641	64295.6641	
260	1608.567	682.9155	60403.3281	63400.3320	
261	1613.262	907.8843	62572.6641	65859.6719	
262	1617.949	1021.8413	62361.3281	65827.3281	
263	1622.629	989.1418	63461.6641	66960.0000	
264	1627.299	1032.4417	60833.3281	64440.0000	
265	1631.961	1421.0869	61416.6641	65443.3281	
266	1636.615	2383.0564	57967.0000	62959.0000	
267	1641.261	3425.0378	62264.0000	68301.6641	
268	1645.898	3570.6912	60008.0000	66195.0000	
269	1650.527	2100.9849	63325.0000	67946.6641	
270	1655.147	743.9563	58656.3281	61825.3320	
271	1659.759	489.5859	61761.3320	64580.3359	
272	1664.363	773.8777	61782.6719	64790.3359	
273	1668.958	1616.1716	63255.3359	67009.6641	
274	1673.544	2484.4653	60486.6719	65013.6641	
275	1678.123	2715.7766	59255.6641	63918.3359	
276	1682.692	1959.3984	58834.0000	62644.6641	
277	1687.254	1115.5317	57504.0000	60365.3359	
278	1691.806	338.6577	58476.0000	60455.0000	
279	1696.350	175.7756	64346.6719	66057.3281	
280	1700.886	206.2333	58817.0000	60473.3359	
281	1705.413	876.6914	58392.3359	60567.6641	
282	1709.932	1138.1582	54236.3359	56521.6641	
283	1714.442	1036.6279	62347.3320	64379.6641	
284	1718.944	717.4257	57313.6719	58875.3359	
285	1723.437	392.9067	56576.0000	57721.3359	
286	1727.921	321.3837	47410.3320	48392.3359	
287	1732.397	286.5074	54734.0000	55517.6641	
288	1736.864	347.3986	56931.6641	57765.3359	
289	1741.323	335.9567	54220.6641	55064.6719	
290	1745.773	340.4298	47649.3320	48331.3320	
291	1750.214	379.2350	55548.6641	56269.0000	
292	1754.647	435.0436	53850.6641	54458.6641	
293	1759.071	467.5646	52687.3359	53443.0000	
294	1763.486	475.3368	43256.0000	43917.6680	
295	1767.893	477.5219	48889.0000	49520.3320	
296	1772.291	489.0453	56103.6680	56675.6719	
297	1776.680	481.2829	48362.0000	49055.6680	
298	1781.061	482.2719	42518.6641	43063.0000	
299	1785.432	477.3205	42170.3359	42766.6641	
300	1789.796	478.3093	41359.0000	41977.3320	
301	1794.150	445.0341	42201.0000	42767.3320	
302	1798.495	402.4375	48757.0000	49233.6680	
303	1802.832	414.0887	49001.0000	49573.0000	
304	1807.160	443.4062	49934.0000	50391.6719	
305	1811.480	448.9734	43249.3320	43840.0000	
306	1815.790	455.7079	38888.0000	39459.6680	
307	1820.092	441.1100	39763.3320	40292.3359	
308	1824.385	405.6363	38787.6641	39262.6680	
309	1828.669	477.1588	44342.6680	44883.0000	
310	1832.944	507.3573	43760.3320	44324.6680	
311	1837.210	487.2158	36180.0000	36718.0000	
312	1841.468	381.4103	36291.3320	36717.3320	
313	1845.716	400.2225	38795.0000	39239.6680	
314	1849.956	462.4478	44854.6680	45373.0000	
315	1854.187	468.1749	41811.0000	42313.3320	
316	1858.409	461.5703	39563.0000	40124.6641	
317	1862.622	447.3505	35348.0000	35815.0000	
318	1866.826	450.9214	33496.6641	33988.0000	
319	1871.021	453.9499	25120.3320	25641.3320	
320	1875.207	448.6451	26015.0000	26461.6641	
321	1879.384	463.8406	28770.3359	29260.3340	
322	1883.552	453.1075	20969.0000	21545.0000	
323	1887.712	408.5146	16466.0000	16906.3320	
324	1891.862	424.8424	19752.6660	20204.6680	
325	1896.003	428.6193	24457.3340	24913.3359	
326	1900.135	422.8112	18956.6680	19415.0000	
327	1904.258	423.0877	27852.6680	28288.0000	
328	1908.372	433.8636	28744.3340	29165.0000	
329	1912.478	471.3640	24795.3320	25302.6641	
330	1916.574	474.2060	27052.3320	27536.6641	
331	1920.661	477.6305	20323.0000	20836.0000	
332	1924.738	463.8062	25243.3320	25652.0000	
333	1928.807	472.3158	26912.6680	27410.3320	
334	1932.867	430.2432	25425.0000	25830.6680	
335	1936.917	437.0846	17847.6660	18251.6660	
336	1940.959	441.5941	21708.6660	22108.6660	
337	1944.991	454.4365	23757.0000	24090.3320	
338	1949.014	462.6546	25380.0000	25841.0000	
339	1953.028	464.3725	20104.3340	20527.3340	
340	1957.033	456.9652	9970.6670	10411.6670	
341	1961.029	450.9865	10633.3330	10897.3330	
342	1965.015	461.9244	13348.3340	13745.6680	
343	1968.992	450.2335	10070.6660	10426.0000	
344	1972.960	459.0532	8592.0000	8943.6670	
345	1976.919	454.7075	4234.3335	4571.0000	
346	1980.869	381.3624	1136.3334	1389.0000	
347	1984.809	413.0169	3240.3335	3514.0000	
348	1988.740	445.9210	3941.6665	4258.3330	
349	1992.661	452.7961	1468.6667	1760.0000	
350	1996.574	462.2538	429.0000	731.0000	
351	2000.477	454.6107	963.3333	1238.0000	
352	2004.371	451.9676	137.6667	414.0000	
353	2008.256	451.0746	517.3333	765.6667	
354	2012.131	454.1815	-162.3333	116.6667	
355	2015.997	450.3718	420.6667	679.3333	
356	2019.853	443.8129	-299.6667	-50.6667	
357	2023.701	423.2576	442.6667	666.6667	
358	2027.538	449.3689	-266.0000	-20.3333	
359	2031.367	508.4802	301.0000	601.3333	
360	2035.186	443.9251	-281.0000	-49.6667	
361	2038.996	415.0059	378.0000	581.0000	
362	2042.796	446.4200	-321.3333	-86.3333	
363	2046.587	450.5009	309.3333	549.0000	
364	2050.368	446.4617	-344.3333	-73.0000	
365	2054.140	444.5273	283.0000	525.6667	
366	2057.903	443.8014	-243.6667	1.0000	
367	2061.656	450.4088	287.3333	546.6667	
368	2065.399	461.1411	-272.0000	0.0000	
369	2069.133	451.9568	244.6667	517.3333	
370	2072.858	445.6891	-218.3333	26.6667	
371	2076.573	456.4873	395.6667	665.0000	
372	2080.278	451.8513	-273.0000	-18.3333	
373	2083.974	452.0141	247.6667	516.6666	
374	2087.661	425.6768	-192.0000	37.0000	
375	2091.338	434.5895	97.0000	319.3333	
376	2095.005	456.0022	-228.3333	30.6667	
377	2098.663	439.4403	323.3333	564.0000	
378	2102.311	437.1283	-105.0000	126.0000	
379	2105.949	444.3163	262.0000	504.3333	
380	2109.578	452.2545	-333.6667	-101.3333	
381	2113.198	470.7689	-662.6667	-400.3333	
382	2116.807	468.4499	-96.6667	159.0000	
383	2120.407	442.4643	270.0000	495.3334	
384	2123.998	439.1453	-478.0000	-260.3333	
385	2127.579	433.2472	201.3333	422.3333	
386	2131.150	446.4013	-346.3333	-116.6667	
387	2134.711	443.5555	146.3333	368.6667	
388	2138.263	430.3761	-272.6667	-68.0000	
389	2141.805	428.6598	357.3333	559.6667	
390	2145.337	436.9434	-355.0000	-145.0000	
391	2148.859	483.2270	284.0000	539.6667	
392	2152.372	452.3548	-521.0000	-310.3333	
393	2155.875	450.3101	139.0000	331.3333	
394	2159.368	449.2030	-222.6667	0.3333	
395	2162.852	447.3458	387.3333	601.0000	
396	2166.326	447.9248	-213.6667	0.0000	
397	2169.790	461.2736	174.0000	400.6667	
398	2173.244	450.0391	-355.3333	-113.0000	
399	2176.688	441.3045	230.0000	406.0000	
400	2180.123	438.2366	-136.0000	79.3333	
401	2183.547	444.6687	487.0000	677.3333	
402	2186.962	450.6842	-286.6667	-58.0000	
403	2190.367	454.1997	26.0000	226.3333	
404	2193.762	462.4665	-342.0000	-104.0000	
405	2197.147	467.1627	280.3333	483.3334	
406	2200.522	453.4384	-368.0000	-107.6667	
407	2203.888	441.8497	269.0000	489.0000	
408	2207.243	440.2614	-270.6667	-51.0000	
409	2210.589	413.7556	378.3333	573.0000	
410	2213.924	428.4163	-327.6667	-163.3333	
411	2217.250	446.2022	317.6667	578.0000	
412	2220.565	444.6958	-285.0000	-61.0000	
413	2223.871	451.1910	376.6667	592.3333	
414	2227.167	457.2654	-545.3333	-294.3333	
415	2230.453	460.8397	205.6667	416.3333	
416	2233.728	456.8307	-571.6667	-319.3333	
417	2236.994	455.8217	246.3333	480.3334	
418	2240.250	459.8127	-375.0000	-136.0000	
419	2243.495	456.2204	41.6667	301.0000	
420	2246.731	450.4619	-300.6667	-69.0000	
421	2249.957	445.2742	296.0000	520.6667	
422	2253.172	421.4197	-388.0000	-189.0000	
423	2256.377	455.5652	255.3333	486.6666	
424	2259.573	464.7105	-306.3333	-67.6667	
425	2262.758	462.1223	343.0000	576.6667	
426	2265.933	452.6176	-28.0000	202.3333	
427	2269.098	441.4953	409.6667	642.0000	
428	2272.253	411.8282	-255.3333	-64.6667	
429	2275.397	430.6218	235.3333	424.6667	
430	2278.532	446.0822	-273.0000	-38.0000	
431	2281.656	458.8759	386.6667	620.6666	
432	2284.771	473.6695	-342.3333	-78.6667	
433	2287.875	458.8799	210.6667	462.3334	
434	2290.968	457.4044	-291.6667	-76.6667	
435	2294.052	455.2646	221.6667	498.0000	
436	2297.125	449.6455	-524.0000	-332.3333	
437	2300.188	450.6806	290.0000	551.3334	
438	2303.241	429.8824	-363.0000	-149.0000	
439	2306.284	431.8967	79.3333	264.3333	
440	2309.316	451.6190	-456.6667	-223.0000	
441	2312.338	446.4497	526.6667	771.0000	
442	2315.350	437.9471	109.3333	300.3333	
443	2318.352	440.6945	240.6667	480.6667	
444	2321.343	446.6920	-416.3333	-221.6667	
445	2324.323	448.4007	381.6667	632.0000	
446	2327.294	449.4428	-335.0000	-125.0000	
447	2330.254	468.7348	566.0000	808.6666	
448	2333.204	453.4030	-170.0000	120.3333	
449	2336.144	422.5598	98.0000	307.0000	
450	2339.073	431.2999	-172.3333	45.3333	
451	2341.991	443.4775	487.3334	752.3333	
452	2344.900	443.5509	-495.0000	-282.6667	
453	2347.798	436.7303	419.0000	604.3333	
454	2350.685	444.3473	-292.3333	-37.3333	
455	2353.562	466.2185	370.3333	614.0000	
456	2356.429	468.8686	-102.6667	144.6667	
457	2359.285	468.6818	741.0000	963.0000	
458	2362.130	467.7450	-123.6667	140.3333	
459	2364.966	463.1414	278.6667	514.0000	
460	2367.790	465.0387	109.6667	345.6667	
461	2370.604	430.2175	543.6667	739.6667	
462	2373.408	420.8964	-47.0000	137.6667	
463	2376.202	429.2419	659.3333	850.3333	
464	2378.984	451.7958	218.6667	440.0000	
465	2381.756	453.8080	320.3333	535.6667	
466	2384.518	462.7784	-236.3333	-30.6667	
467	2387.269	477.9573	301.0000	532.6667	
468	2390.010	466.6354	-241.3333	18.0000	
469	2392.739	430.9543	616.0000	778.3333	
470	2395.458	410.2078	315.3333	535.3333	
471	2398.167	412.2111	879.3334	1009.6666	
472	2400.865	435.8605	-503.3334	-335.0000	
473	2403.553	488.6773	276.3333	518.6667	
474	2406.229	435.3898	-290.6667	-104.0000	
475	2408.896	432.3524	612.3333	783.9999	
476	2411.551	448.3636	-198.0000	0.6667	
477	2414.196	451.0611	380.6667	548.6666	
478	2416.830	459.1751	-249.3333	-62.6667	
479	2419.453	457.5393	325.3333	519.6667	
480	2422.066	458.8202	-217.6667	-53.3333	
481	2424.668	460.3926	357.3333	541.3333	
482	2427.260	463.0902	-377.3333	-196.3333	
483	2429.840	462.3291	271.3333	447.6666	
484	2432.410	356.6935	1138.6666	1206.6666	
485	2434.969	433.4052	411.3334	554.6667	
486	2437.517	451.7835	-511.6667	-351.3333	
487	2440.055	450.4118	287.0000	448.3334	
488	2442.581	451.7899	-290.3333	-146.3333	
489	2445.097	459.1071	95.6667	260.3333	
490	2447.602	449.5755	-407.3333	-239.0000	
491	2450.096	470.6911	419.3333	609.3334	
492	2452.580	459.1398	-229.0000	-50.0000	
493	2455.052	440.5915	466.6667	625.3333	
494	2457.514	446.4598	-432.3333	-279.6667	
495	2459.965	453.3281	347.0000	535.6667	
496	2462.405	454.2798	-275.0000	-124.0000	
497	2464.834	446.7314	444.3333	623.3333	
498	2467.252	448.5164	-296.3333	-147.0000	
499	2469.659	450.3014	548.6666	700.0000	
500	2472.056	445.4198	-89.3333	61.6667	
501	2474.441	424.0579	188.0000	315.3333	
502	2476.816	443.0293	-235.0000	-111.6667	
503	2479.179	466.6674	367.3333	532.6666	
504	2481.532	463.6389	-303.3333	-143.3333	
505	2483.873	454.0270	198.0000	351.6667	
506	2486.204	450.4984	-315.3333	-151.6667	
507	2488.523	425.5532	316.0000	431.0000	
508	2490.832	449.5247	-489.0000	-352.3333	
509	2493.130	462.1628	353.0000	500.0000	
510	2495.416	462.4675	-81.3333	63.6667	
511	2497.692	425.1056	162.0000	267.3333	
