resultName	muna11-229
resultName	muna11-229
ID	RS20201106090753_P19331194
Command	SCANANDSEARCH
User	Admin
Application	_Analyze
SerialNumber	P19331194
Power	280
Integration	900
Averages	3
AutoExposure	Off
AutoCollect	Off
QuickCollect	Off
AutoBackground	On
BaselineCorrection	On
Algorithm	Wavelet
Searched Library	All,None,None,None
MixtureComponents	2
matchThreshold	0.0
displayMatches	1
Threshold	0.80
WL Start	
WL End	
ServerVersion	3.180316
FirmwareVersion	
date	2020-11-06
time	09:07:53
scanindex	0
specpath	RS20201106090753_P19331194.xml
Search Range	200 - 2500
Synced	false
lastCalDateTime	2020-10-28 08:17:07
lastCalUser	Admin
lastCalResult	PASS
lastVerifyDateTime	2020-11-06 08:24:10
lastVerifyUser	Admin
lastVerifyResult	PASS
selectedMaterial	
result	No Match
ValidationGUID	
ValidationMatchQuality	
topMatch	
topMatchGUID	
topMatchQuality	
secondMatch	
secondMatchGUID	
secondMatchQuality	
thirdMatch	
thirdMatchGUID	
thirdMatchQuality	
fourthMatch	
fourthMatchGUID	
fourthMatchQuality	
fifthMatch	
fifthMatchGUID	
fifthMatchQuality	
signedBy	
signedDateTime	
softwareVer	1.7.0.21
memo	
batchID	
inBatch	false
batchUID	
batchCID1	
batchCIDlbl1	
batchCID2	
batchCIDlbl2	
batchCID3	
batchCIDlbl3	
batchCID4	
batchCIDlbl4	
batchCID5	
batchCIDlbl5	
signedTitle	
signedReason	
rescanned	
barcode	
topMatchContribs	
secondMatchContribs	
thirdMatchContribs	
fourthMatchContribs	
fifthMatchContribs	
ValidationMatchContribs	
Threat	
PrecursorList	
CompundName	
WindowStart4C	
MatchLibrary	
lastModified	2020/11/06 09:12
Signal2Noise	96.46
Detector TEC SetPoint	0x8000
Detector Temp	4.99
Laser Temp	25.38
OE1 Temp	32.81
OE2 Temp	37.38
Detector Gain	200
SaturationDetected	false
InterpolatedPixelList	
PeakList	 286.9	1369	296.8	1242	335.2	1115	398.2	1072	480.3	972	649.5	3348	678.7	1554	751.5	1181	804.5	900	840.5	1135	959.8	996	1092.7	927	1127.2	1195	1141.5	1193	1208.0	961	1248.9	881	1336.6	1388	1369.0	1813	1457.4	7314	1618.2	1425	1644.4	5114	1677.3	3672	1712.6	1544
index	Raman Shift (cm-1)	Y value (counts)	background (counts)	raw value (counts)
0	137.234	763.4141	12438.6680	16608.6660	
1	143.735	528.1843	13056.3330	16885.0000	
2	150.232	358.6186	13662.6660	17215.6660	
3	156.722	388.7195	14064.3340	17541.3340	
4	163.207	668.1547	13714.0000	17364.3340	
5	169.686	704.5900	14959.3320	18540.0000	
6	176.159	622.0232	14688.0000	18080.0000	
7	182.627	497.1225	14849.3340	18010.3320	
8	189.089	351.5575	14087.6680	16997.0000	
9	195.545	430.3256	15059.6670	17941.6660	
10	201.996	449.7618	15067.0000	17862.3340	
11	208.440	586.5281	15819.6670	18645.6660	
12	214.879	561.9644	15112.3340	17807.6680	
13	221.313	478.2979	15788.3340	18333.3340	
14	227.740	453.6095	15722.3340	18162.0000	
15	234.162	272.4789	16431.0000	18691.6680	
16	240.578	252.0123	14535.6660	16778.0000	
17	246.988	253.5458	15540.0000	17786.0000	
18	253.392	341.0812	14364.3320	16700.0000	
19	259.791	433.9465	15296.3340	17727.0000	
20	266.184	411.4799	13981.3340	16391.6660	
21	272.570	577.7467	15525.0000	18143.3320	
22	278.951	1206.0137	15156.3340	18444.6660	
23	285.327	1369.2825	14736.0000	18229.3340	
24	291.696	1238.5474	14150.6680	17555.0000	
25	298.059	1242.2606	14459.3330	17913.6660	
26	304.417	1191.3057	13964.3340	17414.0000	
27	310.768	836.0199	15081.3320	18222.0000	
28	317.114	856.1914	13806.6680	17033.6680	
29	323.454	993.9678	14119.3340	17412.3340	
30	329.788	1037.0784	13713.0000	16977.3340	
31	336.116	1114.5227	14639.6660	17909.6680	
32	342.438	1080.2952	14061.6680	17225.6660	
33	348.754	624.7375	14230.6680	16867.3320	
34	355.064	256.5159	12329.3340	14526.0000	
35	361.368	96.4565	14720.3340	16666.6680	
36	367.666	52.1913	12764.0000	14603.0000	
37	373.958	364.5252	12521.0000	14658.6660	
38	380.244	989.1929	13007.3340	15756.0000	
39	386.524	802.8625	13473.3320	16022.0000	
40	392.798	586.1965	11170.0000	13488.3340	
41	399.066	1072.3162	12205.6670	14995.0000	
42	405.328	765.1036	11502.0000	13969.0000	
43	411.583	467.5579	8568.3330	10568.3340	
44	417.833	413.3445	8924.0000	11009.0000	
45	424.077	413.4224	9979.3330	12044.6670	
46	430.314	536.1652	7190.6670	9359.0000	
47	436.546	576.2432	5699.3330	7888.0000	
48	442.771	792.6541	4503.0000	6888.3340	
49	448.991	797.4005	7645.0000	10035.3340	
50	455.204	585.1049	5636.3335	7779.6670	
51	461.411	313.8091	4599.6670	6437.0000	
52	467.611	478.0977	4694.0000	6399.0000	
53	473.806	741.9119	6585.0000	8767.0000	
54	479.995	972.3093	4322.3335	6686.0000	
55	486.177	756.7069	2282.3333	4381.6665	
56	492.353	556.5491	4413.6665	6247.0000	
57	498.523	344.8339	4922.0000	6496.0000	
58	504.686	303.4522	5666.0000	7151.0000	
59	510.844	381.0706	2971.0000	4486.0000	
60	516.995	449.0226	3644.3333	5179.6670	
61	523.140	668.2217	5287.0000	7003.3330	
62	529.279	677.4220	3111.0000	4798.3335	
63	535.411	607.2883	4573.0000	6152.0000	
64	541.537	413.4885	3057.3333	4404.3335	
65	547.657	443.5216	4273.0000	5617.0000	
66	553.771	472.3048	7506.3335	8901.0000	
67	559.878	474.1711	8367.3330	9637.0000	
68	565.979	486.2877	6052.0000	7361.3340	
69	572.074	464.0332	4535.6670	5734.3330	
70	578.162	444.3268	2022.0000	3312.3330	
71	584.244	365.3041	1267.3334	2475.0000	
72	590.319	156.4476	2431.6667	3465.6665	
73	596.389	242.0602	4303.0000	5497.0000	
74	602.451	619.0052	5944.0000	7589.3330	
75	608.508	1036.9508	5732.6665	7870.3330	
76	614.558	1443.2294	5408.0000	8026.3330	
77	620.601	1732.2025	6537.6670	9479.3330	
78	626.639	1160.0796	5103.6665	7503.6670	
79	632.669	1576.9552	4475.3335	7322.6670	
80	638.694	2073.8311	4391.6665	7766.3330	
81	644.712	3205.3735	5557.6665	10094.3330	
82	650.723	3348.2495	4643.6665	9353.6670	
83	656.728	2111.1255	2660.3333	6163.6670	
84	662.727	1410.6680	2388.6665	5222.0000	
85	668.719	1207.7853	2595.3335	5202.3335	
86	674.704	1428.2361	1449.6667	4253.6665	
87	680.683	1554.0208	1891.0000	4797.3335	
88	686.655	906.8049	3339.6665	5575.3335	
89	692.621	520.4941	3414.0000	5045.0000	
90	698.581	556.9337	1964.6667	3658.3335	
91	704.534	454.7779	2840.3335	4731.6665	
92	710.480	356.3765	2745.3333	4294.6665	
93	716.420	207.5377	2699.0000	4101.0000	
94	722.353	322.6987	2619.0000	4137.6665	
95	728.279	711.8601	2887.0000	4796.3335	
96	734.199	1025.0210	2481.0000	4705.0000	
97	740.112	1006.5150	3686.3335	5893.3330	
98	746.019	1159.9089	3301.0000	5648.0000	
99	751.919	1180.5255	4485.6665	6868.6660	
100	757.813	1050.4768	3252.0000	5520.3335	
101	763.699	886.9752	4364.6670	6455.0000	
102	769.580	598.1405	3495.3335	5282.3330	
103	775.453	313.3063	3850.3335	5338.0000	
104	781.320	195.8057	3382.3335	4738.0000	
105	787.180	358.5465	4233.0000	5737.3330	
106	793.033	519.6213	3894.6665	5546.0000	
107	798.880	748.0298	4676.6665	6542.3340	
108	804.720	900.1036	3758.3330	5762.0000	
109	810.553	822.5691	4339.6670	6289.3330	
110	816.379	415.3701	3330.6665	4896.6670	
111	822.199	300.8361	3880.6665	5355.6665	
112	828.012	270.5079	3394.6667	4880.3335	
113	833.818	763.8106	4013.0000	6021.0000	
114	839.617	1135.1134	3474.3330	5882.6665	
115	845.410	676.4164	3921.6665	5900.3335	
116	851.195	577.6357	3517.0000	5304.3335	
117	856.974	555.0449	3813.6667	5800.0000	
118	862.746	539.8708	3627.0000	5510.3335	
119	868.512	544.1384	3638.0000	5562.0000	
120	874.270	459.0414	2878.6665	4688.6670	
121	880.022	427.8170	3001.6667	4763.6665	
122	885.766	485.3438	2760.3333	4506.3335	
123	891.504	592.3702	3089.9998	4983.0000	
124	897.235	668.1462	2875.3335	4827.3335	
125	902.959	562.4354	2631.6667	4451.6665	
126	908.676	426.8083	2136.6665	3697.3330	
127	914.386	407.9313	2761.3335	4391.3335	
128	920.090	448.0541	1912.0000	3533.6665	
129	925.786	474.3435	2588.0000	4227.3335	
130	931.475	489.8832	1734.6667	3350.6670	
131	937.158	366.5060	2106.3335	3572.6670	
132	942.833	328.7953	1636.6666	3039.0000	
133	948.502	542.8698	2011.3333	3620.3335	
134	954.163	874.9856	1360.3334	3286.6670	
135	959.818	996.4342	1731.3335	3764.3333	
136	965.465	698.5505	1425.6666	3146.0000	
137	971.106	625.5997	1595.6667	3131.0000	
138	976.739	621.9824	826.6666	2458.3333	
139	982.366	594.0316	1251.6667	2878.3333	
140	987.985	485.8860	1156.0000	2664.0000	
141	993.597	372.2928	1192.6667	2618.3333	
142	999.202	380.3665	869.6666	2334.6665	
143	1004.800	357.7736	1378.6666	2852.3335	
144	1010.392	469.8474	773.3333	2390.3335	
145	1015.975	466.2538	1210.0000	2854.6665	
146	1021.552	451.6609	1107.0000	2768.3333	
147	1027.122	467.4010	1358.3334	3082.0000	
148	1032.685	436.1411	999.3334	2717.0000	
149	1038.240	413.2969	1341.0000	3071.6667	
150	1043.788	514.4940	1045.3334	2963.0000	
151	1049.329	469.3165	1338.3334	3238.3335	
152	1054.863	506.9296	821.3333	2711.3335	
153	1060.390	546.0355	1530.6666	3563.3333	
154	1065.910	481.5758	1356.0000	3372.6670	
155	1071.422	518.4823	1729.0000	3743.6665	
156	1076.927	682.6803	1468.3334	3740.3335	
157	1082.425	712.5397	1921.0000	4213.3330	
158	1087.916	556.0665	1208.3333	3334.6665	
159	1093.399	927.2596	2004.0000	4492.0000	
160	1098.875	770.7861	1941.0000	4263.0000	
161	1104.344	402.4269	2335.6667	4257.3335	
162	1109.806	379.6503	1908.3333	3771.0000	
163	1115.260	670.2070	2559.0000	4676.0000	
164	1120.707	888.0978	1983.3333	4282.0000	
165	1126.147	1194.6099	2620.0000	5169.3335	
166	1131.580	1131.7891	2208.3333	4639.0000	
167	1137.005	1019.3014	2938.6667	5201.0000	
168	1142.422	1193.1479	2187.0000	4567.3330	
169	1147.833	1025.9749	3040.6667	5215.3335	
170	1153.236	680.4683	2757.0000	4547.6670	
171	1158.632	502.2939	3274.0000	4848.0000	
172	1164.020	421.4539	2781.6665	4236.3335	
173	1169.401	286.6807	3776.3333	5113.0000	
174	1174.775	333.2415	3311.6665	4642.3335	
175	1180.141	383.1123	4032.0000	5510.0000	
176	1185.500	438.9358	3600.0000	5244.0000	
177	1190.851	384.1760	4142.6670	5697.6665	
178	1196.195	418.1663	3940.6665	5618.0000	
179	1201.531	763.7395	4466.3335	6544.0000	
180	1206.860	960.9803	3965.6665	6295.3330	
181	1212.182	914.6276	4759.0000	7078.6660	
182	1217.496	756.1133	4429.3335	6611.6665	
183	1222.802	671.6331	5084.0000	7217.6660	
184	1228.101	565.4873	4781.3330	6844.6670	
185	1233.393	465.9463	5607.6665	7624.3330	
186	1238.677	485.9063	5363.3330	7301.3330	
187	1243.953	683.5325	5806.3335	8146.3335	
188	1249.222	880.9911	5517.0000	8107.3330	
189	1254.484	720.5662	6660.6665	9133.6670	
190	1259.737	383.4735	6215.0000	8394.0000	
191	1264.984	359.0472	7058.3340	9256.0000	
192	1270.222	475.9563	6862.6665	9220.3340	
193	1275.453	397.8627	7651.6670	9974.3330	
194	1280.677	452.1041	7052.0000	9472.0000	
195	1285.893	629.0120	8046.3330	10686.3330	
196	1291.101	568.1172	7482.0000	10127.0000	
197	1296.302	319.1206	8459.6670	10939.0000	
198	1301.495	159.1255	8102.6670	10505.3340	
199	1306.680	479.4619	9058.0000	11864.3330	
200	1311.858	670.1328	8726.0000	11806.3330	
201	1317.028	450.0444	9201.6660	12115.0000	
202	1322.190	372.2864	9038.0000	11926.6660	
203	1327.345	820.4773	9671.3330	13032.0000	
204	1332.492	1242.5200	9296.6660	13113.0000	
205	1337.631	1387.6178	10245.6670	14224.0000	
206	1342.762	824.7173	9486.0000	12918.3340	
207	1347.886	539.1478	10523.0000	13686.6660	
208	1353.002	441.5796	9789.6670	12872.6660	
209	1358.110	953.6802	11078.6670	14690.6680	
210	1363.211	1722.1096	10469.0000	14866.3320	
211	1368.304	1813.2084	11369.3340	15874.6660	
212	1373.389	1594.3065	10831.3340	15134.6660	
213	1378.466	1584.5634	11701.6670	16017.6660	
214	1383.535	1304.4863	11119.0000	15177.3320	
215	1388.597	519.4102	12107.6670	15403.3330	
216	1393.651	0.0000	11273.0000	14071.6660	
217	1398.696	68.3141	12239.0000	15113.3340	
218	1403.734	283.4463	11593.0000	14641.3340	
219	1408.765	759.5787	12668.0000	16151.3340	
220	1413.787	1418.7103	11700.6670	15802.0000	
221	1418.801	2024.3326	12655.3320	17326.0000	
222	1423.808	2376.9507	12033.6670	17020.6660	
223	1428.807	3320.5728	12806.3340	18700.6680	
224	1433.797	4537.5181	12200.3330	19244.3340	
225	1438.780	5029.6201	13051.6680	20525.0000	
226	1443.755	5659.0576	12349.6660	20389.6660	
227	1448.722	6283.8286	13270.6660	21872.6660	
228	1453.681	6768.2651	12322.3340	21346.0000	
229	1458.632	7314.4863	13413.3340	22845.6660	
230	1463.575	5415.3750	12357.0000	19752.6660	
231	1468.510	3326.5986	13143.3330	18312.6680	
232	1473.438	1995.8195	12160.3330	15861.3340	
233	1478.357	1248.8140	12916.3340	15751.3340	
234	1483.268	725.4766	12064.6660	14257.3320	
235	1488.171	521.4731	13022.0000	14891.6670	
236	1493.066	384.7998	12174.6670	13788.6660	
237	1497.953	346.5098	13328.0000	14824.3340	
238	1502.832	350.8792	12501.6660	13936.6660	
239	1507.703	284.3640	12903.6660	14218.3330	
240	1512.566	298.6821	10442.0000	11724.3340	
241	1517.421	334.5837	12115.6660	13401.6660	
242	1522.267	366.3181	12896.6660	14114.3340	
243	1527.106	415.1370	14391.3320	15634.3340	
244	1531.937	473.7048	13535.0000	14729.0000	
245	1536.759	495.9097	14568.6660	15834.6660	
246	1541.573	474.2446	13625.3340	14862.0000	
247	1546.379	458.8291	14673.0000	16054.3340	
248	1551.177	391.0815	13928.3340	15306.6680	
249	1555.967	382.5801	15068.3340	16543.6660	
250	1560.749	332.9980	14172.0000	15713.6680	
251	1565.522	306.0786	15175.6680	16806.3340	
252	1570.288	406.4956	14666.0000	16513.0000	
253	1575.045	469.6646	15277.3340	17351.3320	
254	1579.793	605.5020	14385.0000	16758.6660	
255	1584.534	710.6738	15259.6660	17902.3340	
256	1589.266	926.5127	13742.3320	16764.6680	
257	1593.991	1033.0137	14137.0000	17429.6660	
258	1598.707	1079.5156	13267.3340	16770.3320	
259	1603.414	1029.4709	14989.6660	18635.3320	
260	1608.114	1044.9147	14600.0000	18400.3320	
261	1612.805	1295.8356	15402.6680	19532.0000	
262	1617.488	1425.0934	15136.6660	19473.3340	
263	1622.162	1382.0123	15588.0000	19959.6660	
264	1626.828	1503.5997	14595.3340	19166.6660	
265	1631.486	1872.6627	15174.3340	20153.6660	
266	1636.136	2871.0723	14147.0000	20132.3340	
267	1640.777	4537.9702	15496.6660	23162.3340	
268	1645.410	5113.8696	14324.3320	22579.3320	
269	1650.034	3423.7275	15422.3320	21895.0000	
270	1654.650	1476.2501	14392.6660	18825.6660	
271	1659.258	931.7750	15448.6660	19245.0000	
272	1663.857	1055.9630	14742.3340	18570.6660	
273	1668.448	2020.8209	15699.6660	20400.6660	
274	1673.031	3072.0112	14476.6660	20136.6660	
275	1677.605	3671.8672	14817.3340	20985.0000	
276	1682.170	2840.3872	14371.0000	19615.0000	
277	1686.728	1634.8517	14694.0000	18595.3340	
278	1691.276	622.3154	14247.3340	16999.0000	
279	1695.817	246.1128	15589.6660	17828.0000	
280	1700.348	242.2158	14089.3340	16210.3340	
281	1704.872	807.0693	14678.6660	17173.6680	
282	1709.386	1458.5811	13456.3340	16412.0000	
283	1713.893	1543.7627	14993.0000	17843.0000	
284	1718.391	900.6143	13702.3340	15718.3340	
285	1722.880	382.1377	14032.0000	15403.0000	
286	1727.361	242.9941	12193.3330	13298.6660	
287	1731.833	314.1265	13696.3340	14730.3330	
288	1736.296	297.0122	13401.6680	14322.6660	
289	1740.751	312.5678	13615.6660	14456.3330	
290	1745.198	373.1176	11930.3340	12735.6660	
291	1749.636	396.6693	13855.6680	14588.6660	
292	1754.065	449.8913	12698.6660	13389.0000	
293	1758.486	487.2404	13200.0000	13885.0000	
294	1762.898	477.5057	11053.0000	11652.6670	
295	1767.301	504.5213	12598.0000	13245.0000	
296	1771.696	552.0371	12642.3340	13241.0000	
297	1776.082	551.0748	12132.6670	12755.0000	
298	1780.460	547.3634	10392.6660	11011.6660	
299	1784.829	496.4012	11148.0000	11717.0000	
300	1789.189	469.4387	10334.0000	10877.0000	
301	1793.540	489.8687	11336.6660	11902.6660	
302	1797.883	498.0209	11433.0000	12000.3340	
303	1802.217	482.8393	12336.0000	12881.3340	
304	1806.542	487.3244	11450.3330	11993.3340	
305	1810.859	470.5582	10862.0000	11368.6660	
306	1815.167	464.7096	9625.0000	10179.6660	
307	1819.466	467.3615	10501.3340	10974.6670	
308	1823.756	478.3593	9570.3330	10062.6670	
309	1828.038	489.1522	11197.0000	11687.0000	
310	1832.311	496.6118	10054.6660	10561.0000	
311	1836.575	501.2378	9784.0000	10282.0000	
312	1840.830	510.0314	9144.0000	9647.6670	
313	1845.076	508.3018	9747.3340	10251.3330	
314	1849.314	494.9909	10333.6670	10892.6670	
315	1853.542	468.1795	10247.6670	10715.6670	
316	1857.762	491.1181	9285.0000	9778.0000	
317	1861.973	508.0199	8825.6670	9329.3340	
318	1866.176	510.5886	7961.3330	8461.3340	
319	1870.369	492.4059	7217.6670	7653.3330	
320	1874.553	498.6406	6442.0000	6930.3330	
321	1878.729	500.0004	7366.3330	7844.6670	
322	1882.895	471.6648	5554.3335	6007.6670	
323	1887.053	475.2549	5154.6665	5603.0000	
324	1891.202	472.1780	5237.0000	5673.6665	
325	1895.342	465.6630	6724.3340	7151.6670	
326	1899.473	472.8981	5274.3330	5691.3330	
327	1903.595	489.9663	7243.3335	7689.3330	
328	1907.708	483.7845	6673.3330	7161.0000	
329	1911.812	472.2503	6557.0000	6961.6670	
330	1915.907	481.0722	6332.0000	6741.6660	
331	1919.993	499.3751	5916.3330	6379.3340	
332	1924.070	503.1987	6002.3330	6414.0000	
333	1928.138	496.9372	6968.3340	7376.6670	
334	1932.197	502.3010	5870.6665	6289.0000	
335	1936.247	503.9564	5203.0000	5613.6670	
336	1940.288	509.5909	5476.6665	5903.3335	
337	1944.319	483.5591	6018.3330	6394.6670	
338	1948.342	488.4431	5974.6665	6350.3330	
339	1952.356	494.0776	5102.6665	5495.3335	
340	1956.361	481.7948	2980.3333	3338.0000	
341	1960.356	503.3043	3038.0000	3386.3335	
342	1964.343	510.3970	3566.0000	3999.3335	
343	1968.320	477.6253	3169.6665	3518.6670	
344	1972.288	479.4708	2144.6665	2441.3335	
345	1976.247	483.2787	1549.0000	1934.0000	
346	1980.197	485.5033	415.0000	761.0000	
347	1984.138	482.7277	1130.3334	1466.3334	
348	1988.069	481.9117	1048.6667	1368.3334	
349	1991.992	481.2987	826.3334	1166.6667	
350	1995.905	493.7989	-50.0000	267.6667	
351	1999.809	487.2668	549.6666	905.3334	
352	2003.704	486.2347	-152.6667	144.6667	
353	2007.589	494.7652	351.6667	670.0000	
354	2011.466	506.5873	-314.3333	30.3333	
355	2015.333	502.8885	262.0000	604.0000	
356	2019.191	488.1056	-418.3333	-115.6667	
357	2023.039	491.5540	273.6667	612.3333	
358	2026.879	495.3358	-401.6667	-72.0000	
359	2030.708	497.7634	198.6667	525.6667	
360	2034.529	501.2115	-392.6667	-55.6667	
361	2038.341	500.5678	249.3333	551.6667	
362	2042.143	494.5700	-446.3333	-83.0000	
363	2045.936	494.7389	191.0000	485.0000	
364	2049.719	474.2990	-429.3334	-127.3333	
365	2053.493	477.7589	203.3333	495.3333	
366	2057.258	481.5522	-379.6667	-41.6667	
367	2061.014	480.6995	205.0000	510.0000	
368	2064.760	478.5552	-354.6667	-40.3333	
369	2068.496	474.4318	152.3333	449.3333	
370	2072.224	468.9750	-300.3333	15.0000	
371	2075.942	484.0228	328.0000	613.6667	
372	2079.650	490.6351	-361.3333	-71.6667	
373	2083.349	499.8134	168.0000	454.6667	
374	2087.039	527.4917	-297.0000	40.3333	
375	2090.719	513.5033	11.0000	334.6667	
376	2094.390	491.1816	-320.3333	-32.3333	
377	2098.051	490.3828	248.0000	550.6667	
378	2101.703	480.2507	-192.6667	99.6667	
379	2105.345	476.1187	176.3333	465.3333	
380	2108.978	482.0704	-423.0000	-169.3333	
381	2112.601	488.8547	-732.3334	-389.6667	
382	2116.215	496.2015	-157.0000	140.6667	
383	2119.819	498.6524	186.0000	492.3333	
384	2123.414	501.2075	-563.0000	-266.0000	
385	2126.999	486.8102	92.6667	407.0000	
386	2130.575	487.2874	-432.0000	-129.3333	
387	2134.141	483.1812	63.3333	359.0000	
388	2137.697	478.4080	-351.6667	-79.3333	
389	2141.244	484.9264	268.3333	578.6666	
390	2144.781	488.3615	-427.0000	-153.3333	
391	2148.309	489.3799	187.6667	505.3334	
392	2151.827	493.1891	-597.3333	-315.3333	
393	2155.336	484.7447	95.0000	354.6667	
394	2158.835	481.8002	-293.0000	2.6667	
395	2162.324	482.7724	342.3333	603.6667	
396	2165.803	482.9943	-294.0000	-19.3333	
397	2169.273	482.0932	131.3333	399.3334	
398	2172.733	505.9421	-418.0000	-117.0000	
399	2176.184	505.3953	139.3333	464.3333	
400	2179.625	501.8067	-206.0000	92.6667	
401	2183.056	501.9056	435.0000	734.6667	
402	2186.477	510.3379	-389.3333	-80.3333	
403	2189.889	503.4369	-28.3333	274.6667	
404	2193.291	479.8694	-371.0000	-90.6667	
405	2196.683	480.3564	242.6667	496.6667	
406	2200.065	471.1789	-422.3334	-108.3333	
407	2203.438	471.5545	224.6667	499.0000	
408	2206.801	484.5967	-364.6667	-63.6667	
409	2210.154	487.3942	313.0000	617.0000	
410	2213.497	483.8583	-428.0000	-127.3333	
411	2216.831	476.6557	269.6667	563.3333	
412	2220.154	479.7860	-350.0000	-53.0000	
413	2223.468	500.1697	312.0000	615.3334	
414	2226.772	499.4348	-611.0000	-301.0000	
415	2230.066	497.1999	169.6667	460.0000	
416	2233.351	505.7983	-598.0000	-282.3333	
417	2236.625	505.1260	175.0000	504.3333	
418	2239.889	500.9535	-507.0000	-197.6667	
419	2243.144	496.5728	-4.6667	318.6667	
420	2246.389	491.4634	-341.0000	-47.6667	
421	2249.624	492.7672	234.3333	588.3333	
422	2252.848	486.1336	-430.3333	-169.3333	
423	2256.063	482.2291	230.3333	565.3334	
424	2259.268	482.4078	-336.0000	-76.6667	
425	2262.463	484.3709	204.3333	528.3334	
426	2265.649	488.1672	-81.3333	195.3333	
427	2268.824	473.2661	342.0000	652.3333	
428	2271.989	481.0324	-314.0000	-33.6667	
429	2275.144	499.3651	145.3333	469.3333	
430	2278.289	499.6561	-352.6667	-22.0000	
431	2281.424	486.9471	314.0000	623.3334	
432	2284.549	481.5714	-412.6667	-74.3333	
433	2287.665	479.8624	195.0000	473.3334	
434	2290.770	496.0884	-383.0000	-68.6667	
435	2293.865	500.6005	197.0000	504.6667	
436	2296.949	504.5309	-585.0000	-264.0000	
437	2300.024	502.6151	252.3333	573.0000	
438	2303.089	494.6161	-412.6666	-112.0000	
439	2306.144	493.0337	-20.3333	327.3333	
440	2309.188	465.2010	-537.6667	-249.6667	
441	2312.223	459.3085	404.0000	686.3333	
442	2315.247	462.7493	-186.3333	99.6667	
443	2318.261	492.8568	150.0000	466.3333	
444	2321.265	508.9643	-529.6667	-181.6667	
445	2324.259	508.8833	352.0000	678.6666	
446	2327.243	512.0522	-473.0000	-133.3333	
447	2330.216	489.1378	281.6667	585.0000	
448	2333.180	479.6257	-327.0000	-44.3333	
449	2336.133	510.6357	15.3333	350.3333	
450	2339.076	488.9790	-317.3333	-7.6667	
451	2342.009	474.5932	457.3333	730.0000	
452	2344.931	478.2698	-565.3333	-273.0000	
453	2347.843	478.9974	340.6667	647.0000	
454	2350.745	479.5793	-368.6667	-103.0000	
455	2353.637	498.2374	241.6667	544.3334	
456	2356.519	490.6279	-366.3333	-60.3333	
457	2359.390	466.8546	360.0000	620.3333	
458	2362.251	480.4980	-225.0000	47.6667	
459	2365.102	482.1413	234.3333	507.3333	
460	2367.942	496.1180	-130.3333	155.3333	
461	2370.772	516.3612	195.0000	499.3333	
462	2373.592	501.6046	-205.0000	101.6667	
463	2376.401	483.5146	353.3333	621.6666	
464	2379.200	489.4247	-292.3333	-19.6667	
465	2381.989	494.5014	134.0000	428.6666	
466	2384.767	496.4948	-294.0000	-35.0000	
467	2387.535	498.0716	282.6667	561.0000	
468	2390.292	498.2525	-485.0000	-210.6667	
469	2393.039	485.5504	301.6667	575.0000	
470	2395.776	490.2322	-249.6667	53.0000	
471	2398.502	483.0182	415.3333	669.6667	
472	2401.218	488.6374	-598.3333	-334.0000	
473	2403.923	491.2047	245.3333	465.0000	
474	2406.618	496.7722	-426.0000	-125.6667	
475	2409.303	500.3396	405.3334	647.3334	
476	2411.977	522.7580	-330.6667	-66.6667	
477	2414.640	479.4007	329.0000	540.3333	
478	2417.293	461.4601	-383.3333	-189.6667	
479	2419.936	462.5193	149.3333	344.3333	
480	2422.568	487.6621	-370.6667	-135.0000	
481	2425.189	491.5549	241.0000	438.6666	
482	2427.801	501.4475	-468.3333	-215.0000	
483	2430.401	504.0485	220.0000	431.6666	
484	2432.991	503.7739	1245.3334	1521.6667	
485	2435.570	509.3485	271.0000	495.3333	
486	2438.139	514.4648	-639.0000	-406.3333	
487	2440.697	500.4978	107.3333	326.3333	
488	2443.245	491.8643	-423.0000	-230.0000	
489	2445.782	495.9882	20.3333	254.6667	
490	2448.308	470.2377	-480.0000	-305.3333	
491	2450.824	463.4586	386.3333	605.0000	
492	2453.329	467.7631	-356.6667	-216.0000	
493	2455.823	476.0540	324.0000	514.0000	
494	2458.307	491.1782	-556.3334	-345.3333	
495	2460.780	490.4690	271.3333	465.0000	
496	2463.243	512.5933	-306.3333	-77.6667	
497	2465.694	505.8007	394.0000	627.6666	
498	2468.135	499.3416	-398.3333	-201.3333	
499	2470.566	498.6325	426.6667	657.6667	
500	2472.986	486.7566	-297.0000	-91.3333	
501	2475.395	482.4989	20.0000	215.6667	
502	2477.793	484.3871	-409.0000	-209.0000	
503	2480.180	483.5043	232.3333	461.0000	
504	2482.557	461.6425	-356.0000	-183.0000	
505	2484.923	475.8640	190.0000	375.3333	
506	2487.278	484.4605	-389.3333	-192.6667	
507	2489.622	488.8903	248.3333	434.6667	
508	2491.956	499.1326	-614.3334	-411.0000	
509	2494.279	496.6249	267.0000	445.6667	
510	2496.591	526.3047	-284.0000	-57.6667	
511	2498.892	475.5262	-24.3333	149.3333	
