resultName	muna11-217
resultName	muna11-217
ID	RS20201106085255_P19331194
Command	SCANANDSEARCH
User	Admin
Application	_Analyze
SerialNumber	P19331194
Power	280
Integration	900
Averages	3
AutoExposure	Off
AutoCollect	Off
QuickCollect	Off
AutoBackground	On
BaselineCorrection	On
Algorithm	Wavelet
Searched Library	All,None,None,None
MixtureComponents	2
matchThreshold	0.0
displayMatches	1
Threshold	0.80
WL Start	
WL End	
ServerVersion	3.180316
FirmwareVersion	
date	2020-11-06
time	08:52:55
scanindex	0
specpath	RS20201106085255_P19331194.xml
Search Range	200 - 2500
Synced	false
lastCalDateTime	2020-10-28 08:17:07
lastCalUser	Admin
lastCalResult	PASS
lastVerifyDateTime	2020-11-06 08:24:10
lastVerifyUser	Admin
lastVerifyResult	PASS
selectedMaterial	
result	No Match
ValidationGUID	
ValidationMatchQuality	
topMatch	
topMatchGUID	
topMatchQuality	
secondMatch	
secondMatchGUID	
secondMatchQuality	
thirdMatch	
thirdMatchGUID	
thirdMatchQuality	
fourthMatch	
fourthMatchGUID	
fourthMatchQuality	
fifthMatch	
fifthMatchGUID	
fifthMatchQuality	
signedBy	
signedDateTime	
softwareVer	1.7.0.21
memo	
batchID	
inBatch	false
batchUID	
batchCID1	
batchCIDlbl1	
batchCID2	
batchCIDlbl2	
batchCID3	
batchCIDlbl3	
batchCID4	
batchCIDlbl4	
batchCID5	
batchCIDlbl5	
signedTitle	
signedReason	
rescanned	
barcode	
topMatchContribs	
secondMatchContribs	
thirdMatchContribs	
fourthMatchContribs	
fifthMatchContribs	
ValidationMatchContribs	
Threat	
PrecursorList	
CompundName	
WindowStart4C	
MatchLibrary	
lastModified	2020/11/06 08:59
Signal2Noise	83.46
Detector TEC SetPoint	0x8000
Detector Temp	4.98
Laser Temp	25.38
OE1 Temp	29.94
OE2 Temp	34.06
Detector Gain	200
SaturationDetected	false
InterpolatedPixelList	
PeakList	 287.1	1250	296.7	1127	335.2	1029	398.5	1006	443.4	904	481.3	880	649.6	3033	678.5	1481	751.6	1093	804.5	804	840.1	1058	959.5	899	1093.1	793	1127.1	1057	1141.5	1013	1207.9	891	1248.7	825	1336.5	1287	1368.9	1675	1457.4	6769	1594.2	814	1644.2	4302	1677.2	3241	1712.6	1320
index	Raman Shift (cm-1)	Y value (counts)	background (counts)	raw value (counts)
0	137.234	713.8840	12046.6660	15531.6660	
1	143.735	499.5466	12642.6670	15814.3340	
2	150.232	265.2091	13312.3340	16150.6680	
3	156.722	396.2025	13716.6680	16587.0000	
4	163.207	527.8680	13402.6660	16305.6680	
5	169.686	660.5276	14600.0000	17536.6660	
6	176.159	531.5231	14314.0000	17022.6660	
7	182.627	446.8546	14505.3320	17030.3340	
8	189.089	282.8480	13756.0000	16018.0000	
9	195.545	328.1775	14734.0000	16942.3340	
10	201.996	350.1730	14707.6660	16839.0000	
11	208.440	516.5026	15478.6660	17677.3340	
12	214.879	555.8299	14717.6660	16856.6660	
13	221.313	491.9418	15451.0000	17473.0000	
14	227.740	315.8608	15412.0000	17194.6660	
15	234.162	253.2603	16103.3340	17841.3340	
16	240.578	249.1587	14243.0000	15915.6660	
17	246.988	293.3909	15184.0000	16998.0000	
18	253.392	338.7903	14025.6660	15903.0000	
19	259.791	339.1878	14962.3340	16858.0000	
20	266.184	309.5872	13627.3340	15511.3340	
21	272.570	488.7953	15107.3340	17223.0000	
22	278.951	963.3376	14825.3340	17468.0000	
23	285.327	1250.2120	14364.6680	17346.6660	
24	291.696	999.0903	13813.0000	16596.3340	
25	298.059	1126.5049	14062.0000	17019.6660	
26	304.417	1022.5896	13541.0000	16441.6680	
27	310.768	700.6704	14702.6660	17328.3320	
28	317.114	710.7957	13403.6660	16101.6660	
29	323.454	910.1748	13673.3340	16505.3340	
30	329.788	847.5540	13276.0000	15980.0000	
31	336.116	1028.6008	14246.6660	17066.3340	
32	342.438	957.6440	13602.0000	16285.3320	
33	348.754	548.0251	13802.6660	16011.0000	
34	355.064	234.7371	11880.6670	13710.3340	
35	361.368	89.5704	14176.3320	15781.3340	
36	367.666	0.0000	12335.3340	13794.3320	
37	373.958	343.8367	12069.0000	13865.6680	
38	380.244	839.0017	12550.0000	14835.6660	
39	386.524	666.1685	13020.0000	15126.6660	
40	392.798	542.0024	10762.6670	12739.0000	
41	399.066	1005.6243	11760.3330	14194.3320	
42	405.328	720.5813	11056.0000	13199.0000	
43	411.583	423.5374	8213.0000	10053.0000	
44	417.833	370.4936	8441.3330	10222.3330	
45	424.077	345.4448	9497.6670	11242.6670	
46	430.314	475.3960	6818.0000	8682.0000	
47	436.546	694.0137	5400.3335	7472.0000	
48	442.771	903.9652	4132.0000	6402.6670	
49	448.991	780.4192	7089.0000	9241.3340	
50	455.204	605.5148	5268.3335	7222.6670	
51	461.411	331.9441	4287.0000	5944.6670	
52	467.611	271.0399	4297.6665	5871.3335	
53	473.806	616.4565	6057.3335	7946.3330	
54	479.995	879.5411	4022.0000	6144.0000	
55	486.177	777.6253	2116.0000	4106.0000	
56	492.353	501.9289	3949.0000	5619.0000	
57	498.523	249.4942	4525.6665	5906.3335	
58	504.686	222.0586	5162.0000	6478.3330	
59	510.844	363.9574	2748.3335	4169.6670	
60	516.995	423.5222	3218.3330	4662.3330	
61	523.140	547.7003	4792.6665	6318.0000	
62	529.279	559.1279	2773.0000	4370.0000	
63	535.411	517.3890	4123.6670	5533.0000	
64	541.537	335.2340	2705.3333	3889.6667	
65	547.657	318.7451	3880.0000	5005.0000	
66	553.771	347.2563	6880.3330	8009.3330	
67	559.878	376.5175	7796.3335	8858.0000	
68	565.979	446.4455	5590.6665	6717.6665	
69	572.074	478.5616	4232.0000	5302.6665	
70	578.162	540.4044	1806.0000	3043.3333	
71	584.244	479.6381	1098.6666	2306.6665	
72	590.319	169.8723	2082.6665	3012.3335	
73	596.389	170.0054	3872.6665	4871.3335	
74	602.451	442.1383	5426.0000	6765.6670	
75	608.508	998.2714	5218.3330	7183.0000	
76	614.558	1291.7366	4929.6670	7256.6660	
77	620.601	1534.4231	6035.3335	8643.0000	
78	626.639	1033.9595	4677.6665	6818.3330	
79	632.669	1488.8296	4092.6665	6721.6670	
80	638.694	1876.3654	3962.0000	7012.0000	
81	644.712	2966.9019	5069.0000	9243.0000	
82	650.723	3032.7720	4212.0000	8485.3340	
83	656.728	1963.6405	2415.6667	5653.3330	
84	662.727	1300.8436	2109.0000	4717.3335	
85	668.719	1097.2998	2269.0000	4652.6670	
86	674.704	1389.4219	1168.3334	3823.0000	
87	680.683	1481.2117	1658.0000	4383.3335	
88	686.655	764.3339	2910.3335	4897.6665	
89	692.621	446.5492	3088.0000	4567.6665	
90	698.581	483.2018	1733.0000	3271.6665	
91	704.534	398.1584	2509.6667	4155.6665	
92	710.480	356.3692	2367.0000	3806.3335	
93	716.420	160.3175	2437.6667	3679.6665	
94	722.353	263.9332	2289.0000	3633.3335	
95	728.279	689.2153	2549.6665	4318.0000	
96	734.199	966.1636	2154.6667	4198.6665	
97	740.112	887.4458	3309.0000	5273.0000	
98	746.019	1069.0688	2960.6665	5092.3335	
99	751.919	1093.3667	4070.6665	6235.0000	
100	757.813	997.6641	2881.3335	4958.3330	
101	763.699	775.3826	3944.0000	5780.0000	
102	769.580	497.1003	3109.0000	4648.0000	
103	775.453	300.4855	3461.3330	4785.0000	
104	781.320	197.5362	3017.0000	4219.0000	
105	787.180	329.5435	3829.6665	5148.3330	
106	793.033	443.8852	3527.3330	4945.0000	
107	798.880	669.2256	4297.0000	5924.6665	
108	804.720	803.5668	3410.3335	5157.0000	
109	810.553	758.7501	3952.3330	5681.6670	
110	816.379	348.5982	2986.0000	4332.6665	
111	822.199	272.7807	3514.0000	4812.3335	
112	828.012	356.4448	3015.0000	4296.3335	
113	833.818	661.0995	3650.3335	5415.0000	
114	839.617	1057.5043	3088.6667	5287.0000	
115	845.410	597.2427	3543.6665	5319.0000	
116	851.195	515.4597	3125.0000	4729.6665	
117	856.974	519.4025	3419.0000	5169.6665	
118	862.746	454.5748	3249.0000	4900.3335	
119	868.512	454.5787	3225.0000	4952.0000	
120	874.270	433.1506	2548.0000	4226.0000	
121	880.022	388.9935	2666.6667	4287.6670	
122	885.766	447.5859	2415.0000	3979.0000	
123	891.504	539.6786	2698.0000	4444.0000	
124	897.235	542.5210	2555.3333	4291.3330	
125	902.959	549.4772	2288.3335	4007.0000	
126	908.676	310.1003	1801.3333	3256.3335	
127	914.386	335.3893	2458.6667	3914.6665	
128	920.090	366.3247	1604.3333	3156.6667	
129	925.786	381.5517	2303.6665	3752.0000	
130	931.475	405.8412	1468.0000	2955.3333	
131	937.158	302.8807	1896.0000	3222.3335	
132	942.833	401.7531	1365.3334	2648.0000	
133	948.502	513.4307	1735.3333	3242.6665	
134	954.163	805.1030	1121.0000	2909.3335	
135	959.818	899.4415	1497.6667	3369.6665	
136	965.465	578.4476	1214.3334	2754.6667	
137	971.106	529.9777	1346.6666	2765.6667	
138	976.739	525.3414	644.0000	2169.6667	
139	982.366	493.3508	1072.0000	2573.0000	
140	987.985	414.3372	970.0000	2312.6667	
141	993.597	358.3767	984.6667	2342.0000	
142	999.202	332.3329	684.0000	2013.3334	
143	1004.800	334.9558	1175.6666	2557.0000	
144	1010.392	404.2451	550.6667	2027.3333	
145	1015.975	422.5348	1009.3334	2563.0000	
146	1021.552	419.0745	954.3334	2436.6667	
147	1027.122	401.0305	1142.0000	2713.3335	
148	1032.685	374.9865	814.3333	2381.3333	
149	1038.240	361.3420	1137.3334	2723.0000	
150	1043.788	468.2808	848.6666	2589.0000	
151	1049.329	388.8654	1147.3334	2870.3333	
152	1054.863	418.0753	630.6667	2339.6665	
153	1060.390	468.4988	1325.6666	3199.0000	
154	1065.910	375.7225	1131.3334	2968.3335	
155	1071.422	399.5756	1436.0000	3324.3330	
156	1076.927	563.0967	1218.3334	3297.6670	
157	1082.425	551.4059	1651.6666	3706.6665	
158	1087.916	483.7151	978.6667	2953.3333	
159	1093.399	792.6913	1737.6667	4008.6667	
160	1098.875	663.3340	1658.3335	3787.3335	
161	1104.344	386.7285	2021.0000	3840.6670	
162	1109.806	311.3297	1604.3333	3310.3330	
163	1115.260	566.5981	2280.6667	4203.6665	
164	1120.707	819.5337	1698.0000	3835.6670	
165	1126.147	1056.5941	2310.3333	4631.6665	
166	1131.580	918.9885	1972.0000	4102.3335	
167	1137.005	872.3828	2668.3333	4698.6665	
168	1142.422	1013.4431	1936.6667	4054.6665	
169	1147.833	903.5270	2710.0000	4676.0000	
170	1153.236	561.2775	2470.0000	4051.6665	
171	1158.632	448.0278	2974.6667	4401.0000	
172	1164.020	323.7787	2490.6667	3750.6667	
173	1169.401	283.8784	3421.6670	4649.0000	
174	1174.775	284.0621	3043.6667	4178.0000	
175	1180.141	350.1323	3728.0000	5045.3335	
176	1185.500	396.3433	3292.6665	4761.0000	
177	1190.851	353.1381	3833.0000	5195.6665	
178	1196.195	381.8491	3615.6665	5094.3330	
179	1201.531	677.6439	4103.3335	5921.0000	
180	1206.860	891.4387	3644.0000	5718.6670	
181	1212.182	781.8999	4444.0000	6436.6665	
182	1217.496	670.4419	4094.6667	5990.6665	
183	1222.802	665.3649	4714.6665	6629.6670	
184	1228.101	541.6200	4434.0000	6249.3335	
185	1233.393	398.7287	5253.0000	6967.6670	
186	1238.677	449.6701	5018.3335	6662.3340	
187	1243.953	656.9454	5431.3330	7488.6670	
188	1249.222	825.0533	5100.3335	7368.0000	
189	1254.484	602.4641	6293.0000	8373.6670	
190	1259.737	345.5413	5845.6665	7705.0000	
191	1264.984	290.2840	6654.6670	8494.3330	
192	1270.222	454.6954	6471.6665	8511.3330	
193	1275.453	458.4396	7225.3330	9304.3330	
194	1280.677	378.5159	6698.6670	8733.3330	
195	1285.893	618.2601	7596.3335	9906.3330	
196	1291.101	548.1401	7107.0000	9400.6670	
197	1296.302	274.6804	8101.3340	10188.6660	
198	1301.495	149.2239	7759.0000	9788.0000	
199	1306.680	366.0981	8695.6670	11008.6670	
200	1311.858	645.9734	8349.3330	11009.3330	
201	1317.028	455.8540	8827.3330	11336.3330	
202	1322.190	304.4004	8760.6670	11157.3330	
203	1327.345	828.7236	9304.3330	12241.0000	
204	1332.492	1174.3562	8946.6670	12253.0000	
205	1337.631	1286.7871	9906.0000	13338.6660	
206	1342.762	799.8864	9112.0000	12071.6670	
207	1347.886	501.3173	10176.6660	12851.6660	
208	1353.002	396.4152	9481.3330	12065.3330	
209	1358.110	901.1803	10689.3330	13792.0000	
210	1363.211	1610.6111	10146.0000	13972.0000	
211	1368.304	1675.3763	11010.3330	14915.0000	
212	1373.389	1428.4756	10481.0000	14152.6680	
213	1378.466	1427.0732	11384.0000	15062.6660	
214	1383.535	1175.0068	10765.0000	14200.0000	
215	1388.597	486.6066	11810.0000	14565.0000	
216	1393.651	108.8749	10935.0000	13320.6680	
217	1398.696	74.2741	11930.3330	14270.3340	
218	1403.734	307.3469	11288.6670	13814.6680	
219	1408.765	779.4185	12385.0000	15336.0000	
220	1413.787	1314.1591	11417.0000	14855.6660	
221	1418.801	1920.8009	12373.3340	16393.3340	
222	1423.808	2192.7749	11765.0000	16031.6660	
223	1428.807	3041.4170	12577.3330	17667.3340	
224	1433.797	4196.8589	11903.3330	18097.3340	
225	1438.780	4630.9995	12772.3340	19347.0000	
226	1443.755	5163.1411	12087.6670	19141.0000	
227	1448.722	5666.6187	13099.3320	20602.6680	
228	1453.681	6242.4224	12016.3340	20042.0000	
229	1458.632	6769.1455	13147.6670	21570.0000	
230	1463.575	4963.8672	12032.0000	18519.0000	
231	1468.510	2958.2568	12917.3330	17268.6680	
232	1473.438	1841.9772	11883.0000	14988.0000	
233	1478.357	1051.8911	12697.3320	14903.0000	
234	1483.268	622.1353	11805.3340	13472.0000	
235	1488.171	434.3818	12788.0000	14157.6670	
236	1493.066	327.6279	11937.6670	13091.3340	
237	1497.953	307.1921	13107.6680	14169.3340	
238	1502.832	300.0095	12353.6670	13347.3340	
239	1507.703	276.2285	12940.3330	13860.3320	
240	1512.566	308.1165	10081.0000	10983.0000	
241	1517.421	347.6704	11646.3330	12538.0000	
242	1522.267	342.3911	12696.0000	13450.6660	
243	1527.106	393.1111	14172.6660	15036.6680	
244	1531.937	465.6650	13332.6660	14168.3340	
245	1536.759	468.8391	14394.3340	15289.3330	
246	1541.573	410.1448	13499.6660	14345.0000	
247	1546.379	367.1997	14555.3340	15435.0000	
248	1551.177	353.5073	13780.3340	14705.0000	
249	1555.967	277.9756	15044.6660	16001.6660	
250	1560.749	279.1108	14059.6680	15125.6670	
251	1565.522	288.5796	15046.6670	16230.0000	
252	1570.288	342.0488	14645.3320	15990.0000	
253	1575.045	397.5239	15226.3340	16809.6680	
254	1579.793	470.6646	14360.0000	16199.6660	
255	1584.534	610.8027	15214.3340	17377.3320	
256	1589.266	729.9468	13846.0000	16311.3330	
257	1593.991	814.4238	14091.6670	16824.6680	
258	1598.707	804.5631	13133.6660	16040.0000	
259	1603.414	657.3295	15015.0000	17986.0000	
260	1608.114	712.7379	14533.6670	17715.0000	
261	1612.805	823.3580	15391.6680	18769.3340	
262	1617.488	958.6476	15161.0000	18759.6680	
263	1622.162	982.2670	15589.0000	19297.0000	
264	1626.828	967.2211	14693.3330	18472.0000	
265	1631.486	1440.3400	15197.0000	19493.6660	
266	1636.136	2331.7417	14090.3340	19291.6680	
267	1640.777	3761.2764	15615.0000	22261.6680	
268	1645.410	4302.4790	14361.6660	21565.3340	
269	1650.034	2749.0601	15564.3340	21095.6680	
270	1654.650	1055.6447	14385.6660	18104.6680	
271	1659.258	497.2242	15518.0000	18559.6660	
272	1663.857	755.4728	14865.0000	18046.0000	
273	1668.448	1687.3898	15806.6660	19800.6680	
274	1673.031	2769.6372	14628.6660	19586.0000	
275	1677.605	3240.5547	14879.3330	20188.6680	
276	1682.170	2391.7993	14611.0000	18952.6660	
277	1686.728	1334.4308	14682.3340	17832.6660	
278	1691.276	450.4004	14310.3340	16442.6680	
279	1695.817	107.6982	15859.0000	17514.6660	
280	1700.348	240.9067	14268.0000	15946.0000	
281	1704.872	790.6792	14805.6660	16844.0000	
282	1709.386	1284.1196	13455.6670	15798.0000	
283	1713.893	1320.2251	15344.6680	17533.6680	
284	1718.391	810.6646	13947.6660	15437.6680	
285	1722.880	355.3818	14407.6660	15327.6670	
286	1727.361	278.4302	12088.3330	12816.6660	
287	1731.833	252.7041	13775.6660	14350.3340	
288	1736.296	266.0924	13792.0000	14304.6670	
289	1740.751	296.4827	13869.3320	14337.0000	
290	1745.198	336.2040	11919.6660	12351.6660	
291	1749.636	392.9254	14020.3340	14433.6660	
292	1754.065	408.4008	13020.6670	13343.0000	
293	1758.486	437.0201	13632.6670	13974.6660	
294	1762.898	450.2220	10966.0000	11302.0000	
295	1767.301	477.7575	12527.0000	12908.6680	
296	1771.696	498.7935	13209.0000	13438.0000	
297	1776.082	473.2536	12415.3340	12721.3340	
298	1780.460	481.1309	10563.6660	10837.6670	
299	1784.829	474.3407	11183.3330	11490.0000	
300	1789.189	461.6335	10446.3330	10734.0000	
301	1793.540	446.2374	11222.6660	11499.3340	
302	1797.883	412.6029	11703.6660	11931.3330	
303	1802.217	409.8862	12546.0000	12779.3320	
304	1806.542	414.0030	11944.3330	12162.3330	
305	1810.859	435.3705	11139.3330	11388.6670	
306	1815.167	450.8202	9827.0000	10087.6670	
307	1819.466	444.5206	10539.6660	10804.3340	
308	1823.756	437.7399	9536.3330	9762.6660	
309	1828.038	419.1735	11418.0000	11627.3330	
310	1832.311	431.6907	10576.0000	10769.6670	
311	1836.575	433.5411	9822.6670	10126.0000	
312	1840.830	431.9747	9180.6670	9368.0000	
313	1845.076	427.4302	9741.3330	9964.3330	
314	1849.314	434.2187	10767.6670	11013.3330	
315	1853.542	429.1750	10493.3330	10755.6670	
316	1857.762	420.8810	9634.3330	9841.0000	
317	1861.973	452.4743	9062.3330	9343.3330	
318	1866.176	477.0679	8355.0000	8685.0000	
319	1870.369	477.9114	7101.3335	7397.6670	
320	1874.553	477.4215	6458.6665	6775.6670	
321	1878.729	455.8479	7685.6670	7972.0000	
322	1882.895	437.9594	5744.3330	6020.6665	
323	1887.053	436.4751	4897.0000	5232.3335	
324	1891.202	400.4068	5206.0000	5441.6665	
325	1895.342	427.2520	6831.0000	7091.0000	
326	1899.473	439.7637	4982.0000	5252.0000	
327	1903.595	421.6094	7356.3330	7605.6670	
328	1907.708	363.1210	6935.3330	7123.6670	
329	1911.812	429.3374	6596.3335	6835.0000	
330	1915.907	467.2546	6648.3330	6925.6670	
331	1919.993	442.1702	5777.0000	6030.0000	
332	1924.070	426.5029	6097.3330	6334.3330	
333	1928.138	436.4857	7210.6665	7459.3340	
334	1932.197	444.0520	6237.0000	6450.6670	
335	1936.247	483.3681	5068.0000	5369.0000	
336	1940.288	455.6841	5565.6670	5841.0000	
337	1944.319	398.0009	6055.3330	6275.0000	
338	1948.342	400.9839	6364.6670	6589.3340	
339	1952.356	470.9664	5492.3335	5789.0000	
340	1956.361	477.9503	2845.3333	3151.0000	
341	1960.356	464.9162	2900.0000	3217.0000	
342	1964.343	451.7990	3765.3335	4008.6665	
343	1968.320	423.8594	3153.6665	3469.6665	
344	1972.288	419.1676	2345.0000	2609.6667	
345	1976.247	427.2009	1642.0000	1914.3335	
346	1980.197	462.2759	216.0000	543.0000	
347	1984.138	405.0383	1033.3334	1308.0000	
348	1988.069	385.1346	1155.6666	1415.3334	
349	1991.992	423.8019	786.0000	1088.6666	
350	1995.905	484.8471	-118.0000	235.6667	
351	1999.809	465.8027	495.6667	855.3334	
352	2003.704	442.7168	-203.3333	111.6667	
353	2007.589	443.0684	322.0000	634.0000	
354	2011.466	441.3365	-335.3333	-5.0000	
355	2015.333	440.0631	261.0000	572.0000	
356	2019.191	445.7892	-446.6667	-137.6667	
357	2023.039	477.4667	246.6667	602.6667	
358	2026.879	446.1440	-403.0000	-79.0000	
359	2030.708	407.4880	217.6667	502.3333	
360	2034.529	422.7489	-393.6667	-110.3333	
361	2038.341	432.1994	220.0000	556.3333	
362	2042.143	435.2333	-428.6667	-136.0000	
363	2045.936	442.9339	163.3333	473.6667	
364	2049.719	459.5790	-472.3333	-134.3333	
365	2053.493	436.0943	165.3333	480.6667	
366	2057.258	427.9429	-385.6667	-77.6667	
367	2061.014	428.7914	196.6667	499.0000	
368	2064.760	435.3067	-418.0000	-101.0000	
369	2068.496	428.8220	153.0000	464.3333	
370	2072.224	424.5248	-313.3333	-14.3333	
371	2075.942	438.4983	276.0000	584.3334	
372	2079.650	438.4910	-370.0000	-80.3333	
373	2083.349	444.4101	158.6667	502.0000	
374	2087.039	451.0792	-284.6667	5.6667	
375	2090.719	451.5817	-29.3333	303.0000	
376	2094.390	450.7299	-352.3333	-38.0000	
377	2098.051	453.1996	235.0000	546.6666	
378	2101.703	453.9818	-218.6667	133.6667	
379	2105.345	437.6806	171.3333	474.6666	
380	2108.978	433.1298	-441.3333	-142.6667	
381	2112.601	435.6500	-726.3333	-424.0000	
382	2116.215	427.8370	-175.6667	112.0000	
383	2119.819	433.1072	190.6667	453.6667	
384	2123.414	436.9608	-590.3333	-259.0000	
385	2126.999	425.5537	87.0000	366.6667	
386	2130.575	428.4842	-450.0000	-157.0000	
387	2134.141	440.6647	39.3333	364.3333	
388	2137.697	442.3448	-376.6667	-81.0000	
389	2141.244	438.0610	252.0000	552.3334	
390	2144.781	436.9438	-474.6667	-134.3333	
391	2148.309	431.4100	187.0000	467.3333	
392	2151.827	433.7337	-638.0000	-352.6667	
393	2155.336	436.1595	66.6667	344.3333	
394	2158.835	444.7519	-310.0000	-12.0000	
395	2162.324	439.2610	337.6667	631.0000	
396	2165.803	438.2901	-278.3333	-14.0000	
397	2169.273	445.4797	112.0000	418.6667	
398	2172.733	446.9402	-431.0000	-164.3333	
399	2176.184	444.6923	112.3333	469.3333	
400	2179.625	442.1944	-190.0000	85.6667	
401	2183.056	436.4882	420.0000	701.3334	
402	2186.477	440.0319	-373.6667	-94.3333	
403	2189.889	452.0757	-44.0000	251.0000	
404	2193.291	441.7870	-419.3334	-136.3333	
405	2196.683	436.2427	217.3333	475.0000	
406	2200.065	422.7542	-428.0000	-143.3333	
407	2203.438	425.1336	206.3333	482.6666	
408	2206.801	428.1383	-356.3333	-79.6667	
409	2210.154	467.7406	294.0000	611.0000	
410	2213.497	459.3430	-449.3333	-140.0000	
411	2216.831	415.9454	265.3333	532.0000	
412	2220.154	442.8822	-368.3333	-74.0000	
413	2223.468	441.2390	287.3333	631.0000	
414	2226.772	405.2061	-595.0000	-343.0000	
415	2230.066	441.9442	138.0000	431.0000	
416	2233.351	455.6822	-666.6667	-355.6667	
417	2236.625	452.4202	183.6667	495.6667	
418	2239.889	457.4915	-518.6667	-191.0000	
419	2243.144	453.8129	-25.6667	296.0000	
420	2246.389	449.5497	-385.0000	-61.0000	
421	2249.624	443.0741	228.6667	543.0000	
422	2252.848	431.9319	-441.3333	-150.0000	
423	2256.063	436.2064	197.6667	511.3333	
424	2259.268	438.5638	-369.3333	-80.3333	
425	2262.463	440.8298	209.3333	536.3334	
426	2265.649	432.9292	-109.6667	186.6667	
427	2268.824	406.2573	347.6667	629.0000	
428	2271.989	421.6149	-319.0000	-25.3333	
429	2275.144	439.0061	173.6667	483.6666	
430	2278.289	447.0639	-334.0000	-27.6667	
431	2281.424	452.9551	290.6667	624.0000	
432	2284.549	448.5129	-410.3334	-85.3333	
433	2287.665	443.6541	163.6667	496.3333	
434	2290.770	430.6420	-380.6667	-93.0000	
435	2293.865	453.6105	226.0000	539.0000	
436	2296.949	451.5807	-611.0000	-297.6667	
437	2300.024	439.6735	235.0000	539.6667	
438	2303.089	394.0996	-435.3333	-173.0000	
439	2306.144	423.8590	-19.0000	276.3333	
440	2309.188	426.6187	-556.0000	-254.6667	
441	2312.223	430.2374	383.3333	687.3334	
442	2315.247	428.2727	-211.0000	79.3333	
443	2318.261	451.3914	133.6667	465.6667	
444	2321.265	464.4264	-538.0000	-191.0000	
445	2324.259	458.1823	328.3333	667.3333	
446	2327.243	453.9383	-496.0000	-163.0000	
447	2330.216	437.3609	242.6667	557.3334	
448	2333.180	420.9250	-357.0000	-71.0000	
449	2336.133	424.7086	-34.6667	323.0000	
450	2339.076	428.5753	-341.3333	-56.0000	
451	2342.009	432.2755	410.3333	724.3334	
452	2344.931	435.9135	-611.0000	-307.6667	
453	2347.843	435.1770	324.0000	651.3334	
454	2350.745	434.7948	-415.3333	-112.6667	
455	2353.637	448.7264	223.6667	534.3333	
456	2356.519	449.0403	-413.6667	-94.6667	
457	2359.390	448.8367	352.0000	648.0000	
458	2362.251	451.5081	-280.3333	50.3333	
459	2365.102	432.7629	175.3333	462.0000	
460	2367.942	431.4352	-167.0000	115.6667	
461	2370.772	443.5994	199.6667	481.0000	
462	2373.592	443.9719	-233.6667	85.0000	
463	2376.401	439.5111	329.3333	602.3334	
464	2379.200	401.7586	-276.0000	-46.6667	
465	2381.989	445.0061	133.6667	400.3333	
466	2384.767	461.5870	-321.6667	-44.3333	
467	2387.535	463.6678	244.0000	534.0000	
468	2390.292	456.0811	-520.3333	-260.3333	
469	2393.039	420.8447	253.0000	488.0000	
470	2395.776	415.4528	-222.0000	5.0000	
471	2398.502	420.3943	422.3333	651.6667	
472	2401.218	429.3358	-577.3334	-341.6667	
473	2403.923	449.5264	218.3333	473.0000	
474	2406.618	427.0504	-412.0000	-181.0000	
475	2409.303	422.4911	370.3333	589.0000	
476	2411.977	441.2440	-358.6667	-122.0000	
477	2414.640	442.7166	311.6667	526.3333	
478	2417.293	461.1893	-401.3333	-155.3333	
479	2419.936	445.6620	95.6667	342.0000	
480	2422.568	438.0514	-372.0000	-164.0000	
481	2425.189	439.5240	212.3333	428.0000	
482	2427.801	430.7467	-472.3333	-262.6667	
483	2430.401	431.5528	190.6667	399.6667	
484	2432.991	430.5463	1446.3333	1464.0000	
485	2435.570	436.3556	226.0000	451.0000	
486	2438.139	438.3107	-661.3333	-438.0000	
487	2440.697	454.3074	121.0000	327.3333	
488	2443.245	471.5125	-439.6667	-200.0000	
489	2445.782	461.5051	17.0000	245.3333	
490	2448.308	433.0512	-522.6667	-331.0000	
491	2450.824	430.2110	334.3333	581.6666	
492	2453.329	432.1832	-383.3333	-200.3333	
493	2455.823	434.2545	295.0000	504.6667	
494	2458.307	435.0132	-581.3333	-358.3333	
495	2460.780	431.6678	262.6667	457.3333	
496	2463.243	427.9057	-329.3333	-129.6667	
497	2465.694	429.9770	414.3333	602.3334	
498	2468.135	436.2149	-424.0000	-224.3333	
499	2470.566	439.9528	441.0000	642.3333	
500	2472.986	440.1075	-320.3333	-118.0000	
501	2475.395	440.3074	22.6667	202.6667	
502	2477.793	444.9241	-435.0000	-221.0000	
503	2480.180	454.2074	239.0000	434.3333	
504	2482.557	455.9074	-385.6667	-171.6667	
505	2484.923	452.1074	151.0000	361.3333	
506	2487.278	435.3907	-373.6667	-192.0000	
507	2489.622	429.4241	206.3333	402.0000	
508	2491.956	404.6241	-614.0000	-463.6667	
509	2494.279	435.6574	258.6667	438.3333	
510	2496.591	462.6907	-249.6667	-44.6667	
511	2498.892	429.3907	-67.6667	102.3333	
