resultName	muna15-119
resultName	muna15-119
ID	RS20200904155707_P19331194
Command	SCANANDSEARCH
User	Admin
Application	_Analyze
SerialNumber	P19331194
Power	280
Integration	900
Averages	3
AutoExposure	Off
AutoCollect	Off
QuickCollect	Off
AutoBackground	On
BaselineCorrection	On
Algorithm	Wavelet
Searched Library	All,None,None,None
MixtureComponents	2
matchThreshold	0.0
displayMatches	1
Threshold	0.80
WL Start	
WL End	
ServerVersion	3.180316
FirmwareVersion	
date	2020-09-04
time	15:57:07
scanindex	0
specpath	RS20200904155707_P19331194.xml
Search Range	200 - 2500
Synced	false
lastCalDateTime	2020-08-20 09:29:50
lastCalUser	Admin
lastCalResult	PASS
lastVerifyDateTime	2020-09-04 13:30:42
lastVerifyUser	Admin
lastVerifyResult	PASS
selectedMaterial	
result	No Match
ValidationGUID	
ValidationMatchQuality	
topMatch	
topMatchGUID	
topMatchQuality	
secondMatch	
secondMatchGUID	
secondMatchQuality	
thirdMatch	
thirdMatchGUID	
thirdMatchQuality	
fourthMatch	
fourthMatchGUID	
fourthMatchQuality	
fifthMatch	
fifthMatchGUID	
fifthMatchQuality	
signedBy	
signedDateTime	
softwareVer	1.7.0.21
memo	
batchID	
inBatch	false
batchUID	
batchCID1	
batchCIDlbl1	
batchCID2	
batchCIDlbl2	
batchCID3	
batchCIDlbl3	
batchCID4	
batchCIDlbl4	
batchCID5	
batchCIDlbl5	
signedTitle	
signedReason	
rescanned	
barcode	
topMatchContribs	
secondMatchContribs	
thirdMatchContribs	
fourthMatchContribs	
fifthMatchContribs	
ValidationMatchContribs	
Threat	
PrecursorList	
CompundName	
WindowStart4C	
MatchLibrary	
lastModified	2020/09/04 15:57
Signal2Noise	74.47
Detector TEC SetPoint	0x8000
Detector Temp	4.95
Laser Temp	25.46
OE1 Temp	37.41
OE2 Temp	41.25
Detector Gain	200
SaturationDetected	false
InterpolatedPixelList	
PeakList	 297.1	1067	323.9	808	398.9	646	442.5	963	650.1	3029	672.5	1122	755.7	873	804.6	815	841.3	731	959.1	1020	1141.9	774	1212.1	1178	1333.5	924	1377.8	1632	1453.6	6558	1619.3	1286	1645.0	5147	1673.1	4434	1714.0	999
index	Raman Shift (cm-1)	Y value (counts)	background (counts)	raw value (counts)
0	137.471	702.6701	350.3333	4533.6665	
1	143.961	466.6018	403.6667	4230.0000	
2	150.446	257.8665	483.6667	3980.3330	
3	156.925	301.1318	617.3334	4036.3335	
4	163.399	474.7303	243.0000	3714.6667	
5	169.867	512.9952	640.3333	4029.3335	
6	176.330	422.2600	367.3333	3544.6665	
7	182.787	271.5250	589.3333	3495.0000	
8	189.239	230.7898	224.6667	2968.6665	
9	195.685	190.0547	569.3333	3151.6665	
10	202.125	274.6532	382.3333	2928.3333	
11	208.560	421.2512	816.0000	3387.6665	
12	214.989	438.1829	278.0000	2745.6665	
13	221.413	379.2197	688.3333	3030.6667	
14	227.831	312.7197	432.6666	2632.0000	
15	234.243	209.3148	761.6667	2860.3333	
16	240.650	160.5774	393.3333	2446.0000	
17	247.051	195.8395	527.3333	2618.0000	
18	253.446	288.4353	380.3333	2566.3335	
19	259.836	293.3637	678.6667	2872.3333	
20	266.220	294.2928	93.3333	2290.6665	
21	272.598	379.4254	736.0000	3050.6667	
22	278.971	795.2244	446.0000	3208.6665	
23	285.338	973.6903	581.3333	3554.6665	
24	291.699	982.8228	184.6667	3199.3330	
25	298.054	1067.3864	500.3333	3637.3335	
26	304.404	964.2825	67.6667	3139.3335	
27	310.748	643.8452	745.0000	3534.0000	
28	317.086	668.6144	327.0000	3192.3333	
29	323.418	807.5079	428.3333	3369.0000	
30	329.744	757.0676	-42.3333	2784.3333	
31	336.065	729.9610	705.0000	3441.0000	
32	342.380	704.8542	336.3333	2983.6665	
33	348.689	405.4141	642.0000	2926.3333	
34	354.992	267.9740	215.0000	2298.3333	
35	361.289	195.1997	399.3333	2333.0000	
36	367.581	46.9338	216.6667	1947.3333	
37	373.866	180.9541	173.0000	2030.0000	
38	380.146	562.9745	271.0000	2502.3335	
39	386.420	414.3279	328.0000	2403.0000	
40	392.688	340.3482	98.3333	2091.6667	
41	398.949	646.4105	410.3333	2704.3333	
42	405.205	548.1396	230.3333	2420.6667	
43	411.456	310.2019	147.6667	2094.6667	
44	417.700	285.2645	-71.3333	1845.3334	
45	423.938	331.5418	334.3333	2244.3333	
46	430.170	442.9861	-104.3333	1966.3333	
47	436.396	768.1805	183.0000	2577.0000	
48	442.616	962.7083	73.6667	2660.3335	
49	448.830	634.7798	464.0000	2737.6667	
50	455.039	486.4462	-84.0000	2032.0000	
51	461.241	224.1123	99.0000	1943.3333	
52	467.437	147.1121	60.6667	1818.6667	
53	473.627	312.7927	161.0000	2062.6667	
54	479.811	514.8064	6.6667	2088.3333	
55	485.989	556.4872	-71.3333	2030.0000	
56	492.160	454.8231	-173.6667	1787.3335	
57	498.326	377.1649	164.6667	1910.0000	
58	504.486	428.8192	-174.3333	1651.6667	
59	510.639	443.2028	187.3333	2062.0000	
60	516.787	432.1071	-192.3333	1539.3334	
61	522.928	355.1876	156.0000	1754.3335	
62	529.063	310.0178	-86.6667	1440.6666	
63	535.192	296.6815	6088.3330	7650.0000	
64	541.315	259.1991	3121.6670	4421.3335	
65	547.431	315.6127	853.6666	2173.0000	
66	553.542	325.3389	223.0000	1574.6667	
67	559.646	340.3360	378.6667	1601.3333	
68	565.744	363.1661	-62.0000	1190.0000	
69	571.835	368.0342	381.6667	1535.3334	
70	577.921	376.1959	-157.6667	1059.6666	
71	584.000	337.3392	185.6667	1355.3334	
72	590.073	120.6487	-193.3333	769.9999	
73	596.140	166.7458	172.6667	1232.3334	
74	602.200	349.8429	-110.6667	1182.3333	
75	608.255	751.9402	63.3333	1808.6667	
76	614.302	1148.3704	-109.0000	2083.0000	
77	620.344	1230.7810	135.3333	2432.0000	
78	626.379	921.2896	-9.6667	1997.3333	
79	632.408	1328.7983	260.0000	2694.3335	
80	638.431	1722.6401	3.0000	2851.0000	
81	644.447	2645.4822	444.3333	4235.0000	
82	650.457	3028.6572	-167.6667	4026.0000	
83	656.460	2377.1655	26.0000	3588.0000	
84	662.457	1482.3411	-6.0000	2681.0000	
85	668.448	982.9025	184.6667	2349.0000	
86	674.432	1122.4639	-290.0000	1990.6666	
87	680.410	1082.3591	226.6667	2444.0000	
88	686.381	590.5876	-126.0000	1576.3333	
89	692.346	306.6090	381.0000	1788.0000	
90	698.305	313.2140	-122.3333	1253.0000	
91	704.257	311.4479	18.6667	1491.3334	
92	710.202	271.9022	-149.3333	1204.6666	
93	716.142	127.1593	69.0000	1318.3334	
94	722.074	227.4161	-136.6667	1253.0000	
95	728.000	555.3401	156.6667	1914.3335	
96	733.920	852.5969	-123.3333	1971.6667	
97	739.833	739.8538	291.6667	2314.0000	
98	745.739	746.6420	13.0000	2068.6667	
99	751.639	855.1694	500.6667	2708.6667	
100	757.533	873.0303	-270.0000	1999.6667	
101	763.419	604.1068	326.6667	2341.0000	
102	769.300	351.8497	-220.6667	1555.0000	
103	775.173	163.2596	228.3333	1829.0000	
104	781.040	277.3358	-119.3333	1609.0000	
105	786.901	398.1549	339.3333	2243.6667	
106	792.755	399.5574	131.6667	1902.6666	
107	798.602	540.5430	362.3333	2349.6667	
108	804.442	814.6117	-118.6667	2141.3333	
109	810.276	707.9493	431.3334	2600.0000	
110	816.103	346.9540	-55.6667	1767.3335	
111	821.924	161.9583	311.6667	1965.0000	
112	827.738	200.0498	-137.3333	1434.3334	
113	833.545	315.4248	375.0000	2219.0000	
114	839.345	731.1331	-49.3333	2216.0000	
115	845.139	522.1746	336.6667	2398.6665	
116	850.926	483.5501	112.6667	2141.6665	
117	856.706	619.6086	278.6667	2442.3335	
118	862.479	586.0003	193.0000	2321.6667	
119	868.246	481.9398	284.0000	2292.0000	
120	874.006	356.4006	-14.0000	1867.6666	
121	879.759	318.5132	448.3333	2280.0000	
122	885.505	330.0840	28.0000	1821.6667	
123	891.245	342.1965	322.3333	2195.0000	
124	896.978	349.6841	113.3333	2020.6667	
125	902.703	293.0042	253.3333	2013.6666	
126	908.422	307.8242	-107.3333	1658.3333	
127	914.135	553.9775	289.0000	2291.3333	
128	919.840	510.4643	-262.0000	1687.3333	
129	925.538	366.2426	336.0000	2077.0000	
130	931.230	375.7295	-161.6667	1644.3333	
131	936.914	246.2578	471.6667	2128.3333	
132	942.592	301.8068	-24.3333	1544.0000	
133	948.263	399.0052	257.3333	2055.0000	
134	953.927	851.2132	-75.3333	2156.6667	
135	959.584	1019.7546	181.3333	2564.0000	
136	965.234	615.9621	-67.3333	1893.6667	
137	970.877	391.7856	177.6667	1907.3335	
138	976.513	363.2759	-321.0000	1373.0000	
139	982.142	360.0162	189.0000	1876.6667	
140	987.764	379.1227	35.0000	1736.3333	
141	993.379	329.1831	23.6667	1675.0000	
142	998.987	297.8268	-197.0000	1440.6666	
143	1004.588	280.8041	218.6667	1857.0000	
144	1010.182	327.2812	-372.3333	1321.6666	
145	1015.769	309.5916	140.3333	1832.0000	
146	1021.349	375.4022	5.0000	1791.0000	
147	1026.922	459.0458	233.0000	2120.3333	
148	1032.487	528.0235	-90.3333	1883.6665	
149	1038.046	443.4308	125.6667	2004.6667	
150	1043.597	445.9633	-171.6667	1764.6667	
151	1049.142	318.4332	56.6667	1887.6667	
152	1054.679	174.9026	-336.0000	1373.6666	
153	1060.209	214.0032	177.6667	1945.3333	
154	1065.732	324.0768	-127.0000	1786.6667	
155	1071.248	364.7599	151.6667	2119.6665	
156	1076.757	439.1094	-107.3333	1948.6665	
157	1082.258	373.9776	218.3333	2217.0000	
158	1087.753	407.7623	-183.6667	1717.0000	
159	1093.240	565.3801	197.0000	2402.6665	
160	1098.720	589.2481	14.0000	2251.3333	
161	1104.192	300.9943	192.0000	2130.6665	
162	1109.658	300.9204	-97.6667	1828.0000	
163	1115.116	536.8466	485.3333	2634.0000	
164	1120.567	558.4390	-104.3333	2053.0000	
165	1126.010	699.6481	274.6667	2531.0000	
166	1131.447	691.8570	-217.0000	1989.3333	
167	1136.876	581.7327	349.3333	2403.3335	
168	1142.298	773.6085	-311.3333	1892.3335	
169	1147.712	762.7696	278.6667	2434.3333	
170	1153.120	481.9308	-134.0000	1703.6667	
171	1158.519	350.7584	291.0000	1960.3333	
172	1163.912	229.5860	-165.3333	1345.6666	
173	1169.297	189.0561	391.0000	1873.3333	
174	1174.675	196.6097	-39.3333	1428.0000	
175	1180.045	219.0279	379.0000	1925.3335	
176	1185.408	362.7419	-2.6667	1726.0000	
177	1190.764	347.1230	280.6667	2032.3334	
178	1196.112	469.8372	50.3333	1963.3333	
179	1201.453	665.8853	315.0000	2462.6667	
180	1206.786	1016.9332	-180.6667	2356.6667	
181	1212.112	1178.4636	381.6667	3088.6665	
182	1217.431	897.6027	21.3333	2442.6667	
183	1222.742	707.6138	352.3333	2599.0000	
184	1228.045	627.6264	-91.6667	2090.3335	
185	1233.341	436.1215	385.6667	2414.0000	
186	1238.630	158.2836	127.3333	1915.6667	
187	1243.911	373.7787	377.0000	2418.6665	
188	1249.185	514.9407	103.0000	2323.6667	
189	1254.451	412.8106	637.6667	2821.3335	
190	1259.709	263.0137	212.3333	2311.3335	
191	1264.960	207.5499	614.3334	2723.0000	
192	1270.203	275.4200	329.3333	2571.0000	
193	1275.439	348.2899	640.6667	3020.3335	
194	1280.668	383.8265	109.3333	2589.6667	
195	1285.888	603.3629	679.3333	3444.3335	
196	1291.101	526.2293	71.6667	2846.6667	
197	1296.307	387.6636	639.6666	3339.6670	
198	1301.505	400.7650	279.3333	3056.0000	
199	1306.695	503.8655	782.3334	3725.6665	
200	1311.877	565.6326	465.3334	3534.0000	
201	1317.052	341.9290	474.0000	3351.3335	
202	1322.219	260.8924	393.6667	3222.3335	
203	1327.379	596.2817	669.6667	3838.6665	
204	1332.531	923.5427	371.6667	3877.6670	
205	1337.675	829.8905	829.0000	4237.3335	
206	1342.811	416.2384	180.0000	3170.6665	
207	1347.940	273.5870	722.3333	3566.3335	
208	1353.061	187.9351	251.3333	3005.6667	
209	1358.174	455.9495	1061.3334	4079.6665	
210	1363.280	1137.6311	385.3333	4081.3330	
211	1368.377	1319.6462	804.0000	4678.0000	
212	1373.467	1279.9944	384.0000	4214.3335	
213	1378.550	1631.9043	752.0000	4943.0000	
214	1383.624	1572.1472	422.6666	4562.6665	
215	1388.690	697.0575	989.6666	4263.3335	
216	1393.749	79.2988	273.0000	2937.6665	
217	1398.800	0.0000	794.0000	3370.6665	
218	1403.843	280.1413	416.0000	3232.6670	
219	1408.878	760.6160	1105.6667	4362.6665	
220	1413.906	1543.0903	424.0000	4423.3335	
221	1418.925	2099.2798	798.6666	5312.0000	
222	1423.937	2440.1367	464.0000	5276.0000	
223	1428.940	3426.9929	801.3334	6558.0000	
224	1433.936	4662.5005	535.0000	7458.6665	
225	1438.924	5346.2598	825.3334	8363.6670	
226	1443.904	5835.0186	464.0000	8422.0000	
227	1448.876	6318.4453	971.0000	9343.3340	
228	1453.840	6557.8711	288.3333	8831.0000	
229	1458.796	6547.9199	959.6666	9373.3330	
230	1463.744	5035.3042	370.6667	7152.6670	
231	1468.685	3291.3533	887.0000	5806.0000	
232	1473.617	1989.4050	336.3333	3834.3335	
233	1478.541	1121.2612	762.6667	3290.0000	
234	1483.457	641.4520	275.0000	2220.0000	
235	1488.365	402.9763	859.3334	2463.3333	
236	1493.265	294.8337	222.6667	1616.0000	
237	1498.157	271.9285	894.6667	2189.6667	
238	1503.041	236.9510	298.3333	1493.6666	
239	1507.917	214.6213	773.6666	1893.3335	
240	1512.785	201.6238	264.6667	1318.0000	
241	1517.645	245.9604	759.6666	1804.0000	
242	1522.496	276.9632	432.0000	1454.0000	
243	1527.340	317.2999	1092.3333	2101.3333	
244	1532.175	379.7194	482.3333	1474.6666	
245	1537.002	393.0617	1035.3334	2091.3335	
246	1541.822	341.7204	400.3333	1415.3334	
247	1546.633	309.0451	1033.3334	2079.3333	
248	1551.435	302.3699	443.6667	1534.3333	
249	1556.230	273.5963	1019.0000	2184.6667	
250	1561.016	233.1580	502.6667	1731.6667	
251	1565.795	236.7191	943.0000	2279.3335	
252	1570.565	266.2818	665.3333	2135.0000	
253	1575.327	233.8233	923.0000	2543.3333	
254	1580.080	342.6968	485.0000	2397.3333	
255	1584.825	381.2405	1048.6666	3182.6665	
256	1589.562	490.4490	350.0000	2776.3335	
257	1594.291	586.6570	897.3334	3603.0000	
258	1599.012	614.5338	386.6667	3303.3330	
259	1603.724	612.2831	775.6666	3900.6665	
260	1608.428	705.0817	550.3333	3926.3335	
261	1613.124	967.1718	908.6667	4633.3330	
262	1617.811	1285.5962	865.0000	4994.6665	
263	1622.490	1276.6873	955.0000	5162.3335	
264	1627.161	1488.1118	521.6667	5027.0000	
265	1631.823	2289.7937	840.0000	6195.0000	
266	1636.477	3727.7141	350.6667	7161.0000	
267	1641.123	5063.6978	1150.3334	9313.3330	
268	1645.760	5146.6841	334.0000	8596.6670	
269	1650.389	3817.1980	915.0000	7741.0000	
270	1655.009	2608.0461	547.6667	6057.3335	
271	1659.621	2323.2268	1009.3334	6127.0000	
272	1664.225	2907.7415	469.3333	6064.3335	
273	1668.820	3915.2551	1143.6667	7639.0000	
274	1673.406	4434.4355	439.3333	7346.6660	
275	1677.985	3826.9509	805.6667	6998.3330	
276	1682.554	2337.7986	682.0000	5278.3335	
277	1687.116	1135.6248	901.0000	4154.0000	
278	1691.668	446.1197	470.3333	2892.6665	
279	1696.213	87.2798	981.3333	2903.6665	
280	1700.749	97.4070	423.6667	2236.3333	
281	1705.276	391.0147	988.3333	2906.0000	
282	1709.794	851.2877	406.6667	2596.0000	
283	1714.305	998.8961	888.0000	3036.3333	
284	1718.806	771.1682	341.3333	2073.3333	
285	1723.299	319.6013	1100.6666	2268.0000	
286	1727.784	178.0352	352.0000	1264.6667	
287	1732.260	202.3498	885.0000	1695.6667	
288	1736.727	200.8230	398.3333	1126.6666	
289	1741.186	239.9621	867.3334	1554.0000	
290	1745.636	258.4345	326.0000	950.3333	
291	1750.077	289.9080	943.6666	1518.6666	
292	1754.510	320.0468	357.0000	881.3334	
293	1758.934	357.6927	964.3334	1486.0000	
294	1763.349	376.3389	156.0000	656.0000	
295	1767.756	385.9847	825.3334	1294.6666	
296	1772.154	417.0459	215.6667	680.0000	
297	1776.544	414.3023	786.0000	1252.3334	
298	1780.924	394.7258	60.3333	500.6667	
299	1785.296	394.5655	842.3333	1301.3334	
300	1789.659	342.9891	50.6667	437.3333	
301	1794.014	335.9477	839.6666	1224.3334	
302	1798.360	340.4605	388.3333	776.3333	
303	1802.697	360.7238	954.0000	1381.0000	
304	1807.025	364.2367	520.6666	901.3333	
305	1811.344	365.4165	565.0000	997.6666	
306	1815.655	354.5129	288.0000	685.3333	
307	1819.957	320.0262	917.0000	1278.6667	
308	1824.250	357.5039	336.3333	720.6667	
309	1828.534	376.4243	1055.6667	1455.3333	
310	1832.809	368.3453	273.0000	661.0000	
311	1837.076	371.0992	817.6666	1197.0000	
312	1841.333	378.3533	393.6667	805.6667	
313	1845.582	375.9529	465.6666	835.0000	
314	1849.822	372.9693	388.6667	791.3334	
315	1854.053	360.2357	696.6666	1078.3334	
316	1858.275	351.4182	235.3333	603.0000	
317	1862.488	360.3096	662.0000	1054.6667	
318	1866.692	363.2843	246.6667	608.0000	
319	1870.888	369.7590	544.3334	956.0000	
320	1875.074	378.1503	-181.0000	193.0000	
321	1879.251	379.5417	524.6667	937.6666	
322	1883.420	358.7348	-7.0000	382.3333	
323	1887.579	354.6230	434.6666	814.3334	
324	1891.730	344.1782	-68.6667	295.0000	
325	1895.871	335.3893	615.0000	951.3334	
326	1900.004	339.6007	-21.6667	354.3333	
327	1904.127	345.4786	574.6667	894.6666	
328	1908.241	361.0234	-94.6667	262.3333	
329	1912.347	406.7838	516.6667	897.6666	
330	1916.443	398.5936	116.6667	484.6667	
331	1920.530	369.4033	521.3333	855.3334	
332	1924.609	364.8795	-58.3333	266.3333	
333	1928.678	360.2548	689.3333	1009.3334	
334	1932.738	327.6299	16.0000	303.3333	
335	1936.788	339.6716	607.0000	906.3333	
336	1940.830	370.3385	-23.0000	318.6667	
337	1944.863	370.3803	386.6667	725.6667	
338	1948.886	380.2972	118.0000	448.0000	
339	1952.901	386.8389	528.0000	874.3334	
340	1956.906	384.5475	-93.0000	251.0000	
341	1960.902	360.8986	295.6667	599.6667	
342	1964.888	366.1663	44.3333	359.3333	
343	1968.866	339.4095	317.6667	615.0000	
344	1972.834	346.6344	-188.3333	104.3333	
345	1976.793	353.7270	284.3333	593.6667	
346	1980.743	358.0279	-210.3333	81.0000	
347	1984.684	362.0996	79.6667	382.0000	
348	1988.616	363.8382	-159.0000	131.3333	
349	1992.538	356.9258	590.0000	937.3334	
350	1996.451	365.4637	-201.0000	53.3333	
351	2000.354	350.0770	371.6667	647.3333	
352	2004.249	348.3569	-341.6667	-72.3333	
353	2008.134	366.3035	309.0000	601.6667	
354	2012.009	373.4376	-334.3333	-38.6667	
355	2015.876	375.1968	312.6667	605.6667	
356	2019.733	377.9766	-369.0000	-39.0000	
357	2023.580	374.9183	954.6666	1240.3333	
358	2027.419	374.7768	905.0000	1234.3334	
359	2031.248	349.3853	1479.6666	1761.0000	
360	2035.067	349.7436	-187.6667	76.6667	
361	2038.878	361.5775	292.6667	586.3333	
362	2042.678	355.9115	-396.0000	-108.0000	
363	2046.470	337.5788	236.0000	505.6667	
364	2050.252	346.6404	-381.3333	-88.3333	
365	2054.024	353.8895	251.3333	554.0000	
366	2057.787	359.6386	-293.0000	-33.3333	
367	2061.541	399.2210	212.0000	557.3333	
368	2065.285	369.6368	-360.3333	-44.6667	
369	2069.020	366.0526	198.6667	510.6666	
370	2072.745	343.8017	-271.3333	18.3333	
371	2076.461	333.2312	606.0000	870.6667	
372	2080.167	359.5228	929.3334	1174.0000	
373	2083.864	439.7614	2151.0000	2519.6667	
374	2087.551	354.2497	942.3334	1224.0000	
375	2091.228	349.6549	164.0000	426.3333	
376	2094.896	349.6642	-258.0000	25.3333	
377	2098.555	351.6261	287.6667	574.0000	
378	2102.204	355.2339	-137.6667	92.3333	
379	2105.843	381.7790	286.3333	586.6666	
380	2109.473	369.7410	-329.0000	-42.6667	
381	2113.093	338.5791	-660.0000	-407.0000	
382	2116.703	361.0006	-136.3333	110.3333	
383	2120.304	371.5055	226.0000	534.6667	
384	2123.895	377.2603	-559.3333	-274.6667	
385	2127.477	358.9955	126.6667	413.0000	
386	2131.049	343.4976	-409.6666	-148.6667	
387	2134.611	367.7498	83.6667	366.6667	
388	2138.163	391.3353	-385.6667	-81.3333	
389	2141.706	353.1241	319.0000	583.3333	
390	2145.239	350.9963	-395.6667	-154.6667	
391	2148.763	352.7852	223.3333	528.0000	
392	2152.276	339.6656	-548.6667	-317.0000	
393	2155.780	355.9762	152.0000	377.6667	
394	2159.275	364.7035	-274.0000	10.6667	
395	2162.759	364.9724	362.0000	618.6667	
396	2166.234	363.2837	-250.0000	23.3333	
397	2169.698	359.6825	175.6667	422.6667	
398	2173.154	363.7896	-396.3333	-128.0000	
399	2176.599	369.6467	183.3333	481.0000	
400	2180.034	363.9205	-139.3333	117.0000	
401	2183.460	359.6109	465.3333	751.3333	
402	2186.876	356.7181	-308.3333	-51.3333	
403	2190.282	372.9919	-10.0000	282.0000	
404	2193.678	371.0984	-335.0000	-42.0000	
405	2197.064	392.9156	236.3333	561.0000	
406	2200.440	373.8406	-393.6667	-71.6667	
407	2203.807	375.1670	231.0000	553.3334	
408	2207.164	341.9932	-320.6667	-43.6667	
409	2210.510	332.0380	375.3333	639.6666	
410	2213.847	346.4163	-383.6667	-107.6667	
411	2217.174	356.0445	328.0000	628.6667	
412	2220.491	359.3398	-294.3333	-25.0000	
413	2223.798	374.9316	560.3334	846.0000	
414	2227.094	369.9091	-215.3333	63.0000	
415	2230.381	356.7199	444.3333	709.3333	
416	2233.658	322.8640	-560.6667	-329.6667	
417	2236.925	351.6748	255.3333	515.0000	
418	2240.182	370.7773	-508.3333	-221.3333	
419	2243.429	370.9214	3.0000	283.6667	
420	2246.666	379.6068	-348.0000	-81.6667	
421	2249.893	404.1355	266.0000	576.6667	
422	2253.110	385.4975	-422.0000	-131.0000	
423	2256.317	357.5262	272.0000	534.0000	
424	2259.513	354.8885	-336.6667	-78.3333	
425	2262.700	359.0608	237.0000	498.6667	
426	2265.876	366.1497	-98.3333	172.3333	
427	2269.043	350.3812	380.0000	643.3334	
428	2272.199	352.2213	-304.0000	-28.0000	
429	2275.345	340.3289	214.3333	467.0000	
430	2278.481	348.5198	-268.3333	-36.0000	
431	2281.607	379.2108	360.0000	649.3333	
432	2284.723	355.6518	-357.0000	-92.3333	
433	2287.828	334.0927	246.6667	488.6667	
434	2290.924	365.0702	-344.6667	-87.0000	
435	2294.009	379.1991	250.3333	530.0000	
436	2297.083	373.3282	-550.6667	-285.0000	
437	2300.148	369.9456	301.6667	584.3333	
438	2303.203	368.9794	-378.0000	-145.3333	
439	2306.247	368.6800	36.0000	303.3333	
440	2309.281	364.0891	-521.6666	-258.6667	
441	2312.305	348.8539	391.3333	634.0000	
442	2315.318	337.0769	-257.0000	-25.3333	
443	2318.322	360.9667	177.0000	433.3334	
444	2321.314	368.8565	-463.3333	-198.3333	
445	2324.297	355.5728	394.6667	660.6667	
446	2327.269	355.8723	-441.6667	-245.0000	
447	2330.231	382.7551	197.3333	475.3333	
448	2333.183	377.1383	-415.6667	-129.3333	
449	2336.124	370.0299	20.6667	309.0000	
450	2339.055	365.5048	-329.6667	-62.3333	
451	2341.976	365.6465	425.3333	699.6666	
452	2344.886	359.0380	-550.0000	-282.3333	
453	2347.786	331.4958	369.0000	609.6666	
454	2350.675	346.1203	-394.0000	-157.6667	
455	2353.554	367.1373	189.3333	477.3333	
456	2356.423	360.2138	-452.0000	-193.6667	
457	2359.281	354.0900	240.3333	510.0000	
458	2362.128	354.2995	-252.0000	-42.3333	
459	2364.966	357.1756	200.0000	452.0000	
460	2367.792	361.2403	-206.6667	41.0000	
461	2370.609	364.9480	135.3333	378.3333	
462	2373.415	374.3015	-245.3333	12.3333	
463	2376.210	379.0925	331.6667	542.3333	
464	2378.995	381.1961	-408.6667	-113.6667	
465	2381.769	381.1746	110.3333	357.6667	
466	2384.533	348.8824	-289.6667	-78.3333	
467	2387.286	362.2567	290.6667	500.3333	
468	2390.029	367.3799	-563.6666	-316.6667	
469	2392.760	358.1955	212.6667	428.6667	
470	2395.482	363.9137	-330.6667	-113.6667	
471	2398.193	359.6320	328.3333	541.6666	
472	2400.893	359.0170	-580.3333	-373.3333	
473	2403.583	328.4145	285.6667	457.6667	
474	2406.262	341.8119	-375.3333	-209.6667	
475	2408.931	347.4593	317.3333	563.3333	
476	2411.589	363.6074	-327.0000	-186.6667	
477	2414.236	363.4092	337.0000	514.0000	
478	2416.872	365.6277	-403.6667	-235.3333	
479	2419.498	387.9297	111.6667	316.6667	
480	2422.113	362.3982	-370.0000	-190.3333	
481	2424.718	350.8667	262.0000	430.3333	
482	2427.312	356.2520	-425.3333	-261.0000	
483	2429.895	365.4705	219.6667	403.0000	
484	2432.467	414.2715	1054.6666	1287.0000	
485	2435.029	378.8548	225.6667	419.3333	
486	2437.580	350.4381	-631.6667	-469.6667	
487	2440.120	369.6881	109.6667	287.6667	
488	2442.649	382.6046	-422.0000	-234.3333	
489	2445.167	359.4615	81.3333	243.3333	
490	2447.675	348.0934	-508.0000	-348.3333	
491	2450.172	351.4001	408.6667	574.6667	
492	2452.658	354.1042	-372.3333	-195.6667	
493	2455.134	338.6169	322.3333	467.0000	
494	2457.598	353.2129	-531.0000	-396.6667	
495	2460.052	377.8089	260.0000	440.6666	
496	2462.495	369.7383	-309.0000	-138.0000	
497	2464.927	368.8343	427.6667	586.0000	
498	2467.348	370.4303	-404.6667	-219.6667	
499	2469.758	363.1931	439.3333	599.0000	
500	2472.157	349.4540	-343.0000	-198.6667	
501	2474.546	330.2793	49.6667	174.3333	
502	2476.923	339.1046	-408.3333	-287.6667	
503	2479.290	351.1800	267.6667	418.3333	
504	2481.645	351.6719	-357.0000	-221.0000	
505	2483.990	378.5805	210.0000	381.0000	
506	2486.323	408.0725	-397.0000	-197.0000	
507	2488.646	358.8978	235.0000	385.3333	
508	2490.958	352.3899	-602.0000	-458.6666	
509	2493.258	367.2152	269.3333	427.0000	
510	2495.548	372.7071	-227.0000	-64.3333	
511	2497.827	346.5324	-45.6667	90.3333	
