resultName	muna12-231
resultName	muna12-231
ID	RS20201106115933_P19331194
Command	SCANANDSEARCH
User	Admin
Application	_Analyze
SerialNumber	P19331194
Power	280
Integration	900
Averages	3
AutoExposure	Off
AutoCollect	Off
QuickCollect	Off
AutoBackground	On
BaselineCorrection	On
Algorithm	Wavelet
Searched Library	All,None,None,None
MixtureComponents	2
matchThreshold	0.0
displayMatches	1
Threshold	0.80
WL Start	
WL End	
ServerVersion	3.180316
FirmwareVersion	
date	2020-11-06
time	11:59:33
scanindex	0
specpath	RS20201106115933_P19331194.xml
Search Range	200 - 2500
Synced	false
lastCalDateTime	2020-10-28 08:17:07
lastCalUser	Admin
lastCalResult	PASS
lastVerifyDateTime	2020-11-06 08:24:10
lastVerifyUser	Admin
lastVerifyResult	PASS
selectedMaterial	
result	No Match
ValidationGUID	
ValidationMatchQuality	
topMatch	
topMatchGUID	
topMatchQuality	
secondMatch	
secondMatchGUID	
secondMatchQuality	
thirdMatch	
thirdMatchGUID	
thirdMatchQuality	
fourthMatch	
fourthMatchGUID	
fourthMatchQuality	
fifthMatch	
fifthMatchGUID	
fifthMatchQuality	
signedBy	
signedDateTime	
softwareVer	1.7.0.21
memo	
batchID	
inBatch	false
batchUID	
batchCID1	
batchCIDlbl1	
batchCID2	
batchCIDlbl2	
batchCID3	
batchCIDlbl3	
batchCID4	
batchCIDlbl4	
batchCID5	
batchCIDlbl5	
signedTitle	
signedReason	
rescanned	
barcode	
topMatchContribs	
secondMatchContribs	
thirdMatchContribs	
fourthMatchContribs	
fifthMatchContribs	
ValidationMatchContribs	
Threat	
PrecursorList	
CompundName	
WindowStart4C	
MatchLibrary	
lastModified	2020/11/06 12:03
Signal2Noise	70.31
Detector TEC SetPoint	0x8000
Detector Temp	4.99
Laser Temp	25.39
OE1 Temp	39.03
OE2 Temp	43.62
Detector Gain	200
SaturationDetected	false
InterpolatedPixelList	
PeakList	 287.0	1124	334.7	793	398.2	892	443.9	705	481.7	760	649.6	2625	678.8	1385	750.3	969	805.0	709	839.6	1004	959.7	828	1092.9	773	1127.0	966	1141.3	914	1208.1	726	1248.9	673	1336.9	1095	1369.1	1469	1457.6	6333	1644.9	3801	1677.4	2850	1712.9	1289
index	Raman Shift (cm-1)	Y value (counts)	background (counts)	raw value (counts)
0	137.234	433.3533	831.6667	4056.0000	
1	143.735	370.0946	856.6666	3926.6670	
2	150.232	172.5009	942.0000	3723.3330	
3	156.722	282.2419	1075.0000	3875.0000	
4	163.207	414.9829	746.9999	3588.6670	
5	169.686	484.3898	1181.6666	4001.6665	
6	176.159	461.1308	845.6666	3551.3335	
7	182.627	360.2043	1113.3334	3627.0000	
8	189.089	264.2781	717.6667	3044.3333	
9	195.545	254.3519	1087.6667	3313.3330	
10	201.996	257.7597	903.3334	3041.3333	
11	208.440	405.5005	1374.0000	3568.6670	
12	214.879	340.5742	843.3334	2882.0000	
13	221.313	395.7864	1238.6666	3282.3330	
14	227.740	289.7983	969.0000	2845.6667	
15	234.162	164.4856	1319.3333	3084.3333	
16	240.578	150.5066	906.6666	2671.3335	
17	246.988	156.8603	1053.3333	2838.0000	
18	253.392	230.2141	891.0000	2762.6665	
19	259.791	301.2350	1217.0000	3173.3333	
20	266.184	250.2554	602.6666	2521.6665	
21	272.570	407.7146	1290.0000	3412.6665	
22	278.951	897.1740	977.0000	3635.3335	
23	285.327	1123.6328	1113.6667	4044.6665	
24	291.696	950.0919	686.6667	3490.3335	
25	298.059	937.7629	1002.3334	3833.0000	
26	304.417	817.7675	582.3333	3332.3335	
27	310.768	529.1050	1298.6667	3799.3335	
28	317.114	569.9838	833.0000	3429.6665	
29	323.454	733.4608	940.0000	3641.0000	
30	329.788	748.9373	459.6667	3117.0000	
31	336.116	792.7474	1208.3333	3850.3335	
32	342.438	758.2241	863.0000	3411.3335	
33	348.754	351.3670	1165.3334	3247.6665	
34	355.064	84.1772	701.3333	2457.3333	
35	361.368	49.4218	930.3333	2577.3335	
36	367.666	129.8072	661.6666	2180.0000	
37	373.958	236.5530	661.0000	2424.0000	
38	380.244	746.3821	727.0000	2985.0000	
39	386.524	583.2112	786.6667	2866.6667	
40	392.798	438.3739	516.3333	2436.6665	
41	399.066	892.1813	876.0000	3234.6665	
42	405.328	676.3223	635.6667	2763.0000	
43	411.583	278.1299	464.0000	2177.6665	
44	417.833	295.2711	305.0000	2020.3335	
45	424.077	295.4550	720.6667	2361.3335	
46	430.314	340.3056	204.0000	1932.3333	
47	436.546	501.6562	392.3333	2266.0000	
48	442.771	704.6737	239.3333	2300.0000	
49	448.991	660.2677	538.6667	2554.0000	
50	455.204	509.1033	133.6667	1972.6667	
51	461.411	252.2722	283.0000	1840.0000	
52	467.611	187.7744	275.6667	1743.0000	
53	473.806	493.1016	424.0000	2162.0000	
54	479.995	760.4289	157.0000	2127.6667	
55	486.177	630.7562	30.3333	1836.6667	
56	492.353	460.2922	-1.0000	1587.3333	
57	498.523	197.8608	415.3333	1712.3334	
58	504.686	121.0959	75.0000	1266.3333	
59	510.844	253.6646	259.3333	1554.3333	
60	516.995	331.8998	-14.3333	1330.0000	
61	523.140	435.5100	331.0000	1747.6667	
62	529.279	533.1202	-104.3333	1378.6667	
63	535.411	451.0637	520.0000	1889.6667	
64	541.537	262.3405	-22.0000	1127.6666	
65	547.657	251.7841	432.0000	1527.3334	
66	553.771	269.9775	270.0000	1430.6667	
67	559.878	301.2545	627.3333	1653.0000	
68	565.979	335.1146	144.6667	1242.0000	
69	572.074	338.3418	554.6667	1667.3333	
70	578.162	410.3505	-49.0000	1158.6667	
71	584.244	319.6201	249.6667	1400.3334	
72	590.319	92.2228	-101.6667	855.3333	
73	596.389	85.8115	387.3333	1404.0000	
74	602.451	352.0670	114.3333	1463.3334	
75	608.508	831.6558	324.3333	2219.0000	
76	614.558	1136.5776	121.3333	2387.0000	
77	620.601	1410.1521	354.6667	2928.0000	
78	626.639	923.8259	178.6667	2296.0000	
79	632.669	1267.1663	435.0000	2926.0000	
80	638.694	1573.1731	200.3333	3027.6667	
81	644.712	2452.1794	675.6667	4412.3330	
82	650.723	2625.1868	-0.6667	3939.3330	
83	656.728	1690.8604	191.0000	3227.0000	
84	662.727	1097.5347	113.3333	2586.3335	
85	668.719	895.6113	276.3333	2531.3333	
86	674.704	1207.0212	-169.3333	2381.0000	
87	680.683	1384.7649	310.6667	3022.6667	
88	686.655	759.8421	10.3333	2081.3335	
89	692.621	390.5529	528.3334	2062.0000	
90	698.581	422.8057	-18.0000	1527.0000	
91	704.534	299.2554	187.0000	1830.6667	
92	710.480	202.5624	-21.0000	1369.3333	
93	716.420	105.1234	183.6667	1464.3333	
94	722.353	189.3512	-27.3333	1325.3333	
95	728.279	573.5790	314.3333	2039.0000	
96	734.199	942.1401	-20.6667	2060.3333	
97	740.112	870.0345	434.6667	2431.3335	
98	746.019	950.9893	127.3333	2180.6665	
99	751.919	969.4198	678.3333	2754.0000	
100	757.813	697.1830	-137.6667	1669.6666	
101	763.699	468.3199	443.6667	2009.6667	
102	769.580	293.1228	-50.6667	1327.6666	
103	775.453	176.5929	351.0000	1600.3335	
104	781.320	118.0625	-16.6667	1161.6666	
105	787.180	199.4654	484.0000	1735.6667	
106	793.033	335.8683	252.6667	1632.6667	
107	798.880	516.9375	520.3333	2073.3333	
108	804.720	708.6734	24.0000	1760.6667	
109	810.553	624.8115	604.3334	2290.6665	
110	816.379	334.9499	98.6667	1528.6666	
111	822.199	206.4215	496.0000	1831.0000	
112	828.012	277.1774	-5.3333	1449.0000	
113	833.818	658.6123	488.0000	2360.0000	
114	839.617	1004.0476	94.0000	2347.6667	
115	845.410	521.4827	444.3333	2251.6667	
116	851.195	340.5847	228.3333	1891.0000	
117	856.974	437.0719	415.0000	2182.6665	
118	862.746	434.8929	323.6667	2097.6667	
119	868.512	441.5245	417.6667	2189.6665	
120	874.270	324.6115	71.0000	1715.6665	
121	880.022	237.4656	559.3333	2094.6667	
122	885.766	307.9857	125.0000	1634.0000	
123	891.504	392.1729	420.3333	2066.0000	
124	897.235	532.3600	180.3333	1944.0000	
125	902.959	448.8432	363.3333	2016.0000	
126	908.676	272.3264	-34.3333	1414.3334	
127	914.386	270.9761	391.6667	1805.3333	
128	920.090	288.4593	-194.6667	1270.0000	
129	925.786	278.7759	433.6667	1786.0000	
130	931.475	306.2591	-51.0000	1357.6667	
131	937.158	226.0755	585.3334	1850.3333	
132	942.833	318.9754	40.6667	1278.6666	
133	948.502	404.9567	357.3333	1767.3333	
134	954.163	642.3851	-23.6667	1614.3333	
135	959.818	828.1471	239.3333	2053.6667	
136	965.465	516.5752	37.0000	1530.3333	
137	971.106	432.7986	250.3333	1563.0000	
138	976.739	424.2926	-259.0000	1212.3334	
139	982.366	392.6408	181.3333	1670.6667	
140	987.985	307.2651	85.6667	1392.0000	
141	993.597	276.4469	72.6667	1374.3333	
142	999.202	265.8788	-131.3333	1160.0000	
143	1004.800	292.1442	283.6667	1653.3335	
144	1010.392	318.4924	-299.6667	1142.6667	
145	1015.975	292.3409	180.3333	1610.0000	
146	1021.552	291.0226	43.3333	1490.3334	
147	1027.122	345.1002	284.0000	1823.0000	
148	1032.685	318.9487	-33.0000	1493.6666	
149	1038.240	348.3029	190.6667	1710.3333	
150	1043.788	364.3862	-121.6667	1557.6667	
151	1049.329	324.7194	129.6667	1789.0000	
152	1054.863	306.1353	-264.6667	1348.3333	
153	1060.390	346.0421	255.0000	1995.6665	
154	1065.910	354.7435	-45.0000	1750.6667	
155	1071.422	284.0157	277.6667	2019.3334	
156	1076.927	547.2879	-58.0000	1963.6667	
157	1082.425	521.3735	292.6667	2282.3333	
158	1087.916	423.4593	-138.0000	1747.6665	
159	1093.399	772.5453	246.3333	2475.0000	
160	1098.875	655.2975	82.6667	2188.0000	
161	1104.344	286.3651	290.0000	2001.0000	
162	1109.806	232.4378	-96.3333	1531.6666	
163	1115.260	572.5106	402.0000	2341.0000	
164	1120.707	746.2507	-82.0000	2001.6667	
165	1126.147	965.5661	358.6667	2612.0000	
166	1131.580	888.5483	-135.3333	1991.3333	
167	1137.005	816.1974	447.0000	2451.6667	
168	1142.422	913.5145	-196.6667	1855.6667	
169	1147.833	779.2195	370.6667	2252.6665	
170	1153.236	507.5919	-102.0000	1472.3334	
171	1158.632	388.2972	379.0000	1798.0000	
172	1164.020	238.0030	-86.3333	1146.3334	
173	1169.401	171.0932	505.0000	1681.3333	
174	1174.775	186.5169	68.0000	1270.3333	
175	1180.141	249.0182	484.0000	1768.6666	
176	1185.500	292.9863	58.6667	1486.3334	
177	1190.851	250.4543	363.6667	1704.6667	
178	1196.195	268.0891	190.0000	1621.3335	
179	1201.531	536.8900	404.3333	2147.0000	
180	1206.860	726.3580	-71.3333	1903.3335	
181	1212.182	701.5589	473.6667	2455.3333	
182	1217.496	508.2060	116.0000	1924.0000	
183	1222.802	467.0450	473.0000	2273.0000	
184	1228.101	451.5501	32.6667	1850.3335	
185	1233.393	293.4495	541.0000	2247.3335	
186	1238.677	323.8489	268.6667	1905.0000	
187	1243.953	467.2482	532.3334	2506.0000	
188	1249.222	673.4808	232.6667	2459.3333	
189	1254.484	534.2928	742.9999	2861.3335	
190	1259.737	225.4379	368.0000	2208.3333	
191	1264.984	218.2499	775.3333	2639.3335	
192	1270.222	365.3946	432.0000	2474.0000	
193	1275.453	290.8727	817.3333	2815.6667	
194	1280.677	249.0175	252.0000	2239.3333	
195	1285.893	415.4962	848.6666	3033.3333	
196	1291.101	406.9290	213.0000	2438.6667	
197	1296.302	125.2918	801.3333	2818.6667	
198	1301.495	23.3217	472.6667	2461.3335	
199	1306.680	221.6839	935.3334	3195.6665	
200	1311.858	459.7154	634.6666	3206.3335	
201	1317.028	309.4073	627.0000	3098.6665	
202	1322.190	254.4332	584.0000	3051.0000	
203	1327.345	581.8081	839.6667	3661.0000	
204	1332.492	970.6247	523.0000	3770.0000	
205	1337.631	1095.4526	992.0000	4370.3335	
206	1342.762	707.6135	358.0000	3355.0000	
207	1347.886	447.7748	911.6667	3655.3335	
208	1353.002	318.6028	385.6667	3006.6667	
209	1358.110	711.4302	1143.3334	4163.6665	
210	1363.211	1384.9253	577.6666	4278.0000	
211	1368.304	1469.4197	939.3334	4730.6670	
212	1373.389	1303.5806	566.6667	4198.6665	
213	1378.466	1224.3525	962.3333	4521.3335	
214	1383.535	1036.4568	598.3334	3975.6665	
215	1388.597	393.5623	1156.3333	3897.0000	
216	1393.651	0.0000	490.0000	2843.3333	
217	1398.696	3.4972	1009.3334	3356.0000	
218	1403.734	188.1812	650.0000	3136.0000	
219	1408.765	567.8652	1333.6666	4154.0000	
220	1413.787	1105.8838	621.0000	3934.0000	
221	1418.801	1588.2166	1046.3334	4823.0000	
222	1423.808	1892.8823	710.6667	4773.3335	
223	1428.807	2627.2153	1040.3333	5818.6670	
224	1433.797	3639.3315	742.6667	6489.0000	
225	1438.780	4123.3716	1039.6666	7226.0000	
226	1443.755	4659.4106	685.0000	7363.3330	
227	1448.722	5197.1167	1200.3333	8372.3330	
228	1453.681	5805.1558	516.0000	8252.0000	
229	1458.632	6333.2397	1195.6666	9342.0000	
230	1463.575	4913.6548	598.0000	7207.0000	
231	1468.510	2939.0708	1141.0000	5657.6665	
232	1473.438	1743.4878	568.3333	3771.6665	
233	1478.357	1027.5950	996.3334	3382.6665	
234	1483.268	568.7032	505.0000	2331.3333	
235	1488.171	389.1436	1034.0000	2579.6667	
236	1493.066	303.2505	445.0000	1803.6667	
237	1497.953	196.8314	1155.6667	2335.6667	
238	1502.832	182.9201	507.6666	1612.6665	
239	1507.703	148.8250	1042.3334	2052.0000	
240	1512.566	201.8963	469.0000	1483.0000	
241	1517.421	179.8017	1017.6667	1960.3334	
242	1522.267	235.6232	682.0000	1609.0000	
243	1527.106	298.4663	1318.3334	2276.3333	
244	1531.937	351.5383	721.3333	1675.3333	
245	1536.759	352.5904	1302.6666	2233.3333	
246	1541.573	315.8943	628.0000	1615.3333	
247	1546.379	258.2810	1270.6666	2252.0000	
248	1551.177	232.4177	710.3333	1726.3333	
249	1555.967	232.5408	1283.0000	2403.3335	
250	1560.749	199.6635	746.6666	1938.3333	
251	1565.522	214.7869	1179.0000	2490.0000	
252	1570.288	242.2422	908.0000	2350.6667	
253	1575.045	326.3548	1136.0000	2822.6665	
254	1579.793	341.1370	738.3333	2599.6667	
255	1584.534	456.5850	1224.3333	3361.0000	
256	1589.266	577.3648	568.3333	2985.6665	
257	1593.991	667.1451	1103.6667	3770.6670	
258	1598.707	658.5928	586.6667	3405.0000	
259	1603.414	589.0406	1022.6666	3956.3330	
260	1608.114	597.8432	790.3334	3872.3330	
261	1612.805	665.8935	1147.3334	4376.0000	
262	1617.488	730.2770	1080.6666	4452.3335	
263	1622.162	694.6601	1208.6667	4623.3335	
264	1626.828	760.7111	771.3333	4330.6665	
265	1631.486	1102.9946	1110.0000	5054.3335	
266	1636.136	1825.8103	593.3333	5275.3335	
267	1640.777	3018.7715	1402.3334	7293.6665	
268	1645.410	3801.3994	602.0000	7292.3330	
269	1650.034	2744.4529	1137.0000	6676.3335	
270	1654.650	1261.1733	783.3334	4745.3330	
271	1659.258	735.8954	1241.3334	4584.0000	
272	1663.857	861.6154	662.3333	4036.6667	
273	1668.448	1501.3350	1350.0000	5270.0000	
274	1673.031	2421.3896	605.3333	5351.3330	
275	1677.605	2850.4451	946.6667	6027.6665	
276	1682.170	2317.8318	814.9999	5269.3335	
277	1686.728	1317.7969	1125.3334	4461.6670	
278	1691.276	523.0972	716.0000	3139.6670	
279	1695.817	113.7289	1204.6666	3101.0000	
280	1700.348	173.4034	643.6667	2502.3335	
281	1704.872	620.9344	1189.3334	3326.0000	
282	1709.386	1191.4688	567.6667	3105.3335	
283	1713.893	1288.6653	1082.3334	3547.6665	
284	1718.391	857.1979	527.6666	2392.0000	
285	1722.880	337.5356	1289.3334	2520.6665	
286	1727.361	133.5394	554.3333	1468.3334	
287	1731.833	160.7574	1088.6666	1903.0000	
288	1736.296	155.6241	616.6667	1339.6666	
289	1740.751	206.4919	1056.0000	1743.6667	
290	1745.198	239.6929	535.6667	1170.3334	
291	1749.636	256.8106	1149.3334	1691.6667	
292	1754.065	312.7620	521.3334	1112.3334	
293	1758.486	324.4487	1188.0000	1682.3333	
294	1762.898	335.8011	350.6667	864.3334	
295	1767.301	326.4045	1048.6666	1477.3333	
296	1771.696	413.8410	407.3333	883.3334	
297	1776.082	430.4221	931.6666	1425.0000	
298	1780.460	381.0028	238.3333	683.0000	
299	1784.829	353.2502	1047.6666	1454.6666	
300	1789.189	343.2478	230.3333	652.6667	
301	1793.540	335.1098	990.3334	1387.0000	
302	1797.883	340.2346	551.3334	959.0000	
303	1802.217	322.1925	1156.0000	1533.9999	
304	1806.542	298.6508	677.6667	1027.0000	
305	1810.859	315.1088	759.6666	1120.3334	
306	1815.167	327.6503	449.3333	823.0000	
307	1819.466	335.7749	1061.3333	1421.3333	
308	1823.756	353.2069	377.6667	755.6667	
309	1828.038	351.1151	1108.6666	1481.3334	
310	1832.311	350.5231	375.0000	765.0000	
311	1836.575	344.2440	955.3333	1276.0000	
312	1840.830	358.9225	522.6667	888.3334	
313	1845.076	367.4758	605.3333	984.3333	
314	1849.314	350.3625	534.0000	900.6666	
315	1853.542	334.6659	874.3334	1219.3333	
316	1857.762	335.8028	301.0000	679.0000	
317	1861.973	341.9421	699.0000	1032.3334	
318	1866.176	346.4148	276.3333	666.6667	
319	1870.369	352.6375	727.6666	1083.6666	
320	1874.553	356.0268	-37.3333	345.0000	
321	1878.729	335.7495	677.3333	1022.0000	
322	1882.895	319.7577	62.0000	392.3333	
323	1887.053	326.5866	449.0000	830.0000	
324	1891.202	333.7068	54.6667	357.6667	
325	1895.342	334.7298	734.0000	1076.3334	
326	1899.473	335.4194	108.0000	449.6667	
327	1903.595	318.1090	696.3333	1019.6666	
328	1907.708	314.4657	41.0000	359.6667	
329	1911.812	336.3751	613.3333	909.3334	
330	1915.907	350.1909	78.0000	413.0000	
331	1919.993	386.8192	545.0000	914.0000	
332	1924.070	363.4471	62.0000	405.0000	
333	1928.138	334.4273	804.0000	1080.0000	
334	1932.197	338.7407	104.0000	415.3333	
335	1936.247	341.7209	638.6666	947.0000	
336	1940.288	299.0343	117.3333	378.6667	
337	1944.319	327.3479	450.0000	735.3334	
338	1948.342	365.9946	132.3333	452.0000	
339	1952.356	362.5580	555.6667	894.3333	
340	1956.361	360.1219	-1.0000	261.6667	
341	1960.356	364.2807	339.0000	665.6667	
342	1964.343	355.9396	140.6667	433.3333	
343	1968.320	341.0956	306.0000	593.6667	
344	1972.288	342.0610	-217.6667	68.0000	
345	1976.247	330.9621	271.6667	532.3333	
346	1980.197	325.6130	-228.3333	68.6667	
347	1984.138	310.0141	115.6667	365.3333	
348	1988.069	320.6644	-257.3333	1.6667	
349	1991.992	337.8689	386.0000	672.6667	
350	1995.905	353.4462	-336.0000	-77.0000	
351	1999.809	353.1964	325.3333	628.6667	
352	2003.704	341.6966	-351.0000	-83.0000	
353	2007.589	341.9467	325.6667	566.6666	
354	2011.466	363.5302	-374.0000	-83.6667	
355	2015.333	347.6137	290.0000	564.6667	
356	2019.191	341.6979	-429.6667	-160.6667	
357	2023.039	344.8660	280.0000	550.0000	
358	2026.879	351.7841	-392.0000	-101.3333	
359	2030.708	349.4522	227.0000	493.6666	
360	2034.529	342.2868	-410.3333	-138.6667	
361	2038.341	334.4509	281.0000	533.0000	
362	2042.143	330.3650	-382.6667	-129.3333	
363	2045.936	330.7790	232.0000	459.6667	
364	2049.719	318.5927	-417.3333	-169.6667	
365	2053.493	333.3116	215.6667	461.6666	
366	2057.258	341.1138	-296.3333	-106.3333	
367	2061.014	372.9786	210.6667	504.0000	
368	2064.760	349.8016	-362.3333	-56.0000	
369	2068.496	329.1664	208.0000	431.3333	
370	2072.224	330.7395	-299.0000	-47.6667	
371	2075.942	342.2742	352.6667	615.0000	
372	2079.650	327.9973	-296.6667	-70.0000	
373	2083.349	329.4307	215.3333	444.0000	
374	2087.039	354.2808	-281.0000	8.3333	
375	2090.719	356.3809	47.6667	286.6667	
376	2094.390	355.8142	-284.6667	-25.3333	
377	2098.051	337.3421	278.0000	517.3333	
378	2101.703	331.4534	-132.6667	88.6667	
379	2105.345	330.3980	239.6667	480.6666	
380	2108.978	331.1756	-406.0000	-169.6667	
381	2112.601	343.0670	-645.6667	-420.0000	
382	2116.215	352.9585	-156.3333	119.3333	
383	2119.819	357.5999	211.0000	461.0000	
384	2123.414	358.9080	-547.6666	-277.0000	
385	2126.999	326.1930	165.3333	404.3333	
386	2130.575	330.5637	-403.3333	-187.0000	
387	2134.141	348.1011	102.0000	358.6667	
388	2137.697	346.5555	-335.0000	-82.0000	
389	2141.244	329.3183	324.3333	542.6666	
390	2144.781	329.7479	-398.6667	-156.3333	
391	2148.309	332.4274	255.0000	478.0000	
392	2151.827	350.9004	-574.6667	-326.3333	
393	2155.336	350.6385	110.3333	333.0000	
394	2158.835	347.7931	-249.6667	4.0000	
395	2162.324	348.6978	392.6667	614.0000	
396	2165.803	348.8520	-261.6667	-25.3333	
397	2169.273	339.9230	186.6667	412.3333	
398	2172.733	330.2441	-373.6667	-162.3333	
399	2176.184	337.3151	192.3333	413.3333	
400	2179.625	339.7195	-140.0000	67.3333	
401	2183.056	340.7072	477.3333	732.6667	
402	2186.477	345.6324	-320.0000	-97.6667	
403	2189.889	345.2868	19.0000	245.3333	
404	2193.291	351.6708	-343.6667	-117.3333	
405	2196.683	364.5793	253.0000	506.6666	
406	2200.065	348.9492	-372.6667	-119.6667	
407	2203.438	312.9639	254.6667	473.6667	
408	2206.801	323.5615	-296.6667	-86.0000	
409	2210.154	347.6017	361.0000	619.0000	
410	2213.497	325.8919	-381.0000	-142.3333	
411	2216.831	319.5155	335.3333	561.0000	
412	2220.154	321.8059	-316.0000	-73.0000	
413	2223.468	333.8841	396.6667	628.0000	
414	2226.772	350.7979	-577.6666	-320.3333	
415	2230.066	387.0450	216.0000	510.6666	
416	2233.351	364.7923	-622.0000	-299.0000	
417	2236.625	311.5396	249.0000	470.3334	
418	2239.889	344.1200	-457.0000	-202.0000	
419	2243.144	343.3672	14.6667	270.0000	
420	2246.389	339.2599	-341.0000	-72.3333	
421	2249.624	336.1054	307.6667	556.0000	
422	2252.848	338.5968	-420.3333	-170.3333	
423	2256.063	368.4215	246.0000	525.0000	
424	2259.268	350.6631	-331.3333	-49.3333	
425	2262.463	350.9138	264.6667	470.0000	
426	2265.649	352.8311	-104.3333	171.0000	
427	2268.824	343.3698	361.6667	634.0000	
428	2271.989	340.4366	-302.3333	-58.0000	
429	2275.144	340.8336	221.3333	487.3334	
430	2278.289	328.5639	-299.6667	-55.6667	
431	2281.424	319.9610	380.3333	615.3333	
432	2284.549	312.0247	-344.0000	-117.3333	
433	2287.665	311.4218	237.0000	462.6666	
434	2290.770	329.3618	-332.6667	-103.6667	
435	2293.865	383.7375	229.3333	512.6666	
436	2296.949	363.1126	-554.3333	-291.6667	
437	2300.024	355.9684	320.3333	577.0000	
438	2303.089	350.0327	-402.0000	-150.0000	
439	2306.144	348.8885	40.6667	311.3333	
440	2309.188	339.8695	-514.3333	-282.6667	
441	2312.223	330.9364	400.3333	662.3334	
442	2315.247	330.6700	-228.6667	-17.0000	
443	2318.261	331.0704	193.0000	429.0000	
444	2321.265	340.4712	-484.6666	-237.6667	
445	2324.259	346.3571	421.3333	660.6667	
446	2327.243	347.8265	-460.0000	-199.6667	
447	2330.216	344.2333	200.0000	451.6667	
448	2333.180	331.9075	-381.6667	-129.3333	
449	2336.133	318.1484	32.3333	259.6667	
450	2339.076	314.2435	-319.0000	-98.0000	
451	2342.009	342.2553	447.6667	666.3334	
452	2344.931	387.4333	-569.6667	-280.3333	
453	2347.843	357.6812	373.3333	630.6667	
454	2350.745	350.2624	-379.0000	-131.3333	
455	2353.637	323.7359	221.6667	426.3333	
456	2356.519	353.6974	-427.6667	-195.3333	
457	2359.390	363.7660	264.6667	503.6667	
458	2362.251	358.8346	-255.6667	-25.0000	
459	2365.102	328.2365	247.3333	444.0000	
460	2367.942	329.1375	-143.6667	18.6667	
461	2370.772	331.4507	151.6667	374.0000	
462	2373.592	332.0137	-196.3333	-1.0000	
463	2376.401	333.2852	345.6667	526.6666	
464	2379.200	335.5982	-370.6667	-176.6667	
465	2381.989	336.5364	140.3333	330.3333	
466	2384.767	340.7245	-266.6667	-96.3333	
467	2387.535	346.8292	284.3333	480.0000	
468	2390.292	347.8098	-524.6667	-300.0000	
469	2393.039	333.3651	219.0000	384.6667	
470	2395.776	338.4063	-307.3333	-116.0000	
471	2398.502	347.9474	366.3333	549.6666	
472	2401.218	385.5718	-618.6667	-379.3333	
473	2403.923	345.4883	281.0000	479.3333	
474	2406.618	327.8213	-380.6667	-206.0000	
475	2409.303	328.7377	377.0000	555.0000	
476	2411.977	332.1992	-331.3333	-163.3333	
477	2414.640	324.4408	334.6667	494.0000	
478	2417.293	333.1826	-393.0000	-238.3333	
479	2419.936	353.5910	107.0000	293.6667	
480	2422.568	374.8327	-396.3333	-189.3333	
481	2425.189	349.4078	251.3333	432.0000	
482	2427.801	320.6495	-418.0000	-267.0000	
483	2430.401	371.0579	228.3333	367.3333	
484	2432.991	518.8009	1004.0000	1351.3333	
485	2435.570	342.5606	270.0000	434.6667	
486	2438.139	348.6535	-614.6667	-450.3333	
487	2440.697	324.0796	134.0000	267.3333	
488	2443.245	332.5059	-391.3333	-256.0000	
489	2445.782	352.2135	83.0000	242.3333	
490	2448.308	342.6279	-480.0000	-331.3333	
491	2450.824	347.3242	409.3333	562.6666	
492	2453.329	333.6863	-363.6667	-234.3333	
493	2455.823	316.9219	340.3333	453.0000	
494	2458.307	335.1575	-528.0000	-397.0000	
495	2460.780	341.7264	296.6667	434.3333	
496	2463.243	345.6287	-278.0000	-124.6667	
497	2465.694	345.5310	472.6667	609.6667	
498	2468.135	341.8708	-378.0000	-239.3333	
499	2470.566	341.7730	463.0000	613.3334	
500	2472.986	334.9888	-296.6667	-174.0000	
501	2475.395	331.3545	32.3333	183.3333	
502	2477.793	331.6370	-406.3333	-304.6667	
503	2480.180	339.0861	279.6667	414.3333	
504	2482.557	356.7852	-337.3333	-156.0000	
505	2484.923	349.9843	242.0000	387.3333	
506	2487.278	344.6834	-338.0000	-191.0000	
507	2489.622	340.0284	264.0000	370.3333	
508	2491.956	346.9567	-606.0000	-447.0000	
509	2494.279	339.5100	297.6667	406.3333	
510	2496.591	372.3966	-243.0000	-77.0000	
511	2498.892	306.0125	-6.3333	93.0000	
