resultName	muna13-8
resultName	muna13-8
ID	RS20191213114444_P19331194
Command	SCANANDSEARCH
User	Admin
Application	_Analyze
SerialNumber	P19331194
Power	280
Integration	900
Averages	3
AutoExposure	Off
AutoCollect	Off
QuickCollect	Off
AutoBackground	On
BaselineCorrection	On
Algorithm	Wavelet
Searched Library	All,None,None,None
MixtureComponents	2
matchThreshold	0.75
displayMatches	1
Threshold	0.80
WL Start	
WL End	
ServerVersion	3.180316
FirmwareVersion	
date	2019-12-13
time	11:44:44
scanindex	0
specpath	RS20191213114444_P19331194.xml
Search Range	200 - 2500
Synced	false
lastCalDateTime	2019-12-13 10:05:29
lastCalUser	Admin
lastCalResult	PASS
lastVerifyDateTime	2019-10-16 15:05:37
lastVerifyUser	Admin
lastVerifyResult	PASS
selectedMaterial	
result	No Match
ValidationGUID	
ValidationMatchQuality	
topMatch	
topMatchGUID	
topMatchQuality	
secondMatch	
secondMatchGUID	
secondMatchQuality	
thirdMatch	
thirdMatchGUID	
thirdMatchQuality	
fourthMatch	
fourthMatchGUID	
fourthMatchQuality	
fifthMatch	
fifthMatchGUID	
fifthMatchQuality	
signedBy	
signedDateTime	
softwareVer	1.7.0.21
memo	
batchID	
inBatch	false
batchUID	
batchCID1	
batchCIDlbl1	
batchCID2	
batchCIDlbl2	
batchCID3	
batchCIDlbl3	
batchCID4	
batchCIDlbl4	
batchCID5	
batchCIDlbl5	
signedTitle	
signedReason	
rescanned	
barcode	
topMatchContribs	
secondMatchContribs	
thirdMatchContribs	
fourthMatchContribs	
fifthMatchContribs	
ValidationMatchContribs	
Threat	
PrecursorList	
CompundName	
WindowStart4C	
MatchLibrary	
lastModified	2019/12/13 11:46
Signal2Noise	81.61
Detector TEC SetPoint	0x8000
Detector Temp	4.98
Laser Temp	25.39
OE1 Temp	35.75
OE2 Temp	39.31
Detector Gain	200
SaturationDetected	false
InterpolatedPixelList	
PeakList	 297.8	851	443.2	884	651.2	2097	673.3	765	736.9	712	757.1	680	805.7	714	956.5	813	1142.9	665	1212.8	957	1333.2	718	1378.4	1249	1453.8	4623	1642.1	3832	1672.7	3455	1711.6	666
index	Raman Shift (cm-1)	Y value (counts)	background (counts)	raw value (counts)
0	137.589	664.8472	8603.0000	11375.6670	
1	144.103	559.1201	9248.0000	11823.3330	
2	150.611	292.7270	9713.6670	11931.0000	
3	157.114	293.3348	9937.6660	12064.0000	
4	163.610	388.9406	9592.0000	11722.3330	
5	170.101	359.2156	10612.3330	12621.3340	
6	176.586	319.1555	10224.6660	12102.0000	
7	183.065	248.4283	10127.6670	11842.6670	
8	189.538	190.0343	9665.3340	11230.3330	
9	196.005	185.3091	10791.3330	12260.0000	
10	202.467	292.5829	10518.0000	12002.3340	
11	208.922	358.1879	11057.0000	12515.3320	
12	215.372	437.1297	10363.3330	11809.0000	
13	221.815	321.7063	11023.0000	12316.6660	
14	228.253	299.1710	11101.0000	12327.6660	
15	234.685	230.0629	11401.0000	12573.6680	
16	241.111	236.9510	9877.3340	11072.0000	
17	247.531	230.8421	10631.3330	11835.0000	
18	253.945	295.0652	9652.0000	10935.0000	
19	260.353	306.9551	10423.0000	11733.0000	
20	266.755	259.1782	8961.3340	10238.6670	
21	273.151	313.1452	10837.6670	12202.3330	
22	279.541	612.7791	10036.3340	11734.0000	
23	285.925	710.4131	9627.6670	11456.3330	
24	292.303	740.0479	9059.3330	10951.0000	
25	298.675	851.0668	8994.0000	11033.6670	
26	305.041	691.0857	8715.6660	10632.3330	
27	311.401	494.1045	9798.0000	11554.6670	
28	317.754	513.8901	8289.6670	10114.6670	
29	324.102	609.4498	8676.0000	10553.0000	
30	330.444	541.0093	8462.0000	10227.0000	
31	336.780	547.9012	8912.3340	10640.6660	
32	343.109	464.4628	8838.3330	10439.6670	
33	349.433	340.3546	8339.6670	9773.3330	
34	355.750	312.5824	7185.6660	8548.0000	
35	362.061	178.9391	9175.6660	10350.6660	
36	368.366	112.1035	7095.3330	8170.6670	
37	374.665	215.2827	7413.0000	8598.0000	
38	380.958	449.7958	7775.3330	9201.3330	
39	387.245	268.3094	7902.6665	9153.6670	
40	393.526	274.4886	6250.3335	7514.0000	
41	399.800	413.3591	7492.3330	8902.3330	
42	406.068	300.5626	6313.3335	7618.0000	
43	412.330	266.4331	4204.3330	5482.3330	
44	418.586	309.6365	4979.6665	6308.3330	
45	424.835	310.4367	4811.6670	6152.0000	
46	431.079	426.2375	3349.0000	4816.0000	
47	437.316	788.0380	2309.6667	4149.3335	
48	443.547	883.8383	2009.0000	3955.3335	
49	449.771	563.1160	3476.0000	5125.0000	
50	455.990	454.7972	2027.6667	3576.3335	
51	462.202	296.1448	1911.3334	3309.3333	
52	468.408	193.8263	1734.3333	3038.0000	
53	474.607	296.5085	2646.0000	4045.0000	
54	480.801	480.1907	1314.0000	2889.3333	
55	486.988	501.2065	834.0000	2423.0000	
56	493.168	407.2038	1446.0000	2920.6667	
57	499.343	329.4100	2117.3333	3473.6665	
58	505.511	442.6164	1779.3334	3208.3333	
59	511.672	537.1562	1078.6667	2561.6667	
60	517.828	387.0292	1284.3334	2576.6665	
61	523.977	300.5820	1797.0000	2949.6665	
62	530.119	344.2179	886.6666	2053.3333	
63	536.255	262.9376	1653.6665	2691.0000	
64	542.385	283.2399	737.3334	1751.3333	
65	548.509	282.8760	2185.0000	3155.0000	
66	554.626	280.5121	3604.3335	4528.3335	
67	560.736	256.7314	4155.6665	4919.0000	
68	566.840	308.8673	2464.6665	3362.6665	
69	572.938	356.4956	1834.0000	2675.0000	
70	579.030	363.3654	524.6667	1482.6666	
71	585.114	348.5612	626.3334	1521.3334	
72	591.193	198.7567	771.0000	1528.0000	
73	597.265	178.2074	2299.3333	3074.3335	
74	603.330	255.6580	2832.3333	3723.3335	
75	609.389	460.7748	2863.3333	3998.0000	
76	615.442	701.5587	3439.6665	4853.6665	
77	621.488	719.5206	3611.6665	5063.3335	
78	627.527	607.6561	2903.3333	4256.6670	
79	633.560	906.7912	2489.3335	4155.3335	
80	639.586	1186.2595	2462.3335	4421.3330	
81	645.606	1875.0623	3495.6665	6157.0000	
82	651.620	2096.8645	2500.6665	5397.3335	
83	657.626	1651.0000	1328.3334	3792.6670	
84	663.626	1042.4685	1101.0000	2970.3333	
85	669.620	688.7107	1300.0000	2791.6667	
86	675.607	764.9526	425.6667	1969.6667	
87	681.587	664.1948	1328.0000	2747.3333	
88	687.561	373.1031	2307.0000	3411.3330	
89	693.528	279.0483	2433.0000	3384.6665	
90	699.489	294.1599	1213.3333	2176.6667	
91	705.443	264.5264	1984.6665	2946.0000	
92	711.390	210.6004	1932.3334	2823.0000	
93	717.331	160.1255	1757.3333	2625.0000	
94	723.265	224.6506	2105.0000	3064.6667	
95	729.192	552.8421	1859.0000	3174.3333	
96	735.113	712.0343	1975.6666	3477.6670	
97	741.026	546.5593	2825.3333	4189.3335	
98	746.934	625.8591	2725.3335	4186.0000	
99	752.834	534.9317	4032.3335	5434.3335	
100	758.728	679.6704	2744.6667	4323.6665	
101	764.615	464.0882	3983.0000	5349.0000	
102	770.495	303.8390	3201.6667	4410.0000	
103	776.369	167.2568	3500.6665	4575.0000	
104	782.236	403.6743	3337.6667	4651.0000	
105	788.096	439.8522	4273.3335	5616.3330	
106	793.949	384.3643	4187.0000	5468.0000	
107	799.795	465.2095	5337.3335	6692.6670	
108	805.635	714.0546	4398.6665	5996.3335	
109	811.468	571.1303	4799.3330	6258.6665	
110	817.294	337.2060	3697.0000	4927.0000	
111	823.113	98.9488	4466.0000	5462.3335	
112	828.925	104.5199	4111.0000	5128.3335	
113	834.731	354.4833	4847.6670	6115.0000	
114	840.530	498.4469	4440.0000	5851.3330	
115	846.322	410.4108	5214.6670	6538.0000	
116	852.107	386.0410	4559.6670	5858.6665	
117	857.885	521.4032	5159.6670	6595.0000	
118	863.656	408.0992	4990.6665	6313.6670	
119	869.420	353.2179	4979.6670	6238.6670	
120	875.177	363.9523	3844.3333	5118.6665	
121	880.928	329.6891	4180.6665	5422.3335	
122	886.672	266.0924	4055.6665	5235.3335	
123	892.408	269.2451	5021.3335	6160.3330	
124	898.138	297.6480	4810.0000	6030.0000	
125	903.861	293.2208	3891.3335	5090.3330	
126	909.576	328.6272	3743.3330	4940.0000	
127	915.285	471.2835	4700.0000	6101.3335	
128	920.987	487.8559	3641.3335	5063.6665	
129	926.682	327.0124	4517.3335	5722.3330	
130	932.370	338.0019	3105.6667	4387.0000	
131	938.051	207.2415	3403.6665	4558.6665	
132	943.724	272.3979	3314.6665	4429.3335	
133	949.391	391.4122	3767.3335	5114.6665	
134	955.051	812.5361	2727.3333	4482.6670	
135	960.704	788.9922	3605.3335	5324.0000	
136	966.349	415.4490	3403.6665	4735.6665	
137	971.988	353.2630	3433.6665	4651.3335	
138	977.619	357.4103	2097.6667	3345.6670	
139	983.244	352.0574	2745.6667	3975.3335	
140	988.861	396.9525	2976.6667	4229.3330	
141	994.471	287.8911	3097.3335	4226.0000	
142	1000.074	248.3295	2642.6665	3788.3335	
143	1005.670	199.6841	3379.0000	4458.3330	
144	1011.259	238.7060	2800.3333	3926.6665	
145	1016.841	348.0609	3096.3335	4340.0000	
146	1022.416	371.4160	3112.0000	4387.0000	
147	1027.983	508.1041	3244.6670	4664.3335	
148	1033.543	513.1256	2777.0000	4209.6665	
149	1039.096	357.1621	3379.3335	4669.0000	
150	1044.642	387.1988	2923.3333	4256.0000	
151	1050.181	288.9015	3249.3335	4496.6665	
152	1055.713	207.6043	2220.0000	3399.0000	
153	1061.237	211.8294	3339.3335	4528.6665	
154	1066.754	326.6351	3101.0000	4422.6665	
155	1072.264	323.0875	3447.3335	4768.6665	
156	1077.766	402.8738	3313.0000	4717.3335	
157	1083.262	301.3222	3694.6670	4991.0000	
158	1088.750	408.1051	2479.6665	3876.3335	
159	1094.231	478.2200	3875.0000	5335.3330	
160	1099.704	472.6694	3941.3335	5389.6670	
161	1105.171	265.0483	4601.3335	5823.6665	
162	1110.630	330.6910	3905.3330	5176.0000	
163	1116.081	455.6663	4673.0000	6051.3335	
164	1121.526	460.6421	4022.3330	5388.3335	
165	1126.963	550.3088	4789.6670	6212.3340	
166	1132.392	482.9757	4553.3330	5875.6665	
167	1137.815	461.6422	5212.3335	6480.3335	
168	1143.230	664.9764	4102.3335	5540.6670	
169	1148.637	588.8391	5194.0000	6527.0000	
170	1154.037	344.7019	5198.0000	6257.6670	
171	1159.430	344.5645	5361.3335	6391.6670	
172	1164.816	314.4269	4895.3335	5866.3335	
173	1170.194	218.0687	6402.0005	7279.0000	
174	1175.565	191.7115	5719.0000	6572.0000	
175	1180.928	233.1293	6863.3330	7767.6670	
176	1186.284	357.5017	6261.3330	7379.3330	
177	1191.632	340.9579	6813.6660	7804.3330	
178	1196.973	447.1637	6542.0000	7710.0000	
179	1202.307	586.6199	7286.0000	8610.0000	
180	1207.633	813.4102	6524.0000	8091.3340	
181	1212.951	956.8350	7413.0000	9117.3330	
182	1218.262	725.4662	7048.0000	8505.6660	
183	1223.566	596.6497	7612.3335	8938.0000	
184	1228.862	585.5006	7323.6660	8635.0000	
185	1234.151	351.1411	8295.0000	9392.6670	
186	1239.432	175.1145	8019.0000	8961.3330	
187	1244.705	318.4230	8166.3330	9272.6670	
188	1249.971	459.7291	7923.6670	9192.0000	
189	1255.230	356.0321	9360.6670	10574.3330	
190	1260.481	250.0027	8713.0000	9869.6670	
191	1265.724	208.9717	9626.6670	10791.3330	
192	1270.960	301.2750	9501.0000	10807.0000	
193	1276.188	339.9105	10216.6670	11610.3330	
194	1281.409	346.2147	9493.3330	10942.3330	
195	1286.622	501.8501	10302.6670	11956.3330	
196	1291.827	502.6046	9884.0000	11600.6660	
197	1297.025	452.4640	10888.0000	12587.0000	
198	1302.215	472.9881	10406.6670	12158.6660	
199	1307.397	476.1801	11327.3340	13115.0000	
200	1312.572	414.3729	10881.6660	12640.0000	
201	1317.739	229.6768	11432.6670	13015.3340	
202	1322.899	295.6486	11100.0000	12757.6680	
203	1328.051	580.9907	11714.3330	13650.6680	
204	1333.195	718.3347	11175.0000	13249.0000	
205	1338.331	522.9580	12155.3330	14034.6680	
206	1343.460	319.9123	11268.3330	12945.3340	
207	1348.581	145.8667	12373.6670	13877.3340	
208	1353.694	183.4889	11475.6670	13017.6680	
209	1358.800	370.4434	12782.3330	14512.0000	
210	1363.898	752.7316	12110.3330	14223.0000	
211	1368.988	817.0190	13000.0000	15177.6660	
212	1374.070	993.3083	12333.6670	14688.3340	
213	1379.145	1249.4204	13210.6660	15829.3340	
214	1384.211	1228.1963	12453.0010	15058.3340	
215	1389.270	365.6381	13539.6680	15290.3320	
216	1394.322	30.4184	12525.0000	13948.3340	
217	1399.365	3.3582	13487.3330	14872.6660	
218	1404.401	171.8068	12736.3330	14258.0000	
219	1409.428	606.2543	13797.0000	15721.0000	
220	1414.448	1262.0378	12803.9990	15351.6680	
221	1419.460	1588.9546	13622.3320	16473.0000	
222	1424.464	1827.8701	12931.0000	15996.6660	
223	1429.461	2576.7878	13632.3340	17423.0000	
224	1434.449	3459.4729	12973.3340	17607.0000	
225	1439.430	3930.8914	13721.6660	18788.0000	
226	1444.403	4343.6416	12944.0000	18384.3340	
227	1449.367	4558.3896	13834.3340	19450.6660	
228	1454.324	4622.8071	12746.3330	18388.3320	
229	1459.273	4427.3364	13786.6660	19142.3320	
230	1464.214	3354.1995	12567.3330	16759.0000	
231	1469.147	2077.0603	13360.3340	16184.0000	
232	1474.073	1346.9229	12167.6670	14170.3330	
233	1478.990	687.4663	12951.0000	14212.6660	
234	1483.899	499.0107	11888.6670	12880.3340	
235	1488.800	336.8882	12997.0000	13745.0000	
236	1493.693	263.4302	12059.0010	12652.0000	
237	1498.579	215.7031	13208.3340	13696.0000	
238	1503.456	179.8239	12440.3330	12841.3340	
239	1508.325	250.1256	12720.6670	13118.3320	
240	1513.187	295.9280	9765.3330	10300.6670	
241	1518.040	284.2302	11788.0000	12156.0000	
242	1522.885	240.3660	12688.3330	12966.6660	
243	1527.722	278.6683	14094.0000	14351.3320	
244	1532.551	324.4706	13265.6670	13553.0000	
245	1537.372	326.8774	14314.0000	14574.3340	
246	1542.185	281.1709	13479.6660	13722.0000	
247	1546.990	279.1309	14469.0000	14737.0000	
248	1551.787	315.7588	13757.0000	14102.6680	
249	1556.575	242.4399	14962.6660	15292.0000	
250	1561.356	223.1187	14000.0000	14386.3320	
251	1566.128	252.4673	14844.0000	15333.0000	
252	1570.893	266.8135	14588.3320	15165.0000	
253	1575.649	221.8149	15134.3320	15796.6660	
254	1580.397	326.4839	14008.6660	14906.3340	
255	1585.137	371.4834	14922.6680	15996.0000	
256	1589.868	513.1528	13577.0000	14922.6660	
257	1594.592	522.1572	13930.3320	15415.6670	
258	1599.307	524.4916	13248.6660	14867.0000	
259	1604.014	477.5583	14927.0000	16649.0000	
260	1608.713	532.4047	14435.3340	16324.0000	
261	1613.404	728.5620	15266.0000	17409.0000	
262	1618.086	873.0544	15171.6660	17517.3340	
263	1622.760	890.2082	15467.3340	17888.3320	
264	1627.426	1205.3672	14405.0000	17199.3340	
265	1632.084	1815.9197	14712.3340	18148.0000	
266	1636.734	2953.9011	13504.0000	18086.0000	
267	1641.375	3831.5803	15256.0000	20722.6660	
268	1646.008	3592.2595	14142.6660	19377.0000	
269	1650.632	2643.1306	15331.6660	19540.3320	
270	1655.249	2147.3357	13645.6680	17282.0000	
271	1659.856	2019.2092	14856.3340	18288.0000	
272	1664.456	2524.0847	14516.6660	18376.6680	
273	1669.048	3235.6223	15306.0000	19801.0000	
274	1673.631	3455.1633	13863.6660	18501.6680	
275	1678.205	2712.7029	13749.6660	17568.6680	
276	1682.772	1480.2424	13522.6660	16032.6660	
277	1687.329	715.8273	13460.3340	15110.6680	
278	1691.879	252.0789	13590.6660	14682.0000	
279	1696.420	0.0000	15364.3320	16108.3340	
280	1700.953	185.2236	13297.0000	14146.6680	
281	1705.478	364.7720	13595.3340	14494.3320	
282	1709.994	665.6616	12258.6660	13328.3340	
283	1714.501	593.8784	14605.0000	15472.6660	
284	1719.000	495.4292	12820.6670	13459.6660	
285	1723.491	289.7437	13131.3340	13493.3340	
286	1727.973	325.3892	10441.0000	10767.3330	
287	1732.447	175.6815	12872.3340	12968.6660	
288	1736.912	195.9414	12732.3330	12778.6660	
289	1741.369	238.6180	12276.3330	12361.0000	
290	1745.818	275.7103	10460.0000	10528.3330	
291	1750.257	225.3869	12814.6670	12790.0000	
292	1754.689	320.3967	11763.6660	11791.3330	
293	1759.112	365.8506	11757.6670	11812.0000	
294	1763.526	382.4713	9159.0000	9268.3340	
295	1767.932	366.4254	11192.0000	11209.3330	
296	1772.329	314.2125	12194.0000	12140.3330	
297	1776.718	373.4597	10592.3330	10610.0000	
298	1781.098	417.7058	8689.3330	8763.3330	
299	1785.470	376.6189	9256.3330	9301.3330	
300	1789.833	348.3656	8381.6670	8422.0000	
301	1794.187	316.9145	9374.6670	9476.6660	
302	1798.533	296.1267	10595.0000	10523.0000	
303	1802.870	274.8389	11157.6670	11116.0000	
304	1807.199	275.1343	10832.0000	10788.0000	
305	1811.519	326.5960	9226.6670	9242.3330	
306	1815.830	329.5594	8063.0000	8081.3340	
307	1820.133	408.5218	8786.3330	8883.3340	
308	1824.427	340.5724	8160.6670	8180.0000	
309	1828.712	312.5535	9863.0000	9857.3330	
310	1832.989	350.2847	8986.6660	8972.3330	
311	1837.257	365.4323	7704.6670	7806.6665	
312	1841.516	352.9131	7572.0000	7630.3330	
313	1845.767	308.4583	8333.3340	8400.3330	
314	1850.009	236.9205	9456.0000	9403.6670	
315	1854.242	243.2983	9020.0000	8984.0000	
316	1858.467	289.3438	8012.0000	8032.0000	
317	1862.682	340.8904	7350.0000	7428.3330	
318	1866.889	358.6040	6492.6665	6569.3330	
319	1871.088	375.4426	5208.3335	5379.0000	
320	1875.277	360.5724	4743.0000	4893.3335	
321	1879.458	357.8275	5704.6665	5823.3330	
322	1883.630	381.3311	3659.3335	3871.0000	
323	1887.793	403.5669	3292.0000	3535.0000	
324	1891.947	363.8021	3540.6665	3753.0000	
325	1896.093	323.8171	4971.3330	5092.0000	
326	1900.230	329.4996	3589.3335	3799.0000	
327	1904.358	292.5146	5749.6670	5873.6665	
328	1908.477	261.9474	5380.0000	5431.0000	
329	1912.587	295.1538	5129.0000	5249.0000	
330	1916.688	326.2466	5035.6665	5091.6665	
331	1920.781	385.7562	4168.3335	4357.6665	
332	1924.864	363.7661	4699.6665	4864.3330	
333	1928.939	260.2672	5663.6665	5733.3330	
334	1933.005	303.1015	4699.6665	4820.6665	
335	1937.062	329.3525	3801.0000	4003.0000	
336	1941.110	320.3535	3968.3333	4116.0000	
337	1945.149	298.9379	4674.0000	4826.3330	
338	1949.179	290.4388	4640.6665	4759.6665	
339	1953.200	289.9400	3872.6665	4023.0000	
340	1957.212	340.6697	1704.0000	1952.6667	
341	1961.216	329.7437	2135.3335	2343.3333	
342	1965.210	340.5051	2288.3333	2495.6667	
343	1969.195	349.2974	1794.0000	2055.0000	
344	1973.172	373.3432	1033.0000	1337.6666	
345	1977.139	371.7289	821.3333	1103.3334	
346	1981.098	399.6980	-7.3333	344.6667	
347	1985.047	340.8336	529.0000	835.0000	
348	1988.987	290.6362	322.3333	591.0000	
349	1992.919	287.8681	548.3333	821.3334	
350	1996.841	314.3090	-235.3333	60.0000	
351	2000.754	329.7756	421.6667	732.3334	
352	2004.658	336.1589	-314.0000	25.3333	
353	2008.553	332.0423	333.6667	626.6666	
354	2012.439	330.6757	-313.3333	11.3333	
355	2016.316	336.7258	317.6667	611.3334	
356	2020.184	353.1089	-408.0000	-74.6667	
357	2024.043	346.5517	300.6667	652.3333	
358	2027.892	328.9110	-345.0000	-37.6667	
359	2031.733	272.1454	285.0000	534.6667	
360	2035.564	298.7133	-348.0000	-72.6667	
361	2039.386	322.9093	285.3333	579.3333	
362	2043.199	329.6470	-387.6667	-80.0000	
363	2047.003	335.1763	241.6667	506.6667	
364	2050.798	332.3848	-434.3333	-110.0000	
365	2054.583	331.2743	242.3333	514.0000	
366	2058.360	325.4970	-328.0000	-1.3333	
367	2062.127	322.6364	256.6667	528.6666	
368	2065.885	336.6926	-331.3333	-18.6667	
369	2069.634	379.4987	203.0000	561.3333	
370	2073.373	350.6381	-300.3333	32.0000	
371	2077.103	323.3529	341.6667	639.3334	
372	2080.824	295.5099	-304.6667	-33.6667	
373	2084.536	305.6201	251.6667	530.0000	
374	2088.238	323.3969	-243.6667	49.6667	
375	2091.932	372.5072	31.6667	371.3333	
376	2095.615	335.2841	-262.6667	37.0000	
377	2099.290	311.0884	310.6667	580.3333	
378	2102.955	307.4760	-165.3333	113.0000	
379	2106.611	313.5720	267.6667	512.0000	
380	2110.258	320.8349	-395.0000	-119.6667	
381	2113.895	338.2332	-682.6667	-346.3333	
382	2117.523	339.8814	-125.0000	139.3333	
383	2121.142	338.7797	233.6667	522.0000	
384	2124.751	331.5113	-532.6667	-223.0000	
385	2128.351	279.9017	182.6667	418.6667	
386	2131.942	327.8987	-383.0000	-99.3333	
387	2135.523	346.8957	129.0000	431.3333	
388	2139.095	346.5591	-337.6667	-36.0000	
389	2142.657	332.3528	321.3333	608.6667	
390	2146.210	309.4797	-364.3333	-100.0000	
391	2149.754	317.6066	252.3333	524.6666	
392	2153.288	345.4495	-570.6667	-278.3333	
393	2156.812	349.2626	105.6667	387.0000	
394	2160.327	348.2424	-238.3333	76.0000	
395	2163.833	345.8889	368.3333	659.0000	
396	2167.330	345.1187	-252.6667	38.6667	
397	2170.816	325.0191	175.0000	450.0000	
398	2174.293	296.7527	-350.0000	-101.0000	
399	2177.761	298.8198	199.6667	453.0000	
400	2181.220	326.3867	-157.3333	142.3333	
401	2184.668	324.1204	488.0000	772.6666	
402	2188.108	333.6875	-270.6667	1.0000	
403	2191.537	360.4211	-17.0000	307.0000	
404	2194.958	345.5714	-333.6667	-9.0000	
405	2198.368	333.8803	288.0000	583.0000	
406	2201.769	323.9231	-383.6667	-81.6667	
407	2205.161	315.1831	237.3333	541.6667	
408	2208.543	301.1512	-321.3333	-46.6667	
409	2211.915	306.6953	369.3333	647.3333	
410	2215.278	345.2393	-387.0000	-72.6667	
411	2218.631	348.4501	309.3333	624.6667	
412	2221.974	344.3278	-315.0000	-6.0000	
413	2225.308	332.3373	367.3333	636.6667	
414	2228.632	332.6992	-553.3333	-243.0000	
415	2231.947	301.8944	229.3333	484.0000	
416	2235.252	308.8396	-515.6667	-270.6667	
417	2238.547	323.6181	255.0000	534.0000	
418	2241.833	329.7299	-457.0000	-190.6667	
419	2245.109	330.0918	11.6667	324.0000	
420	2248.375	317.0366	-333.0000	-65.0000	
421	2251.631	329.1895	333.3333	572.0000	
422	2254.878	339.9257	-425.0000	-105.6667	
423	2258.115	353.4119	241.3333	534.0000	
424	2261.343	353.8983	-318.6667	-9.6667	
425	2264.560	341.6485	259.0000	549.6667	
426	2267.768	336.3153	-78.3333	207.0000	
427	2270.966	314.4924	394.6667	668.3334	
428	2274.154	316.2961	-263.6667	-4.3333	
429	2277.333	318.5839	213.0000	492.0000	
430	2280.502	318.9758	-290.6667	-28.6667	
431	2283.661	324.1178	352.6667	665.3333	
432	2286.810	329.2805	-359.3333	-101.0000	
433	2289.949	329.6724	233.0000	525.0000	
434	2293.079	343.1425	-339.3333	-51.3333	
435	2296.198	342.4496	235.0000	540.6666	
436	2299.308	323.3397	-542.3333	-271.6667	
437	2302.408	314.3619	336.0000	569.6667	
438	2305.498	318.3841	-398.6667	-104.3333	
439	2308.579	321.4896	43.0000	294.0000	
440	2311.649	322.8450	-538.0000	-248.3333	
441	2314.709	328.8405	429.6667	678.6666	
442	2317.760	326.7527	-209.3333	93.3333	
443	2320.801	327.2482	183.3333	456.3333	
444	2323.832	331.0765	-471.3333	-192.0000	
445	2326.853	333.1215	393.0000	683.0000	
446	2329.864	335.4998	-403.6667	-144.3333	
447	2332.865	337.2114	281.3333	571.3333	
448	2335.855	326.7198	-368.6667	-86.6667	
449	2338.837	321.6488	39.3333	299.3333	
450	2341.808	323.0569	-295.6667	-5.6667	
451	2344.769	325.4649	484.0000	735.6666	
452	2347.720	335.9568	-529.3333	-251.3333	
453	2350.661	335.6383	354.3333	656.0000	
454	2353.592	316.6947	-350.3333	-94.0000	
455	2356.513	326.3854	241.3333	489.6667	
456	2359.424	327.8803	-402.3333	-143.6667	
457	2362.325	330.8921	341.3333	606.6667	
458	2365.216	326.3414	-223.3333	24.6667	
459	2368.097	331.4573	238.0000	467.3333	
460	2370.968	334.9071	-151.3333	139.0000	
461	2373.829	337.5646	217.0000	451.6667	
462	2376.680	327.8886	-201.3333	50.3333	
463	2379.520	322.9627	380.3333	606.3334	
464	2382.351	322.6203	-266.6667	-29.0000	
465	2385.171	326.1110	175.0000	376.0000	
466	2387.982	340.6851	-269.6667	-33.3333	
467	2390.782	335.7593	297.3333	542.0000	
468	2393.572	321.6661	-458.0000	-247.6667	
469	2396.352	324.2121	296.0000	516.3334	
470	2399.121	326.9669	-192.6667	38.3333	
471	2401.881	318.6382	473.0000	689.0000	
472	2404.630	318.3927	-567.3333	-346.0000	
473	2407.369	320.9593	286.6667	470.0000	
474	2410.098	334.4425	-383.3333	-157.0000	
475	2412.817	332.1757	420.3333	643.6667	
476	2415.526	341.1489	-312.3333	-91.0000	
477	2418.224	327.5027	392.3333	558.0000	
478	2420.912	324.9400	-365.0000	-145.6667	
479	2423.590	326.7521	170.6667	370.0000	
480	2426.258	330.8976	-321.6667	-138.0000	
481	2428.915	355.8765	254.0000	481.0000	
482	2431.562	336.0219	-408.3333	-203.0000	
483	2434.199	329.5008	258.3333	455.3333	
484	2436.826	315.6465	1081.0000	1221.3334	
485	2439.442	321.3582	311.3333	506.3333	
486	2442.048	328.1532	-600.3333	-407.3333	
487	2444.644	335.3026	158.0000	325.3333	
488	2447.229	341.0143	-370.6667	-182.6667	
489	2449.804	348.9808	77.3333	280.6667	
490	2452.368	334.6364	-447.6667	-276.3333	
491	2454.923	326.7103	410.6667	596.3333	
492	2457.467	323.0342	-307.6667	-156.6667	
493	2460.000	315.8113	334.6667	493.0000	
494	2462.523	316.1718	-510.0000	-366.6667	
495	2465.036	319.8655	305.0000	460.3333	
496	2467.539	324.2260	-259.6667	-100.3333	
497	2470.031	340.9197	465.6667	641.3333	
498	2472.512	331.7802	-365.3333	-179.6667	
499	2474.983	321.7239	505.6666	652.3334	
500	2477.444	315.0010	-254.0000	-97.3333	
501	2479.894	314.5665	91.6667	225.6667	
502	2482.334	322.7987	-383.6667	-226.3333	
503	2484.763	328.3642	293.3333	456.6666	
504	2487.182	335.2631	-320.0000	-149.3333	
505	2489.590	351.4952	216.3333	403.6667	
506	2491.988	349.7274	-335.0000	-149.0000	
507	2494.375	301.4596	277.3333	403.3333	
508	2496.752	312.6084	-561.3333	-415.3333	
509	2499.119	313.3406	332.3333	427.0000	
510	2501.475	394.3228	-232.6667	-0.3333	
511	2503.820	292.2216	8.6667	139.3333	
