resultName	muna11-15
resultName	muna11-15
ID	RS20191212100216_P19331194
Command	SCANANDSEARCH
User	Admin
Application	_Analyze
SerialNumber	P19331194
Power	280
Integration	900
Averages	3
AutoExposure	Off
AutoCollect	Off
QuickCollect	Off
AutoBackground	On
BaselineCorrection	On
Algorithm	Wavelet
Searched Library	All,None,None,None
MixtureComponents	2
matchThreshold	0.75
displayMatches	1
Threshold	0.80
WL Start	
WL End	
ServerVersion	3.180316
FirmwareVersion	
date	2019-12-12
time	10:02:16
scanindex	0
specpath	RS20191212100216_P19331194.xml
Search Range	200 - 2500
Synced	false
lastCalDateTime	2019-12-12 08:43:43
lastCalUser	Admin
lastCalResult	PASS
lastVerifyDateTime	2019-10-16 15:05:37
lastVerifyUser	Admin
lastVerifyResult	PASS
selectedMaterial	
result	No Match
ValidationGUID	
ValidationMatchQuality	
topMatch	
topMatchGUID	
topMatchQuality	
secondMatch	
secondMatchGUID	
secondMatchQuality	
thirdMatch	
thirdMatchGUID	
thirdMatchQuality	
fourthMatch	
fourthMatchGUID	
fourthMatchQuality	
fifthMatch	
fifthMatchGUID	
fifthMatchQuality	
signedBy	
signedDateTime	
softwareVer	1.7.0.21
memo	
batchID	
inBatch	false
batchUID	
batchCID1	
batchCIDlbl1	
batchCID2	
batchCIDlbl2	
batchCID3	
batchCIDlbl3	
batchCID4	
batchCIDlbl4	
batchCID5	
batchCIDlbl5	
signedTitle	
signedReason	
rescanned	
barcode	
topMatchContribs	
secondMatchContribs	
thirdMatchContribs	
fourthMatchContribs	
fifthMatchContribs	
ValidationMatchContribs	
Threat	
PrecursorList	
CompundName	
WindowStart4C	
MatchLibrary	
lastModified	2019/12/12 10:04
Signal2Noise	57.30
Detector TEC SetPoint	0x8000
Detector Temp	4.99
Laser Temp	25.38
OE1 Temp	31.78
OE2 Temp	35.44
Detector Gain	200
SaturationDetected	false
InterpolatedPixelList	
PeakList	 287.0	1278	296.9	1085	330.4	937	339.4	918	398.5	944	443.1	937	480.2	970	577.2	700	645.6	2950	673.7	1417	756.1	1109	804.2	905	839.8	989	959.4	933	1127.1	1124	1141.6	1110	1207.7	941	1333.5	1168	1369.2	1644	1376.4	1455	1457.5	5985	1618.4	1164	1644.3	3940	1677.4	2993	1711.2	1232
index	Raman Shift (cm-1)	Y value (counts)	background (counts)	raw value (counts)
0	137.923	699.8591	34843.0000	37603.0000	
1	144.410	470.6127	37622.3359	40057.3320	
2	150.891	324.7061	39608.0000	41801.3320	
3	157.367	467.7997	41158.3320	43399.0000	
4	163.837	565.8893	41023.3320	43266.3320	
5	170.302	555.3148	43689.0000	45825.6680	
6	176.762	562.7364	43418.0000	45466.3320	
7	183.215	537.4940	43516.6680	45444.0000	
8	189.664	414.9195	42109.3320	43818.3320	
9	196.106	413.3411	44511.6680	46123.3320	
10	202.544	408.1025	44457.0000	45967.6680	
11	208.975	552.1960	46106.3320	47665.3359	
12	215.401	594.2818	44792.3320	46297.6641	
13	221.822	460.6023	46251.6680	47577.0000	
14	228.236	316.2853	46737.0000	47861.0000	
15	234.646	307.0318	48068.0000	49168.6641	
16	241.049	312.0303	43773.6680	44950.6680	
17	247.447	287.6119	45521.6680	46676.6641	
18	253.839	336.2793	42757.3320	43999.0000	
19	260.226	412.5287	44235.0000	45577.3359	
20	266.607	492.4383	41023.6680	42470.3320	
21	272.982	582.2380	44600.0000	46191.6680	
22	279.352	983.0299	43785.3359	45833.0000	
23	285.716	1277.8296	42528.6680	44926.3359	
24	292.074	949.9573	40945.0000	43070.0000	
25	298.426	1085.3241	40626.3320	42940.3359	
26	304.773	939.0151	39804.3320	42025.6641	
27	311.114	674.0463	41887.3320	43897.3320	
28	317.449	798.1586	38725.3320	40928.3320	
29	323.779	909.5796	39162.3359	41426.0000	
30	330.102	937.0044	38906.0000	41146.3320	
31	336.420	912.7653	40099.3320	42264.6680	
32	342.732	917.8542	39263.0000	41382.6680	
33	349.039	441.6073	38514.3359	40107.0000	
34	355.339	268.3682	34105.0000	35473.6680	
35	361.634	0.0000	39898.6641	40932.6641	
36	367.923	251.7697	35190.3359	36215.0000	
37	374.205	533.5342	34594.6680	36126.3320	
38	380.483	902.7233	35457.6641	37368.6680	
39	386.754	588.2367	36790.6641	38397.3320	
40	393.019	670.4181	31290.3359	32989.3359	
41	399.278	944.0903	33264.6680	35244.6680	
42	405.532	559.7665	30730.3320	32333.3359	
43	411.779	450.0990	23180.0000	24680.6641	
44	418.021	398.4412	23467.3340	24923.6680	
45	424.257	423.5576	24296.3340	25672.6680	
46	430.487	533.1752	18618.0000	20207.6660	
47	436.710	753.5432	13656.6670	15466.0000	
48	442.928	936.9121	10685.3330	12677.3340	
49	449.140	662.0958	16352.3340	18087.3340	
50	455.346	628.4964	12806.6660	14491.3320	
51	461.546	382.2309	10626.6670	12048.3330	
52	467.739	524.3830	9664.3330	11033.3330	
53	473.927	715.7145	13279.6660	14992.6680	
54	480.109	970.4585	9086.0000	11028.3330	
55	486.285	826.8716	5522.0000	7295.3330	
56	492.454	487.6991	8410.3340	9803.0000	
57	498.618	251.0869	10258.3340	11377.6670	
58	504.775	246.4758	11333.6670	12411.6680	
59	510.926	457.1956	6632.3330	7884.3330	
60	517.072	514.2498	7387.3330	8649.3340	
61	523.211	545.0494	9925.0000	11167.0000	
62	529.344	586.9321	6744.3340	8077.6670	
63	535.471	575.2317	8059.0000	9266.6670	
64	541.591	461.4479	5692.6665	6744.6670	
65	547.706	393.6632	8930.6670	9873.0000	
66	553.814	351.8810	16911.3320	17770.0000	
67	559.917	313.4278	19826.6680	20605.0000	
68	566.013	457.6465	14548.0000	15428.6680	
69	572.102	528.9822	9819.6660	10778.3330	
70	578.186	699.9846	4507.3335	5654.6670	
71	584.263	511.7417	2663.6667	3658.0000	
72	590.334	271.4993	4723.0000	5512.3335	
73	596.399	241.2633	9622.3340	10449.3330	
74	602.458	481.0308	14536.6660	15671.3340	
75	608.510	948.7954	14478.0000	16148.3340	
76	614.556	1295.5599	15402.6660	17487.6660	
77	620.596	1329.1609	17911.3320	20062.3320	
78	626.630	1071.6185	14691.6660	16615.0000	
79	632.657	1501.0751	11758.3330	14141.0000	
80	638.677	1941.1997	11816.0000	14668.6680	
81	644.692	2949.9917	14868.3320	18759.6680	
82	650.700	2793.7791	13688.0000	17453.0000	
83	656.702	1908.2356	7531.0000	10440.3330	
84	662.697	1262.6936	5945.6665	8239.3340	
85	668.686	1079.5493	6068.0000	8160.3330	
86	674.669	1417.0735	3760.6665	6172.3335	
87	680.645	1341.2632	4687.6665	7005.3330	
88	686.615	680.1211	10131.0000	11769.3340	
89	692.578	490.6904	9822.6670	11071.6660	
90	698.535	523.5936	6271.0000	7663.0000	
91	704.486	509.4930	8390.3330	9775.0000	
92	710.430	276.9343	8721.3330	9832.0000	
93	716.368	249.6280	7975.3330	9054.6660	
94	722.299	329.9898	8616.0000	9771.6670	
95	728.223	740.3516	8295.3330	9857.3340	
96	734.141	940.0444	8221.3340	9979.0000	
97	740.053	953.4061	11038.0000	12805.0000	
98	745.958	1025.1536	11047.3330	12868.3340	
99	751.857	1039.4371	14208.0000	16047.6660	
100	757.749	1109.3882	11924.3340	13838.3320	
101	763.634	744.6287	14634.3330	16163.0000	
102	769.513	552.8654	13073.3340	14389.6660	
103	775.385	370.4370	13118.3340	14231.6660	
104	781.251	261.6744	12569.3340	13553.3320	
105	787.110	366.8616	14731.3340	15803.6660	
106	792.963	553.0489	14451.3340	15693.0000	
107	798.809	691.9022	17397.3340	18761.0000	
108	804.648	904.7577	15237.6660	16797.3340	
109	810.481	750.4713	15599.3330	17028.3320	
110	816.307	391.8551	12910.0000	14004.0000	
111	822.126	295.5697	13944.3340	14965.6660	
112	827.938	335.0757	13591.3320	14689.6660	
113	833.744	798.2340	14857.0000	16449.6660	
114	839.544	989.0613	14013.6670	15828.3340	
115	845.336	547.8888	15144.0000	16548.6680	
116	851.122	519.0465	13909.3340	15233.6660	
117	856.901	574.3304	14785.6680	16264.3340	
118	862.673	499.6139	14436.3340	15856.6660	
119	868.439	568.0128	14174.3320	15663.6660	
120	874.198	452.2675	11892.0000	13269.0000	
121	879.950	409.8950	10904.3330	12232.6670	
122	885.695	445.3546	11322.0000	12646.6660	
123	891.434	494.1481	12428.0000	13828.0000	
124	897.165	549.1074	12539.3340	13988.0000	
125	902.890	607.1915	10346.0000	11828.3330	
126	908.608	438.1089	9383.0000	10592.6670	
127	914.319	462.5261	11215.6670	12450.0000	
128	920.024	427.1099	9368.3340	10649.3340	
129	925.721	417.4437	10444.3330	11634.0000	
130	931.412	406.6941	8024.3330	9235.3330	
131	937.095	369.3612	7396.0000	8494.0000	
132	942.772	436.1116	7381.0000	8521.3330	
133	948.442	565.7322	8017.3335	9289.0000	
134	954.105	835.4084	6204.6660	7738.6670	
135	959.761	933.0822	7080.6670	8705.0000	
136	965.410	608.7582	6896.0000	8188.6670	
137	971.053	560.5426	6706.3330	7875.0000	
138	976.688	552.8269	4747.6665	6031.0000	
139	982.316	522.3613	5056.0000	6320.0000	
140	987.937	447.5724	5372.3335	6521.6670	
141	993.552	404.9488	5587.6665	6718.0000	
142	999.159	382.3257	4836.3330	5967.6670	
143	1004.759	455.3680	5563.3330	6791.3330	
144	1010.352	456.4114	4979.0000	6231.6670	
145	1015.939	465.5374	5265.6670	6585.3330	
146	1021.518	441.9136	5250.6665	6509.6670	
147	1027.090	443.2065	5526.0000	6836.3330	
148	1032.655	437.5827	4894.0000	6222.3330	
149	1038.213	402.8550	5819.3335	7157.3340	
150	1043.764	524.7929	5468.3335	6972.6670	
151	1049.307	481.7308	6057.3335	7563.0000	
152	1054.844	397.3358	4660.0000	6125.6665	
153	1060.373	509.5626	6215.0000	7823.6670	
154	1065.896	508.9268	6257.6670	7915.0000	
155	1071.411	486.5062	6890.0000	8549.3330	
156	1076.919	611.7526	6915.6670	8724.6670	
157	1082.420	633.8368	7721.3330	9533.6670	
158	1087.914	552.2529	5719.3335	7431.3330	
159	1093.400	806.0035	7915.0000	9862.0000	
160	1098.880	653.4211	8365.3330	10141.0000	
161	1104.352	297.8305	9775.3330	11157.0000	
162	1109.817	470.8848	8819.6670	10331.6670	
163	1115.274	644.2725	9880.0000	11522.6660	
164	1120.725	829.6611	9075.0000	10860.3330	
165	1126.168	1123.9026	10236.3330	12264.6660	
166	1131.604	997.4775	10243.3330	12094.0000	
167	1137.032	971.7192	11384.6670	13158.3340	
168	1142.453	1109.9597	9946.0000	11806.6670	
169	1147.868	917.9676	11521.6670	13150.3340	
170	1153.274	666.6430	12130.0000	13467.3340	
171	1158.674	528.9832	12468.0000	13627.6660	
172	1164.066	398.9916	11914.0000	12903.6660	
173	1169.450	300.2416	14414.6660	15313.0000	
174	1174.828	327.8238	13904.3340	14837.6680	
175	1180.198	393.3887	15664.0000	16680.3320	
176	1185.560	454.1223	15258.0000	16431.6660	
177	1190.916	416.5215	16365.6660	17401.6660	
178	1196.263	496.9208	16069.3340	17302.0000	
179	1201.604	690.9883	17685.0000	19149.3340	
180	1206.937	941.3877	17134.6660	18887.0000	
181	1212.262	796.7382	18490.3320	20117.0000	
182	1217.581	709.7295	18382.3340	19928.3320	
183	1222.891	717.3987	19766.3340	21337.3340	
184	1228.194	625.7329	19855.0000	21351.6660	
185	1233.490	442.7837	21948.6660	23300.3340	
186	1238.778	420.1642	21926.0000	23293.0000	
187	1244.059	789.2126	22541.0000	24315.0000	
188	1249.333	769.9290	22262.3320	24055.0000	
189	1254.598	690.8480	25621.3320	27368.3359	
190	1259.856	331.7613	25062.0000	26483.3340	
191	1265.107	416.6750	27056.0000	28595.6641	
192	1270.350	458.5942	27613.0000	29228.0000	
193	1275.586	508.1774	29522.0000	31220.0000	
194	1280.814	431.4271	28968.0000	30622.6660	
195	1286.034	661.6802	30660.0000	32578.3359	
196	1291.247	533.6608	30611.3359	32452.3359	
197	1296.452	402.5107	33020.3320	34792.0000	
198	1301.650	275.0244	32525.0000	34231.0000	
199	1306.840	427.5380	34910.3320	36830.6641	
200	1312.022	676.3868	34227.3320	36458.3320	
201	1317.197	398.5630	36284.0000	38271.6680	
202	1322.364	502.0750	35771.6641	37897.3359	
203	1327.523	820.1934	37603.0000	40059.3320	
204	1332.674	1167.5320	36779.0000	39601.6680	
205	1337.818	1134.6573	39164.3359	41959.0000	
206	1342.955	682.4585	38035.6641	40383.0000	
207	1348.083	479.2519	40364.6680	42513.6680	
208	1353.204	445.0452	39152.3359	41272.0000	
209	1358.317	923.8424	41778.0000	44381.3320	
210	1363.422	1541.9718	41159.6680	44386.0000	
211	1368.520	1644.1011	43350.6680	46684.0000	
212	1373.610	1400.8976	42349.6641	45444.6641	
213	1378.692	1455.1530	44549.6680	47711.3320	
214	1383.766	1123.4120	43168.3359	46010.6680	
215	1388.832	434.6751	45540.6641	47706.6680	
216	1393.891	88.9263	44047.6680	45880.3320	
217	1398.942	88.9977	46315.3359	48136.0000	
218	1403.984	424.1984	44623.3320	46738.0000	
219	1409.020	787.7225	46943.3320	49380.3281	
220	1414.047	1364.5859	44997.6680	47970.3320	
221	1419.066	1866.1377	47443.0000	50890.6680	
222	1424.078	2133.3533	45978.0000	49666.3359	
223	1429.081	3049.2292	47819.6641	52397.3281	
224	1434.077	3897.3682	46284.3320	51660.0000	
225	1439.065	4317.9355	48519.3359	54265.3359	
226	1444.045	4863.8398	46783.6680	53025.3359	
227	1449.016	5312.4043	49042.6680	55682.6641	
228	1453.980	5835.3149	46726.3320	53839.0000	
229	1458.936	5984.5586	49371.0000	56511.0000	
230	1463.885	4209.8013	46624.3320	51867.6641	
231	1468.825	2637.0491	48177.6680	51726.3359	
232	1473.757	1642.9612	45736.0000	48168.6680	
233	1478.681	993.9285	47414.3320	49101.0000	
234	1483.597	663.2287	45146.6641	46405.6641	
235	1488.505	514.5280	47485.0000	48498.3320	
236	1493.405	465.1667	45912.3320	46779.3359	
237	1498.297	332.4055	48242.3359	48911.0000	
238	1503.181	344.2370	47179.6641	47805.6680	
239	1508.057	348.7513	47852.6680	48423.6641	
240	1512.924	366.6872	38093.0000	38752.3320	
241	1517.784	387.4582	42855.3359	43329.6641	
242	1522.635	388.4788	47707.3320	48213.6680	
243	1527.479	420.1656	51726.0000	52188.6680	
244	1532.314	477.3554	50197.6641	50669.6680	
245	1537.142	495.6520	52564.6641	53058.3359	
246	1541.961	438.7018	51091.3281	51586.0000	
247	1546.772	455.6638	53332.6719	53900.0000	
248	1551.574	397.7126	52158.0000	52716.0000	
249	1556.369	382.1974	55168.0000	55826.3359	
250	1561.155	360.5925	52967.0000	53708.0000	
251	1565.933	312.6603	55065.6641	55863.0000	
252	1570.703	420.0539	54737.3359	55746.3320	
253	1575.465	422.9841	56322.6641	57490.3359	
254	1580.219	563.2385	53709.3281	55173.0000	
255	1584.964	701.4856	55779.3359	57537.0000	
256	1589.701	862.0759	52620.0000	54694.0000	
257	1594.430	956.9983	51959.0000	54283.6680	
258	1599.150	852.9211	50100.3281	52476.6641	
259	1603.863	894.5229	55759.3359	58361.3359	
260	1608.567	875.5811	54676.6641	57393.0000	
261	1613.262	1054.8899	56816.0000	59788.3281	
262	1617.949	1163.8708	56555.3359	59713.3281	
263	1622.629	1131.8687	57695.6641	60898.3359	
264	1627.299	1123.5132	55149.3359	58420.3359	
265	1631.961	1679.2327	55782.6641	59649.6719	
266	1636.615	2566.9951	52551.3320	57314.3320	
267	1641.261	3825.9102	56579.3320	62606.0000	
268	1645.898	3939.8208	54375.0000	60520.3359	
269	1650.527	2271.0696	57604.0000	61985.6641	
270	1655.147	952.9883	53025.0000	55993.6641	
271	1659.759	598.9084	56125.3359	58645.0000	
272	1664.363	854.5010	55909.0000	58589.3359	
273	1668.958	1706.7576	57540.3281	60978.0000	
274	1673.544	2736.3420	54741.0000	59113.3359	
275	1678.123	2992.9248	53836.0000	58370.0000	
276	1682.692	2081.8411	53349.6719	56877.6641	
277	1687.254	1198.5195	52227.3359	54751.3359	
278	1691.806	472.1882	52798.6641	54475.6641	
279	1696.350	138.5226	58508.3359	59731.0000	
280	1700.886	294.1550	53180.0000	54459.6719	
281	1705.413	872.3015	53165.0000	54856.0000	
282	1709.932	1231.7820	49064.0000	50947.6641	
283	1714.442	1218.2732	56528.3281	58231.6641	
284	1718.944	732.7570	51872.6641	52923.6641	
285	1723.437	383.6882	51369.6641	51968.0000	
286	1727.921	383.2795	42964.3359	43458.6680	
287	1732.397	307.2546	49668.0000	49914.3359	
288	1736.864	373.2654	51484.0000	51750.0000	
289	1741.323	337.4831	49293.9961	49599.0000	
290	1745.773	355.4935	43046.3359	43114.6641	
291	1750.214	388.0023	50469.3359	50629.3359	
292	1754.647	454.0110	48641.0000	48715.0000	
293	1759.071	534.9261	47918.0000	48089.0000	
294	1763.486	521.2563	39070.0000	39296.3320	
295	1767.893	465.4205	44317.0000	44362.0000	
296	1772.291	462.3347	50738.0000	50751.6680	
297	1776.680	554.3062	43962.6641	44080.0000	
298	1781.061	569.3567	38334.6680	38547.0000	
299	1785.432	557.0777	38228.3359	38309.0000	
300	1789.796	545.3816	37339.3320	37505.3320	
301	1794.150	508.3177	38293.3320	38408.3359	
302	1798.495	430.9795	43950.0000	43942.3320	
303	1802.832	436.9752	44562.0000	44625.3359	
304	1807.160	460.0560	45060.0000	45022.3320	
305	1811.480	477.1357	39338.3359	39459.6641	
306	1815.790	494.5504	35122.3359	35189.3320	
307	1820.092	482.9661	36145.3359	36259.3320	
308	1824.385	489.4832	34867.3320	34881.6641	
309	1828.669	507.0890	40237.3320	40294.6641	
310	1832.944	513.8608	39588.3320	39609.6680	
311	1837.210	511.7156	32876.3359	33069.3359	
312	1841.468	479.1533	32772.6680	32822.6680	
313	1845.716	399.7709	35046.3359	35027.6680	
314	1849.956	456.3923	40620.3320	40669.0000	
315	1854.187	449.6780	37815.0000	37867.6680	
316	1858.409	481.4626	35737.0000	35867.3320	
317	1862.622	468.7148	31992.0000	32050.3320	
318	1866.826	500.1332	30269.3359	30408.6680	
319	1871.021	546.4073	22786.6680	23025.0000	
320	1875.207	533.6595	23268.6660	23462.0000	
321	1879.384	544.9752	26039.6680	26189.3340	
322	1883.552	592.4125	19063.3320	19361.0000	
323	1887.712	538.2852	14929.6660	15178.6670	
324	1891.862	409.8226	17741.3340	17867.3340	
325	1896.003	437.7432	22231.3340	22378.0000	
326	1900.135	474.9976	17009.6680	17186.3340	
327	1904.258	478.2501	25134.0000	25306.6641	
328	1908.372	416.8407	25849.0000	25953.0000	
329	1912.478	476.9419	22421.3340	22562.0000	
330	1916.574	512.7804	24456.6660	24629.0000	
331	1920.661	503.8668	18385.0000	18601.6660	
332	1924.738	487.6209	22655.6660	22761.6660	
333	1928.807	477.7410	24364.3340	24506.3340	
334	1932.867	476.6108	22971.0000	23061.6680	
335	1936.917	469.3143	16175.0000	16381.3320	
336	1940.959	450.2674	19519.3340	19650.0000	
337	1944.991	436.1590	21293.6660	21339.0000	
338	1949.014	482.0083	22840.3320	23017.3320	
339	1953.028	556.0437	18155.0000	18413.3320	
340	1957.033	521.5809	9086.6670	9409.3330	
341	1961.029	390.2116	9452.3330	9559.6660	
342	1965.015	511.6754	12065.0000	12301.3330	
343	1968.992	505.6588	9077.3330	9315.3330	
344	1972.960	512.5791	7646.3330	7876.0000	
345	1976.919	543.5336	3913.0000	4218.6665	
346	1980.869	531.0718	971.0000	1270.6667	
347	1984.809	474.2765	2861.6667	3057.3333	
348	1988.740	464.3963	3557.6665	3824.0000	
349	1992.661	462.5483	1421.0000	1656.6667	
350	1996.574	477.5082	367.3333	617.0000	
351	2000.477	479.2704	888.3334	1136.3334	
352	2004.371	490.4494	97.3333	354.3333	
353	2008.256	486.2116	478.3334	762.3333	
354	2012.131	483.5573	-122.3333	98.0000	
355	2015.997	476.0695	407.3333	650.0000	
356	2019.853	479.9166	-298.6667	-59.3333	
357	2023.701	480.0710	424.3333	671.3333	
358	2027.538	479.8921	-265.3333	-36.6667	
359	2031.367	483.9632	337.3333	581.3333	
360	2035.186	490.7843	-295.0000	-44.0000	
361	2038.996	489.9289	335.3333	595.0000	
362	2042.796	482.2402	-321.6667	-82.6667	
363	2046.587	487.5515	289.6667	524.6666	
364	2050.368	474.7469	-361.3333	-99.0000	
365	2054.140	477.3534	280.0000	514.0000	
366	2057.903	487.7516	-276.3333	-47.0000	
367	2061.656	513.8372	261.3333	534.0000	
368	2065.399	496.5895	-272.6667	10.3333	
369	2069.133	471.8418	252.3333	477.0000	
370	2072.858	447.1775	-216.0000	-19.0000	
371	2076.573	471.1904	393.6667	597.3333	
372	2080.278	482.2904	-250.0000	-31.6667	
373	2083.974	486.5330	276.0000	475.3333	
374	2087.661	489.9005	-191.0000	39.3333	
375	2091.338	488.0596	103.0000	331.0000	
376	2095.005	494.6770	-234.3333	-1.6667	
377	2098.663	494.7986	310.0000	544.0000	
378	2102.311	493.5244	-130.3333	98.0000	
379	2105.949	491.5002	249.3333	500.3334	
380	2109.578	489.5795	-336.6667	-131.6667	
381	2113.198	486.4025	-681.6667	-404.0000	
382	2116.807	488.7255	-87.0000	122.0000	
383	2120.407	489.8818	257.3333	486.3333	
384	2123.998	492.8715	-494.6667	-265.0000	
385	2127.579	480.4173	160.0000	410.6667	
386	2131.150	479.6907	-355.3333	-130.0000	
387	2134.711	459.5474	155.0000	341.0000	
388	2138.263	460.9046	-280.6667	-71.0000	
389	2141.805	461.4023	344.3333	530.6667	
390	2145.337	479.4000	-342.3333	-125.0000	
391	2148.859	498.2311	266.3333	502.0000	
392	2152.372	522.2634	-536.0000	-283.0000	
393	2155.875	507.7668	135.0000	371.0000	
394	2159.368	501.6034	-248.3333	6.3333	
395	2162.852	491.8568	381.6667	567.0000	
396	2166.326	479.1108	-252.6667	-16.6667	
397	2169.790	477.9933	185.3333	390.0000	
398	2173.244	478.8757	-339.3333	-128.0000	
399	2176.688	477.7582	212.3333	423.6667	
400	2180.123	483.3073	-140.0000	78.0000	
401	2183.547	517.1897	457.3334	710.3333	
402	2186.962	503.7389	-283.6667	-43.0000	
403	2190.367	486.7463	-8.0000	206.0000	
404	2193.762	479.0237	-356.3333	-126.0000	
405	2197.147	470.2109	293.3333	504.0000	
406	2200.522	458.0440	-316.3333	-149.3333	
407	2203.888	490.5837	258.3333	507.3333	
408	2207.243	490.7067	-279.3333	-28.0000	
409	2210.589	483.1772	358.3333	603.3334	
410	2213.924	454.9809	-361.3333	-143.3333	
411	2217.250	463.4514	325.3333	553.0000	
412	2220.565	473.5882	-315.6667	-76.6667	
413	2223.871	489.2337	341.0000	582.6667	
414	2227.167	514.4668	-568.3334	-301.3333	
415	2230.453	510.0331	184.3333	447.0000	
416	2233.728	449.9328	-539.3334	-336.6667	
417	2236.994	465.4992	260.0000	478.3334	
418	2240.250	508.0655	-416.3333	-155.3333	
419	2243.495	529.6320	59.3333	342.0000	
420	2246.731	518.1987	-312.0000	-40.6667	
421	2249.957	492.0800	301.0000	544.3334	
422	2253.172	466.6280	-392.6667	-176.6667	
423	2256.377	470.5093	268.3333	486.3333	
424	2259.573	508.3906	-328.0000	-74.0000	
425	2262.758	497.8503	294.3333	536.0000	
426	2265.933	477.9766	-8.0000	212.0000	
427	2269.098	473.9862	399.6667	628.3333	
428	2272.253	489.9660	-293.0000	-28.6667	
429	2275.397	486.8033	202.0000	428.6667	
430	2278.532	487.3072	-288.3333	-36.6667	
431	2281.656	462.6446	386.0000	600.0000	
432	2284.771	452.4818	-321.3333	-118.0000	
433	2287.875	463.9858	226.3333	440.6667	
434	2290.968	500.4701	-338.3333	-53.0000	
435	2294.052	502.8185	291.0000	468.6666	
436	2297.125	489.5835	-557.3333	-290.6667	
437	2300.188	486.4311	304.3333	531.0000	
438	2303.241	492.0286	-380.6667	-145.3333	
439	2306.284	494.4594	22.6667	281.6667	
440	2309.316	487.9738	-462.3333	-237.0000	
441	2312.338	480.2935	508.0000	751.9999	
442	2315.350	478.6964	46.0000	268.0000	
443	2318.352	478.0161	202.6667	440.0000	
444	2321.343	475.7517	-441.3333	-213.3333	
445	2324.323	495.2180	388.3333	638.6667	
446	2327.294	508.1008	-375.0000	-115.3333	
447	2330.254	497.9004	514.6666	778.6667	
448	2333.204	450.5488	-180.6667	29.0000	
449	2336.144	464.9328	99.0000	303.6667	
450	2339.073	479.7128	-227.6667	7.3333	
451	2341.991	483.2635	511.0000	743.6667	
452	2344.900	493.8356	-515.0000	-298.0000	
453	2347.798	487.0993	354.6667	633.0000	
454	2350.685	477.5298	-292.0000	-65.0000	
455	2353.562	484.2332	382.6667	585.3334	
456	2356.429	483.3973	-142.3333	89.0000	
457	2359.285	486.3442	685.3333	909.0000	
458	2362.130	485.4576	-150.6667	71.6667	
459	2364.966	486.4460	298.3333	476.0000	
460	2367.790	495.6848	54.6667	286.3333	
461	2370.604	525.5789	446.6667	704.6666	
462	2373.408	506.8063	-82.0000	153.6667	
463	2376.202	443.0337	598.6667	766.9999	
464	2378.984	451.5945	187.6667	361.0000	
465	2381.756	520.8219	254.6667	493.6666	
466	2384.518	497.3827	-260.6667	-48.6667	
467	2387.269	493.2768	305.3333	509.6667	
468	2390.010	494.4830	-226.3333	-78.6667	
469	2392.739	482.9303	531.6667	748.6666	
470	2395.458	475.5290	245.0000	470.0000	
471	2398.167	463.7735	796.6667	955.3334	
472	2400.865	461.1015	-507.0000	-342.3333	
473	2403.553	473.5595	303.0000	460.0000	
474	2406.229	499.1009	-331.6667	-130.3333	
475	2408.896	495.6420	567.3334	761.6667	
476	2411.551	494.4236	-210.3333	-44.3333	
477	2414.196	490.9368	379.6667	564.0000	
478	2416.830	487.2832	-272.3333	-115.3333	
479	2419.453	489.7963	292.3333	462.6666	
480	2422.066	470.3927	-232.6667	-91.3333	
481	2424.668	466.3225	371.3333	492.6667	
482	2427.260	473.5856	-392.3333	-243.0000	
483	2429.840	476.0987	277.0000	404.0000	
484	2432.410	499.4440	1182.0000	1342.3333	
485	2434.969	493.6595	368.0000	536.0000	
486	2437.517	492.2081	-510.3333	-377.0000	
487	2440.055	494.1736	261.3333	417.0000	
488	2442.581	500.1389	-329.0000	-175.3333	
489	2445.097	512.9037	96.6667	271.6667	
490	2447.602	477.6536	-403.0000	-246.6667	
491	2450.096	462.3827	445.0000	587.3333	
492	2452.580	474.7790	-243.3333	-87.3333	
493	2455.052	499.3383	430.6667	607.6666	
494	2457.514	491.8976	-469.6667	-303.6667	
495	2459.965	494.5404	354.3333	512.3333	
496	2462.405	498.0998	-295.6667	-121.6667	
497	2464.834	498.9091	447.6667	610.0000	
498	2467.252	478.4685	-298.6667	-160.3333	
499	2469.659	460.5278	564.0000	655.6667	
500	2472.056	462.2534	-120.0000	16.0000	
501	2474.441	460.9252	183.6667	285.0000	
502	2476.816	475.5970	-268.6667	-137.6667	
503	2479.179	484.8521	367.0000	515.0000	
504	2481.532	486.0238	-300.6667	-160.3333	
505	2483.873	484.6956	213.0000	360.0000	
506	2486.204	480.2840	-313.0000	-172.0000	
507	2488.523	470.6225	283.3333	416.0000	
508	2490.832	478.7942	-509.6666	-387.3333	
509	2493.130	507.9659	292.6667	465.3333	
510	2495.416	514.3044	-111.0000	69.3333	
511	2497.692	482.3095	96.3333	246.0000	
