resultName	muna12-64
resultName	muna12-64
ID	RS20200227121449_P19331194
Command	SCANANDSEARCH
User	Admin
Application	_Analyze
SerialNumber	P19331194
Power	280
Integration	900
Averages	3
AutoExposure	Off
AutoCollect	Off
QuickCollect	Off
AutoBackground	On
BaselineCorrection	On
Algorithm	Wavelet
Searched Library	All,None,None,None
MixtureComponents	2
matchThreshold	0.0
displayMatches	1
Threshold	0.80
WL Start	
WL End	
ServerVersion	3.180316
FirmwareVersion	
date	2020-02-27
time	12:14:49
scanindex	0
specpath	RS20200227121449_P19331194.xml
Search Range	200 - 2500
Synced	false
lastCalDateTime	2020-02-27 08:30:34
lastCalUser	Admin
lastCalResult	PASS
lastVerifyDateTime	2019-10-16 15:05:37
lastVerifyUser	Admin
lastVerifyResult	PASS
selectedMaterial	
result	No Match
ValidationGUID	
ValidationMatchQuality	
topMatch	
topMatchGUID	
topMatchQuality	
secondMatch	
secondMatchGUID	
secondMatchQuality	
thirdMatch	
thirdMatchGUID	
thirdMatchQuality	
fourthMatch	
fourthMatchGUID	
fourthMatchQuality	
fifthMatch	
fifthMatchGUID	
fifthMatchQuality	
signedBy	
signedDateTime	
softwareVer	1.7.0.21
memo	
batchID	
inBatch	false
batchUID	
batchCID1	
batchCIDlbl1	
batchCID2	
batchCIDlbl2	
batchCID3	
batchCIDlbl3	
batchCID4	
batchCIDlbl4	
batchCID5	
batchCIDlbl5	
signedTitle	
signedReason	
rescanned	
barcode	
topMatchContribs	
secondMatchContribs	
thirdMatchContribs	
fourthMatchContribs	
fifthMatchContribs	
ValidationMatchContribs	
Threat	
PrecursorList	
CompundName	
WindowStart4C	
MatchLibrary	
lastModified	2020/02/27 12:18
Signal2Noise	46.93
Detector TEC SetPoint	0x8000
Detector Temp	4.96
Laser Temp	25.39
OE1 Temp	32.22
OE2 Temp	35.94
Detector Gain	200
SaturationDetected	false
InterpolatedPixelList	
PeakList	 286.5	742	296.8	627	339.7	597	398.3	678	480.8	566	649.3	1797	679.0	828	751.1	729	804.5	486	839.7	705	959.6	560	1141.5	632	1208.0	559	1337.0	804	1369.1	1067	1376.6	901	1457.7	3924	1618.5	530	1644.7	2277	1677.4	1719	1713.3	898	1772.7	518
index	Raman Shift (cm-1)	Y value (counts)	background (counts)	raw value (counts)
0	137.455	426.0045	5903.6665	8401.6670	
1	143.948	369.8958	6096.6670	8484.3340	
2	150.436	238.1205	6442.6670	8644.3340	
3	156.918	251.3443	6461.0000	8621.6660	
4	163.394	356.2370	6023.0000	8234.3340	
5	169.865	358.1278	6821.6670	8980.6670	
6	176.330	282.6860	6510.3335	8539.6670	
7	182.790	290.9112	6329.3330	8312.6670	
8	189.244	173.4684	5966.3335	7778.0000	
9	195.693	239.6927	6819.3340	8643.0000	
10	202.136	311.5844	6661.0000	8502.3330	
11	208.573	384.4762	7047.6670	8907.6670	
12	215.005	327.3679	6462.3330	8211.0000	
13	221.431	285.3847	6873.0000	8548.0000	
14	227.851	284.7693	6983.6670	8617.3330	
15	234.266	213.8560	7277.0000	8846.6670	
16	240.675	161.2741	5830.3335	7354.3330	
17	247.078	225.0273	6622.3330	8217.0000	
18	253.476	219.4459	5921.6665	7517.6665	
19	259.868	231.5315	6460.3330	8075.3330	
20	266.254	224.9506	5338.0000	6953.3335	
21	272.635	363.2875	6751.3330	8538.3330	
22	279.009	629.2908	6423.6670	8510.0000	
23	285.378	742.2942	5812.0000	8044.6660	
24	291.742	615.2987	5477.0000	7616.0000	
25	298.099	626.7389	5479.0000	7655.3330	
26	304.451	569.1797	5288.3335	7433.0000	
27	310.797	468.6205	6161.3330	8231.3330	
28	317.137	435.5837	5153.0000	7228.3335	
29	323.471	480.0412	5292.6670	7368.0000	
30	329.800	521.8331	5039.0000	7111.6670	
31	336.122	550.2905	5713.6665	7770.3330	
32	342.439	597.0815	5403.3335	7462.3330	
33	348.750	356.5396	5302.3335	7076.3330	
34	355.055	144.9981	4041.3335	5559.3335	
35	361.354	163.3285	5879.0000	7358.3330	
36	367.648	63.5720	4357.6665	5691.6665	
37	373.935	208.3168	4309.3330	5771.3335	
38	380.216	549.3936	4800.0000	6586.3330	
39	386.492	507.8053	5025.6665	6753.6670	
40	392.762	334.8819	3644.6670	5183.0000	
41	399.025	677.5616	4570.0000	6429.6665	
42	405.283	494.9078	3970.6670	5626.3335	
43	411.535	291.0874	2300.6667	3640.6665	
44	417.781	312.4336	2713.0000	4106.6665	
45	424.020	238.7835	3343.0000	4675.6670	
46	430.254	290.0494	1754.6666	3066.3333	
47	436.482	355.4824	1386.3333	2787.3333	
48	442.704	447.3319	941.3334	2410.0000	
49	448.920	527.0726	2405.6665	3942.0000	
50	455.129	404.5827	1193.0000	2577.0000	
51	461.333	193.7595	1014.3334	2157.6667	
52	467.531	200.9364	974.0000	2094.6667	
53	473.722	474.1068	1731.3335	3096.3333	
54	479.908	566.2779	763.3334	2191.6667	
55	486.087	416.7820	255.6667	1505.6666	
56	492.260	379.1541	842.6667	2015.6667	
57	498.427	248.7107	1336.3333	2306.0000	
58	504.588	216.5173	1158.6667	2147.3333	
59	510.743	226.2405	563.6667	1527.3333	
60	516.892	250.3805	601.0000	1570.0000	
61	523.034	361.0441	1309.0000	2366.0000	
62	529.171	380.0410	311.0000	1364.3334	
63	535.301	326.3715	1120.3333	2097.3335	
64	541.425	188.7015	362.6667	1179.3334	
65	547.543	240.3651	1287.6667	2133.3335	
66	553.655	404.6955	2389.0000	3376.3335	
67	559.760	377.0253	2833.6667	3770.6665	
68	565.859	367.6893	1358.6666	2263.6667	
69	571.952	278.9182	1241.0000	1987.6667	
70	578.039	266.1015	131.3333	991.0000	
71	584.119	197.9005	334.0000	1103.0000	
72	590.193	63.7827	431.6667	1083.6667	
73	596.261	182.1592	1395.3333	2204.3333	
74	602.323	376.8688	1963.3335	3005.6665	
75	608.378	635.9126	1885.3333	3225.3335	
76	614.427	881.2889	1932.3334	3556.3335	
77	620.469	1045.7803	2628.3333	4433.6670	
78	626.505	719.2818	1805.0000	3301.6665	
79	632.535	902.1171	1535.3334	3232.6665	
80	638.559	1146.6190	1509.6667	3469.3330	
81	644.576	1743.7882	2431.6667	5006.3335	
82	650.587	1796.6234	1728.6667	4374.0000	
83	656.591	1127.4586	674.6667	2668.6665	
84	662.589	740.2943	637.6667	2262.3333	
85	668.581	617.7712	864.0000	2352.6665	
86	674.566	752.2485	167.6667	1777.3333	
87	680.544	827.7256	746.3333	2418.0000	
88	686.517	606.2024	1538.3334	2975.0000	
89	692.483	280.8455	1660.6665	2754.3333	
90	698.442	276.5718	601.6667	1652.6666	
91	704.395	282.9592	1250.0000	2377.6665	
92	710.341	247.8323	1107.0000	2121.6665	
93	716.281	139.9566	1108.6667	2017.3333	
94	722.214	191.7478	1125.3333	2087.6667	
95	728.141	384.5384	1306.3334	2463.3333	
96	734.061	592.9963	1053.3333	2420.6667	
97	739.975	640.7869	1950.3333	3367.3330	
98	745.882	651.3870	1571.6667	2991.0000	
99	751.783	729.3003	2650.3335	4157.0000	
100	757.677	547.5474	1479.3333	2813.6667	
101	763.564	508.6804	2517.0000	3809.3335	
102	769.445	303.4799	1796.6667	2880.6667	
103	775.319	243.9465	2127.0000	3148.3335	
104	781.187	127.7461	1835.0000	2737.0000	
105	787.048	255.9765	2652.0000	3679.3335	
106	792.902	291.2066	2394.3333	3454.0000	
107	798.750	475.8534	3267.6665	4566.0000	
108	804.591	485.5836	2357.0000	3648.3333	
109	810.425	465.8123	2882.0000	4198.3330	
110	816.253	284.7910	1967.0000	3054.0000	
111	822.074	183.6862	2584.3335	3590.0000	
112	827.888	242.3058	2193.3335	3289.0000	
113	833.695	473.9220	2818.3333	4166.6670	
114	839.496	704.5368	2311.6667	3911.6665	
115	845.290	452.4859	2869.0000	4238.0000	
116	851.078	285.1014	2408.3333	3631.0000	
117	856.858	389.7713	2820.0000	4153.6670	
118	862.632	387.7738	2687.6665	4025.6665	
119	868.399	365.4861	2631.6667	3997.0000	
120	874.159	259.9020	1944.6667	3145.3330	
121	879.913	177.2258	2147.3333	3251.3335	
122	885.659	279.5490	2023.3333	3215.6667	
123	891.399	363.5385	2495.3333	3757.6665	
124	897.132	461.8621	2346.6665	3693.3335	
125	902.858	343.6158	1899.3333	3109.6667	
126	908.577	277.0361	1554.6666	2654.3333	
127	914.290	274.5399	2362.0000	3469.6665	
128	919.995	279.8770	1399.3334	2484.3335	
129	925.694	297.9641	2157.6667	3285.6665	
130	931.385	272.3845	1248.3334	2297.0000	
131	937.070	196.4721	1684.6665	2639.3335	
132	942.748	239.5586	1384.6667	2364.3333	
133	948.419	375.8608	1710.0000	2822.6667	
134	954.083	463.1263	1000.0000	2189.6665	
135	959.740	559.7256	1510.9999	2787.0000	
136	965.390	435.9908	1281.0000	2423.0000	
137	971.033	357.8930	1394.0000	2428.0000	
138	976.669	355.6700	538.6666	1586.6666	
139	982.299	327.8221	1066.3334	2125.6667	
140	987.921	315.2045	1071.3334	2092.0000	
141	993.536	242.5001	1145.6666	2109.3333	
142	999.144	247.4625	782.0001	1736.6665	
143	1004.745	262.4250	1309.0000	2331.0000	
144	1010.339	246.7208	739.3333	1736.3333	
145	1015.926	302.3498	1145.0000	2231.3333	
146	1021.506	289.9789	1092.0000	2181.6665	
147	1027.078	281.6082	1288.6666	2385.6667	
148	1032.644	299.3203	923.0000	2046.3333	
149	1038.203	268.8270	1337.6666	2428.6665	
150	1043.754	287.2504	1012.6666	2192.0000	
151	1049.298	300.8405	1310.3334	2554.6665	
152	1054.836	270.3472	616.6667	1809.0000	
153	1060.366	296.6263	1470.0000	2747.6667	
154	1065.889	260.8799	1204.3334	2488.0000	
155	1071.404	249.4374	1527.0000	2820.3333	
156	1076.913	366.9953	1333.6666	2765.6667	
157	1082.414	358.4705	1734.3334	3159.3335	
158	1087.908	370.0288	904.3334	2219.0000	
159	1093.395	483.7542	1845.0000	3398.3335	
160	1098.875	388.2292	1740.6667	3200.0000	
161	1104.348	206.9171	2156.3333	3421.6665	
162	1109.813	210.1605	1564.0001	2819.6667	
163	1115.271	355.4039	2237.0000	3625.0000	
164	1120.721	470.9808	1634.3333	3125.0002	
165	1126.165	617.4911	2235.3335	3842.6665	
166	1131.601	602.6692	1857.6666	3420.3335	
167	1137.030	548.8462	2515.3333	3994.3330	
168	1142.452	632.3574	1609.3333	3142.0000	
169	1147.866	523.3916	2445.3333	3849.0000	
170	1153.273	375.7598	2219.6667	3455.6670	
171	1158.672	286.7942	2534.6665	3661.6670	
172	1164.064	174.8280	2107.6667	3102.6667	
173	1169.449	190.0591	3136.0000	4155.6665	
174	1174.827	180.6233	2559.0000	3578.6665	
175	1180.197	245.6202	3323.3330	4425.3335	
176	1185.560	269.5173	2821.6667	3985.3330	
177	1190.915	238.7485	3242.6665	4403.3335	
178	1196.263	251.6459	3056.0002	4256.3335	
179	1201.603	462.5437	3524.0000	4966.0000	
180	1206.936	559.4414	2941.3333	4511.0000	
181	1212.262	545.2262	3711.3335	5291.0000	
182	1217.580	426.0159	3370.3335	4845.0000	
183	1222.891	427.5807	3865.0000	5365.0000	
184	1228.194	358.1452	3560.6667	5015.0000	
185	1233.489	318.8397	4261.6670	5713.6665	
186	1238.778	246.5349	4043.0000	5459.6670	
187	1244.058	407.2296	4255.3330	5869.6670	
188	1249.331	502.2566	4065.6670	5812.0000	
189	1254.597	424.4353	5129.3335	6832.0000	
190	1259.855	224.6141	4556.3335	6093.3335	
191	1265.106	250.1262	5295.6665	6892.3330	
192	1270.349	275.9719	5115.3330	6772.0000	
193	1275.584	315.1507	5698.6665	7428.6670	
194	1280.812	245.9958	5047.3335	6742.3335	
195	1286.032	388.5071	5818.6670	7690.3330	
196	1291.244	328.5494	5352.0000	7212.0000	
197	1296.449	187.3356	6153.0005	7926.3340	
198	1301.647	143.4545	5775.0000	7559.0000	
199	1306.836	277.9066	6537.3340	8510.3340	
200	1312.018	335.3586	6202.0005	8287.0000	
201	1317.193	289.0121	6547.0000	8619.3340	
202	1322.359	215.9977	6335.3330	8368.3340	
203	1327.518	468.1960	6889.0000	9190.6660	
204	1332.670	675.2218	6479.6670	9012.6670	
205	1337.813	804.0115	7191.3330	9861.3330	
206	1342.949	456.4682	6504.6660	8835.3330	
207	1348.077	371.9240	7347.0000	9601.3330	
208	1353.198	266.0472	6660.3335	8817.0000	
209	1358.311	586.5034	7767.6670	10253.0000	
210	1363.415	992.6270	7125.0000	10024.6670	
211	1368.513	1067.4158	7801.6670	10784.3330	
212	1373.602	863.8727	7288.6670	10076.0000	
213	1378.684	901.1547	7941.3330	10781.6660	
214	1383.757	708.7705	7398.0000	10061.6670	
215	1388.823	338.0513	8231.6670	10540.3330	
216	1393.881	0.0000	7456.0000	9442.3330	
217	1398.932	72.6484	8239.0000	10304.0000	
218	1403.974	194.2630	7610.6670	9780.0000	
219	1409.009	429.5445	8550.6670	10938.0000	
220	1414.036	729.4927	7712.0000	10382.0000	
221	1419.054	1123.9113	8331.6670	11381.3340	
222	1424.065	1281.3286	7824.0000	11016.3330	
223	1429.068	1823.7472	8383.0000	12103.0000	
224	1434.064	2403.8223	7950.3340	12217.0000	
225	1439.051	2695.4883	8544.3330	13070.3340	
226	1444.030	2999.8179	7986.6660	12784.6660	
227	1449.001	3419.8159	8687.6660	13873.3330	
228	1453.965	3649.8145	7811.0000	13194.3340	
229	1458.920	3923.5645	8709.3330	14293.0000	
230	1463.868	2922.9819	7751.3330	12261.0000	
231	1468.807	1794.3998	8485.3330	11793.0000	
232	1473.739	1097.8168	7594.6670	10132.3340	
233	1478.662	694.5475	8240.3330	10314.0000	
234	1483.578	362.9452	7450.3330	9131.6670	
235	1488.485	308.3422	8360.3330	9926.3340	
236	1493.385	223.4888	7569.6670	8945.0000	
237	1498.276	266.8142	8533.0000	9928.3330	
238	1503.159	225.3640	7729.3335	9074.3340	
239	1508.035	173.6313	7846.3330	9110.3340	
240	1512.902	83.8973	6255.3330	7400.3330	
241	1517.761	207.1632	7969.3340	9208.3330	
242	1522.612	262.3063	8105.6660	9391.6670	
243	1527.454	291.5729	9203.3330	10465.6670	
244	1532.289	328.1313	8441.3330	9673.3330	
245	1537.116	328.1122	9294.6670	10594.6660	
246	1541.934	278.9320	8493.3330	9787.6670	
247	1546.745	254.1671	9428.3340	10736.3330	
248	1551.547	217.9869	8806.3340	10127.3330	
249	1556.341	249.1132	9680.6660	11107.3340	
250	1561.126	217.9027	8842.6670	10312.6670	
251	1565.904	273.3610	9658.0000	11258.0000	
252	1570.673	239.4847	9244.6660	10885.3330	
253	1575.434	260.4618	9666.3340	11440.3330	
254	1580.187	258.7755	8846.0000	10730.6660	
255	1584.932	360.0875	9592.6670	11691.0000	
256	1589.668	400.0653	8450.6670	10701.3330	
257	1594.396	380.7101	8918.3340	11262.0000	
258	1599.116	367.0221	8569.0000	11011.3330	
259	1603.828	443.6017	9603.3340	12255.3340	
260	1608.531	364.3312	9146.6670	11817.0000	
261	1613.226	456.1488	9895.0000	12709.6660	
262	1617.912	529.9674	9680.0000	12621.0000	
263	1622.591	487.7865	9889.3330	12840.6670	
264	1627.261	499.6039	9072.3330	12088.0000	
265	1631.922	755.4645	9341.3330	12639.6660	
266	1636.576	1230.5214	8604.6660	12381.6670	
267	1641.220	2046.5311	9944.0000	14542.3340	
268	1645.857	2276.8740	9013.0000	13847.0000	
269	1650.485	1535.8004	9642.6670	13666.6660	
270	1655.105	512.0624	8787.3330	11718.6670	
271	1659.716	343.3234	9848.6660	12542.3330	
272	1664.319	475.2494	9189.3340	11946.0000	
273	1668.913	1008.8446	9934.6660	13156.0000	
274	1673.499	1498.7728	8564.6660	12207.0000	
275	1678.077	1718.6998	8946.3330	12739.6670	
276	1682.646	1269.9598	8512.3330	11788.0000	
277	1687.206	701.5099	8904.3340	11525.3340	
278	1691.759	260.0602	8972.6670	11066.0000	
279	1696.302	157.2772	9709.6670	11614.0000	
280	1700.837	116.2797	8343.6670	10138.3330	
281	1705.364	453.2372	8653.0000	10660.6670	
282	1709.882	724.1937	8264.3330	10419.0000	
283	1714.391	897.8192	9235.0000	11439.3330	
284	1718.892	479.7767	7990.3330	9652.6670	
285	1723.385	242.3202	8147.0000	9492.6670	
286	1727.868	163.6974	6905.6670	8045.3340	
287	1732.344	254.8762	8758.6670	9919.6670	
288	1736.810	232.5631	7817.6670	8922.6660	
289	1741.268	165.7511	7585.0000	8562.6670	
290	1745.717	236.1038	7212.0000	8174.3330	
291	1750.158	320.4569	8337.6670	9349.0000	
292	1754.590	368.3110	7370.3330	8369.0000	
293	1759.014	282.9874	7226.6660	8107.3330	
294	1763.428	198.3311	6183.3335	6946.6670	
295	1767.835	309.0067	8154.6670	8996.0000	
296	1772.232	518.0173	7088.0000	8105.6670	
297	1776.621	350.6189	6616.0000	7457.6670	
298	1781.001	274.2203	5414.0000	6170.6665	
299	1785.372	260.4897	6292.3330	7026.6670	
300	1789.735	275.7582	5345.3330	6086.3335	
301	1794.089	285.3895	6870.3340	7615.6670	
302	1798.434	358.2051	6921.6670	7759.0000	
303	1802.770	355.4374	7527.3330	8309.6670	
304	1807.098	362.0859	6529.3330	7410.3340	
305	1811.416	274.3177	5803.0000	6510.6670	
306	1815.726	245.2991	5241.3330	5913.3330	
307	1820.027	257.9473	5897.3335	6575.3330	
308	1824.320	291.6399	5676.6665	6371.0000	
309	1828.603	338.0833	6682.6670	7415.0000	
310	1832.878	327.5279	5167.3335	5880.6670	
311	1837.144	207.3053	5239.6665	5824.3335	
312	1841.401	294.4161	5198.6665	5862.0000	
313	1845.649	328.2937	6107.6665	6797.0000	
314	1849.889	374.1702	5838.3335	6565.6660	
315	1854.119	410.3824	5972.0000	6727.6670	
316	1858.340	363.2588	4780.3335	5481.0000	
317	1862.553	335.7018	4911.0000	5563.3335	
318	1866.757	310.4775	3541.6667	4148.0000	
319	1870.951	262.5449	3665.0000	4165.0000	
320	1875.137	283.3209	3184.0000	3738.6665	
321	1879.314	255.9720	3423.3330	3981.0000	
322	1883.482	199.1567	1976.0000	2398.6665	
323	1887.641	217.0148	2569.6665	2992.6667	
324	1891.791	279.7893	2528.6667	3012.6667	
325	1895.932	275.8632	3271.6665	3744.3335	
326	1900.064	297.0209	2890.3333	3383.6670	
327	1904.187	324.0947	4034.0000	4558.3335	
328	1908.300	339.1683	3169.3335	3712.6665	
329	1912.405	308.3041	3657.3330	4165.0000	
330	1916.501	305.8769	2634.6667	3142.3333	
331	1920.588	312.0336	3216.3335	3660.3335	
332	1924.666	367.0232	3147.0002	3720.6665	
333	1928.734	346.6097	3782.6665	4322.3335	
334	1932.794	346.1952	2465.3335	2991.0000	
335	1936.844	252.1145	2910.0000	3328.0000	
336	1940.885	293.7000	2643.6667	3089.6665	
337	1944.917	412.2860	3367.6665	3918.6665	
338	1948.940	363.8715	2495.3335	2984.3333	
339	1952.954	375.7907	2076.0000	2563.3333	
340	1956.959	284.5432	1000.6666	1298.0000	
341	1960.955	302.3655	1704.0000	2093.0000	
342	1964.941	294.0209	1140.3334	1496.6666	
343	1968.918	270.4398	1190.3334	1516.3333	
344	1972.886	286.3280	304.6667	625.0000	
345	1976.845	268.9681	396.3333	680.6667	
346	1980.794	260.8580	16.0000	239.0000	
347	1984.735	279.4984	406.0000	683.0000	
348	1988.666	286.5549	-102.6667	143.3333	
349	1992.588	297.3839	451.3334	680.6666	
350	1996.500	322.2255	-332.3333	-79.3333	
351	2000.404	318.1615	364.0000	611.0000	
352	2004.298	282.0977	-366.0000	-157.0000	
353	2008.182	293.0336	307.0000	525.0000	
354	2012.058	291.3864	-372.6667	-122.0000	
355	2015.924	286.9057	299.3333	507.3333	
356	2019.781	290.8417	-403.6667	-193.6667	
357	2023.628	304.4262	315.3333	535.3334	
358	2027.466	336.6771	-419.3333	-170.6667	
359	2031.295	358.5948	185.6667	452.6666	
360	2035.114	335.1793	-418.0000	-178.0000	
361	2038.924	331.5058	250.6667	489.6667	
362	2042.725	327.1656	-420.3333	-183.0000	
363	2046.516	277.8254	202.3333	393.0000	
364	2050.298	262.8667	-415.3333	-225.6667	
365	2054.070	285.5014	193.3333	406.3333	
366	2057.833	288.0944	-392.0000	-162.6667	
367	2061.586	287.3958	218.3333	420.3333	
368	2065.330	290.4054	-381.3333	-161.3333	
369	2069.065	290.0401	199.3333	419.6667	
370	2072.790	345.0081	-321.6667	-45.6667	
371	2076.505	305.9055	348.0000	574.3333	
372	2080.211	295.9470	-348.0000	-131.0000	
373	2083.908	293.5312	200.3333	403.3333	
374	2087.595	299.7822	-311.0000	-76.3333	
375	2091.272	300.5331	46.3333	250.0000	
376	2094.940	308.0342	-316.0000	-74.0000	
377	2098.599	303.7881	259.3333	465.3333	
378	2102.248	298.0212	-180.3333	84.3333	
379	2105.887	296.2751	219.0000	402.6667	
380	2109.516	294.6335	-426.3334	-213.6667	
381	2113.136	297.9094	-718.0000	-503.0000	
382	2116.747	302.5188	-163.6667	34.0000	
383	2120.348	318.5447	204.0000	435.0000	
384	2123.939	313.0707	-571.0000	-347.3333	
385	2127.521	298.4165	119.3333	337.6667	
386	2131.093	299.9244	-402.6667	-203.6667	
387	2134.655	301.8907	95.3333	319.6667	
388	2138.207	298.4818	-368.3333	-139.6667	
389	2141.750	289.1803	314.0000	512.0000	
390	2145.283	289.8996	-408.6667	-214.3333	
391	2148.807	287.5565	225.0000	439.6667	
392	2152.321	299.3900	-580.0000	-387.0000	
393	2155.825	307.9359	95.0000	290.6667	
394	2159.319	329.1902	-293.6667	-63.6667	
395	2162.804	307.1319	341.3333	549.6666	
396	2166.279	272.0736	-241.6667	-68.0000	
397	2169.744	305.5757	167.0000	374.0000	
398	2173.199	312.0779	-420.6667	-197.6667	
399	2176.644	307.0799	165.3333	374.0000	
400	2180.080	307.0821	-178.0000	36.6667	
401	2183.506	310.2509	470.6667	657.0000	
402	2186.922	321.7530	-351.6667	-129.3333	
403	2190.328	320.2551	-20.6667	200.0000	
404	2193.725	308.7572	-375.6667	-166.6667	
405	2197.111	302.7342	229.3333	432.0000	
406	2200.488	271.0205	-368.6667	-209.0000	
407	2203.854	272.5036	253.0000	435.6667	
408	2207.211	281.6531	-334.0000	-151.6667	
409	2210.558	286.7130	317.0000	526.6666	
410	2213.896	286.0227	-410.3333	-213.0000	
411	2217.223	292.2492	306.0000	511.6667	
412	2220.540	311.2251	-328.3333	-103.0000	
413	2223.847	332.5254	343.6667	581.6667	
414	2227.145	313.1925	-585.3333	-365.0000	
415	2230.432	299.1931	181.3333	389.3333	
416	2233.709	298.5269	-600.0000	-403.3333	
417	2236.977	303.5275	225.0000	457.6667	
418	2240.234	311.1946	-481.3333	-282.6667	
419	2243.482	319.1952	-15.0000	219.6667	
420	2246.719	316.8630	-373.0000	-139.0000	
421	2249.946	304.5742	275.0000	494.6667	
422	2253.164	306.2854	-447.6667	-222.3333	
423	2256.371	288.9966	257.3333	458.3333	
424	2259.568	300.6247	-345.0000	-154.6667	
425	2262.755	330.0291	198.3333	436.0000	
426	2265.933	309.6836	-127.0000	87.6667	
427	2269.100	281.2229	379.6667	581.0000	
428	2272.256	282.4532	-310.3333	-106.3333	
429	2275.403	283.8677	226.3333	385.3333	
430	2278.540	298.9489	-314.6667	-108.3333	
431	2281.667	314.3634	343.0000	557.0000	
432	2284.783	308.5279	-377.6667	-177.0000	
433	2287.889	301.1091	175.6667	436.0000	
434	2290.985	286.5638	-357.0000	-179.6667	
435	2294.071	287.4854	235.3333	414.0000	
436	2297.147	300.8238	-566.0000	-356.6667	
437	2300.212	301.1482	323.0000	498.0000	
438	2303.267	302.4726	-426.6667	-220.0000	
439	2306.312	303.8803	18.0000	204.3333	
440	2309.347	305.7049	-561.6666	-340.6667	
441	2312.372	306.0004	405.6667	592.6667	
442	2315.386	304.0043	-275.3333	-55.0000	
443	2318.390	305.9666	172.6667	366.0000	
444	2321.384	307.9701	-511.0000	-292.3333	
445	2324.368	307.4391	386.6667	594.0000	
446	2327.341	306.9914	-474.3333	-238.0000	
447	2330.304	300.8771	229.0000	414.3333	
448	2333.256	281.8918	-386.0000	-175.0000	
449	2336.199	282.8422	10.6667	187.6667	
450	2339.131	284.9593	-348.6667	-148.6667	
451	2342.052	285.0764	408.3333	589.0000	
452	2344.963	292.6939	-551.0000	-371.3333	
453	2347.864	302.6612	337.6667	551.3333	
454	2350.755	312.3787	-409.6667	-201.0000	
455	2353.635	330.3443	208.6667	434.6667	
456	2356.505	327.5118	-440.6667	-216.6667	
457	2359.364	311.9395	260.3333	453.6666	
458	2362.213	312.5549	-289.0000	-86.3333	
459	2365.051	303.3578	222.6667	421.0000	
460	2367.879	300.5562	-207.3333	17.0000	
461	2370.697	290.9558	137.0000	303.6667	
462	2373.504	289.7722	-235.0000	-46.0000	
463	2376.300	291.7344	312.3333	517.3334	
464	2379.086	295.8217	-363.3333	-235.0000	
465	2381.862	297.7839	102.3333	307.3333	
466	2384.627	307.4128	-305.6667	-116.0000	
467	2387.382	309.3750	257.6667	447.3333	
468	2390.125	304.0875	-539.0000	-355.3333	
469	2392.859	294.1150	216.0000	453.3333	
470	2395.582	298.2794	-252.3333	-133.3333	
471	2398.294	303.9022	359.0000	544.3333	
472	2400.996	307.4623	-593.0000	-407.0000	
473	2403.687	310.5274	249.6667	437.6667	
474	2406.368	310.2591	-399.6667	-219.0000	
475	2409.038	290.4908	357.6667	482.0000	
476	2411.697	300.2431	-367.6667	-183.0000	
477	2414.346	305.5754	355.3333	493.0000	
478	2416.984	308.9911	-413.6667	-254.3333	
479	2419.612	290.9900	139.3333	271.3333	
480	2422.228	296.2390	-376.6667	-246.6667	
481	2424.834	295.3423	234.3333	371.6667	
482	2427.430	284.9871	-432.0000	-296.0000	
483	2430.015	281.3195	222.0000	364.6667	
484	2432.589	223.0688	1135.6666	1182.6667	
485	2435.152	286.3165	253.6667	362.6667	
486	2437.705	332.5642	-667.3334	-513.3333	
487	2440.247	348.8118	88.0000	257.0000	
488	2442.778	368.0597	-434.3333	-247.3333	
489	2445.298	354.5155	27.3333	218.6667	
490	2447.808	317.7856	-523.0000	-373.6667	
491	2450.306	300.0321	400.0000	532.0000	
492	2452.794	271.9443	-369.0000	-264.6667	
493	2455.272	279.9666	311.0000	421.0000	
494	2457.738	289.8223	-552.3333	-431.6667	
495	2460.194	292.1779	287.6667	391.0000	
496	2462.638	313.0336	-322.3333	-186.3333	
497	2465.073	304.3060	417.0000	578.0000	
498	2467.496	281.0783	-387.6667	-288.3333	
499	2469.908	277.4340	464.3333	557.6667	
500	2472.309	302.7906	-339.3333	-223.0000	
501	2474.699	322.5853	21.0000	156.0000	
502	2477.079	307.0466	-430.3333	-312.0000	
503	2479.448	299.1745	274.0000	383.3333	
504	2481.805	280.3025	-343.6667	-254.3333	
505	2484.152	296.7638	212.6667	317.3333	
506	2486.488	301.7667	-368.0000	-247.6667	
507	2488.813	302.8947	255.0000	353.6667	
508	2491.127	305.9810	-589.3333	-500.3333	
509	2493.430	330.6089	244.6667	378.6667	
510	2495.722	343.4035	-261.0000	-115.3333	
511	2498.003	246.5315	-5.0000	42.6667	
