resultName	chilca2-65
resultName	chilca2-65
ID	RS20200227093213_P19331194
Command	SCANANDSEARCH
User	Admin
Application	_Analyze
SerialNumber	P19331194
Power	280
Integration	900
Averages	3
AutoExposure	Off
AutoCollect	Off
QuickCollect	Off
AutoBackground	On
BaselineCorrection	On
Algorithm	Wavelet
Searched Library	All,None,None,None
MixtureComponents	2
matchThreshold	0.0
displayMatches	1
Threshold	0.80
WL Start	
WL End	
ServerVersion	3.180316
FirmwareVersion	
date	2020-02-27
time	09:32:13
scanindex	0
specpath	RS20200227093213_P19331194.xml
Search Range	200 - 2500
Synced	false
lastCalDateTime	2020-02-27 08:30:34
lastCalUser	Admin
lastCalResult	PASS
lastVerifyDateTime	2019-10-16 15:05:37
lastVerifyUser	Admin
lastVerifyResult	PASS
selectedMaterial	
result	No Match
ValidationGUID	
ValidationMatchQuality	
topMatch	
topMatchGUID	
topMatchQuality	
secondMatch	
secondMatchGUID	
secondMatchQuality	
thirdMatch	
thirdMatchGUID	
thirdMatchQuality	
fourthMatch	
fourthMatchGUID	
fourthMatchQuality	
fifthMatch	
fifthMatchGUID	
fifthMatchQuality	
signedBy	
signedDateTime	
softwareVer	1.7.0.21
memo	
batchID	
inBatch	false
batchUID	
batchCID1	
batchCIDlbl1	
batchCID2	
batchCIDlbl2	
batchCID3	
batchCIDlbl3	
batchCID4	
batchCIDlbl4	
batchCID5	
batchCIDlbl5	
signedTitle	
signedReason	
rescanned	
barcode	
topMatchContribs	
secondMatchContribs	
thirdMatchContribs	
fourthMatchContribs	
fifthMatchContribs	
ValidationMatchContribs	
Threat	
PrecursorList	
CompundName	
WindowStart4C	
MatchLibrary	
lastModified	2020/02/27 09:32
Signal2Noise	58.28
Detector TEC SetPoint	0x8000
Detector Temp	4.95
Laser Temp	24.50
OE1 Temp	29.75
OE2 Temp	33.38
Detector Gain	200
SaturationDetected	false
InterpolatedPixelList	
PeakList	 304.8	971	328.7	786	431.5	633	560.8	770	656.9	872	666.8	824	759.4	3158	797.4	1098	1157.7	742	1309.3	794	1376.8	1535	1439.8	5441	1565.0	1089	1615.2	789	1645.5	4008	1676.8	3793
index	Raman Shift (cm-1)	Y value (counts)	background (counts)	raw value (counts)
0	137.455	274.7962	2869.0000	5999.0000	
1	143.948	231.2418	3169.0000	6157.6670	
2	150.436	185.6876	3433.0000	6278.3340	
3	156.918	156.4652	3789.6670	6508.0000	
4	163.394	237.2443	3421.6665	6123.0000	
5	169.865	316.3554	4008.0000	6690.6660	
6	176.330	324.8022	3769.0000	6362.3340	
7	182.790	323.5807	4045.0000	6539.3340	
8	189.244	290.3589	3550.6665	5914.0000	
9	195.693	316.4705	3951.3335	6243.0000	
10	202.136	264.2493	3855.3335	5997.0000	
11	208.573	225.6949	4373.6665	6379.0000	
12	215.005	179.4734	3787.6665	5649.0000	
13	221.431	146.6566	4312.0000	6083.0000	
14	227.851	189.2063	4039.6665	5786.0000	
15	234.266	132.5852	4556.6665	6243.6665	
16	240.675	117.6305	3869.3335	5538.6665	
17	247.078	177.0095	4082.6670	5808.6665	
18	253.476	269.3890	3800.6665	5616.3330	
19	259.868	302.1013	4105.6670	5951.3335	
20	266.254	257.4807	3374.6665	5173.0000	
21	272.635	226.4997	4100.6670	5885.0000	
22	279.009	92.8531	3899.6665	5567.3335	
23	285.378	236.5391	3924.0000	5752.3335	
24	291.742	560.8914	3403.6670	5573.3335	
25	298.099	755.7050	3717.3335	6107.3335	
26	304.451	971.1849	3161.6665	5792.6665	
27	310.797	894.9978	3899.0000	6479.3330	
28	317.137	587.8729	3383.6665	5695.3330	
29	323.471	698.2908	3419.6665	5799.3330	
30	329.800	786.3756	2927.6667	5353.0000	
31	336.122	497.1268	3815.0000	5908.6665	
32	342.439	422.5447	3318.3335	5295.0000	
33	348.750	351.6291	3644.3335	5507.6665	
34	355.055	275.0475	2849.0000	4593.3335	
35	361.354	274.1699	3394.6665	5084.0000	
36	367.648	287.5414	2975.6667	4639.6670	
37	373.935	127.5941	2832.0000	4308.0000	
38	380.216	119.9809	2942.3333	4382.6670	
39	386.492	189.3672	3200.3330	4682.0000	
40	392.762	220.7533	2593.0000	4078.0000	
41	399.025	207.6423	2946.3335	4469.6665	
42	405.283	93.8646	2702.3333	4021.0000	
43	411.535	99.5871	2036.0000	3340.6670	
44	417.781	209.6427	1660.3333	3055.3335	
45	424.020	536.7910	2246.3333	3975.0000	
46	430.254	632.9396	1317.0000	3148.3335	
47	436.482	517.0881	1304.0000	3026.0000	
48	442.704	450.5699	745.6666	2407.6665	
49	448.920	291.0467	1305.3333	2825.3335	
50	455.129	213.1227	807.3334	2269.3335	
51	461.333	176.6985	795.0000	2213.3335	
52	467.531	200.2747	704.6666	2179.3333	
53	473.722	184.1321	1047.3334	2474.3335	
54	479.908	314.9893	568.3333	2204.3333	
55	486.087	529.1802	319.3333	2185.6667	
56	492.260	533.2745	324.6667	2197.3333	
57	498.427	496.9697	812.3333	2628.6667	
58	504.588	245.3313	636.3333	2181.0000	
59	510.743	171.0263	585.3333	2035.6667	
60	516.892	211.0544	299.6667	1770.0000	
61	523.034	558.0706	762.3333	2536.6665	
62	529.171	356.7535	204.6667	1734.6667	
63	535.301	254.6865	812.0000	2162.3333	
64	541.425	250.2028	206.0000	1593.3333	
65	547.543	227.8022	763.3334	2035.3333	
66	553.655	338.8189	1200.3334	2540.3335	
67	559.760	769.8350	1855.0000	3583.0000	
68	565.859	693.1847	1079.6667	2688.0000	
69	571.952	237.3994	1171.0000	2288.3333	
70	578.039	151.5363	202.3333	1157.3334	
71	584.119	180.4859	350.3333	1343.6666	
72	590.193	160.7690	97.3333	1054.3333	
73	596.261	156.8999	780.6667	1721.3333	
74	602.323	128.0311	1038.6666	1938.0000	
75	608.378	155.3286	1308.0000	2157.6667	
76	614.427	220.6262	1201.0000	2168.0000	
77	620.469	298.4878	1736.0000	2805.6667	
78	626.505	281.6456	1328.3333	2344.6667	
79	632.535	355.8030	1291.3334	2430.3333	
80	638.559	612.2943	1046.6666	2459.0000	
81	644.576	757.1188	1745.3333	3319.3335	
82	650.587	731.6096	1185.6666	2751.0000	
83	656.591	872.4338	749.6666	2472.6665	
84	662.589	808.5913	488.3334	2164.3333	
85	668.581	824.4793	643.0000	2312.6665	
86	674.566	495.2841	57.6667	1304.3334	
87	680.544	517.5054	600.0000	1850.3333	
88	686.517	327.8101	877.6666	1984.0000	
89	692.483	318.5702	1350.0000	2401.0000	
90	698.442	311.9554	549.6667	1704.0000	
91	704.395	284.0134	895.6666	1987.0000	
92	710.341	279.0416	752.3334	1861.3335	
93	716.281	198.3566	909.3333	1959.0000	
94	722.214	49.9839	795.0000	1738.3333	
95	728.141	58.2780	979.3334	1973.0000	
96	734.061	56.5721	736.0000	1770.0000	
97	739.975	135.1996	1430.0000	2584.6667	
98	745.882	425.8203	1203.6666	2680.6665	
99	751.783	1373.9894	2062.3333	4534.0000	
100	757.677	3158.4910	1105.0000	5407.6665	
101	763.564	2795.8350	1952.6667	5938.6665	
102	769.445	987.1791	1378.0000	3601.3335	
103	775.319	521.5227	1766.6665	3570.3330	
104	781.187	545.2000	1401.0000	3274.3335	
105	787.048	800.7740	2103.6665	4265.3335	
106	792.902	809.0142	1931.6667	4134.3335	
107	798.750	1097.5875	2565.3333	5089.3330	
108	804.591	825.4948	1925.6667	4210.3335	
109	810.425	345.0907	2475.3335	4278.6670	
110	816.253	140.0196	1676.6667	3274.0000	
111	822.074	230.6155	2135.3335	3822.3335	
112	827.888	112.3729	1727.6666	3309.0000	
113	833.695	109.1983	2359.6667	3927.3335	
114	839.496	333.3570	1950.0000	3731.3335	
115	845.290	529.8488	2464.6667	4432.0000	
116	851.078	337.6743	2104.6665	3869.3330	
117	856.858	271.1141	2477.6667	4180.3335	
118	862.632	168.2202	2389.6667	3994.0000	
119	868.399	177.0581	2448.0000	4053.0000	
120	874.159	223.1308	1853.3333	3507.6670	
121	879.913	412.0005	2079.0000	3904.3335	
122	885.659	442.8706	1868.3333	3706.6670	
123	891.399	527.0734	2341.6667	4246.3335	
124	897.132	216.9430	2249.3335	3826.0000	
125	902.858	171.4942	1999.0000	3508.6665	
126	908.577	195.7123	1589.6667	3102.0000	
127	914.290	359.2637	2244.6665	3899.0000	
128	919.995	462.4814	1489.0000	3225.0000	
129	925.694	298.3659	2190.6667	3741.0000	
130	931.385	155.9171	1380.6667	2767.0000	
131	937.070	133.8017	1771.6665	3114.3330	
132	942.748	250.6863	1388.6666	2826.6665	
133	948.419	293.5417	1795.0000	3273.3335	
134	954.083	472.7908	1158.6666	2810.6667	
135	959.740	379.0400	1612.6667	3165.3335	
136	965.390	205.2892	1420.6666	2794.0000	
137	971.033	239.7131	1556.0000	2967.3333	
138	976.669	232.4290	745.0000	2168.0000	
139	982.299	209.8949	1226.0000	2614.6667	
140	987.921	236.3340	1285.0000	2615.3333	
141	993.536	269.0308	1334.6666	2792.6665	
142	999.144	261.8941	1042.6667	2495.6667	
143	1004.745	278.2575	1562.6665	3011.0000	
144	1010.339	324.2877	1023.6666	2547.6667	
145	1015.926	396.4843	1390.0000	2993.3333	
146	1021.506	312.0143	1316.0000	2842.0000	
147	1027.078	289.8776	1467.3334	2978.3333	
148	1032.644	259.4076	1088.0000	2575.6665	
149	1038.203	254.1917	1387.3334	2861.6665	
150	1043.754	227.3928	1073.3334	2461.3335	
151	1049.298	235.5104	1325.3333	2775.6665	
152	1054.836	217.6489	676.6667	2121.6667	
153	1060.366	179.3318	1347.3334	2716.0000	
154	1065.889	206.5663	1088.6667	2489.3333	
155	1071.404	358.4866	1387.3333	2927.0000	
156	1076.913	582.0730	1102.0000	2852.3333	
157	1082.414	560.7422	1509.6666	3234.0000	
158	1087.908	244.0781	791.6666	2194.6667	
159	1093.395	134.4137	1474.6666	2763.3333	
160	1098.875	264.7494	1362.6667	2777.0000	
161	1104.348	320.4282	1750.0000	3266.0000	
162	1109.813	294.6487	1302.0000	2745.6667	
163	1115.271	290.0358	1866.3334	3315.0000	
164	1120.721	180.5896	1321.6666	2651.3333	
165	1126.165	179.0247	1855.6667	3184.3330	
166	1131.601	183.4609	1447.0000	2780.6667	
167	1137.030	200.8960	2039.6667	3391.3330	
168	1142.452	246.9987	1218.0000	2616.3335	
169	1147.866	419.2721	1906.6667	3490.3335	
170	1153.273	603.5453	1655.6667	3436.6665	
171	1158.672	742.4857	2029.0000	3962.0000	
172	1164.064	414.4255	1585.6667	3203.6667	
173	1169.449	284.0347	2419.3333	3923.6665	
174	1174.827	211.4774	1985.0000	3359.0000	
175	1180.197	169.9655	2569.6667	4041.6667	
176	1185.560	161.0414	2182.3333	3626.0000	
177	1190.915	152.7003	2545.3333	3995.0000	
178	1196.263	231.9846	2336.6667	3881.6670	
179	1201.603	403.9352	2679.0000	4412.0000	
180	1206.936	482.5531	2184.6665	4012.3335	
181	1212.262	440.2676	2818.3335	4615.6665	
182	1217.580	360.3060	2490.0000	4207.6665	
183	1222.891	443.0115	2930.3333	4741.3330	
184	1228.194	503.0504	2528.3333	4410.0000	
185	1233.489	411.0057	3175.6665	4984.6670	
186	1238.778	325.2938	2917.0000	4659.6670	
187	1244.058	241.2481	3211.6667	4889.6665	
188	1249.331	189.5367	2912.6667	4558.3335	
189	1254.597	212.7988	3786.6670	5494.6670	
190	1259.855	164.0612	3321.3335	5019.6670	
191	1265.106	125.6567	3900.0000	5599.0000	
192	1270.349	162.2523	3699.6667	5474.3335	
193	1275.584	395.5137	4192.3335	6239.3330	
194	1280.812	363.4435	3616.6665	5670.6665	
195	1286.032	561.3722	4264.3330	6555.3330	
196	1291.244	768.5327	3749.3335	6298.6670	
197	1296.449	785.2908	4460.3330	7036.6670	
198	1301.647	625.7155	4093.6665	6520.6670	
199	1306.836	755.1389	4736.3335	7303.0000	
200	1312.018	794.2313	4377.6665	6993.6670	
201	1317.193	281.5248	4599.3335	6688.3330	
202	1322.359	174.1531	4512.3335	6479.6670	
203	1327.518	480.7561	4854.0000	7100.6665	
204	1332.670	419.3785	4552.0000	6732.0000	
205	1337.813	272.4313	5173.3330	7224.3330	
206	1342.949	122.4836	4490.3335	6409.3330	
207	1348.077	60.2036	5264.6665	7139.3330	
208	1353.198	152.2563	4638.6665	6623.3330	
209	1358.311	252.3091	5546.3335	7649.0000	
210	1363.415	705.3617	5008.3335	7582.0000	
211	1368.513	1288.4146	5564.3335	8739.0000	
212	1373.602	1411.4677	5151.3330	8467.0000	
213	1378.684	1534.7384	5685.6665	9147.0000	
214	1383.757	1058.3423	5237.6665	8245.0000	
215	1388.823	415.9463	5975.6665	8363.0000	
216	1393.881	145.5518	5233.0000	7372.3340	
217	1398.932	108.0245	5881.6670	7991.3330	
218	1403.974	44.0468	5426.6665	7445.6660	
219	1409.009	267.4026	6206.6665	8422.3330	
220	1414.036	780.7595	5391.3330	8093.6670	
221	1419.054	1141.3413	5970.0000	9011.3330	
222	1424.065	1667.9236	5509.6670	9056.0000	
223	1429.068	3239.5071	6010.3330	11106.6670	
224	1434.064	5114.4082	5593.0000	12524.0000	
225	1439.051	5441.1650	6034.0000	13250.3340	
226	1444.030	5132.2520	5564.6665	12430.6660	
227	1449.001	5091.0088	6150.0000	12933.3340	
228	1453.965	4720.7627	5369.3335	11741.0000	
229	1458.920	3953.6790	6150.0000	11654.3340	
230	1463.868	2923.5918	5389.6670	9763.6670	
231	1468.807	2241.5063	5953.3335	9545.0000	
232	1473.739	1479.0879	5220.6665	7949.6670	
233	1478.662	803.9473	5757.3330	7722.6660	
234	1483.578	466.4751	5064.3330	6603.6670	
235	1488.485	246.6694	5795.6665	7026.6670	
236	1493.385	179.1965	5124.6665	6199.6670	
237	1498.276	167.7139	5935.0000	6940.3330	
238	1503.159	97.1521	5343.6665	6227.6670	
239	1508.035	119.3697	5863.0000	6732.3330	
240	1512.902	101.2547	4260.3335	5074.6665	
241	1517.761	117.8063	5151.6670	5945.6665	
242	1522.612	137.1918	5442.6670	6192.3335	
243	1527.454	180.5772	6392.3330	7195.0000	
244	1532.289	232.9627	5732.6665	6492.3330	
245	1537.116	254.0883	6450.0000	7270.0000	
246	1541.934	219.1635	5753.0000	6564.6670	
247	1546.745	245.9058	6473.3330	7352.6670	
248	1551.547	310.9785	5861.0000	6840.3330	
249	1556.341	511.9453	6673.0000	7926.3330	
250	1561.126	862.5786	6014.0000	7691.0000	
251	1565.904	1088.8787	6517.3330	8493.6660	
252	1570.673	593.5120	6307.6670	7861.6670	
253	1575.434	328.0557	6700.0000	7978.6670	
254	1580.187	268.2864	6018.3335	7305.3340	
255	1584.932	133.7880	6636.6670	7926.6670	
256	1589.668	58.4351	5807.3335	7065.3330	
257	1594.396	0.0000	6224.3330	7483.6665	
258	1599.116	75.8970	5541.3335	6936.3330	
259	1603.828	223.0415	6504.3335	8127.6670	
260	1608.531	609.3149	6239.0000	8287.6670	
261	1613.226	788.8276	6720.0000	9019.3330	
262	1617.912	770.0071	6718.6665	9070.3330	
263	1622.591	836.1880	6850.6665	9339.6670	
264	1627.261	1205.3696	6247.6660	9177.0000	
265	1631.922	1986.5403	6541.3340	10294.6670	
266	1636.576	2696.7002	5718.0000	10201.0000	
267	1641.220	3318.4199	6868.6670	11991.3340	
268	1645.857	4007.8049	5980.0000	11810.0000	
269	1650.485	3153.5249	6779.3330	11679.0000	
270	1655.105	2179.5776	5956.3335	9806.0000	
271	1659.716	1993.6294	6608.0000	10195.6660	
272	1664.319	1938.3496	6266.0000	9722.3330	
273	1668.913	2335.7363	6939.0000	10716.6660	
274	1673.499	3145.4556	6049.6665	10561.0000	
275	1678.077	3792.5090	6073.6665	11156.0000	
276	1682.646	2294.2280	6057.3335	9565.3330	
277	1687.206	1014.5322	6032.6665	8176.3330	
278	1691.759	409.5039	5838.6665	7292.6670	
279	1696.302	219.4731	6947.3335	8126.6660	
280	1700.837	101.2954	5865.6670	6857.0000	
281	1705.364	79.7461	6370.6670	7245.6660	
282	1709.882	119.8647	5257.6665	6078.0000	
283	1714.391	190.6499	6673.3330	7469.6670	
284	1718.892	224.4341	5703.3335	6438.6670	
285	1723.385	223.0112	6312.3335	7011.0000	
286	1727.868	232.2556	4595.6665	5268.3335	
287	1732.344	242.6462	5766.0000	6404.0000	
288	1736.810	236.2191	5782.3335	6402.0000	
289	1741.268	229.4585	5910.6670	6511.6670	
290	1745.717	232.4482	4563.6665	5130.6665	
291	1750.158	245.6878	6040.3330	6645.6670	
292	1754.590	262.9270	5353.0000	5948.0000	
293	1759.014	277.9283	5840.3335	6446.6670	
294	1763.428	282.5126	4012.3333	4600.6665	
295	1767.835	289.4299	5059.3335	5626.0000	
296	1772.232	304.4320	5632.0000	6226.3330	
297	1776.621	295.5630	5209.3335	5781.0000	
298	1781.001	253.9444	3951.6665	4482.0000	
299	1785.372	227.4087	4564.0000	5055.3335	
300	1789.735	226.6222	3779.0000	4298.6665	
301	1794.089	230.7412	4482.6670	4957.6665	
302	1798.434	259.9382	4839.0000	5367.3330	
303	1802.770	262.8020	5441.0000	5960.6665	
304	1807.098	208.6664	5287.6665	5741.6670	
305	1811.416	210.4464	4569.3330	5010.6665	
306	1815.726	219.8931	3798.3330	4246.0000	
307	1820.027	231.4235	4479.3335	4913.3330	
308	1824.320	257.3984	3657.0000	4102.6665	
309	1828.603	283.7805	4959.6665	5431.0000	
310	1832.878	275.1622	4451.0000	4913.0000	
311	1837.144	263.2107	3982.6667	4432.0000	
312	1841.401	243.5927	3639.0000	4068.0000	
313	1845.649	248.8528	3888.0000	4303.0000	
314	1849.889	260.0298	4680.6670	5156.6665	
315	1854.119	265.0401	4583.0000	5006.3330	
316	1858.340	263.4669	3967.0000	4447.0000	
317	1862.553	256.3965	3728.3333	4169.6665	
318	1866.757	250.4929	3412.0000	3840.6667	
319	1870.951	260.6722	2689.0000	3113.6665	
320	1875.137	277.3519	2079.3333	2521.3335	
321	1879.314	275.1147	3125.3333	3558.3335	
322	1883.482	210.6299	1912.0000	2285.3335	
323	1887.641	185.5580	1637.3335	1977.0000	
324	1891.791	241.8201	1583.0000	1970.3335	
325	1895.932	251.0849	2813.3333	3206.6665	
326	1900.064	262.6834	1477.0000	1878.6666	
327	1904.187	254.6152	3006.6667	3397.0000	
328	1908.300	239.8802	2685.3333	3057.6665	
329	1912.405	241.8908	2633.3333	2993.3333	
330	1916.501	251.7647	2689.3335	3057.0000	
331	1920.588	256.8889	2082.3335	2452.0000	
332	1924.666	259.0960	2239.6667	2605.3333	
333	1928.734	263.6540	3123.3335	3502.6670	
334	1932.794	261.7537	2532.0000	2928.6665	
335	1936.844	256.5825	2010.3333	2329.3333	
336	1940.885	258.9113	1960.6667	2331.3335	
337	1944.917	262.3234	2379.0000	2724.0000	
338	1948.940	274.4231	2585.3333	2977.6665	
339	1952.954	268.3143	2350.0000	2750.0000	
340	1956.959	249.7269	849.6667	1143.0000	
341	1960.955	243.0682	1003.6666	1341.6666	
342	1964.941	253.9095	1307.0000	1611.3333	
343	1968.918	248.3226	1004.3334	1354.0000	
344	1972.886	242.0844	468.6666	781.6666	
345	1976.845	237.8450	555.0000	844.3334	
346	1980.794	243.6888	-246.3333	63.0000	
347	1984.735	246.6161	203.3333	503.3334	
348	1988.666	250.1268	31.6667	329.3333	
349	1992.588	239.8151	438.3333	705.6667	
350	1996.500	257.3677	-374.3333	-77.3333	
351	2000.404	257.5891	344.3333	626.6667	
352	2004.298	284.3939	-400.3333	-82.6667	
353	2008.182	262.6153	212.6667	541.6667	
354	2012.058	228.1700	-359.6667	-98.6667	
355	2015.924	242.3915	239.0000	514.0000	
356	2019.781	259.6962	-463.0000	-166.6667	
357	2023.628	259.9547	255.3333	542.6667	
358	2027.466	259.2133	-452.0000	-142.3333	
359	2031.295	238.5551	210.6667	466.3333	
360	2035.114	260.9807	-414.6667	-141.6667	
361	2038.924	277.0119	222.6667	510.6667	
362	2042.725	280.7099	-428.6667	-141.6667	
363	2046.516	280.5328	197.3333	490.6667	
364	2050.298	253.2771	-495.6667	-192.0000	
365	2054.070	216.1207	204.3333	429.0000	
366	2057.833	217.1310	-344.3333	-118.6667	
367	2061.586	239.4745	203.0000	451.0000	
368	2065.330	249.4848	-369.3333	-113.3333	
369	2069.065	254.9118	164.3333	408.3334	
370	2072.790	260.8387	-328.0000	-44.0000	
371	2076.505	268.0050	320.3333	590.0000	
372	2080.211	260.6719	-382.6667	-103.0000	
373	2083.908	256.6471	195.6667	423.3333	
374	2087.595	257.1639	-299.6667	-41.3333	
375	2091.272	253.7224	33.6667	284.0000	
376	2094.940	237.2393	-287.0000	-65.6667	
377	2098.599	235.8969	237.6667	482.0000	
378	2102.248	234.7212	-150.6667	66.6667	
379	2105.887	250.0456	203.0000	452.6667	
380	2109.516	252.8695	-445.3333	-191.6667	
381	2113.136	257.8672	-730.6667	-446.6667	
382	2116.747	257.6983	-160.3333	67.0000	
383	2120.348	269.0294	176.6667	447.0000	
384	2123.939	284.8604	-593.0000	-306.6667	
385	2127.521	249.5071	88.6667	351.3333	
386	2131.093	235.8488	-453.6667	-206.3333	
387	2134.655	243.6071	73.3333	331.6667	
388	2138.207	244.9492	-389.6667	-164.6667	
389	2141.750	245.0693	265.3333	556.3334	
390	2145.283	239.1060	-446.0000	-196.0000	
391	2148.807	232.2261	216.0000	459.0000	
392	2152.321	247.2734	-612.6667	-374.3333	
393	2155.825	255.6919	86.3333	318.0000	
394	2159.319	288.7562	-311.3333	-24.0000	
395	2162.804	262.7372	325.3333	586.3334	
396	2166.279	262.7177	-298.3333	-37.6667	
397	2169.744	247.2976	132.3333	377.6667	
398	2173.199	241.2942	-416.0000	-192.3333	
399	2176.644	247.5409	149.3333	427.0000	
400	2180.080	247.4542	-197.3333	13.6667	
401	2183.506	272.2841	440.6667	711.3333	
402	2186.922	290.8641	-382.0000	-92.6667	
403	2190.328	248.1108	-31.6667	215.0000	
404	2193.725	239.3580	-403.6667	-165.6667	
405	2197.111	245.4681	222.3333	466.6667	
406	2200.488	232.9975	-417.0000	-156.6667	
407	2203.854	228.2972	216.3333	455.3334	
408	2207.211	232.7222	-357.3333	-113.6667	
409	2210.558	253.7274	311.3333	576.3333	
410	2213.896	257.3786	-456.6667	-161.6667	
411	2217.223	245.4048	290.0000	547.3333	
412	2220.540	246.3274	-372.3333	-135.3333	
413	2223.847	268.3129	338.3333	632.0000	
414	2227.145	270.3876	-594.0000	-347.6667	
415	2230.432	263.8166	154.0000	450.0000	
416	2233.709	244.9538	-609.3333	-365.6667	
417	2236.977	245.2994	216.6667	450.6667	
418	2240.234	248.3325	-506.0000	-268.0000	
419	2243.482	248.7406	-11.6667	222.0000	
420	2246.719	257.0855	-381.6667	-99.0000	
421	2249.946	257.7466	279.6667	510.6667	
422	2253.164	260.5745	-451.0000	-181.6667	
423	2256.371	262.9856	241.0000	483.6667	
424	2259.568	255.9382	-390.6667	-90.3333	
425	2262.755	241.3404	195.6667	442.6667	
426	2265.933	234.4509	-135.6667	106.6667	
427	2269.100	230.0016	357.3333	609.0000	
428	2272.256	246.7447	-355.3333	-55.6667	
429	2275.403	246.6268	182.3333	443.3333	
430	2278.540	260.7590	-337.0000	-66.6667	
431	2281.667	287.7244	284.6667	596.6667	
432	2284.783	262.2733	-426.6667	-140.0000	
433	2287.889	236.7387	217.0000	435.6667	
434	2290.985	248.2942	-411.0000	-111.6667	
435	2294.071	228.2902	207.3333	447.6667	
436	2297.147	242.0992	-565.3333	-351.6667	
437	2300.212	285.1848	243.6667	541.3333	
438	2303.267	284.1661	-452.6667	-154.6667	
439	2306.312	256.1475	-23.3333	248.0000	
440	2309.347	246.4625	-581.6667	-318.6667	
441	2312.372	210.6196	370.6667	597.6667	
442	2315.386	228.1100	-278.3333	-34.0000	
443	2318.390	244.1837	122.6667	413.3333	
444	2321.384	250.0911	-513.6667	-276.0000	
445	2324.368	253.7636	344.6667	613.0000	
446	2327.341	263.9361	-513.6667	-246.3333	
447	2330.304	287.0253	188.3333	484.0000	
448	2333.256	251.0542	-423.0000	-154.3333	
449	2336.199	238.3994	-1.0000	207.0000	
450	2339.131	243.7446	-386.0000	-109.3333	
451	2342.052	257.5065	399.3333	666.0000	
452	2344.963	253.5181	-583.6667	-297.6667	
453	2347.864	243.9727	339.0000	598.0000	
454	2350.755	248.6773	-425.0000	-168.0000	
455	2353.635	276.3141	177.3333	460.0000	
456	2356.505	255.1470	-457.0000	-195.0000	
457	2359.364	231.0164	239.3333	476.0000	
458	2362.213	242.5523	-282.6667	-35.6667	
459	2365.051	247.7550	201.6667	450.3333	
460	2367.879	248.9575	-210.6667	24.3333	
461	2370.697	255.4216	102.0000	390.3333	
462	2373.504	265.1358	-247.6667	-24.6667	
463	2376.300	269.0999	280.3333	548.0000	
464	2379.086	271.8141	-366.3333	-108.3333	
465	2381.862	262.7782	121.0000	362.0000	
466	2384.627	256.6590	-374.6667	-85.3333	
467	2387.382	248.9564	254.6667	446.3333	
468	2390.125	245.1499	-537.0000	-319.3333	
469	2392.859	236.6158	233.0000	427.3333	
470	2395.582	235.5859	-306.0000	-57.3333	
471	2398.294	238.9518	379.6667	577.0000	
472	2400.996	235.2348	-601.3333	-397.3334	
473	2403.687	241.9513	232.0000	439.6667	
474	2406.368	254.0010	-440.6667	-224.0000	
475	2409.038	256.6341	329.0000	563.0000	
476	2411.697	263.4490	-382.3333	-178.3333	
477	2414.346	260.1518	299.0000	509.3333	
478	2416.984	251.5212	-425.6667	-239.6667	
479	2419.612	255.8073	107.6667	324.0000	
480	2422.228	263.2600	-375.3333	-210.3333	
481	2424.834	264.3794	211.6667	434.6667	
482	2427.430	266.6238	-470.3333	-259.0000	
483	2430.015	263.7015	179.6667	380.6667	
484	2432.589	240.0705	1163.3333	1284.6666	
485	2435.152	240.0995	224.3333	448.6666	
486	2437.705	244.8786	-634.0000	-475.6667	
487	2440.247	260.1576	83.3333	265.3333	
488	2442.778	273.0195	-432.0000	-229.6667	
489	2445.298	268.9925	56.3333	237.3333	
490	2447.808	250.1885	-521.3333	-326.3333	
491	2450.306	233.5481	391.6667	545.6667	
492	2452.794	241.4072	-386.0000	-226.0000	
493	2455.272	240.7689	282.6667	442.6667	
494	2457.738	252.2347	-583.6667	-398.6667	
495	2460.194	254.7215	249.0000	431.0000	
496	2462.638	252.5206	-315.3333	-127.3333	
497	2465.073	250.7781	439.0000	580.3333	
498	2467.496	250.1398	-415.6667	-224.6667	
499	2469.908	246.6057	446.3333	616.0000	
500	2472.309	239.8010	-319.6667	-181.6667	
501	2474.699	247.3502	17.3333	193.0000	
502	2477.079	258.5659	-442.3333	-271.6667	
503	2479.448	260.4483	227.6667	429.6667	
504	2481.805	260.2475	-397.3333	-212.3333	
505	2484.152	258.7133	183.6667	369.0000	
506	2486.488	252.5123	-398.6667	-226.6667	
507	2488.813	258.0615	203.0000	401.0000	
508	2491.127	263.9439	-606.6667	-444.3333	
509	2493.430	263.4097	225.0000	434.6667	
510	2495.722	268.6254	-268.3333	-70.6667	
511	2498.003	205.7579	-34.3333	101.0000	
