resultName	muna14-17
resultName	muna14-17
ID	RS20191212110948_P19331194
Command	SCANANDSEARCH
User	Admin
Application	_Analyze
SerialNumber	P19331194
Power	280
Integration	900
Averages	3
AutoExposure	Off
AutoCollect	Off
QuickCollect	Off
AutoBackground	On
BaselineCorrection	On
Algorithm	Wavelet
Searched Library	All,None,None,None
MixtureComponents	2
matchThreshold	0.75
displayMatches	1
Threshold	0.80
WL Start	
WL End	
ServerVersion	3.180316
FirmwareVersion	
date	2019-12-12
time	11:09:48
scanindex	0
specpath	RS20191212110948_P19331194.xml
Search Range	200 - 2500
Synced	false
lastCalDateTime	2019-12-12 08:43:43
lastCalUser	Admin
lastCalResult	PASS
lastVerifyDateTime	2019-10-16 15:05:37
lastVerifyUser	Admin
lastVerifyResult	PASS
selectedMaterial	
result	No Match
ValidationGUID	
ValidationMatchQuality	
topMatch	
topMatchGUID	
topMatchQuality	
secondMatch	
secondMatchGUID	
secondMatchQuality	
thirdMatch	
thirdMatchGUID	
thirdMatchQuality	
fourthMatch	
fourthMatchGUID	
fourthMatchQuality	
fifthMatch	
fifthMatchGUID	
fifthMatchQuality	
signedBy	
signedDateTime	
softwareVer	1.7.0.21
memo	
batchID	
inBatch	false
batchUID	
batchCID1	
batchCIDlbl1	
batchCID2	
batchCIDlbl2	
batchCID3	
batchCIDlbl3	
batchCID4	
batchCIDlbl4	
batchCID5	
batchCIDlbl5	
signedTitle	
signedReason	
rescanned	
barcode	
topMatchContribs	
secondMatchContribs	
thirdMatchContribs	
fourthMatchContribs	
fifthMatchContribs	
ValidationMatchContribs	
Threat	
PrecursorList	
CompundName	
WindowStart4C	
MatchLibrary	
lastModified	2019/12/12 11:12
Signal2Noise	71.85
Detector TEC SetPoint	0x8000
Detector Temp	5.02
Laser Temp	25.38
OE1 Temp	33.88
OE2 Temp	37.56
Detector Gain	200
SaturationDetected	false
InterpolatedPixelList	
PeakList	 297.3	770	324.6	590	335.0	567	398.6	511	443.1	676	482.7	472	650.1	2159	751.9	622	804.5	642	842.0	531	959.2	759	1142.1	588	1212.0	863	1333.8	691	1377.7	1211	1457.4	4730	1645.2	3873	1673.2	3267	1714.0	733
index	Raman Shift (cm-1)	Y value (counts)	background (counts)	raw value (counts)
0	137.923	550.2408	8224.6670	11277.3340	
1	144.410	427.3344	8886.0000	11741.0000	
2	150.891	261.4280	9398.6670	12013.0000	
3	157.367	267.1878	9530.3340	12075.6660	
4	163.837	396.6163	9093.0000	11693.0000	
5	170.302	308.0448	10226.6660	12663.3340	
6	176.762	328.4706	9769.0000	12151.3330	
7	183.215	251.8992	9517.3330	11748.3340	
8	189.664	144.3249	9164.3340	11213.0000	
9	196.106	167.0855	10420.6670	12417.3330	
10	202.544	228.1801	10136.0000	12119.0000	
11	208.975	320.2737	10532.0000	12532.3330	
12	215.401	325.3674	9807.6670	11738.3330	
13	221.822	324.2322	10474.6670	12356.0000	
14	228.236	314.7808	10672.0000	12488.0000	
15	234.646	197.2117	10890.0000	12595.6660	
16	241.049	146.3105	9129.0000	10791.0000	
17	247.447	207.4093	10067.6660	11798.0000	
18	253.839	202.1741	8956.6660	10689.0000	
19	260.226	222.2729	9742.6660	11502.3340	
20	266.607	183.0358	8029.6670	9757.3330	
21	272.982	343.6328	10194.0000	12113.6670	
22	279.352	551.2288	9246.3330	11405.0000	
23	285.716	720.8249	8673.3330	11033.0000	
24	292.074	665.4208	8062.3330	10398.0000	
25	298.426	770.3999	7842.3340	10313.0000	
26	304.773	637.0466	7701.0000	10068.3330	
27	311.114	446.0275	8846.3330	11052.6670	
28	317.449	453.6857	7045.3330	9303.0000	
29	323.779	590.3420	7481.6670	9826.0000	
30	330.102	564.3324	7367.3330	9635.6660	
31	336.420	566.6556	7698.0000	9918.6660	
32	342.732	546.3130	7688.6670	9839.0000	
33	349.039	306.3032	6962.3340	8822.6670	
34	355.339	183.6270	5890.3335	7578.0000	
35	361.634	141.4169	8165.0000	9748.0000	
36	367.923	6.2421	5699.0000	7101.0000	
37	374.205	200.0024	6025.0000	7609.0000	
38	380.483	503.0968	6506.3330	8381.6670	
39	386.754	377.1902	6561.6660	8299.3330	
40	393.019	309.6176	4822.0000	6480.3340	
41	399.278	511.3512	6119.0000	7966.0000	
42	405.532	392.0849	4773.6670	6488.3330	
43	411.779	243.4030	2824.6667	4291.3335	
44	418.021	230.6375	3674.0000	5195.3335	
45	424.257	243.8648	3393.0000	4902.0000	
46	430.487	341.3421	2009.3334	3620.6665	
47	436.710	550.2365	1381.0000	3188.0000	
48	442.928	675.7972	1175.6666	3095.0000	
49	449.140	504.2713	2235.6667	3982.3333	
50	455.346	398.8067	1010.3334	2636.3333	
51	461.546	225.0089	1009.3334	2446.3333	
52	467.739	98.2110	913.0000	2208.0000	
53	473.927	305.3401	1454.0000	2933.0000	
54	480.109	472.1359	505.6667	2128.3333	
55	486.285	425.9321	313.0000	1866.3335	
56	492.454	388.4878	570.6667	2052.0000	
57	498.618	295.1500	1217.6667	2476.3335	
58	504.775	329.3332	764.3334	2123.6667	
59	510.926	325.6205	497.6667	1886.3333	
60	517.072	300.8868	517.0000	1774.0000	
61	523.211	269.1954	890.0000	2079.6667	
62	529.344	302.5040	175.6667	1363.0000	
63	535.471	231.1461	817.3333	1897.6667	
64	541.591	219.4129	143.6667	1141.6667	
65	547.706	255.0547	1316.6667	2350.3333	
66	553.814	277.5717	2173.6665	3224.0000	
67	559.917	290.7137	2514.6667	3512.0000	
68	566.013	322.6888	1122.6667	2116.3333	
69	572.102	291.0016	967.3333	1913.3333	
70	578.186	296.2277	69.0000	1030.3333	
71	584.263	237.5309	351.6667	1247.3334	
72	590.334	83.0007	156.6667	903.0000	
73	596.399	153.9348	1223.0000	2073.0000	
74	602.458	289.5356	1340.3334	2358.6667	
75	608.510	542.4695	1390.3334	2694.3333	
76	614.556	827.0708	1882.3333	3503.6670	
77	620.596	873.2245	1949.3333	3630.0000	
78	626.630	830.9907	1377.6666	2895.6667	
79	632.657	951.7563	1187.3333	2972.0000	
80	638.677	1230.0226	1052.3334	3128.0002	
81	644.692	1900.6212	1853.3333	4612.3330	
82	650.700	2159.2207	950.0000	3980.3335	
83	656.702	1624.1532	425.6667	2933.6667	
84	662.697	983.7523	293.0000	2173.3333	
85	668.686	770.9534	478.0000	2026.0000	
86	674.669	732.6545	-134.3333	1465.3334	
87	680.645	730.7719	612.6667	2195.6665	
88	686.615	439.2227	826.0000	2102.6665	
89	692.578	202.5125	1114.6667	2148.0000	
90	698.535	223.1357	301.6667	1349.0000	
91	704.486	223.7767	710.3333	1761.6666	
92	710.430	225.1993	574.0000	1622.3335	
93	716.368	193.6688	582.3334	1551.3334	
94	722.299	176.3051	692.0000	1756.6667	
95	728.223	434.6914	660.0000	2015.6667	
96	734.141	531.6609	676.0000	2208.6667	
97	740.053	499.0472	1243.0000	2743.0000	
98	745.958	544.3160	1055.3334	2608.0000	
99	751.857	622.3309	1956.0000	3617.6665	
100	757.749	597.3459	947.6666	2615.3333	
101	763.634	476.4449	1892.0000	3443.6665	
102	769.513	274.5442	1192.3334	2547.0000	
103	775.385	133.9767	1528.6667	2747.6667	
104	781.251	243.4090	1324.6666	2658.0000	
105	787.110	349.1755	1974.0000	3454.6665	
106	792.963	352.2753	1872.3335	3246.0000	
107	798.809	475.7083	2504.3335	4060.6665	
108	804.648	641.8087	1759.6667	3479.0000	
109	810.481	558.8309	2168.6667	3810.6665	
110	816.307	279.5201	1343.3334	2711.6665	
111	822.126	58.5431	1943.6665	3096.6667	
112	827.938	89.2449	1479.3334	2679.3335	
113	833.744	315.3600	2041.0000	3474.3335	
114	839.544	531.1415	1634.3333	3290.6665	
115	845.336	412.9238	2151.3333	3696.6670	
116	851.122	412.0178	1651.3334	3124.0000	
117	856.901	444.4810	2067.6667	3662.0000	
118	862.673	375.9031	1900.3333	3422.6670	
119	868.439	408.1580	1843.0000	3410.3335	
120	874.198	284.0086	1154.3333	2603.3335	
121	879.950	232.0644	1592.6667	2987.3333	
122	885.695	245.4540	1232.6666	2596.6665	
123	891.434	280.8436	1752.0000	3190.6665	
124	897.165	269.9002	1477.0000	2902.3333	
125	902.890	218.0593	1177.0000	2543.3333	
126	908.608	272.3849	905.3334	2258.3333	
127	914.319	375.3775	1497.6667	3007.0000	
128	920.024	435.5366	710.3333	2272.6665	
129	925.721	281.3625	1302.3334	2703.3335	
130	931.412	279.5215	555.0000	1947.0000	
131	937.095	155.3474	1075.6667	2336.3335	
132	942.772	200.1726	622.3333	1920.6665	
133	948.442	371.9541	965.6667	2435.0000	
134	954.105	657.9760	392.3333	2134.6667	
135	959.761	758.9976	789.3334	2619.6667	
136	965.410	500.6853	483.6667	2042.6665	
137	971.053	311.6171	667.6667	2031.0000	
138	976.688	293.3821	-20.0000	1315.6666	
139	982.316	299.9803	497.0000	1848.3333	
140	987.937	280.4822	419.0000	1722.6667	
141	993.552	259.1630	409.0000	1705.0000	
142	999.159	225.7606	154.0000	1415.6666	
143	1004.759	228.6081	607.6666	1884.0000	
144	1010.352	214.9556	51.0000	1322.0000	
145	1015.939	270.5531	466.3333	1828.3333	
146	1021.518	311.9008	386.0000	1803.0000	
147	1027.090	353.2483	587.6667	2059.6667	
148	1032.655	362.1793	250.0000	1774.6665	
149	1038.213	336.5664	567.6666	2021.0000	
150	1043.764	318.3701	224.0000	1752.3334	
151	1049.307	255.3407	477.0000	1919.3335	
152	1054.844	101.1454	16.0000	1322.3334	
153	1060.373	203.9950	631.6667	2055.0000	
154	1065.896	219.5338	391.6666	1857.0000	
155	1071.411	278.4830	692.6667	2227.0000	
156	1076.919	339.0988	437.0000	2042.0000	
157	1082.420	323.5450	780.0000	2370.6665	
158	1087.914	362.0746	241.0000	1770.3333	
159	1093.400	464.4377	877.3334	2611.3333	
160	1098.880	396.8840	824.0000	2491.6665	
161	1104.352	247.7111	1109.0000	2615.6667	
162	1109.817	242.2707	645.0000	2133.0000	
163	1115.274	407.4970	1295.3333	2935.3333	
164	1120.725	450.0569	788.3333	2457.6665	
165	1126.168	546.5181	1351.0000	3086.6667	
166	1131.604	514.3124	996.6666	2670.0000	
167	1137.032	426.7733	1639.6665	3195.3333	
168	1142.453	587.9001	820.0000	2506.6667	
169	1147.868	569.3058	1613.6667	3257.3335	
170	1153.274	366.7114	1386.3334	2803.0000	
171	1158.674	279.1169	1756.6667	3061.3333	
172	1164.066	172.5225	1366.6666	2540.3335	
173	1169.450	155.2338	2363.3335	3527.0000	
174	1174.828	169.0290	1818.0000	2970.6667	
175	1180.198	218.6424	2646.6667	3895.6665	
176	1185.560	286.5333	2189.3333	3553.6667	
177	1190.916	260.4236	2634.3333	3957.6667	
178	1196.263	326.6480	2486.3333	3921.6670	
179	1201.604	546.5383	2952.3333	4633.6670	
180	1206.937	744.7621	2379.0000	4284.6665	
181	1212.262	863.2623	3215.6665	5248.3335	
182	1217.581	672.2344	2854.0000	4695.0000	
183	1222.891	494.1099	3423.6665	5100.3335	
184	1228.194	478.9846	3098.6665	4774.0000	
185	1233.490	366.0696	3897.0000	5493.0000	
186	1238.778	146.1537	3706.6670	5116.3335	
187	1244.059	286.5720	3946.6665	5530.3335	
188	1249.333	394.3231	3807.6670	5532.6665	
189	1254.598	366.7659	4931.6670	6683.0000	
190	1259.856	130.8753	4457.0000	6026.3330	
191	1265.107	191.6526	5229.6665	6913.6670	
192	1270.350	247.7620	5170.6665	6964.6670	
193	1275.586	297.2049	5826.0000	7723.3340	
194	1280.814	290.6478	5263.6670	7208.3340	
195	1286.034	420.7567	6040.6670	8169.3335	
196	1291.247	379.7026	5717.6665	7874.6670	
197	1296.452	251.9555	6766.6670	8839.6670	
198	1301.650	349.8754	6293.3330	8508.0000	
199	1306.840	369.7953	7256.3330	9534.6670	
200	1312.022	410.7155	6881.3330	9244.3340	
201	1317.197	268.7772	7417.6660	9657.6660	
202	1322.364	140.8401	7296.3330	9427.3330	
203	1327.523	494.3736	7937.6665	10422.3330	
204	1332.674	690.7997	7469.0000	10156.6670	
205	1337.818	663.7646	8361.6670	11026.0000	
206	1342.955	315.0646	7679.6660	9999.0000	
207	1348.083	225.6957	8716.6670	10950.3330	
208	1353.204	186.3287	7994.3330	10192.3330	
209	1358.317	413.9608	9262.0000	11691.3330	
210	1363.422	890.9268	8616.0000	11526.0000	
211	1368.520	962.8928	9479.3330	12465.0000	
212	1373.610	947.8584	8992.6670	11967.0000	
213	1378.692	1211.1443	9814.6670	13063.6670	
214	1383.766	1103.0963	9211.6670	12364.0000	
215	1388.832	433.0482	10247.3340	12741.0000	
216	1393.891	0.0000	9379.0000	11451.0000	
217	1398.942	89.6252	10318.6670	12478.6670	
218	1403.984	234.6970	9643.3330	11924.0000	
219	1409.020	608.7676	10735.3330	13365.6660	
220	1414.047	1213.1731	9811.0000	13021.3340	
221	1419.066	1539.6595	10675.0000	14180.6660	
222	1424.078	1794.1481	10056.3330	13785.3330	
223	1429.081	2505.9705	10765.6660	15175.3340	
224	1434.077	3416.7859	10175.6670	15446.0000	
225	1439.065	3913.2627	10998.6670	16715.0000	
226	1444.045	4170.7393	10290.3330	16213.6660	
227	1449.016	4630.8833	11109.0000	17442.0000	
228	1453.980	4719.6924	10074.3330	16445.6660	
229	1458.936	4729.7935	11140.0000	17437.3340	
230	1463.885	3551.8914	9968.0000	15003.3330	
231	1468.825	2239.9905	10803.6670	14443.0000	
232	1473.757	1340.0917	9670.6660	12326.0000	
233	1478.681	778.3964	10468.0000	12489.0000	
234	1483.597	454.0345	9426.0000	11050.0000	
235	1488.505	367.3387	10563.6670	12028.3330	
236	1493.405	233.3101	9673.0000	10931.0000	
237	1498.297	203.1348	10789.0000	11965.0000	
238	1503.181	163.2770	10032.3330	11122.3340	
239	1508.057	200.6240	10481.6670	11576.3330	
240	1512.924	155.3043	7344.3330	8354.3330	
241	1517.784	168.9844	9541.0000	10514.0000	
242	1522.635	213.6646	10483.0000	11466.0000	
243	1527.479	259.5118	11949.6670	12929.0000	
244	1532.314	334.0255	11120.3340	12159.6670	
245	1537.142	298.8260	12232.0000	13239.0000	
246	1541.961	244.1146	11466.0000	12459.0010	
247	1546.772	230.7332	12524.6680	13545.0000	
248	1551.574	240.6888	11832.6670	12903.6660	
249	1556.369	229.2181	13130.3340	14266.0000	
250	1561.155	198.4153	12115.3340	13296.3340	
251	1565.933	201.6116	13000.3320	14260.6660	
252	1570.703	199.8089	12819.3320	14154.0000	
253	1575.465	284.6175	13372.6660	14903.0000	
254	1580.219	307.0921	12183.0000	13846.6660	
255	1584.964	437.5687	13226.0000	15131.0000	
256	1589.701	523.0443	11966.6670	14068.0000	
257	1594.430	573.5199	12372.3340	14635.0000	
258	1599.150	571.6625	11715.3340	14087.0000	
259	1603.863	632.9410	13314.6660	15877.3340	
260	1608.567	669.9608	12655.6660	15354.0000	
261	1613.262	862.8649	13605.3330	16550.3320	
262	1617.949	1051.7714	13488.3330	16676.0000	
263	1622.629	1073.3434	13768.6660	17031.6660	
264	1627.299	1170.5809	12695.6660	16109.6660	
265	1631.961	1776.5118	12988.3340	17034.6660	
266	1636.615	2739.2351	11674.6670	16688.3340	
267	1641.261	3829.2783	13653.3320	19761.6660	
268	1645.898	3872.9858	12548.0000	18704.6660	
269	1650.527	2902.5442	13850.3330	18970.3340	
270	1655.147	2033.0980	11878.3340	16062.6660	
271	1659.759	1806.3234	13298.6660	17190.0000	
272	1664.363	2230.2139	13061.6660	17310.6680	
273	1668.958	2957.4326	13853.6680	18763.6660	
274	1673.544	3267.3242	12362.3340	17516.0000	
275	1678.123	2883.5476	12068.3330	16772.0000	
276	1682.692	1751.7704	11987.6670	15493.3340	
277	1687.254	908.6659	11763.6660	14339.6680	
278	1691.806	292.2242	12161.6660	14034.6660	
279	1696.350	142.1197	14186.0000	15822.3330	
280	1700.886	138.3890	11881.3340	13444.3340	
281	1705.413	314.7352	12175.6660	13787.3340	
282	1709.932	676.0790	10656.0000	12501.3330	
283	1714.442	733.0931	13479.3330	15254.0000	
284	1718.944	539.1044	11445.3340	12898.3340	
285	1723.437	251.7064	11825.6670	12909.0000	
286	1727.921	170.6424	8701.6670	9621.6670	
287	1732.397	182.2441	11635.3340	12474.3340	
288	1736.864	197.8236	11389.3340	12187.0000	
289	1741.323	197.0701	10767.3340	11507.3330	
290	1745.773	213.9839	8865.6670	9565.6670	
291	1750.214	253.2304	11421.6670	12104.0000	
292	1754.647	241.4778	10447.3330	11061.0000	
293	1759.071	275.6744	10226.6670	10844.6660	
294	1763.486	300.3942	7393.3335	8013.6670	
295	1767.893	316.8215	9665.0000	10291.0000	
296	1772.291	318.4372	11113.6660	11682.0000	
297	1776.680	298.5782	9034.6670	9617.6670	
298	1781.061	290.9689	7089.3330	7596.6670	
299	1785.432	287.5261	7584.0000	8123.6670	
300	1789.796	293.5005	6554.0000	7085.0000	
301	1794.150	290.3673	7663.3330	8225.6660	
302	1798.495	290.1734	9261.0000	9785.3330	
303	1802.832	282.4794	9560.0000	10101.6670	
304	1807.160	277.2021	9578.3330	10083.6670	
305	1811.480	268.6747	7468.6670	7987.0000	
306	1815.790	267.2305	6441.6665	6931.6670	
307	1820.092	274.2028	7161.3340	7655.6670	
308	1824.385	291.3146	6477.6670	6964.0000	
309	1828.669	322.1815	8162.6670	8695.6660	
310	1832.944	296.7165	7355.0000	7860.0000	
311	1837.210	283.1674	5835.3335	6297.0000	
312	1841.468	285.7014	5869.0000	6364.0005	
313	1845.716	285.1357	6579.0000	7073.0000	
314	1849.956	278.7784	7725.3330	8192.6670	
315	1854.187	275.5669	7230.0000	7719.0000	
316	1858.409	275.3549	6168.3330	6647.6665	
317	1862.622	287.4388	5604.0000	6086.0000	
318	1866.826	330.2729	4703.0000	5218.3335	
319	1871.021	309.4401	3480.0000	3965.0000	
320	1875.207	267.7744	3104.3330	3541.3335	
321	1879.384	260.1084	4015.3330	4455.6665	
322	1883.552	252.2180	2178.6665	2551.6667	
323	1887.712	261.9592	1930.0000	2346.3333	
324	1891.862	271.7843	2109.0000	2519.0000	
325	1896.003	271.8333	3354.0000	3763.3330	
326	1900.135	277.9657	2095.3333	2536.0000	
327	1904.258	277.0981	4052.0000	4435.6665	
328	1908.372	287.9181	3569.6665	4007.6665	
329	1912.478	297.4684	3433.3335	3876.3335	
330	1916.574	300.1899	3348.0000	3739.0000	
331	1920.661	319.0155	2539.6665	2990.0000	
332	1924.738	312.4243	3074.0000	3517.3335	
333	1928.807	286.2416	3895.3335	4306.3335	
334	1932.867	278.0592	3167.3333	3522.0000	
335	1936.917	284.2099	2441.6665	2859.6667	
336	1940.959	296.6941	2349.3333	2795.3333	
337	1944.991	293.5115	3130.0000	3470.6670	
338	1949.014	299.6622	2997.0000	3404.3335	
339	1953.028	292.8129	2530.6667	2911.3335	
340	1957.033	289.2136	776.0000	1156.3333	
341	1961.029	296.0559	1249.6666	1631.0000	
342	1965.015	273.3149	1155.6666	1497.0000	
343	1968.992	266.3563	913.3333	1229.6666	
344	1972.960	274.0236	247.0000	614.0000	
345	1976.919	270.1794	416.0000	743.3333	
346	1980.869	267.6687	-201.0000	106.0000	
347	1984.809	275.7412	182.0000	501.0000	
348	1988.740	285.5641	-136.3333	182.3333	
349	1992.661	290.1227	408.6667	741.0000	
350	1996.574	299.5913	-334.0000	-15.0000	
351	2000.477	294.9782	346.6667	630.6666	
352	2004.371	295.4483	-390.6667	-35.6667	
353	2008.256	295.1685	272.6667	567.3333	
354	2012.131	285.3886	-361.0000	-45.0000	
355	2015.997	284.1921	271.3333	549.3333	
356	2019.853	279.8287	-430.6666	-119.6667	
357	2023.701	282.3526	303.0000	588.0000	
358	2027.538	286.6263	-373.3333	-79.6667	
359	2031.367	287.9002	223.0000	533.0000	
360	2035.186	288.1948	-382.3333	-113.0000	
361	2038.996	288.1757	259.3333	556.0000	
362	2042.796	288.4066	-395.0000	-122.3333	
363	2046.587	290.1167	197.6667	525.6667	
364	2050.368	282.2651	-410.0000	-149.3333	
365	2054.140	282.7802	216.6667	521.0000	
366	2057.903	286.6701	-330.6667	-42.6667	
367	2061.656	287.1852	192.3333	504.6667	
368	2065.399	274.5335	-324.3333	-40.3333	
369	2069.133	274.7151	182.3333	454.3333	
370	2072.858	281.5635	-311.0000	8.6667	
371	2076.573	298.5573	345.0000	604.0000	
372	2080.278	299.8047	-342.3333	-33.0000	
373	2083.974	300.9140	204.6667	500.3334	
374	2087.661	292.1899	-268.3333	7.0000	
375	2091.338	293.5493	22.0000	313.6667	
376	2095.005	288.9921	-295.6667	-16.0000	
377	2098.663	262.6326	274.6667	527.3334	
378	2102.311	277.0230	-223.0000	23.0000	
379	2105.949	303.9133	188.0000	480.6667	
380	2109.578	286.2203	-423.6666	-149.3333	
381	2113.198	255.1077	-673.0000	-430.3333	
382	2116.807	289.3284	-149.6667	126.6667	
383	2120.407	299.4658	170.6667	484.0000	
384	2123.998	300.0198	-555.3333	-280.3333	
385	2127.579	288.4724	116.3333	395.3333	
386	2131.150	287.6674	-431.0000	-135.6667	
387	2134.711	288.3622	99.0000	375.6667	
388	2138.263	286.2448	-381.3333	-105.6667	
389	2141.805	286.5918	294.3333	587.6667	
390	2145.337	284.9806	-414.0000	-140.0000	
391	2148.859	276.5985	240.6667	526.6667	
392	2152.372	270.7744	-590.0000	-343.0000	
393	2155.875	276.5826	100.0000	352.6667	
394	2159.368	289.8908	-287.0000	-15.6667	
395	2162.852	290.0325	342.6667	603.3333	
396	2166.326	303.0079	-280.3333	-1.6667	
397	2169.790	294.1721	127.3333	408.3333	
398	2173.244	283.2529	-393.0000	-129.0000	
399	2176.688	266.0421	191.3333	440.6667	
400	2180.123	282.1646	-185.6667	82.3333	
401	2183.547	303.3704	424.3334	726.0000	
402	2186.962	300.8263	-318.6667	-26.3333	
403	2190.367	311.5321	-34.0000	271.0000	
404	2193.762	307.3209	-393.6666	-48.3333	
405	2197.147	296.2197	262.6667	536.3334	
406	2200.522	271.9731	-409.3334	-120.0000	
407	2203.888	274.8038	244.0000	503.3333	
408	2207.243	275.5510	-347.0000	-57.3333	
409	2210.589	266.0970	330.0000	612.0000	
410	2213.924	254.0180	-414.0000	-159.0000	
411	2217.250	259.1265	307.0000	565.3333	
412	2220.565	290.6518	-357.0000	-52.0000	
413	2223.871	301.9407	348.0000	628.6666	
414	2227.167	300.0289	-613.3333	-305.0000	
415	2230.453	297.2421	184.0000	446.6667	
416	2233.728	297.8303	-621.6667	-326.6667	
417	2236.994	290.7934	225.3333	501.0000	
418	2240.250	291.8816	-488.6667	-228.0000	
419	2243.495	294.8865	2.3333	281.0000	
420	2246.731	294.6412	-360.6667	-85.0000	
421	2249.957	298.3759	268.0000	567.3333	
422	2253.172	281.6938	-408.0000	-150.6667	
423	2256.377	252.4284	268.0000	492.3333	
424	2259.573	290.4964	-354.6667	-96.0000	
425	2262.758	310.3334	188.6667	464.6667	
426	2265.933	302.0036	-147.0000	135.3333	
427	2269.098	272.7253	383.3333	627.0000	
428	2272.253	263.3967	-302.3333	-69.0000	
429	2275.397	264.8418	219.6667	457.6667	
430	2278.532	290.4536	-342.6667	-49.6667	
431	2281.656	287.2320	336.0000	599.6666	
432	2284.771	289.8438	-374.3333	-121.0000	
433	2287.875	321.2889	171.3333	478.6667	
434	2290.968	287.5073	-355.0000	-88.6667	
435	2294.052	268.0150	223.3333	473.3333	
436	2297.125	271.1895	-558.3333	-337.3333	
437	2300.188	280.1071	269.0000	561.6666	
438	2303.241	293.4412	-439.3333	-177.6667	
439	2306.284	291.6921	-30.3333	262.3333	
440	2309.316	289.1929	-563.6667	-282.3333	
441	2312.338	282.1141	344.6667	619.0000	
442	2315.350	265.7020	-306.6667	-48.6667	
443	2318.352	282.9567	153.0000	428.3334	
444	2321.343	304.5430	-529.0000	-232.0000	
445	2324.323	300.3471	346.6667	647.3333	
446	2327.294	293.4845	-491.3334	-220.6667	
447	2330.254	287.8720	180.0000	471.6667	
448	2333.204	272.9607	-424.3333	-166.0000	
449	2336.144	274.2960	-17.0000	250.0000	
450	2339.073	277.8606	-343.6667	-71.3333	
451	2341.991	281.7167	428.3333	666.0000	
452	2344.900	285.2827	-549.3334	-276.3333	
453	2347.798	281.5876	344.6667	613.6667	
454	2350.685	270.1843	-418.3333	-172.6667	
455	2353.562	290.6236	178.0000	431.0000	
456	2356.429	294.0311	-472.0000	-250.6667	
457	2359.285	300.4345	196.0000	502.6666	
458	2362.130	298.9628	-292.0000	-35.3333	
459	2364.966	292.4912	174.3333	447.3333	
460	2367.790	290.1440	-235.3333	3.0000	
461	2370.604	287.2481	90.3333	337.0000	
462	2373.408	278.0189	-245.3333	-3.6667	
463	2376.202	278.3731	265.3333	515.3334	
464	2378.984	273.7271	-377.0000	-187.0000	
465	2381.756	291.1646	104.3333	341.0000	
466	2384.518	304.3521	-332.0000	-85.0000	
467	2387.269	296.2061	240.0000	476.0000	
468	2390.010	285.0609	-553.6667	-336.3333	
469	2392.739	279.9299	191.0000	430.6667	
470	2395.458	286.0764	-338.3333	-143.3333	
471	2398.167	279.9731	302.3333	551.6666	
472	2400.865	275.7446	-602.0000	-366.0000	
473	2403.553	256.3202	255.3333	451.6667	
474	2406.229	270.4373	-386.3333	-222.6667	
475	2408.896	280.6378	309.3333	556.0000	
476	2411.551	305.4496	-377.3333	-150.0000	
477	2414.196	309.2372	290.0000	519.3334	
478	2416.830	296.9414	-435.6666	-222.6667	
479	2419.453	285.0623	88.0000	285.3333	
480	2422.066	283.5165	-380.6667	-188.6667	
481	2424.668	288.7207	215.0000	401.0000	
482	2427.260	288.6332	-465.3333	-267.0000	
483	2429.840	277.2958	180.6667	418.3333	
484	2432.410	271.6669	956.0000	1014.3333	
485	2434.969	260.8601	235.0000	438.3334	
486	2437.517	263.8867	-659.0000	-498.3333	
487	2440.055	298.0799	104.6667	287.0000	
488	2442.581	347.4398	-474.6667	-246.0000	
489	2445.097	324.7081	19.0000	223.6667	
490	2447.602	281.9377	-521.6667	-350.6667	
491	2450.096	270.2174	391.3334	550.0000	
492	2452.580	261.4974	-393.0000	-243.6667	
493	2455.052	278.5963	280.3333	446.0000	
494	2457.514	284.6953	-580.3333	-404.3333	
495	2459.965	289.4609	252.0000	399.0000	
496	2462.405	310.5599	-288.6667	-93.3333	
497	2464.834	297.6588	418.0000	599.6667	
498	2467.252	289.2369	-406.0000	-243.3333	
499	2469.659	286.2317	447.3333	624.0000	
500	2472.056	283.9348	-352.0000	-191.3333	
501	2474.441	285.5920	-15.3333	182.3333	
502	2476.816	279.7701	-430.6667	-312.0000	
503	2479.179	274.0107	224.0000	413.3333	
504	2481.532	276.3347	-361.3333	-234.3333	
505	2483.873	277.9919	200.3333	368.3333	
506	2486.204	249.5659	-358.3333	-237.0000	
507	2488.523	267.4730	248.6667	357.6667	
508	2490.832	293.0469	-618.6666	-454.0000	
509	2493.130	299.3709	234.3333	389.6667	
510	2495.416	351.8615	-316.6667	-99.6667	
511	2497.692	264.1854	-50.6667	77.0000	
