resultName	chilca7-123
resultName	chilca7-123
ID	RS20200904145629_P19331194
Command	SCANANDSEARCH
User	Admin
Application	_Analyze
SerialNumber	P19331194
Power	280
Integration	900
Averages	3
AutoExposure	Off
AutoCollect	Off
QuickCollect	Off
AutoBackground	On
BaselineCorrection	On
Algorithm	Wavelet
Searched Library	All,None,None,None
MixtureComponents	2
matchThreshold	0.0
displayMatches	1
Threshold	0.80
WL Start	
WL End	
ServerVersion	3.180316
FirmwareVersion	
date	2020-09-04
time	14:56:29
scanindex	0
specpath	RS20200904145629_P19331194.xml
Search Range	200 - 2500
Synced	false
lastCalDateTime	2020-08-20 09:29:50
lastCalUser	Admin
lastCalResult	PASS
lastVerifyDateTime	2020-09-04 13:30:42
lastVerifyUser	Admin
lastVerifyResult	PASS
selectedMaterial	
result	No Match
ValidationGUID	
ValidationMatchQuality	
topMatch	
topMatchGUID	
topMatchQuality	
secondMatch	
secondMatchGUID	
secondMatchQuality	
thirdMatch	
thirdMatchGUID	
thirdMatchQuality	
fourthMatch	
fourthMatchGUID	
fourthMatchQuality	
fifthMatch	
fifthMatchGUID	
fifthMatchQuality	
signedBy	
signedDateTime	
softwareVer	1.7.0.21
memo	
batchID	
inBatch	false
batchUID	
batchCID1	
batchCIDlbl1	
batchCID2	
batchCIDlbl2	
batchCID3	
batchCIDlbl3	
batchCID4	
batchCIDlbl4	
batchCID5	
batchCIDlbl5	
signedTitle	
signedReason	
rescanned	
barcode	
topMatchContribs	
secondMatchContribs	
thirdMatchContribs	
fourthMatchContribs	
fifthMatchContribs	
ValidationMatchContribs	
Threat	
PrecursorList	
CompundName	
WindowStart4C	
MatchLibrary	
lastModified	2020/09/04 14:58
Signal2Noise	56.55
Detector TEC SetPoint	0x8000
Detector Temp	4.95
Laser Temp	25.39
OE1 Temp	36.03
OE2 Temp	40.38
Detector Gain	200
SaturationDetected	false
InterpolatedPixelList	
PeakList	 305.1	812	322.0	721	427.4	754	434.9	689	650.9	1158	665.0	562	759.1	1865	787.7	1136	1157.6	556	1222.0	654	1296.6	1028	1377.7	1533	1444.2	5336	1565.2	2033	1644.8	3912	1672.9	2851
index	Raman Shift (cm-1)	Y value (counts)	background (counts)	raw value (counts)
0	137.471	452.1914	295.0000	3972.6670	
1	143.961	364.4451	341.0000	3810.0000	
2	150.446	262.6996	399.0000	3645.3335	
3	156.925	243.2868	502.6667	3608.6667	
4	163.399	232.8745	160.6667	3135.3335	
5	169.867	214.4617	577.6667	3413.0000	
6	176.330	246.0495	246.3333	2992.3333	
7	182.787	214.3036	469.6666	3063.0000	
8	189.239	143.8911	158.6667	2560.6667	
9	195.685	219.1451	461.3333	2817.6665	
10	202.125	185.3990	251.6667	2453.3333	
11	208.560	157.3205	747.6666	2800.3335	
12	214.989	178.2411	183.6667	2136.3335	
13	221.413	193.1050	608.3333	2524.6667	
14	227.831	164.4259	309.0000	2133.6667	
15	234.243	136.2328	647.3333	2449.3333	
16	240.650	208.0398	261.6667	2141.0000	
17	247.051	185.1803	425.0000	2287.0000	
18	253.446	198.6542	295.6667	2176.6667	
19	259.836	259.1278	558.3333	2505.3333	
20	266.220	255.9349	1.6667	1951.0000	
21	272.598	148.7734	623.6667	2485.6667	
22	278.971	85.9453	379.6667	2198.6667	
23	285.338	235.7838	503.3333	2492.0000	
24	291.699	558.2893	112.3333	2443.3335	
25	298.054	707.4929	454.3333	2957.6667	
26	304.404	811.6965	20.6667	2651.3335	
27	310.748	809.2333	688.0000	3339.3330	
28	317.086	708.4447	287.6667	2875.6667	
29	323.418	721.2369	385.0000	2953.3333	
30	329.744	717.0297	-118.6667	2413.0000	
31	336.065	423.8221	664.6667	2870.6667	
32	342.380	299.6144	259.0000	2308.3333	
33	348.689	268.4070	619.0000	2604.6667	
34	354.992	414.8658	154.6667	2254.3333	
35	361.289	490.6590	329.0000	2458.6665	
36	367.581	307.4468	194.0000	2107.6667	
37	373.866	141.5150	187.3333	1906.3333	
38	380.146	47.2502	188.3333	1784.3333	
39	386.420	106.6522	270.6667	1897.3335	
40	392.688	237.7205	67.6667	1796.6666	
41	398.949	255.0169	369.6667	2088.6665	
42	405.205	27.6469	227.3333	1691.6665	
43	411.456	148.9437	139.3333	1697.6667	
44	417.700	315.5736	-84.6667	1613.0000	
45	423.938	753.6975	348.3333	2475.3335	
46	430.170	686.8207	-54.6667	1996.6666	
47	436.396	688.6111	215.6667	2260.0000	
48	442.616	592.0681	69.6667	2008.6667	
49	448.830	431.0766	310.0000	2090.3335	
50	455.039	289.7447	-66.0000	1576.0000	
51	461.241	182.7465	133.0000	1651.6665	
52	467.437	152.4979	83.6667	1608.0000	
53	473.627	150.3417	207.0000	1674.0000	
54	479.811	170.4355	-1.3333	1531.6667	
55	485.989	495.9460	-72.3333	1788.3335	
56	492.160	433.3457	-145.0000	1642.3335	
57	498.326	494.2785	177.3333	2010.3335	
58	504.486	369.2114	-147.3333	1545.3334	
59	510.639	207.8107	175.6667	1691.6666	
60	516.787	242.9102	-172.0000	1319.6667	
61	522.928	393.7366	167.3333	1825.6667	
62	529.063	241.0632	-188.6667	1288.6667	
63	535.192	231.3896	2282.6667	3722.0000	
64	541.315	258.0495	1486.6666	2924.3333	
65	547.431	163.7092	482.3334	1797.3333	
66	553.542	206.7025	124.6667	1454.3333	
67	559.646	495.3622	385.3333	1975.3333	
68	565.744	338.3556	-41.3333	1363.3333	
69	571.835	209.0617	455.6667	1622.3334	
70	577.921	215.5240	-170.0000	1066.6667	
71	584.000	191.3118	205.0000	1472.6666	
72	590.073	177.7249	-193.0000	979.0000	
73	596.140	179.3856	195.6667	1416.6667	
74	602.200	167.3383	-94.3333	1140.3334	
75	608.255	186.2489	134.6667	1206.0000	
76	614.302	206.1597	-105.0000	1118.0000	
77	620.344	263.1952	151.0000	1548.6667	
78	626.379	258.6531	14.6667	1204.0000	
79	632.408	284.1110	286.6667	1596.6667	
80	638.431	398.2357	39.3333	1468.0000	
81	644.447	817.3602	496.0000	2348.3333	
82	650.457	1158.4850	-175.0000	2023.0000	
83	656.460	847.2764	49.6667	1941.0000	
84	662.457	521.6509	21.0000	1525.6666	
85	668.448	562.2078	166.0000	1677.3333	
86	674.432	323.1812	-256.0000	1034.6667	
87	680.410	232.4044	266.3333	1425.6666	
88	686.381	271.2947	-104.6667	1053.0000	
89	692.346	303.6009	415.0000	1554.0000	
90	698.305	386.5740	-93.0000	1159.6667	
91	704.257	304.0934	66.0000	1236.0000	
92	710.202	170.7844	-107.3333	925.0000	
93	716.142	88.6705	97.3333	1108.0000	
94	722.074	41.3483	-92.3333	831.6667	
95	728.000	5.4427	182.6667	1231.0000	
96	733.920	54.9955	-101.3333	1057.0000	
97	739.833	143.5482	303.0000	1610.3333	
98	745.739	339.2723	35.6667	1588.6666	
99	751.639	893.3054	537.3333	2708.0000	
100	757.533	1865.0049	-251.0000	2955.0000	
101	763.419	1773.2227	366.6667	3519.0000	
102	769.300	659.1073	-202.6667	1873.6667	
103	775.173	587.6588	263.3333	2306.3335	
104	781.040	1012.2097	-54.3333	2451.3335	
105	786.901	1136.4681	390.0000	3042.6667	
106	792.755	959.3932	127.6667	2626.0000	
107	798.602	934.6516	396.3333	2892.6665	
108	804.442	867.5769	-97.3333	2354.6667	
109	810.276	334.7020	488.3333	2388.6665	
110	816.103	116.2438	15.3333	1581.6667	
111	821.924	82.9525	391.0000	2002.0000	
112	827.738	52.1712	-77.0000	1497.6666	
113	833.545	62.6756	412.0000	1970.3333	
114	839.345	135.6798	52.0000	1593.3334	
115	845.139	301.6842	372.6667	2116.3333	
116	850.926	401.1880	186.0000	2002.3333	
117	856.706	276.2863	367.3333	2057.3335	
118	862.479	255.3842	230.6667	1898.3333	
119	868.246	372.7668	369.3333	2140.3333	
120	874.006	333.1901	38.3333	1769.3333	
121	879.759	422.1824	544.3333	2357.3333	
122	885.505	397.8413	95.3333	1877.0000	
123	891.245	442.1670	392.0000	2211.0000	
124	896.978	277.4928	173.6667	1821.0000	
125	902.703	48.7573	319.3333	1742.0000	
126	908.422	72.0219	-43.0000	1407.0000	
127	914.135	264.2866	395.0000	2041.3333	
128	919.840	423.5512	-192.6667	1617.0000	
129	925.538	303.1491	397.6667	2091.0000	
130	931.230	233.7471	-65.6667	1562.3333	
131	936.914	133.3452	592.0000	2123.6667	
132	942.592	240.6095	28.3333	1671.3333	
133	948.263	293.9843	389.6667	2097.0000	
134	953.927	470.3393	-1.6667	1887.0000	
135	959.584	508.3610	248.3333	2180.0000	
136	965.234	241.0493	78.3333	1747.6665	
137	970.877	160.4097	279.6667	1869.0000	
138	976.513	152.4365	-210.0000	1372.0000	
139	982.142	159.1299	252.6667	1817.6667	
140	987.764	203.0252	129.6667	1750.6666	
141	993.379	270.4503	97.6667	1779.0000	
142	998.987	262.8752	-76.6667	1590.0000	
143	1004.588	310.6334	363.0000	2070.3333	
144	1010.182	317.7250	-242.3333	1465.0000	
145	1015.769	271.1499	239.6667	1893.3333	
146	1021.349	192.5750	132.0000	1700.0000	
147	1026.922	203.5833	319.0000	1861.3333	
148	1032.487	248.4246	31.0000	1640.6665	
149	1038.046	218.7341	232.0000	1799.6667	
150	1043.597	100.3766	-37.3333	1399.6667	
151	1049.142	188.3523	184.0000	1696.6667	
152	1054.679	314.9956	-212.6667	1414.3334	
153	1060.209	299.1964	283.3333	1886.6667	
154	1065.732	363.0413	-22.0000	1646.6667	
155	1071.248	417.8401	261.0000	1975.6667	
156	1076.757	513.9719	-28.6667	1773.3333	
157	1082.258	375.9783	321.6667	1979.0000	
158	1087.753	200.3176	-107.6667	1367.3334	
159	1093.240	133.9904	292.3333	1694.3333	
160	1098.720	202.9968	153.6667	1618.0000	
161	1104.192	432.1091	293.3333	1971.0000	
162	1109.658	268.4141	-52.6667	1467.0000	
163	1115.116	244.0524	535.6666	2036.6667	
164	1120.567	149.0240	-32.3333	1379.3333	
165	1126.010	131.4931	340.3333	1744.3333	
166	1131.447	194.9625	-149.3333	1328.0000	
167	1136.876	236.7652	430.6667	1959.6667	
168	1142.298	263.2333	-238.3333	1327.0000	
169	1147.712	363.4090	343.0000	2030.0000	
170	1153.120	504.5848	-75.0000	1774.6667	
171	1158.519	555.7606	361.6667	2284.0000	
172	1163.912	298.9364	-78.3333	1608.6665	
173	1169.297	301.8582	479.6667	2180.3333	
174	1174.675	206.7799	47.0000	1663.3333	
175	1180.045	179.0876	444.6667	2056.6665	
176	1185.408	179.2707	25.6667	1641.0000	
177	1190.764	179.3699	348.3333	1952.3333	
178	1196.112	200.6362	149.6667	1792.6667	
179	1201.453	419.4851	359.3333	2224.3333	
180	1206.786	577.6681	-108.6667	1917.6667	
181	1212.112	598.8381	392.0000	2446.3335	
182	1217.431	609.1490	52.0000	2111.0000	
183	1222.742	654.0564	358.0000	2475.6665	
184	1228.045	617.6320	-65.0000	2030.0000	
185	1233.341	402.5185	400.0000	2297.6667	
186	1238.630	218.0715	137.3333	1868.3333	
187	1243.911	131.6247	425.3334	2087.6667	
188	1249.185	172.8439	82.6667	1804.0000	
189	1254.451	223.5977	633.0000	2458.6665	
190	1259.709	129.3516	184.6667	1969.6667	
191	1264.960	194.4389	590.6666	2494.3335	
192	1270.203	337.1924	291.6667	2391.6667	
193	1275.439	446.2795	609.6667	2872.3335	
194	1280.668	351.7000	46.0000	2267.6667	
195	1285.888	459.1201	654.3334	3037.0000	
196	1291.101	904.8911	14.0000	2911.6665	
197	1296.307	1028.1820	559.6667	3581.0000	
198	1301.505	743.1398	216.3333	2953.0000	
199	1306.695	633.4307	696.3333	3323.6665	
200	1311.877	553.7208	399.0000	2947.0000	
201	1317.052	155.5201	422.6667	2552.6667	
202	1322.219	115.6528	347.6667	2418.0000	
203	1327.379	408.2312	532.0000	2859.0000	
204	1332.531	434.0806	270.3333	2605.6665	
205	1337.675	257.7925	698.6667	2853.0000	
206	1342.811	172.8375	60.6667	2125.3333	
207	1347.940	105.5493	660.6667	2653.3333	
208	1353.061	119.5944	85.6667	2087.6665	
209	1358.174	193.9730	850.3333	2922.0000	
210	1363.280	479.0181	274.6667	2626.6667	
211	1368.377	960.7300	618.6667	3447.6670	
212	1373.467	1234.4419	260.0000	3358.0000	
213	1378.550	1533.1973	612.3333	4023.6665	
214	1383.624	1214.2869	284.3333	3391.3335	
215	1388.690	508.0420	801.3334	3216.6665	
216	1393.749	14.4650	182.6667	2119.0000	
217	1398.800	0.0000	648.6666	2570.3333	
218	1403.843	70.7397	284.0000	2252.6665	
219	1408.878	336.1468	936.0000	3146.3335	
220	1413.906	825.5532	271.3333	2947.3333	
221	1418.925	1296.5430	666.0000	3793.0000	
222	1423.937	1722.5315	314.6667	3847.6667	
223	1428.940	2776.1868	634.3334	5201.0000	
224	1433.936	4482.7827	383.0000	6618.3330	
225	1438.924	5063.0000	687.6667	7464.6670	
226	1443.904	5336.2168	298.6667	7310.3330	
227	1448.876	5318.1001	778.6667	7733.6665	
228	1453.840	5009.3169	143.0000	6750.6660	
229	1458.796	4161.2075	765.3333	6431.0000	
230	1463.744	3164.0972	240.6667	4815.3330	
231	1468.685	2320.9871	727.3333	4365.0000	
232	1473.617	1505.2095	195.6667	2923.6667	
233	1478.541	798.4492	619.0000	2560.0000	
234	1483.457	422.6880	125.0000	1610.0000	
235	1488.365	218.2617	679.3333	1879.6667	
236	1493.265	182.8336	37.0000	1121.6666	
237	1498.157	122.8853	744.6666	1719.6665	
238	1503.041	151.5064	88.6667	1050.6666	
239	1507.917	67.8556	624.0000	1471.6666	
240	1512.785	56.0386	138.3333	952.0000	
241	1517.645	72.7211	619.6667	1434.0000	
242	1522.496	57.2370	275.6667	1020.6667	
243	1527.340	134.5862	870.6666	1662.3333	
244	1532.175	212.2688	255.3333	1092.0000	
245	1537.002	185.8151	828.3334	1642.0000	
246	1541.822	180.6941	164.6667	1059.3334	
247	1546.633	177.5739	823.3334	1776.0000	
248	1551.435	310.4517	211.3333	1358.0000	
249	1556.230	594.0713	810.3333	2339.0000	
250	1561.016	1483.6909	315.0000	2831.6667	
251	1565.795	2033.3113	715.6666	3880.3335	
252	1570.565	1094.9292	442.6667	2767.3333	
253	1575.327	415.0608	687.0000	2403.3333	
254	1580.080	268.1928	255.0000	1896.0000	
255	1584.825	253.6574	758.6667	2456.6665	
256	1589.562	231.1230	122.0000	1869.0000	
257	1594.291	153.2550	706.3334	2447.0000	
258	1599.012	108.0531	167.6667	1934.6665	
259	1603.724	169.2071	565.3334	2486.0000	
260	1608.428	403.0449	352.3333	2559.6665	
261	1613.124	593.7947	683.3333	3130.3333	
262	1617.811	720.8772	612.3333	3235.3335	
263	1622.490	859.6257	735.0000	3545.6665	
264	1627.161	1661.7090	313.6667	3975.3335	
265	1631.823	2814.5059	638.6666	5467.0000	
266	1636.477	3671.3945	153.0000	5829.3335	
267	1641.123	3794.0449	912.6667	6701.6670	
268	1645.760	3912.3633	121.3333	6018.6670	
269	1650.389	3058.7603	695.0000	5641.0000	
270	1655.009	2243.1582	331.0000	4363.6665	
271	1659.621	1967.5562	793.6666	4453.0000	
272	1664.225	2185.2874	243.3333	4022.6665	
273	1668.820	2599.0176	901.3334	4996.6665	
274	1673.406	2851.0825	184.3333	4434.0000	
275	1677.985	2719.1470	493.0000	4513.0000	
276	1682.554	1491.8772	407.6667	3102.6665	
277	1687.116	523.7275	657.6667	2284.6667	
278	1691.668	145.9086	252.0000	1401.3334	
279	1696.213	44.7590	717.0000	1665.3333	
280	1700.749	27.0925	212.3333	1057.6666	
281	1705.276	47.6545	764.3333	1529.0000	
282	1709.794	100.8854	155.3333	872.0000	
283	1714.305	166.7825	631.3333	1312.6666	
284	1718.806	208.5110	157.3333	757.3333	
285	1723.299	238.3663	889.3334	1497.6667	
286	1727.784	244.0543	144.6667	742.3333	
287	1732.260	246.4028	688.0000	1230.0000	
288	1736.727	255.2809	170.6667	740.3334	
289	1741.186	234.8258	666.3333	1197.0000	
290	1745.636	220.2875	159.0000	652.0000	
291	1750.077	229.1657	730.3333	1235.0000	
292	1754.510	231.4608	138.6667	639.3333	
293	1758.934	241.4727	786.6667	1255.3333	
294	1763.349	258.3388	4.6667	494.3333	
295	1767.756	271.5595	619.6667	1108.6666	
296	1772.154	288.4254	-9.0000	533.3333	
297	1776.544	253.6072	613.0000	1052.6666	
298	1780.924	253.5391	-61.3333	371.6667	
299	1785.296	243.9710	695.3333	1171.3334	
300	1789.659	232.9860	-58.6667	376.3333	
301	1794.014	218.3288	675.0000	1104.0000	
302	1798.360	211.4865	202.0000	618.6666	
303	1802.697	211.9776	774.3334	1186.0000	
304	1807.025	206.4688	340.6667	741.3334	
305	1811.344	210.5431	435.0000	818.0000	
306	1815.655	217.6176	142.6667	555.3333	
307	1819.957	228.0253	768.0000	1168.6667	
308	1824.250	247.7381	83.0000	490.0000	
309	1828.534	248.7710	829.3333	1232.0000	
310	1832.809	249.2206	85.3333	508.0000	
311	1837.076	243.8368	675.3333	1078.3334	
312	1841.333	231.6198	288.6667	660.0000	
313	1845.582	231.4909	343.3333	741.3334	
314	1849.822	237.9453	195.0000	584.0000	
315	1854.053	245.8997	552.0000	963.0000	
316	1858.275	238.4373	33.6667	439.3334	
317	1862.488	234.9178	458.6666	845.3334	
318	1866.692	237.0649	83.0000	486.3333	
319	1870.888	240.5454	473.3333	872.3333	
320	1875.074	247.0259	-222.6667	177.6667	
321	1879.251	250.0064	458.6667	868.6667	
322	1883.420	231.3163	-91.3333	298.6667	
323	1887.579	215.8858	355.3333	714.0000	
324	1891.730	214.5387	-116.0000	277.0000	
325	1895.871	216.6248	589.6666	924.3333	
326	1900.004	219.1277	-77.6667	285.0000	
327	1904.127	237.8806	452.0000	831.3334	
328	1908.241	232.2166	-175.6667	214.3333	
329	1912.347	229.5504	426.0000	780.3334	
330	1916.443	229.9166	-15.6667	325.3333	
331	1920.530	232.4287	405.6666	770.0000	
332	1924.609	234.2739	-128.0000	218.6667	
333	1928.678	240.0705	597.0000	959.6666	
334	1932.738	245.8879	-69.6667	264.0000	
335	1936.788	250.7054	466.0000	851.0000	
336	1940.830	252.2729	-67.0000	293.6667	
337	1944.863	248.0070	263.0000	635.6667	
338	1948.886	241.3245	8.3333	339.0000	
339	1952.901	234.0586	452.3333	811.0000	
340	1956.906	236.3763	-96.3333	228.3333	
341	1960.902	237.2295	268.6667	603.0000	
342	1964.888	232.5826	11.6667	360.3333	
343	1968.866	199.7115	266.0000	567.6666	
344	1972.834	221.6142	-254.0000	65.6667	
345	1976.793	224.2580	242.6667	562.6667	
346	1980.743	238.8184	-268.0000	85.0000	
347	1984.684	240.2122	40.6667	363.0000	
348	1988.616	242.5233	-255.3333	78.3333	
349	1992.538	237.1905	428.0000	744.3333	
350	1996.451	243.2153	-313.6667	39.3333	
351	2000.354	231.2291	337.0000	636.0000	
352	2004.249	223.1597	-364.6667	-56.6667	
353	2008.134	223.0902	304.6667	575.3333	
354	2012.009	233.4374	-400.3333	-77.3333	
355	2015.876	245.1180	283.6667	584.6666	
356	2019.733	250.3813	-442.3333	-90.6667	
357	2023.580	247.3635	402.3333	722.0000	
358	2027.419	243.1791	-89.3333	257.0000	
359	2031.248	237.3280	896.0000	1186.3333	
360	2035.067	230.2266	-316.0000	20.3333	
361	2038.878	228.7351	266.3333	564.0000	
362	2042.678	229.4937	-433.3333	-114.0000	
363	2046.470	235.2521	236.6667	524.0000	
364	2050.252	225.4439	-436.3333	-94.0000	
365	2054.024	238.2768	192.6667	516.3334	
366	2057.787	240.0264	-370.6667	-38.6667	
367	2061.541	241.0259	212.6667	544.3333	
368	2065.285	231.4421	-360.3333	-40.0000	
369	2069.020	188.8584	197.3333	473.3334	
370	2072.745	205.9412	-308.3333	-17.0000	
371	2076.461	268.5622	364.3333	704.3333	
372	2080.167	249.3705	-116.0000	203.0000	
373	2083.864	237.8443	978.6666	1258.3333	
374	2087.551	237.4014	462.0000	781.3334	
375	2091.228	243.3751	68.3333	382.6667	
376	2094.896	242.7657	-309.0000	10.6667	
377	2098.555	233.9601	293.3333	599.3333	
378	2102.204	240.0711	-189.0000	114.0000	
379	2105.843	240.0988	215.6667	550.6667	
380	2109.473	232.3758	-381.6667	-77.3333	
381	2113.093	224.1217	-677.0000	-383.3333	
382	2116.703	230.6176	-154.3333	139.0000	
383	2120.304	241.9468	207.6667	514.3334	
384	2123.895	235.0260	-568.0000	-270.6667	
385	2127.477	220.9889	111.0000	404.0000	
386	2131.049	216.4192	-393.3333	-113.3333	
387	2134.611	227.7661	107.3333	400.0000	
388	2138.163	234.0304	-380.3333	-101.0000	
389	2141.706	246.7752	287.6667	617.3333	
390	2145.239	251.1866	-437.3334	-141.0000	
391	2148.763	245.2231	199.6667	543.0000	
392	2152.276	243.6384	-588.3334	-291.6667	
393	2155.780	213.2513	108.3333	375.3333	
394	2159.275	217.5308	-242.3333	29.6667	
395	2162.759	237.3937	357.0000	651.3333	
396	2166.234	239.3395	-258.0000	29.6667	
397	2169.698	245.0421	126.6667	443.0000	
398	2173.154	242.4113	-416.6667	-134.0000	
399	2176.599	233.1139	199.6667	512.0000	
400	2180.034	221.2332	-176.0000	96.3333	
401	2183.460	224.4358	466.6667	741.0000	
402	2186.876	235.4717	-309.3333	-0.3333	
403	2190.282	236.6743	6.3333	271.6667	
404	2193.678	241.7108	-381.6667	-93.6667	
405	2197.064	247.0394	231.0000	550.6667	
406	2200.440	233.0752	-370.3333	-96.3333	
407	2203.807	224.5115	232.0000	527.0000	
408	2207.164	222.1148	-343.6667	-60.0000	
409	2210.510	228.7260	354.3333	649.3333	
410	2213.847	250.9206	-414.0000	-95.3333	
411	2217.174	243.1152	293.6667	606.0000	
412	2220.491	209.6431	-330.6667	-50.3333	
413	2223.798	241.4578	394.6667	695.0000	
414	2227.094	256.5540	-457.6666	-144.0000	
415	2230.381	226.9836	384.6667	667.0000	
416	2233.658	218.0799	-583.0000	-311.3333	
417	2236.925	250.8427	233.6667	536.3333	
418	2240.182	263.2722	-509.0000	-195.6667	
419	2243.429	232.7018	6.3333	287.3333	
420	2246.666	224.8188	-353.6667	-79.3333	
421	2249.893	228.0047	311.0000	591.6666	
422	2253.110	227.5865	-398.0000	-171.3333	
423	2256.317	230.7724	236.0000	538.3333	
424	2259.513	235.7914	-347.6667	-86.3333	
425	2262.700	249.6462	219.6667	480.6666	
426	2265.876	253.7510	-145.6667	197.0000	
427	2269.043	236.7809	385.6667	646.6667	
428	2272.199	229.2759	-303.3333	-33.3333	
429	2275.345	228.3524	212.6667	477.3334	
430	2278.481	226.6789	-305.0000	-25.3333	
431	2281.607	224.4846	351.0000	615.0000	
432	2284.723	226.8319	-351.6667	-89.6667	
433	2287.828	238.7417	225.0000	511.6667	
434	2290.924	238.4719	-345.3333	-47.0000	
435	2294.009	218.0255	242.3333	499.3333	
436	2297.083	229.9129	-560.3333	-304.6667	
437	2300.148	237.6569	302.6667	601.0000	
438	2303.203	235.5051	-418.3333	-148.0000	
439	2306.247	235.0408	31.3333	282.6667	
440	2309.281	269.3059	-568.3334	-250.0000	
441	2312.305	236.9583	367.6667	655.3333	
442	2315.318	233.2774	-265.0000	20.6667	
443	2318.322	225.8465	150.0000	426.0000	
444	2321.314	224.1660	-487.6667	-204.6667	
445	2324.297	226.8532	377.3333	652.3333	
446	2327.269	235.9572	-460.0000	-193.3333	
447	2330.231	260.7278	175.3333	486.0000	
448	2333.183	238.7069	-426.0000	-127.0000	
449	2336.124	236.8838	-13.6667	281.6667	
450	2339.055	205.3939	-343.6667	-81.6667	
451	2341.976	214.7375	448.0000	694.0000	
452	2344.886	240.7473	-546.6666	-253.0000	
453	2347.786	220.9633	370.6667	647.0000	
454	2350.675	206.5125	-404.3334	-140.0000	
455	2353.554	233.2314	235.3333	475.3334	
456	2356.423	243.3476	-504.6667	-170.0000	
457	2359.281	255.9300	236.6667	522.0000	
458	2362.128	248.5958	-293.6667	16.6667	
459	2364.966	244.9283	199.3333	487.0000	
460	2367.792	236.7605	-245.6667	57.0000	
461	2370.609	234.1362	113.0000	381.0000	
462	2373.415	235.6784	-240.0000	35.0000	
463	2376.210	239.3875	294.6667	555.6667	
464	2378.995	243.4299	-411.0000	-118.3333	
465	2381.769	240.3056	113.0000	379.6667	
466	2384.533	230.6813	-322.3333	-69.3333	
467	2387.286	216.0569	269.0000	503.3333	
468	2390.029	250.0996	-560.0000	-295.6667	
469	2392.760	237.5544	192.0000	473.6666	
470	2395.482	225.5900	-338.6667	-92.3333	
471	2398.193	234.6674	333.3333	570.6667	
472	2400.893	234.4529	-608.3333	-338.3333	
473	2403.583	230.2542	242.6667	499.0000	
474	2406.262	219.7637	-423.3333	-160.3333	
475	2408.931	208.6900	391.3333	570.0000	
476	2411.589	221.8496	-344.6667	-129.3333	
477	2414.236	236.6528	342.6667	542.0000	
478	2416.872	269.2061	-424.6667	-169.6667	
479	2419.498	245.4261	83.6667	312.6667	
480	2422.113	235.6461	-378.0000	-161.0000	
481	2424.718	236.8661	219.0000	435.0000	
482	2427.312	229.4194	-440.3333	-234.0000	
483	2429.895	221.2228	222.6667	411.0000	
484	2432.467	221.8598	1286.3334	1517.6667	
485	2435.029	223.7886	266.0000	423.6667	
486	2437.580	231.3840	-661.6667	-461.6667	
487	2440.120	269.9796	86.6667	323.3333	
488	2442.649	258.5752	-414.3333	-191.0000	
489	2445.167	250.1742	65.0000	243.0000	
490	2447.675	238.2368	-514.6667	-260.3333	
491	2450.172	227.0229	376.6667	580.3334	
492	2452.658	214.9757	-386.3333	-194.6667	
493	2455.134	226.0414	297.3333	497.3333	
494	2457.598	244.1073	-581.0000	-365.6667	
495	2460.052	243.0899	247.0000	479.3333	
496	2462.495	232.9057	-287.6667	-89.0000	
497	2464.927	224.6382	449.3333	637.0000	
498	2467.348	200.3708	-384.0000	-223.3333	
499	2469.758	234.1033	467.0000	658.6666	
500	2472.157	243.1690	-337.0000	-139.0000	
501	2474.546	235.0322	30.0000	220.6667	
502	2476.923	233.8537	-421.0000	-236.3333	
503	2479.290	233.0294	246.6667	455.6667	
504	2481.645	232.2259	-345.3333	-173.6667	
505	2483.990	231.7348	233.0000	432.0000	
506	2486.323	239.0146	-364.3333	-182.3333	
507	2488.646	240.1278	221.6667	431.3333	
508	2490.958	239.3243	-634.3333	-430.3333	
509	2493.258	244.6042	252.3333	459.0000	
510	2495.548	269.1339	-279.6667	-47.6667	
511	2497.827	189.9971	-49.3333	104.3333	
