resultName	chilca0-60
resultName	chilca0-60
ID	RS20200227084100_P19331194
Command	SCANANDSEARCH
User	Admin
Application	_Analyze
SerialNumber	P19331194
Power	280
Integration	900
Averages	3
AutoExposure	Off
AutoCollect	Off
QuickCollect	Off
AutoBackground	On
BaselineCorrection	On
Algorithm	Wavelet
Searched Library	All,None,None,None
MixtureComponents	2
matchThreshold	0.0
displayMatches	1
Threshold	0.80
WL Start	
WL End	
ServerVersion	3.180316
FirmwareVersion	
date	2020-02-27
time	08:41:00
scanindex	0
specpath	RS20200227084100_P19331194.xml
Search Range	200 - 2500
Synced	false
lastCalDateTime	2020-02-27 08:30:34
lastCalUser	Admin
lastCalResult	PASS
lastVerifyDateTime	2019-10-16 15:05:37
lastVerifyUser	Admin
lastVerifyResult	PASS
selectedMaterial	
result	No Match
ValidationGUID	
ValidationMatchQuality	
topMatch	
topMatchGUID	
topMatchQuality	
secondMatch	
secondMatchGUID	
secondMatchQuality	
thirdMatch	
thirdMatchGUID	
thirdMatchQuality	
fourthMatch	
fourthMatchGUID	
fourthMatchQuality	
fifthMatch	
fifthMatchGUID	
fifthMatchQuality	
signedBy	
signedDateTime	
softwareVer	1.7.0.21
memo	
batchID	
inBatch	false
batchUID	
batchCID1	
batchCIDlbl1	
batchCID2	
batchCIDlbl2	
batchCID3	
batchCIDlbl3	
batchCID4	
batchCIDlbl4	
batchCID5	
batchCIDlbl5	
signedTitle	
signedReason	
rescanned	
barcode	
topMatchContribs	
secondMatchContribs	
thirdMatchContribs	
fourthMatchContribs	
fifthMatchContribs	
ValidationMatchContribs	
Threat	
PrecursorList	
CompundName	
WindowStart4C	
MatchLibrary	
lastModified	2020/02/27 08:41
Signal2Noise	73.02
Detector TEC SetPoint	0x8000
Detector Temp	4.97
Laser Temp	25.41
OE1 Temp	24.78
OE2 Temp	28.31
Detector Gain	200
SaturationDetected	false
InterpolatedPixelList	
PeakList	 304.7	1169	328.3	1000	431.1	907	495.6	775	560.8	1011	656.6	1204	665.5	915	759.0	3969	796.6	1416	888.9	741	1157.7	896	1292.6	1080	1304.7	858	1376.7	1944	1439.8	6688	1564.4	2019	1614.6	1982	1644.8	5007	1676.0	4131
index	Raman Shift (cm-1)	Y value (counts)	background (counts)	raw value (counts)
0	137.455	260.1707	1283.0000	5126.6670	
1	143.948	287.9583	1364.6666	5102.6670	
2	150.436	242.4121	1520.6667	5079.6665	
3	156.918	289.2000	1696.0000	5168.3335	
4	163.394	332.9872	1290.3334	4673.0000	
5	169.865	442.7751	1781.0000	5140.0000	
6	176.330	466.8958	1484.3334	4734.0000	
7	182.790	419.3502	1690.3335	4759.0000	
8	189.244	398.1379	1307.6666	4221.6665	
9	195.693	318.2588	1731.6667	4432.3335	
10	202.136	293.0465	1552.6666	4094.6665	
11	208.573	237.8337	2029.0000	4382.3330	
12	215.005	236.9546	1468.6667	3687.6665	
13	221.431	276.2720	1836.6667	4021.6665	
14	227.851	175.8311	1671.3335	3670.6667	
15	234.266	160.5714	2048.3333	4036.3335	
16	240.675	146.9774	1488.0000	3466.3330	
17	247.078	293.0510	1697.0000	3825.3335	
18	253.476	387.1240	1440.3334	3666.6665	
19	259.868	410.1973	1780.6667	4034.0000	
20	266.254	357.2707	1123.0000	3327.3335	
21	272.635	224.8953	1842.6665	3934.6667	
22	279.009	82.8525	1606.6665	3576.6665	
23	285.378	344.4770	1575.0000	3826.6670	
24	291.742	656.1012	1216.6666	3800.0000	
25	298.099	987.3641	1469.3334	4415.3335	
26	304.451	1168.9602	1036.3333	4195.3330	
27	310.797	1039.8901	1732.3333	4793.6665	
28	317.137	739.2813	1279.3334	4087.0000	
29	323.471	949.2390	1297.6667	4271.0000	
30	329.800	1000.1965	862.0000	3842.0000	
31	336.122	649.1541	1661.6667	4246.3335	
32	342.439	436.7784	1254.3333	3582.3335	
33	348.750	427.7355	1528.0000	3802.6665	
34	355.055	397.6934	894.3333	3094.6667	
35	361.354	447.3294	1327.6667	3518.6665	
36	367.648	295.8605	1005.0000	3002.0000	
37	373.935	133.2636	907.6666	2706.0000	
38	380.216	0.0000	1063.0000	2692.0000	
39	386.492	203.7365	1177.0000	2973.6667	
40	392.762	365.1396	767.0000	2689.0000	
41	399.025	414.4124	1115.3334	3059.6667	
42	405.283	120.3519	934.6666	2558.0000	
43	411.535	179.6245	566.3334	2222.0000	
44	417.781	384.2306	363.0000	2196.3333	
45	424.020	896.2923	852.0000	3206.3335	
46	430.254	907.3536	191.0000	2565.3333	
47	436.482	853.0818	404.0000	2733.0000	
48	442.704	645.8099	123.6667	2254.3333	
49	448.920	379.0936	460.3333	2347.0000	
50	455.129	277.9355	57.6667	1867.0000	
51	461.333	231.0273	166.3333	1939.6667	
52	467.531	255.4526	142.6667	1960.0000	
53	473.722	232.8552	352.0000	2097.0000	
54	479.908	378.0911	37.3333	2039.6667	
55	486.087	769.1600	-79.3333	2336.6665	
56	492.260	677.8326	-99.0000	2231.3333	
57	498.427	775.4114	224.6667	2637.6667	
58	504.588	428.9902	-31.0000	2020.6667	
59	510.743	228.5687	141.0000	1977.3333	
60	516.892	281.1473	-170.3333	1703.6667	
61	523.034	724.2507	174.6667	2435.3333	
62	529.171	442.3546	-256.6667	1665.6667	
63	535.301	300.7916	347.0000	2024.6667	
64	541.425	287.8953	-160.6667	1568.6667	
65	547.543	257.3323	277.0000	1845.0000	
66	553.655	390.7692	213.3333	1858.3333	
67	559.760	1010.5396	575.0000	2783.3333	
68	565.859	749.9767	58.0000	1949.3333	
69	571.952	311.9756	439.3333	1861.0000	
70	578.039	165.8087	-184.0000	1072.3333	
71	584.119	184.3102	133.0000	1384.3334	
72	590.193	208.4779	-257.3333	994.6666	
73	596.261	205.6858	170.3333	1463.3333	
74	602.323	194.5602	-18.0000	1204.0000	
75	608.378	216.6847	176.6667	1267.6666	
76	614.427	326.9758	-54.6667	1283.6667	
77	620.469	382.8268	239.3333	1752.0000	
78	626.505	363.1797	69.3333	1308.0000	
79	632.535	454.3660	260.3333	1771.3333	
80	638.559	602.3860	31.6667	1710.3335	
81	644.576	830.7388	463.0000	2389.6667	
82	650.587	1083.0913	-128.3333	2070.3333	
83	656.591	1204.4446	-24.0000	2315.6667	
84	662.589	888.4642	-80.3333	1963.0000	
85	668.581	915.1130	82.3333	2111.3335	
86	674.566	524.8449	-298.0000	1219.6667	
87	680.544	389.4103	154.3333	1687.0000	
88	686.517	320.7250	-150.6667	1161.0000	
89	692.483	341.6028	335.0000	1658.3334	
90	698.442	453.1469	-143.0000	1282.6666	
91	704.395	356.7173	-28.0000	1304.6666	
92	710.341	316.6526	-207.3333	1078.0000	
93	716.281	252.9214	7.6667	1286.0000	
94	722.214	34.5233	-204.6667	912.0000	
95	728.141	60.4588	92.6667	1292.0000	
96	734.061	135.7274	-220.3333	1111.0000	
97	739.975	243.9960	226.3333	1722.6667	
98	745.882	669.8589	-64.0000	1901.6666	
99	751.783	1952.3335	426.3333	3732.0000	
100	757.677	3969.4744	-329.0000	5051.3330	
101	763.564	3337.8408	258.3333	5044.0000	
102	769.445	1266.5400	-289.3333	2462.0000	
103	775.319	771.9057	165.3333	2459.0000	
104	781.187	929.2717	-204.0000	2284.0000	
105	787.048	1219.9657	269.6667	3069.0000	
106	792.902	1214.6599	29.0000	2843.6667	
107	798.750	1416.3540	318.0000	3355.0000	
108	804.591	990.3812	-207.0000	2424.6667	
109	810.425	384.2663	381.6667	2396.0000	
110	816.253	198.3184	-108.3333	1615.6667	
111	822.074	209.5370	268.6667	2083.0000	
112	827.888	104.6469	-177.3333	1538.6667	
113	833.695	200.9619	285.6667	1967.6666	
114	839.496	388.2773	-158.0000	1804.3333	
115	845.290	593.2595	237.3333	2386.0000	
116	851.078	367.9084	45.6667	1950.3333	
117	856.858	305.5936	224.0000	2072.6667	
118	862.632	151.2787	137.6667	1838.3334	
119	868.399	281.2575	219.0000	2042.0000	
120	874.159	363.5528	-95.3333	1820.0000	
121	879.913	594.7548	376.3333	2524.6667	
122	885.659	699.9564	-45.3333	2210.0000	
123	891.399	740.8254	219.3333	2517.3335	
124	897.132	309.0268	48.0000	1916.0000	
125	902.858	228.3997	193.3333	1979.0000	
126	908.577	230.4395	-166.0000	1620.0000	
127	914.290	407.1456	259.6667	2220.6665	
128	919.995	560.1856	-330.6667	1781.6667	
129	925.694	388.2250	244.6667	2183.3333	
130	931.385	227.2648	-181.6667	1594.3335	
131	937.070	196.6378	439.6666	2183.3333	
132	942.748	317.6778	-129.3333	1733.6667	
133	948.419	402.4113	188.0000	2155.0000	
134	954.083	545.8004	-176.6667	1946.0000	
135	959.740	428.5224	121.0000	2138.6667	
136	965.390	188.2451	-109.0000	1680.6666	
137	971.033	235.6267	108.6667	1955.3335	
138	976.669	278.0077	-380.6667	1518.0000	
139	982.299	294.0559	71.3333	1987.6667	
140	987.921	299.7833	-48.3333	1777.0000	
141	993.536	366.8270	-60.3333	1925.3335	
142	999.144	396.2037	-262.6667	1746.6666	
143	1004.745	388.9140	148.6667	2145.0000	
144	1010.339	373.2909	-421.6667	1553.3333	
145	1015.926	406.3344	70.3333	2072.6667	
146	1021.506	290.7114	-55.0000	1826.0000	
147	1027.078	298.3383	170.6667	2037.3333	
148	1032.644	353.1317	-163.6667	1768.3333	
149	1038.203	280.3340	61.0000	1913.0000	
150	1043.754	252.9531	-246.6667	1552.0000	
151	1049.298	260.1554	-33.0000	1793.0000	
152	1054.836	264.5054	-398.6667	1394.3333	
153	1060.366	289.8925	101.3333	1872.0000	
154	1065.889	388.3105	-201.3333	1730.6667	
155	1071.404	548.3558	89.3333	2168.6667	
156	1076.913	720.4007	-189.6667	2049.0000	
157	1082.414	640.3032	147.3333	2288.0000	
158	1087.908	351.2056	-278.3333	1555.3334	
159	1093.395	218.1080	101.3333	1784.0000	
160	1098.875	308.0108	-80.3333	1674.3335	
161	1104.348	487.5654	115.6667	2021.3333	
162	1109.813	403.3240	-291.0000	1526.6667	
163	1115.271	353.7490	246.6667	2011.0000	
164	1120.721	212.1746	-232.3333	1386.6667	
165	1126.165	203.9117	175.3333	1787.3334	
166	1131.601	219.3157	-298.0000	1330.6667	
167	1137.030	292.7196	246.6667	1950.0000	
168	1142.452	374.4550	-393.6667	1392.6667	
169	1147.866	548.7532	178.6667	2163.6665	
170	1153.273	778.0518	-258.0000	1980.6667	
171	1158.672	896.3500	195.6667	2577.0000	
172	1164.064	560.6487	-260.3333	1809.6667	
173	1169.449	375.9566	328.6667	2238.0000	
174	1174.827	271.2644	-106.3333	1680.0000	
175	1180.197	212.6688	305.3333	2131.3333	
176	1185.560	215.3842	-111.6667	1681.3333	
177	1190.915	193.7666	195.0000	1994.3333	
178	1196.263	266.2324	-10.6667	1915.3333	
179	1201.603	451.9483	222.3333	2355.6667	
180	1206.936	531.6637	-299.3333	1935.3333	
181	1212.262	435.9079	282.6667	2444.3333	
182	1217.580	501.7592	-36.0000	2200.0000	
183	1222.891	678.2044	288.0000	2725.0000	
184	1228.194	696.9832	-165.6667	2314.6667	
185	1233.489	490.4671	332.3333	2633.3333	
186	1238.778	384.9514	-4.6667	2218.0000	
187	1244.058	301.4355	293.0000	2459.3333	
188	1249.331	220.2529	-3.6667	2108.6667	
189	1254.597	263.9468	547.0000	2754.6667	
190	1259.855	169.3072	122.0000	2286.6667	
191	1265.106	302.3344	538.3334	2887.6667	
192	1270.349	403.3612	239.0000	2741.0000	
193	1275.584	549.0556	596.6666	3296.0000	
194	1280.812	447.7493	15.3333	2665.0000	
195	1286.032	707.1096	629.6667	3590.3335	
196	1291.244	1080.0007	-10.6667	3391.3335	
197	1296.449	1041.1855	576.3334	3934.3330	
198	1301.647	820.3725	235.6667	3367.6665	
199	1306.836	858.2257	748.3333	3913.0000	
200	1312.018	817.0784	418.6667	3537.0000	
201	1317.193	262.6244	435.6667	2966.0000	
202	1322.359	124.8367	395.0000	2754.0000	
203	1327.518	529.8914	614.3334	3328.0000	
204	1332.670	550.7064	361.6667	3074.3335	
205	1337.813	347.6932	794.0000	3318.6665	
206	1342.949	205.6806	119.3333	2517.0000	
207	1348.077	154.0010	727.6666	3088.6667	
208	1353.198	241.9881	215.3333	2679.3333	
209	1358.311	331.6419	946.0000	3514.6665	
210	1363.415	921.9630	390.3333	3564.3335	
211	1368.513	1566.6162	791.3333	4625.0000	
212	1373.602	1792.6035	375.0000	4449.6665	
213	1378.684	1943.9766	765.0001	5019.3330	
214	1383.757	1305.6833	474.3333	4118.6665	
215	1388.823	429.0562	1033.0000	3829.0000	
216	1393.881	66.0980	349.3333	2810.6665	
217	1398.932	17.6356	836.3333	3261.0000	
218	1403.974	13.6363	488.0000	2883.0000	
219	1409.009	350.9708	1174.6666	3881.3333	
220	1414.036	980.6373	517.6667	3828.3333	
221	1419.054	1625.6797	878.6666	4801.3335	
222	1424.065	2280.3882	517.0000	5061.3330	
223	1429.068	4220.7637	885.3334	7337.0000	
224	1434.064	6371.9175	622.6666	9170.3330	
225	1439.051	6687.5366	951.6666	9760.0000	
226	1444.030	6541.4907	557.3333	9164.6670	
227	1449.001	6405.1108	1064.3334	9480.3330	
228	1453.965	5816.0649	420.6667	8192.6670	
229	1458.920	4781.8135	1040.6667	7661.6660	
230	1463.868	3580.5664	460.3333	5763.3335	
231	1468.807	2609.6484	1010.3334	5225.6665	
232	1473.739	1620.3979	440.6666	3550.0000	
233	1478.662	922.7963	855.0000	3164.3335	
234	1483.578	457.8618	348.0000	2090.0000	
235	1488.485	274.5950	897.3334	2353.6667	
236	1493.385	192.3261	298.6667	1570.3333	
237	1498.276	216.3101	975.3334	2201.6667	
238	1503.159	176.5336	370.3333	1497.3333	
239	1508.035	173.9347	879.3334	1961.3335	
240	1512.902	97.6689	342.6667	1306.0000	
241	1517.761	120.1536	835.0000	1780.6667	
242	1522.612	162.5544	498.0000	1455.6667	
243	1527.454	168.5385	1212.0000	2119.0000	
244	1532.289	243.4400	576.0000	1480.0000	
245	1537.116	272.2938	1125.6666	2115.0000	
246	1541.934	237.0480	516.3333	1530.0000	
247	1546.745	272.1364	1114.0000	2222.3333	
248	1551.547	441.2274	563.3334	1900.3333	
249	1556.341	945.5596	1112.6666	3059.3333	
250	1561.126	1890.8926	591.0000	3588.3335	
251	1565.904	2019.2251	1035.0000	4266.0000	
252	1570.673	955.2238	775.6667	3048.0000	
253	1575.434	429.0407	1020.0000	2839.3333	
254	1580.187	319.8576	534.0000	2317.3333	
255	1584.932	203.0073	1075.0000	2814.6665	
256	1589.668	55.1577	418.3333	2083.3333	
257	1594.396	41.9744	974.3334	2616.0000	
258	1599.116	97.4576	409.3334	2263.0000	
259	1603.828	574.3868	868.6667	3298.0000	
260	1608.531	1678.8237	644.0000	4226.3335	
261	1613.226	1982.2266	997.3334	4959.0000	
262	1617.912	1590.2969	919.3334	4565.0000	
263	1622.591	1724.3672	1010.6666	4866.3335	
264	1627.261	2742.4360	562.6667	5512.3330	
265	1631.922	3906.0864	897.3333	7050.0000	
266	1636.576	4353.0479	368.6667	6980.6670	
267	1641.220	4745.5664	1216.0000	8233.3330	
268	1645.857	5007.4214	432.0000	7724.0000	
269	1650.485	3671.1206	943.6666	6783.0000	
270	1655.105	2567.8223	549.3333	5169.0000	
271	1659.716	2254.5215	1002.3334	5192.3335	
272	1664.319	2405.8877	497.3334	4722.3330	
273	1668.913	3066.2539	1123.0000	5892.0000	
274	1673.499	3902.6201	376.3333	5865.3335	
275	1678.077	4130.9893	674.6667	6275.6670	
276	1682.646	2207.3530	613.0000	4174.0000	
277	1687.206	789.1105	850.3333	2879.0000	
278	1691.759	283.5346	466.0000	1875.0000	
279	1696.302	136.6255	978.3334	2126.3335	
280	1700.837	135.7243	355.6667	1405.3334	
281	1705.364	119.6234	920.6666	1837.6665	
282	1709.882	177.5223	292.0000	1150.3334	
283	1714.391	215.7151	823.0000	1589.6667	
284	1718.892	332.2811	272.0000	1074.0000	
285	1723.385	285.9112	1050.3334	1749.0000	
286	1727.868	308.8326	230.3333	917.0000	
287	1732.344	323.2643	792.6666	1439.3334	
288	1736.810	323.5860	322.6667	984.3333	
289	1741.268	317.9907	786.0001	1410.3333	
290	1745.717	312.2291	201.3333	857.0000	
291	1750.158	292.7176	822.6666	1414.6666	
292	1754.590	315.1225	226.3333	832.6666	
293	1759.014	350.6003	818.6666	1466.3333	
294	1763.428	368.3281	-11.3333	602.0000	
295	1767.835	384.0558	600.0000	1237.0000	
296	1772.232	386.0345	76.3333	690.6666	
297	1776.621	362.6208	609.3333	1202.0000	
298	1781.001	348.4569	-113.3333	492.0000	
299	1785.372	336.1266	660.3333	1227.0000	
300	1789.735	332.2959	-119.6667	453.3333	
301	1794.089	302.8488	604.6666	1163.3334	
302	1798.434	285.1849	164.0000	698.3334	
303	1802.770	290.1878	760.0000	1292.6666	
304	1807.098	283.8576	301.0000	820.6667	
305	1811.416	294.5272	369.3333	893.0000	
306	1815.726	322.8635	77.6667	623.0000	
307	1820.027	322.1996	665.6667	1203.6666	
308	1824.320	335.2273	-8.0000	522.6666	
309	1828.603	319.6036	684.0000	1199.0000	
310	1832.878	325.8133	28.0000	522.3333	
311	1837.144	349.3563	517.3333	1062.0000	
312	1841.401	351.3995	114.3333	661.0000	
313	1845.649	338.3468	181.3333	717.0000	
314	1849.889	307.2940	108.6667	615.3333	
315	1854.119	312.0747	447.6667	930.6666	
316	1858.340	317.2714	-92.0000	440.3333	
317	1862.553	320.5628	292.0000	824.0000	
318	1866.757	338.7708	-68.3333	467.3334	
319	1870.951	338.3955	315.3333	861.0000	
320	1875.137	331.9369	-347.6667	159.3333	
321	1879.314	335.2282	285.6667	825.3334	
322	1883.482	298.7696	-215.3333	281.3333	
323	1887.641	304.1745	173.3333	660.6667	
324	1891.791	311.1008	-288.3333	205.6667	
325	1895.932	312.7840	413.0000	904.3333	
326	1900.064	320.7380	-255.0000	281.3333	
327	1904.187	322.4212	327.0000	800.6666	
328	1908.300	341.2710	-332.6667	190.6667	
329	1912.405	347.6609	220.0000	748.6667	
330	1916.501	332.6707	-285.6667	211.0000	
331	1920.588	323.7223	210.3333	696.0000	
332	1924.666	324.7747	-303.6667	181.0000	
333	1928.734	323.2904	398.6667	878.6666	
334	1932.794	322.6396	-263.0000	215.3333	
335	1936.844	324.4056	301.6667	789.6666	
336	1940.885	320.5047	-240.0000	218.3333	
337	1944.917	323.6872	80.0000	554.3333	
338	1948.940	322.4532	-197.0000	286.6667	
339	1952.954	301.0523	309.6667	748.3333	
340	1956.959	321.9007	-253.3333	203.0000	
341	1960.955	342.9298	132.0000	631.3333	
342	1964.941	343.8755	-127.3333	336.0000	
343	1968.918	326.4477	110.0000	591.3333	
344	1972.886	326.1638	-391.0000	60.0000	
345	1976.845	326.8291	137.3333	613.3334	
346	1980.794	320.4528	-335.0000	120.6667	
347	1984.735	321.1182	-61.6667	369.6667	
348	1988.666	318.6582	-427.3333	74.6667	
349	1992.588	319.1597	281.0000	725.3333	
350	1996.500	323.4193	-433.3333	12.3333	
351	2000.404	330.8095	248.3333	701.0000	
352	2004.298	346.8663	-453.3333	15.0000	
353	2008.182	334.5898	222.6667	678.3333	
354	2012.058	313.3134	-447.6667	-13.6667	
355	2015.924	295.3701	221.6667	637.3333	
356	2019.781	321.4274	-501.0000	-59.6667	
357	2023.628	332.6557	230.3333	680.6667	
358	2027.466	332.9673	-473.0000	-11.3333	
359	2031.295	335.1956	163.3333	592.0000	
360	2035.114	337.7357	-453.6667	-0.6667	
361	2038.924	336.3091	166.6667	650.0000	
362	2042.725	322.9449	-470.6667	-64.3333	
363	2046.516	322.6642	122.6667	560.3334	
364	2050.298	318.2975	-476.3333	-85.6667	
365	2054.070	318.6240	131.6667	605.0000	
366	2057.833	320.1172	-413.6667	22.6667	
367	2061.586	316.1104	150.6667	589.6667	
368	2065.330	307.3535	-416.0000	10.0000	
369	2069.065	306.8467	119.3333	547.3333	
370	2072.790	308.2982	-354.6667	46.6667	
371	2076.505	326.4405	237.0000	674.0000	
372	2080.211	336.9492	-415.6667	10.0000	
373	2083.908	350.1692	118.6667	568.6666	
374	2087.595	340.7225	-352.6667	86.6667	
375	2091.272	325.6091	-27.0000	385.3333	
376	2094.940	331.9125	-357.3333	81.6667	
377	2098.599	337.9306	187.0000	588.3333	
378	2102.248	339.6154	-258.3333	201.3333	
379	2105.887	338.5502	132.0000	561.6667	
380	2109.516	320.3604	-470.3334	-74.3333	
381	2113.136	324.4438	-757.3333	-341.0000	
382	2116.747	311.0687	-222.6667	169.6667	
383	2120.348	309.7146	170.0000	545.6667	
384	2123.939	313.7979	-616.3333	-221.0000	
385	2127.521	301.3341	73.6667	469.6667	
386	2131.093	282.9895	-453.0000	-90.0000	
387	2134.655	305.5614	53.0000	435.6666	
388	2138.207	327.1330	-447.3333	-46.0000	
389	2141.750	335.8337	234.3333	650.3333	
390	2145.283	339.4510	-464.0000	-66.0000	
391	2148.807	351.8183	142.3333	572.0000	
392	2152.321	355.6480	-645.3334	-224.6667	
393	2155.825	332.6777	36.3333	436.0000	
394	2159.319	326.7490	-330.0000	62.3333	
395	2162.804	324.7785	334.0000	729.6667	
396	2166.279	322.2660	-329.6667	74.6667	
397	2169.744	317.5860	84.6667	473.0000	
398	2173.199	317.2393	-442.6667	-71.0000	
399	2176.644	328.1428	114.6667	519.3333	
400	2180.080	330.5462	-247.3333	131.3333	
401	2183.506	332.6996	380.6667	804.0000	
402	2186.922	312.6863	-378.6667	-6.0000	
403	2190.328	314.1730	-56.6667	315.3333	
404	2193.725	319.1603	-402.0000	-60.6667	
405	2197.111	325.0632	182.3333	589.0000	
406	2200.488	314.2637	-440.0000	-60.6667	
407	2203.854	318.6810	167.6667	558.6667	
408	2207.211	315.3064	-397.0000	0.0000	
409	2210.558	305.5925	286.3333	667.0000	
410	2213.896	312.5452	-471.3333	-82.6667	
411	2217.223	343.8313	248.0000	669.0000	
412	2220.540	355.7837	-421.6667	12.3333	
413	2223.847	333.6086	306.3333	704.0000	
414	2227.145	323.6349	-618.0000	-234.3333	
415	2230.432	321.6611	143.3333	547.0000	
416	2233.709	322.9374	-648.6667	-288.0000	
417	2236.977	325.7137	164.3333	549.0000	
418	2240.234	332.9899	-567.0000	-176.3333	
419	2243.482	339.2663	-31.0000	364.6667	
420	2246.719	335.3137	-442.0000	-20.0000	
421	2249.946	325.7747	218.6667	597.3334	
422	2253.164	294.0063	-458.6666	-114.0000	
423	2256.371	328.9048	175.6667	553.0000	
424	2259.568	322.1576	-417.3333	-2.0000	
425	2262.755	313.8499	167.3333	525.3334	
426	2265.933	318.2298	-193.6667	166.6667	
427	2269.100	347.6402	303.3333	705.0000	
428	2272.256	348.8918	-365.3333	37.0000	
429	2275.403	311.6589	143.0000	511.0000	
430	2278.540	298.4261	-374.3333	-16.6667	
431	2281.667	322.3599	312.6667	660.6667	
432	2284.783	358.6270	-451.3333	-27.6667	
433	2287.889	340.7274	137.3333	546.0000	
434	2290.985	330.7383	-437.0000	-49.6667	
435	2294.071	322.9293	187.0000	537.6667	
436	2297.147	319.1205	-651.3333	-242.6667	
437	2300.212	321.6500	229.6667	606.3334	
438	2303.267	323.0963	-484.6667	-107.3333	
439	2306.312	325.6257	-55.0000	337.6667	
440	2309.347	322.9056	-605.6667	-233.3333	
441	2312.372	316.5045	293.3333	676.3333	
442	2315.386	296.4367	-336.6667	3.3333	
443	2318.390	315.2023	113.3333	469.3333	
444	2321.384	351.9677	-553.6666	-163.6667	
445	2324.368	341.6324	306.3333	684.6667	
446	2327.341	322.2135	-511.6666	-155.6667	
447	2330.304	319.8781	159.0000	515.3333	
448	2333.256	305.9438	-452.0000	-112.3333	
449	2336.199	306.4006	-60.3333	303.3333	
450	2339.131	305.7742	-407.0000	-56.0000	
451	2342.052	312.0644	380.0000	740.6667	
452	2344.963	328.6669	-634.0000	-231.0000	
453	2347.864	326.9388	282.3333	647.6667	
454	2350.755	329.8980	-473.0000	-121.6667	
455	2353.635	370.6318	125.0000	535.6667	
456	2356.505	350.7406	-565.6667	-150.0000	
457	2359.364	340.9537	158.0000	506.3333	
458	2362.213	343.9168	-334.6667	51.0000	
459	2365.051	329.2133	149.6667	509.3333	
460	2367.879	316.1758	-271.6667	72.0000	
461	2370.697	313.5425	39.0000	375.3333	
462	2373.504	318.1591	-330.0000	22.6667	
463	2376.300	299.3592	245.3333	558.3334	
464	2379.086	312.3925	-445.0000	-152.3333	
465	2381.862	337.5924	48.3333	390.3333	
466	2384.627	338.2091	-383.0000	-45.0000	
467	2387.382	324.4924	213.6667	512.6667	
468	2390.125	324.1096	-633.6667	-308.6667	
469	2392.859	314.0886	148.6667	465.3333	
470	2395.582	320.1033	-426.6667	-108.6667	
471	2398.294	329.4514	243.6667	568.3333	
472	2400.996	328.1326	-662.0000	-332.6667	
473	2403.687	321.2646	198.0000	508.6666	
474	2406.368	305.6467	-471.0000	-209.3333	
475	2409.038	310.0288	257.0000	576.6667	
476	2411.697	327.4630	-411.3334	-135.6667	
477	2414.346	330.4308	258.0000	573.6667	
478	2416.984	334.2113	-478.3333	-200.6667	
479	2419.612	335.2415	30.6667	328.0000	
480	2422.228	334.3553	-441.0000	-163.6667	
481	2424.834	338.1357	155.3333	462.6667	
482	2427.430	315.6660	-508.6667	-249.6667	
483	2430.015	306.1131	166.3333	412.0000	
484	2432.589	315.2064	1071.3334	1217.0000	
485	2435.152	334.5049	194.6667	461.3333	
486	2437.705	333.7827	-739.3334	-430.0000	
487	2440.247	290.3937	67.3333	282.6667	
488	2442.778	336.6717	-484.6667	-226.6667	
489	2445.298	338.8973	-0.3333	268.3333	
490	2447.808	326.8441	-580.6666	-332.3333	
491	2450.306	328.2365	323.6667	582.3333	
492	2452.794	330.0681	-462.6667	-193.6667	
493	2455.272	329.9515	221.0000	480.3333	
494	2457.738	326.8558	-629.6667	-360.3333	
495	2460.194	323.1768	241.0000	468.3333	
496	2462.638	320.6645	-359.0000	-114.3333	
497	2465.073	321.9021	384.6667	617.3334	
498	2467.496	324.8898	-489.3333	-242.0000	
499	2469.908	327.8775	422.0000	642.3334	
500	2472.309	339.2802	-379.3333	-134.6667	
501	2474.699	336.7239	-55.6667	193.0000	
502	2477.079	331.5426	-521.0000	-286.0000	
503	2479.448	316.5072	197.6667	416.6667	
504	2481.805	290.5551	-381.6667	-202.6667	
505	2484.152	294.7696	145.3333	356.0000	
506	2486.488	308.2342	-395.3333	-235.6667	
507	2488.813	314.7820	151.3333	383.3333	
508	2491.127	315.7466	-664.3334	-435.3334	
509	2493.430	336.2944	185.6667	418.6666	
510	2495.722	400.2590	-361.6667	-65.6667	
511	2498.003	299.2236	-94.3333	99.6667	
