resultName	muna15-24
resultName	muna15-24
ID	RS20191212123735_P19331194
Command	SCANANDSEARCH
User	Admin
Application	_Analyze
SerialNumber	P19331194
Power	280
Integration	900
Averages	3
AutoExposure	Off
AutoCollect	Off
QuickCollect	Off
AutoBackground	On
BaselineCorrection	On
Algorithm	Wavelet
Searched Library	All,None,None,None
MixtureComponents	2
matchThreshold	0.75
displayMatches	1
Threshold	0.80
WL Start	
WL End	
ServerVersion	3.180316
FirmwareVersion	
date	2019-12-12
time	12:37:35
scanindex	0
specpath	RS20191212123735_P19331194.xml
Search Range	200 - 2500
Synced	false
lastCalDateTime	2019-12-12 08:43:43
lastCalUser	Admin
lastCalResult	PASS
lastVerifyDateTime	2019-10-16 15:05:37
lastVerifyUser	Admin
lastVerifyResult	PASS
selectedMaterial	
result	No Match
ValidationGUID	
ValidationMatchQuality	
topMatch	
topMatchGUID	
topMatchQuality	
secondMatch	
secondMatchGUID	
secondMatchQuality	
thirdMatch	
thirdMatchGUID	
thirdMatchQuality	
fourthMatch	
fourthMatchGUID	
fourthMatchQuality	
fifthMatch	
fifthMatchGUID	
fifthMatchQuality	
signedBy	
signedDateTime	
softwareVer	1.7.0.21
memo	
batchID	
inBatch	false
batchUID	
batchCID1	
batchCIDlbl1	
batchCID2	
batchCIDlbl2	
batchCID3	
batchCIDlbl3	
batchCID4	
batchCIDlbl4	
batchCID5	
batchCIDlbl5	
signedTitle	
signedReason	
rescanned	
barcode	
topMatchContribs	
secondMatchContribs	
thirdMatchContribs	
fourthMatchContribs	
fifthMatchContribs	
ValidationMatchContribs	
Threat	
PrecursorList	
CompundName	
WindowStart4C	
MatchLibrary	
lastModified	2019/12/12 12:40
Signal2Noise	57.78
Detector TEC SetPoint	0x8000
Detector Temp	4.98
Laser Temp	25.39
OE1 Temp	35.81
OE2 Temp	40.12
Detector Gain	200
SaturationDetected	false
InterpolatedPixelList	
PeakList	 287.3	961	297.2	959	324.4	786	340.2	707	383.7	665	399.1	645	442.8	841	617.2	1245	650.1	2937	672.6	1041	751.8	890	804.0	860	842.2	737	856.6	713	959.2	1093	1146.2	750	1211.7	1090	1225.6	680	1333.1	921	1377.7	1567	1453.6	5841	1642.2	4727	1673.2	4127	1714.0	1044
index	Raman Shift (cm-1)	Y value (counts)	background (counts)	raw value (counts)
0	137.923	686.7297	38115.0000	42241.6680	
1	144.410	466.5009	41033.0000	44833.3359	
2	150.891	384.2683	42928.3320	46540.3320	
3	157.367	327.7036	43931.6680	47381.0000	
4	163.837	495.1389	43892.6680	47403.3320	
5	170.302	484.9143	46963.3320	50357.6680	
6	176.762	454.0136	46657.6680	49915.0000	
7	183.215	317.1169	46128.3320	49142.6641	
8	189.664	249.8881	44785.0000	47626.0000	
9	196.106	197.9875	48098.6680	50781.6641	
10	202.544	338.7626	47896.3320	50614.0000	
11	208.975	421.1901	49300.3359	51994.3281	
12	215.401	462.3011	48064.0000	50693.0000	
13	221.822	444.0204	49604.3320	52156.0000	
14	228.236	312.0727	50447.6641	52798.3359	
15	234.646	346.1995	51195.6641	53582.6641	
16	241.049	160.9981	46171.6680	48375.6680	
17	247.447	305.7968	48671.0000	51022.0000	
18	253.839	326.5994	45224.3320	47598.3359	
19	260.226	316.3902	47676.6680	50042.6641	
20	266.607	288.8607	43606.0000	45946.6680	
21	272.982	496.4886	48544.0000	51130.3359	
22	279.352	823.4481	46874.0000	49825.3359	
23	285.716	961.0677	45099.6680	48226.6641	
24	292.074	932.3634	44052.3320	47188.6641	
25	298.426	959.2241	43453.0000	46654.6680	
26	304.773	899.0846	43316.6641	46496.6680	
27	311.114	572.9375	45665.0000	48557.3320	
28	317.449	600.0507	41131.0000	44103.3320	
29	323.779	786.3978	42516.3359	45609.3359	
30	330.102	697.0770	42730.0000	45668.0000	
31	336.420	684.4243	42873.6680	45733.3359	
32	342.732	707.1033	42979.0000	45795.6680	
33	349.039	442.4425	41040.3359	43526.6641	
34	355.339	257.4578	36863.3359	39099.0000	
35	361.634	276.9906	44479.0000	46654.3320	
36	367.923	0.0000	36914.6641	38751.6680	
37	374.205	291.2941	37866.3320	39980.3320	
38	380.483	664.9203	39047.3359	41520.6641	
39	386.754	450.8904	39603.6680	41848.6680	
40	393.019	379.8525	33021.0000	35180.6641	
41	399.278	644.5428	36757.6641	39163.3359	
42	405.532	495.2178	32706.6680	34944.3320	
43	411.779	366.8611	23560.0000	25401.6680	
44	418.021	370.9192	27090.6680	29166.6680	
45	424.257	378.2078	25954.0000	27955.6680	
46	430.487	458.5794	20307.0000	22426.0000	
47	436.710	700.2435	13558.0000	15896.3340	
48	442.928	840.5717	12610.3340	15066.6660	
49	449.140	664.3463	19869.3340	22143.0000	
50	455.346	451.3774	14024.6660	16055.6660	
51	461.546	243.0745	12332.6660	14125.6660	
52	467.739	150.4384	11466.6670	13137.3340	
53	473.927	467.2473	16522.6660	18477.6660	
54	480.109	575.3899	9902.0000	11932.6670	
55	486.285	534.5317	6313.6670	8271.0000	
56	492.454	429.2752	11071.6670	12876.3340	
57	498.618	447.3504	13235.3340	14948.0000	
58	504.775	491.0719	13411.6660	15249.6660	
59	510.926	516.5222	7146.6670	8996.3330	
60	517.072	442.1610	10042.0000	11684.6670	
61	523.211	367.0060	12039.3330	13558.6660	
62	529.344	375.1848	8394.0000	9873.3330	
63	535.471	325.0307	10220.3330	11601.3330	
64	541.591	310.8137	7035.0000	8261.3330	
65	547.706	358.9926	12376.0000	13711.0000	
66	553.814	420.6506	21271.3340	22675.6660	
67	559.917	405.5797	22798.3340	24060.0000	
68	566.013	385.8423	16353.6660	17681.0000	
69	572.102	357.4115	10465.3330	11547.3340	
70	578.186	359.7612	4976.6665	6109.3330	
71	584.263	284.8799	3252.3335	4351.0000	
72	590.334	260.7484	6544.0000	7517.6670	
73	596.399	270.4575	12931.3340	14078.0000	
74	602.458	371.4172	16997.0000	18293.6660	
75	608.510	740.0430	16300.3340	18014.6660	
76	614.556	1244.6691	18349.6680	20617.6660	
77	620.596	1192.1682	18923.3340	21151.6660	
78	626.630	1181.3743	15881.0000	17885.0000	
79	632.657	1351.7465	12857.3340	15263.3320	
80	638.677	1738.0386	13471.3340	16272.6680	
81	644.692	2716.3269	16689.0000	20477.6660	
82	650.700	2936.9507	14114.0000	18132.3340	
83	656.702	2283.2393	7788.6670	11162.3330	
84	662.697	1362.8628	6892.3330	9354.6670	
85	668.686	1015.3358	7217.0000	9200.6670	
86	674.669	1040.7051	4222.6665	6236.3330	
87	680.645	874.7202	6005.6670	8024.0000	
88	686.615	578.6726	11970.3340	13547.0000	
89	692.578	329.4569	10889.3330	12206.6660	
90	698.535	331.1575	6712.3335	8017.0000	
91	704.486	328.3960	10193.0000	11510.3330	
92	710.430	318.6773	10323.0000	11619.3330	
93	716.368	235.1654	8952.6670	10093.6660	
94	722.299	232.3620	10686.3330	12001.3330	
95	728.223	637.8708	9154.0000	10927.0000	
96	734.141	742.0466	10296.6670	12285.0000	
97	740.053	689.5557	12869.6660	14757.6660	
98	745.958	790.9277	13065.6660	15135.0000	
99	751.857	890.1793	16439.6660	18655.6680	
100	757.749	869.7635	13544.6660	15787.6680	
101	763.634	629.0612	16812.6660	18826.3340	
102	769.513	400.6927	14859.3320	16656.0000	
103	775.385	258.6562	14836.0000	16502.0000	
104	781.251	394.6195	14884.6680	16698.0000	
105	787.110	509.0860	17112.6660	19104.0000	
106	792.963	513.8015	17009.6660	18818.3340	
107	798.809	674.4320	19987.6680	22066.6660	
108	804.648	860.4838	17757.3320	20017.6660	
109	810.481	689.5127	17929.6660	20023.0000	
110	816.307	336.8745	15085.6670	16830.3340	
111	822.126	96.9026	16673.6680	18182.3340	
112	827.938	132.8794	16316.6670	17879.6680	
113	833.744	418.4964	17615.6660	19468.3340	
114	839.544	736.7765	16726.6680	18901.6660	
115	845.336	623.0623	18110.6660	20176.0000	
116	851.122	608.0126	16476.3320	18414.3320	
117	856.901	713.1713	17855.3320	20019.6680	
118	862.673	593.6605	17155.6660	19205.3340	
119	868.439	563.6503	17029.6660	19039.6680	
120	874.198	406.2481	14097.6660	15919.6680	
121	879.950	383.1482	13786.6660	15629.0000	
122	885.695	394.3813	14010.0000	15755.6660	
123	891.434	402.6151	15785.3320	17670.0000	
124	897.165	363.0986	15505.0000	17339.0000	
125	902.890	292.7133	12719.3320	14424.0000	
126	908.608	342.2407	12436.0000	14186.3320	
127	914.319	664.4380	14373.3340	16442.0000	
128	920.024	652.9684	12223.6670	14277.0000	
129	925.721	474.1649	13539.0000	15409.6660	
130	931.412	401.3612	10298.3340	12092.3330	
131	937.095	196.5595	9949.3330	11534.6670	
132	942.772	322.9219	10194.6670	11771.0000	
133	948.442	494.9004	10738.0000	12613.6660	
134	954.105	918.0833	8539.0000	10812.6670	
135	959.761	1093.2650	10055.3330	12479.0000	
136	965.410	626.4462	9584.3340	11516.0000	
137	971.053	450.5053	9297.0000	11035.6660	
138	976.688	381.6485	6769.0000	8380.3340	
139	982.316	398.7079	7427.0000	9059.0000	
140	987.937	403.2300	7862.6670	9491.6670	
141	993.552	364.7169	8065.3330	9658.0000	
142	999.159	344.5375	7172.6670	8794.3330	
143	1004.759	331.8582	8179.0000	9748.3330	
144	1010.352	322.5124	7469.3340	9068.3340	
145	1015.939	374.1660	7630.3330	9293.6660	
146	1021.518	412.4869	7739.6665	9454.0000	
147	1027.090	542.4740	7888.0000	9745.0000	
148	1032.655	525.5446	7199.0000	9097.0000	
149	1038.213	477.4218	8413.3330	10228.3330	
150	1043.764	456.3827	7746.0000	9587.0000	
151	1049.307	358.3435	8416.0000	10164.6670	
152	1054.844	201.9709	6539.0000	8152.3335	
153	1060.373	270.9691	8672.0000	10377.6670	
154	1065.896	390.5288	8537.0000	10401.6670	
155	1071.411	383.1992	9202.3340	11079.6670	
156	1076.919	435.0784	9309.0000	11278.3330	
157	1082.420	421.4302	9969.0000	11894.0000	
158	1087.914	483.7404	7592.3335	9463.0000	
159	1093.400	631.2590	10565.3330	12751.6660	
160	1098.880	549.9440	11043.0000	13161.6660	
161	1104.352	318.6216	12578.0000	14461.3320	
162	1109.817	427.2232	11550.0000	13427.3320	
163	1115.274	582.3250	12902.3320	15030.0000	
164	1120.725	580.5903	11932.3330	13973.0000	
165	1126.168	691.8915	13583.3340	15776.6660	
166	1131.604	636.1104	13634.3340	15737.6660	
167	1137.032	660.6626	14774.6660	16792.6660	
168	1142.453	730.5476	13375.0000	15504.3320	
169	1147.868	749.5300	15433.6680	17557.6660	
170	1153.274	446.8486	16156.0000	17953.0000	
171	1158.674	353.8300	16363.6670	18043.3320	
172	1164.066	240.4792	15952.6680	17494.6660	
173	1169.450	256.1870	19111.0000	20687.3340	
174	1174.828	247.2246	18150.0000	19736.0000	
175	1180.198	354.7124	20630.0000	22351.3320	
176	1185.560	412.5081	19976.3340	21798.6660	
177	1190.916	416.9697	21247.6680	23117.6660	
178	1196.263	472.7674	20993.0000	22962.0000	
179	1201.604	819.5630	22935.0000	25294.0000	
180	1206.937	1071.0249	21831.6680	24485.3340	
181	1212.262	1090.1160	23846.0000	26532.6641	
182	1217.581	869.6171	23439.3320	25908.3320	
183	1222.891	677.8610	25065.0000	27368.6680	
184	1228.194	680.4376	25206.3320	27539.0000	
185	1233.490	476.9720	27398.6680	29574.0000	
186	1238.778	252.8427	27223.3359	29220.6680	
187	1244.059	343.0451	27791.6680	29925.3320	
188	1249.333	476.9157	27779.0000	30092.6641	
189	1254.598	474.6018	31441.3320	33827.6641	
190	1259.856	233.2876	30413.6660	32633.6660	
191	1265.107	279.9736	32940.3320	35282.0000	
192	1270.350	313.6596	33266.6641	35717.0000	
193	1275.586	390.3415	35444.0000	38046.0000	
194	1280.814	401.3557	34450.6680	37138.6641	
195	1286.034	618.3774	36469.6680	39449.6680	
196	1291.247	603.2202	36317.0000	39378.0000	
197	1296.452	513.5358	38956.6680	41984.0000	
198	1301.650	479.5152	38041.3359	41090.6641	
199	1306.840	511.8352	40699.0000	43836.6641	
200	1312.022	596.8217	39827.0000	43105.6680	
201	1317.197	375.8187	42132.6680	45215.0000	
202	1322.364	284.1522	41330.6680	44346.0000	
203	1327.523	754.5951	43263.0000	46748.0000	
204	1332.674	920.8610	42257.0000	45917.0000	
205	1337.818	799.9297	44990.3320	48537.6641	
206	1342.955	399.3344	43550.0000	46705.0000	
207	1348.083	264.7351	46224.0000	49252.6641	
208	1353.204	235.4756	44584.3320	47592.0000	
209	1358.317	626.2081	47748.0000	51154.6641	
210	1363.422	1164.2808	46819.0000	50772.0000	
211	1368.520	1371.3455	49382.0000	53550.3281	
212	1373.610	1242.4172	48216.3359	52264.0000	
213	1378.692	1567.3911	50784.0000	55170.3359	
214	1383.766	1451.3533	49078.3320	53362.3281	
215	1388.832	629.9950	51776.0000	55252.3359	
216	1393.891	130.6322	49973.6641	52964.3359	
217	1398.942	104.6327	52613.6641	55576.6641	
218	1403.984	275.7492	50609.3359	53709.0000	
219	1409.020	872.5327	53182.3320	56844.3281	
220	1414.047	1604.6523	51088.3359	55448.0000	
221	1419.066	2041.9084	53771.6641	58538.3359	
222	1424.078	2387.1487	51903.0000	56984.6641	
223	1429.081	3214.0676	54189.0000	60067.3359	
224	1434.077	4241.4854	52238.3359	59088.6641	
225	1439.065	4895.2319	54755.6641	62205.6680	
226	1444.045	5300.6333	52777.0000	60578.3359	
227	1449.016	5790.7036	55169.0000	63406.3359	
228	1453.980	5840.7676	52695.3359	60928.6641	
229	1458.936	5839.1313	55613.6641	63738.0000	
230	1463.885	4279.8198	52500.3320	58958.0000	
231	1468.825	2797.5037	54425.3359	59293.3320	
232	1473.757	1630.8723	51707.6641	55301.6719	
233	1478.681	1008.4041	53820.3281	56698.3281	
234	1483.597	479.6140	51189.3281	53445.0000	
235	1488.505	347.1452	54205.0000	56234.6641	
236	1493.405	297.0197	52169.0000	54055.0000	
237	1498.297	332.6589	54948.6641	56796.6641	
238	1503.181	280.7192	53377.0000	55110.3281	
239	1508.057	297.9295	54003.3359	55701.3320	
240	1512.924	206.8119	43844.0000	45398.3359	
241	1517.784	247.1876	50453.3281	51998.0000	
242	1522.635	299.7306	54375.0000	55922.3359	
243	1527.479	332.4373	58400.3359	59963.6641	
244	1532.314	323.3147	56388.6680	57849.3359	
245	1537.142	373.0559	59113.0000	60631.0000	
246	1541.961	420.3933	57222.6719	58842.3359	
247	1546.772	424.2370	59731.0000	61370.3359	
248	1551.574	412.9099	58199.3281	59823.6641	
249	1556.369	372.8757	61525.6641	63353.6641	
250	1561.155	275.7595	58877.3359	60669.0000	
251	1565.933	268.3904	61445.3359	63313.0000	
252	1570.703	284.9465	60623.3281	62604.6641	
253	1575.465	342.3142	62473.6719	64668.6641	
254	1580.219	333.6975	59318.3359	61661.0000	
255	1584.964	474.0808	61643.3359	64282.6719	
256	1589.701	620.1204	57736.6719	60678.3359	
257	1594.430	637.8240	57023.6719	60139.3281	
258	1599.150	652.5510	55442.6641	58729.3359	
259	1603.863	740.7249	61568.6641	65124.0000	
260	1608.567	729.7883	60075.0000	63761.3359	
261	1613.262	926.5056	62787.0000	66737.3359	
262	1617.949	1143.5510	61924.6641	66159.3281	
263	1622.629	1153.9329	63421.0000	67733.3281	
264	1627.299	1420.9910	60475.3320	65122.0000	
265	1631.961	2157.5256	61445.6641	66862.0000	
266	1636.615	3491.4136	58096.6641	64852.0000	
267	1641.261	4727.1392	62625.6641	70623.3281	
268	1645.898	4663.8682	59724.6719	67665.6641	
269	1650.527	3476.6675	63331.6641	69987.6641	
270	1655.147	2432.1248	58485.3359	63999.0000	
271	1659.759	2290.9158	62204.6641	67479.3281	
272	1664.363	2667.3809	61435.3359	66988.6719	
273	1668.958	3652.8379	63367.3359	69808.3359	
274	1673.544	4127.3013	60085.0000	66902.6719	
275	1678.123	3560.4302	59591.3281	65744.3359	
276	1682.692	2150.8857	58711.0000	63356.6719	
277	1687.254	1053.6436	58021.3359	61458.6719	
278	1691.806	412.0661	58641.3359	61326.0000	
279	1696.350	139.8222	64211.3359	66512.6641	
280	1700.886	218.9182	58111.0000	60403.0000	
281	1705.413	474.3459	58745.3359	61124.3359	
282	1709.932	734.4348	54609.0000	57079.6641	
283	1714.442	1043.8625	62234.3359	64846.0000	
284	1718.944	677.9529	56735.6719	58813.0000	
285	1723.437	357.9763	56395.0000	58043.3281	
286	1727.921	216.2527	47879.0000	49203.6641	
287	1732.397	339.3639	55665.0000	56991.3359	
288	1736.864	309.7718	56184.0000	57475.0000	
289	1741.323	222.4267	54348.0000	55474.6641	
290	1745.773	268.5870	48313.3359	49353.0000	
291	1750.214	335.7458	55620.3320	56832.6641	
292	1754.647	394.9864	53440.3281	54445.0000	
293	1759.071	393.4636	52680.6641	53768.0000	
294	1763.486	433.4411	44125.6680	45094.3320	
295	1767.893	468.5218	49898.6641	50945.0000	
296	1772.291	474.2260	55170.3359	56238.6641	
297	1776.680	424.5597	48345.6680	49262.6641	
298	1781.061	429.7265	42808.6680	43727.3359	
299	1785.432	409.8939	42951.6641	43880.3359	
300	1789.796	373.9752	42027.0000	42893.6641	
301	1794.150	384.5925	43414.0000	44247.0000	
302	1798.495	407.7567	48692.0000	49591.0000	
303	1802.832	410.3581	48925.6680	49771.6641	
304	1807.160	421.0424	49273.6641	50235.0000	
305	1811.480	355.6446	43413.3320	44214.0000	
306	1815.790	338.6607	39283.0000	40051.3320	
307	1820.092	367.9271	40578.6641	41356.3320	
308	1824.385	397.1777	39432.0000	40177.3320	
309	1828.669	418.6310	44478.6680	45353.6641	
310	1832.944	400.5054	43320.0000	44110.3359	
311	1837.210	378.8752	37033.0000	37796.6680	
312	1841.468	401.5582	37061.6641	37754.3320	
313	1845.716	431.1291	39197.0000	40004.6641	
314	1849.956	456.6017	44268.6641	45100.0000	
315	1854.187	446.3225	41702.6680	42495.3320	
316	1858.409	435.2919	39119.3320	40007.3359	
317	1862.622	422.3038	35414.0000	36167.6680	
318	1866.826	442.1482	33252.3320	34026.6680	
319	1871.021	353.9921	26088.3320	26749.6680	
320	1875.207	396.3345	26550.6680	27209.0000	
321	1879.384	416.1789	28834.3320	29614.0000	
322	1883.552	374.3523	21581.0000	22217.0000	
323	1887.712	327.2582	17789.0000	18322.0000	
324	1891.862	348.4140	20513.3320	21017.0000	
325	1896.003	333.7433	25282.3320	25961.6680	
326	1900.135	336.0717	19741.6680	20230.6660	
327	1904.258	354.0248	28461.3320	28992.3340	
328	1908.372	422.9770	28925.3320	29558.3320	
329	1912.478	452.9868	25099.0000	25746.0000	
330	1916.574	437.3242	27299.0000	27971.6680	
331	1920.661	366.1615	21522.0000	22078.3320	
332	1924.738	453.4156	25769.0000	26410.6641	
333	1928.807	497.2928	27183.6641	27858.0000	
334	1932.867	421.8303	25622.3320	26210.0000	
335	1936.917	368.7018	18558.0000	19081.3340	
336	1940.959	444.2393	22565.0000	23152.6660	
337	1944.991	456.1109	24162.0000	24750.3320	
338	1949.014	456.9843	25296.6680	25874.6680	
339	1953.028	468.1899	20444.6660	21022.6660	
340	1957.033	358.0617	10666.3330	11123.0000	
341	1961.029	372.8529	11223.0000	11659.3330	
342	1965.015	393.3113	14014.0000	14470.6660	
343	1968.992	395.4134	10940.3330	11394.6660	
344	1972.960	406.7390	9258.3340	9689.0000	
345	1976.919	372.6601	4823.3330	5196.3335	
346	1980.869	326.9131	1608.6667	1912.3333	
347	1984.809	369.4997	3798.6670	4121.3335	
348	1988.740	389.5037	4666.6665	5040.3335	
349	1992.661	386.5486	1762.3333	2070.6667	
350	1996.574	413.8743	728.0000	1043.3333	
351	2000.477	426.5124	1169.0000	1497.3334	
352	2004.371	425.3173	301.0000	664.0000	
353	2008.256	417.5385	612.3333	900.0000	
354	2012.131	409.6768	-55.6667	275.3333	
355	2015.997	409.3148	472.6667	771.3333	
356	2019.853	402.8696	-262.6667	67.0000	
357	2023.701	399.2121	460.3333	749.0000	
358	2027.538	397.3048	-187.0000	122.0000	
359	2031.367	402.8143	391.0000	653.0000	
360	2035.186	418.4067	-245.6667	54.3333	
361	2038.996	413.4486	387.3333	696.6666	
362	2042.796	409.4488	-286.3333	6.3333	
363	2046.587	405.9074	330.3333	628.6667	
364	2050.368	389.0605	-285.6667	-19.3333	
365	2054.140	394.4813	308.3333	622.3333	
366	2057.903	406.3189	-219.3333	55.6667	
367	2061.656	409.8231	333.6667	639.6666	
368	2065.399	397.3274	-233.0000	66.6667	
369	2069.133	382.8315	295.3333	560.0000	
370	2072.858	389.3358	-170.0000	97.6667	
371	2076.573	406.3094	431.0000	699.0000	
372	2080.278	404.5881	-213.0000	79.6667	
373	2083.974	394.4320	301.3333	560.0000	
374	2087.661	395.8800	-143.3333	120.3333	
375	2091.338	392.2864	102.6667	412.3333	
376	2095.005	383.1092	-179.0000	79.0000	
377	2098.663	381.0318	361.0000	621.0000	
378	2102.311	445.2877	-124.6667	203.6667	
379	2105.949	444.2102	260.0000	591.3333	
380	2109.578	401.4662	-317.6667	-25.0000	
381	2113.198	380.3930	-631.6667	-363.0000	
382	2116.807	397.6532	-32.3333	250.6667	
383	2120.407	439.9134	268.6667	591.0000	
384	2123.998	396.5069	-423.0000	-147.0000	
385	2127.579	375.0708	227.0000	455.3333	
386	2131.150	382.8662	-328.3333	-38.0000	
387	2134.711	395.0784	167.0000	434.6667	
388	2138.263	395.6238	-210.6667	73.3333	
389	2141.805	394.4782	395.0000	649.0000	
390	2145.337	393.9159	-311.0000	-41.6667	
391	2148.859	396.7704	297.6667	571.0000	
392	2152.372	412.5209	-491.3333	-204.6667	
393	2155.875	407.9961	165.3333	419.3333	
394	2159.368	403.8882	-213.3333	79.0000	
395	2162.852	402.8426	389.0000	658.3333	
396	2166.326	406.1723	-223.3333	61.0000	
397	2169.790	405.3624	184.0000	468.3333	
398	2173.244	408.0942	-327.0000	-54.0000	
399	2176.688	409.3260	217.0000	509.3333	
400	2180.123	408.5161	-120.3333	189.6667	
401	2183.547	410.2895	490.3334	751.0000	
402	2186.962	410.8963	-249.6667	52.6667	
403	2190.367	410.0864	44.0000	341.0000	
404	2193.762	431.0261	-292.6667	23.0000	
405	2197.147	423.3495	307.3333	646.3334	
406	2200.522	380.8570	-278.3333	0.0000	
407	2203.888	377.1048	302.3333	574.3333	
408	2207.243	377.5193	-231.3333	32.3333	
409	2210.589	382.5792	420.3333	709.3334	
410	2213.924	388.6390	-315.3333	-60.6667	
411	2217.250	394.1155	336.3333	616.6667	
412	2220.565	400.5935	-267.6667	8.3333	
413	2223.871	420.9514	393.0000	692.0000	
414	2227.167	416.9431	-506.0000	-237.3333	
415	2230.453	408.6014	223.0000	526.3334	
416	2233.728	406.8431	-525.0000	-258.0000	
417	2236.994	399.8347	298.0000	570.6667	
418	2240.250	386.3264	-333.3333	-55.0000	
419	2243.495	379.7347	163.6667	384.6667	
420	2246.731	385.0582	-228.0000	43.6667	
421	2249.957	401.7240	338.0000	591.3333	
422	2253.172	425.0564	-337.6667	-31.0000	
423	2256.377	411.3056	286.3333	581.0000	
424	2259.573	392.2212	-255.3333	22.0000	
425	2262.758	419.4898	431.0000	698.3334	
426	2265.933	477.2585	21.6667	386.0000	
427	2269.098	411.2729	417.3333	730.6666	
428	2272.253	401.4148	-243.6667	59.0000	
429	2275.397	385.2869	238.0000	522.3333	
430	2278.532	386.8257	-239.6667	44.0000	
431	2281.656	378.4478	465.3333	704.3334	
432	2284.771	384.4032	-310.6667	-14.0000	
433	2287.875	394.1086	263.0000	536.0000	
434	2290.968	404.0138	-245.6667	53.0000	
435	2294.052	405.0258	319.3333	588.3333	
436	2297.125	406.7871	-491.3333	-219.3333	
437	2300.188	407.6377	339.3333	607.3334	
438	2303.241	408.9882	-332.3333	-35.6667	
439	2306.284	409.3387	122.6667	391.6667	
440	2309.316	410.1892	-404.6667	-124.6667	
441	2312.338	394.5090	578.0000	838.0000	
442	2315.350	392.2456	213.3333	470.3334	
443	2318.352	394.8153	294.3333	540.0000	
444	2321.343	400.3846	-411.6667	-147.3333	
445	2324.323	406.1131	435.6667	687.3333	
446	2327.294	407.5915	-313.6667	-20.6667	
447	2330.254	403.8199	608.0000	870.6667	
448	2333.204	383.4107	-107.3333	147.0000	
449	2336.144	392.2149	130.6667	393.3333	
450	2339.073	434.3525	-169.6667	134.6667	
451	2341.991	422.4900	554.6667	846.6666	
452	2344.900	401.2948	-469.0000	-223.3333	
453	2347.798	400.2193	441.0000	727.3333	
454	2350.685	386.1438	-234.6667	22.6667	
455	2353.562	397.6327	446.3333	688.6667	
456	2356.429	394.7711	-43.6667	237.3333	
457	2359.285	394.8362	753.0000	997.3334	
458	2362.130	390.6514	-48.0000	203.3333	
459	2364.966	387.1331	366.0000	605.3333	
460	2367.790	394.7801	162.6667	423.6667	
461	2370.604	405.5512	632.6666	859.6666	
462	2373.408	427.4891	7.0000	285.6667	
463	2376.202	422.9269	656.6667	928.0000	
464	2378.984	411.3648	272.0000	529.0000	
465	2381.756	390.8026	383.0000	616.6667	
466	2384.518	407.9072	-186.6667	61.3333	
467	2387.269	412.3450	372.6667	622.3333	
468	2390.010	409.1177	-161.6667	82.0000	
469	2392.739	395.7551	664.6666	887.6667	
470	2395.458	402.2086	355.0000	607.6667	
471	2398.167	404.5580	924.0000	1166.6666	
472	2400.865	396.5321	-459.6667	-259.6667	
473	2403.553	402.8463	361.3333	584.6667	
474	2406.229	408.9103	-249.6667	-28.0000	
475	2408.896	394.0578	680.3333	881.3333	
476	2411.551	404.7899	-110.0000	96.6667	
477	2414.196	399.7108	444.3333	617.0000	
478	2416.830	395.7986	-159.6667	25.6667	
479	2419.453	398.8861	415.0000	587.3333	
480	2422.066	404.9738	-185.6667	-3.0000	
481	2424.668	411.0614	414.3334	591.0000	
482	2427.260	427.2325	-342.3333	-141.0000	
483	2429.840	416.3200	304.3333	492.6667	
484	2432.410	275.0733	1309.6666	1354.6666	
485	2434.969	379.7387	487.6667	636.3333	
486	2437.517	438.4041	-483.0000	-276.6667	
487	2440.055	438.4030	300.3333	505.6667	
488	2442.581	406.0685	-246.0000	-74.0000	
489	2445.097	428.5207	127.3333	323.6667	
490	2447.602	419.5406	-373.3333	-170.6667	
491	2450.096	410.3212	487.3333	700.3333	
492	2452.580	383.9360	-181.6667	-9.3333	
493	2455.052	396.3770	533.0000	704.6667	
494	2457.514	410.4845	-438.6666	-243.6667	
495	2459.965	409.7588	392.3333	584.6666	
496	2462.405	395.6999	-214.6667	-38.3333	
497	2464.834	395.5576	519.6667	665.0000	
498	2467.252	397.4985	-234.0000	-23.3333	
499	2469.659	394.8560	566.6667	736.3333	
500	2472.056	391.0876	-46.3333	88.6667	
501	2474.441	402.0078	211.0000	386.6667	
502	2476.816	414.1361	-224.3333	-37.0000	
503	2479.179	410.9311	408.0000	581.6667	
504	2481.532	404.8929	-276.6667	-59.0000	
505	2483.873	389.1879	241.6667	407.6667	
506	2486.204	388.7329	-264.3333	-98.0000	
507	2488.523	408.2780	337.6667	524.3333	
508	2490.832	401.4897	-473.3334	-292.6667	
509	2493.130	403.6181	395.0000	545.6667	
510	2495.416	441.5798	-71.0000	151.3333	
511	2497.692	372.7915	151.0000	305.3333	
