resultName	muna15-114
resultName	muna15-114
ID	RS20200904155031_P19331194
Command	SCANANDSEARCH
User	Admin
Application	_Analyze
SerialNumber	P19331194
Power	280
Integration	900
Averages	3
AutoExposure	Off
AutoCollect	Off
QuickCollect	Off
AutoBackground	On
BaselineCorrection	On
Algorithm	Wavelet
Searched Library	All,None,None,None
MixtureComponents	2
matchThreshold	0.0
displayMatches	1
Threshold	0.80
WL Start	
WL End	
ServerVersion	3.180316
FirmwareVersion	
date	2020-09-04
time	15:50:31
scanindex	0
specpath	RS20200904155031_P19331194.xml
Search Range	200 - 2500
Synced	false
lastCalDateTime	2020-08-20 09:29:50
lastCalUser	Admin
lastCalResult	PASS
lastVerifyDateTime	2020-09-04 13:30:42
lastVerifyUser	Admin
lastVerifyResult	PASS
selectedMaterial	
result	No Match
ValidationGUID	
ValidationMatchQuality	
topMatch	
topMatchGUID	
topMatchQuality	
secondMatch	
secondMatchGUID	
secondMatchQuality	
thirdMatch	
thirdMatchGUID	
thirdMatchQuality	
fourthMatch	
fourthMatchGUID	
fourthMatchQuality	
fifthMatch	
fifthMatchGUID	
fifthMatchQuality	
signedBy	
signedDateTime	
softwareVer	1.7.0.21
memo	
batchID	
inBatch	false
batchUID	
batchCID1	
batchCIDlbl1	
batchCID2	
batchCIDlbl2	
batchCID3	
batchCIDlbl3	
batchCID4	
batchCIDlbl4	
batchCID5	
batchCIDlbl5	
signedTitle	
signedReason	
rescanned	
barcode	
topMatchContribs	
secondMatchContribs	
thirdMatchContribs	
fourthMatchContribs	
fifthMatchContribs	
ValidationMatchContribs	
Threat	
PrecursorList	
CompundName	
WindowStart4C	
MatchLibrary	
lastModified	2020/09/04 15:54
Signal2Noise	74.87
Detector TEC SetPoint	0x8000
Detector Temp	4.94
Laser Temp	25.34
OE1 Temp	37.50
OE2 Temp	42.12
Detector Gain	200
SaturationDetected	false
InterpolatedPixelList	
PeakList	 296.8	1039	324.0	750	398.7	623	442.7	927	650.0	2844	677.7	991	736.2	855	755.6	841	804.3	788	958.8	950	1141.9	718	1212.0	1084	1333.3	781	1380.3	1481	1453.6	5912	1642.0	4719	1673.0	4093	1713.8	975
index	Raman Shift (cm-1)	Y value (counts)	background (counts)	raw value (counts)
0	137.471	684.0919	245.6667	4191.6665	
1	143.961	464.8497	281.3333	3895.3335	
2	150.446	298.2736	299.3333	3634.0000	
3	156.925	334.6970	462.3334	3720.6665	
4	163.399	485.7883	82.3333	3379.0000	
5	169.867	506.2122	476.0000	3680.3335	
6	176.330	392.6360	202.0000	3180.0000	
7	182.787	314.3934	426.0000	3213.0000	
8	189.239	180.1505	47.6667	2587.6667	
9	195.685	172.5746	427.3333	2847.0000	
10	202.125	217.9985	230.6667	2583.0000	
11	208.560	401.4225	686.0000	3109.0000	
12	214.989	469.8466	106.0000	2484.6667	
13	221.413	399.1592	535.0000	2780.0000	
14	227.831	328.4031	244.3333	2346.0000	
15	234.243	272.9653	557.3333	2609.3335	
16	240.650	193.8603	200.6667	2179.3333	
17	247.051	255.7560	315.3333	2361.6667	
18	253.446	244.3179	218.3333	2259.0000	
19	259.836	286.2134	519.0000	2607.3335	
20	266.220	264.7756	-65.6667	2007.0000	
21	272.598	442.8496	544.3333	2827.3335	
22	278.971	794.2567	265.6667	2932.3333	
23	285.338	928.6641	437.3333	3270.6665	
24	291.699	954.0718	-11.6667	2879.3335	
25	298.054	1038.6042	349.0000	3361.3335	
26	304.404	857.1366	-76.3333	2791.3333	
27	310.748	565.3360	619.0000	3231.6665	
28	317.086	612.4204	193.3333	2906.6665	
29	323.418	750.2292	282.0000	3069.6667	
30	329.744	668.3711	-166.3333	2476.0000	
31	336.065	677.1799	566.3333	3154.0000	
32	342.380	654.9885	211.0000	2713.0000	
33	348.689	372.4641	517.3333	2673.3335	
34	354.992	291.6057	105.0000	2116.6665	
35	361.289	179.1660	250.0000	2071.0000	
36	367.581	0.0000	101.6667	1691.3333	
37	373.866	186.2386	69.0000	1834.6667	
38	380.146	568.8107	124.3333	2262.3335	
39	386.420	441.0488	189.3333	2189.3333	
40	392.688	315.9539	-8.3333	1856.3333	
41	398.949	622.7941	294.6667	2458.0000	
42	405.205	484.3011	106.6667	2123.3333	
43	411.456	307.1414	41.3333	1872.6667	
44	417.700	319.9817	-161.6667	1674.3333	
45	423.938	332.6016	239.6667	2029.6667	
46	430.170	409.2213	-150.3333	1763.0000	
47	436.396	752.5078	162.3333	2413.0000	
48	442.616	926.7941	-3.0000	2416.0000	
49	448.830	609.5466	274.6667	2386.6665	
50	455.039	515.1022	-136.3333	1871.3334	
51	461.241	258.9911	49.6667	1791.3335	
52	467.437	141.8795	51.0000	1665.6667	
53	473.627	363.9414	102.0000	1919.3333	
54	479.811	574.3369	-44.3333	1964.0000	
55	485.989	575.0660	-101.3333	1888.3335	
56	492.160	434.7445	-211.6667	1602.3333	
57	498.326	340.6643	138.3333	1811.0000	
58	504.486	434.5839	-197.0000	1522.3333	
59	510.639	570.8369	126.0000	1934.3333	
60	516.787	418.7567	-226.3333	1382.6667	
61	522.928	418.1956	73.3333	1626.3333	
62	529.063	375.3013	-226.0000	1228.6666	
63	535.192	255.4073	2476.0000	3755.3335	
64	541.315	233.7834	1263.3333	2417.6665	
65	547.431	289.2223	461.3334	1657.3333	
66	553.542	321.8073	7.6667	1209.3334	
67	559.646	338.7462	290.3333	1441.6666	
68	565.744	371.2685	-130.3333	1038.3333	
69	571.835	375.6889	389.6667	1431.6667	
70	577.921	381.2250	-147.3333	962.6667	
71	584.000	308.4149	190.6667	1300.3334	
72	590.073	215.5634	-225.3333	746.3334	
73	596.140	199.0330	165.0000	1174.6666	
74	602.200	371.1692	-164.0000	1072.3334	
75	608.255	702.3055	37.6667	1659.6667	
76	614.302	1101.1084	-162.0000	1913.3333	
77	620.344	1133.5652	64.6667	2193.3333	
78	626.379	890.2513	-83.6667	1818.0000	
79	632.408	1273.2708	194.3333	2495.3333	
80	638.431	1587.9565	-24.3333	2607.6667	
81	644.447	2501.3091	366.3333	3928.0000	
82	650.457	2844.3291	-238.6667	3682.3335	
83	656.460	2165.6816	22.0000	3280.6670	
84	662.457	1376.7001	-45.3333	2440.6665	
85	668.448	947.7045	140.6667	2177.0000	
86	674.432	986.3755	-280.3333	1774.0000	
87	680.410	990.7130	231.0000	2269.0000	
88	686.381	570.7170	-154.6667	1442.6667	
89	692.346	287.0195	345.3333	1647.6667	
90	698.305	308.3221	-148.6667	1163.6666	
91	704.257	304.5065	5.6667	1415.3334	
92	710.202	297.8144	-198.0000	1096.6666	
93	716.142	180.4544	4.0000	1219.6666	
94	722.074	200.0945	-145.6667	1128.0000	
95	728.000	590.7347	112.6667	1815.3333	
96	733.920	854.7081	-174.3333	1830.6667	
97	739.833	679.6815	226.0000	2094.3335	
98	745.739	742.5669	-74.3333	1882.3333	
99	751.639	770.7477	482.6667	2508.0000	
100	757.533	840.5946	-316.6667	1819.0000	
101	763.419	556.2734	265.0000	2128.0000	
102	769.300	324.9524	-264.3333	1379.0000	
103	775.173	190.9649	162.6667	1683.6667	
104	781.040	280.3109	-171.3333	1450.6667	
105	786.901	471.0135	269.0000	2080.0000	
106	792.755	431.5912	61.3333	1751.0000	
107	798.602	556.0853	274.0000	2166.6665	
108	804.442	788.1216	-192.3333	1930.6665	
109	810.276	655.7488	384.6667	2387.0000	
110	816.103	352.7091	-97.6667	1613.3334	
111	821.924	145.0028	290.6667	1805.6667	
112	827.738	212.2492	-176.0000	1268.6666	
113	833.545	360.6074	290.3333	2054.3333	
114	839.345	664.2991	-91.0000	1983.6667	
115	845.139	521.3240	255.3333	2194.0000	
116	850.926	474.6822	32.6667	1931.6667	
117	856.706	565.0063	223.0000	2217.0000	
118	862.479	505.9970	141.6667	2081.3333	
119	868.246	454.4297	233.6667	2112.0000	
120	874.006	333.0331	-97.3333	1661.6667	
121	879.759	298.5677	382.6667	2097.3333	
122	885.505	318.7693	-26.0000	1639.0000	
123	891.245	394.3040	237.0000	2027.6665	
124	896.978	343.1726	46.0000	1775.6667	
125	902.703	261.8751	208.6667	1842.6667	
126	908.422	340.4944	-157.6667	1445.3333	
127	914.135	482.9470	247.3333	2073.6667	
128	919.840	506.9827	-315.6667	1520.3333	
129	925.538	332.3519	264.3333	1911.3334	
130	931.230	346.0544	-195.6667	1450.6666	
131	936.914	246.0905	451.0000	1983.0000	
132	942.592	317.7927	-90.0000	1367.3334	
133	948.263	452.2437	217.3333	1939.0000	
134	953.927	817.4071	-126.3333	1944.6666	
135	959.584	949.5702	139.6667	2327.0000	
136	965.234	535.0669	-97.6667	1659.3335	
137	970.877	371.5771	135.6667	1724.0000	
138	976.513	340.7542	-328.6667	1223.6667	
139	982.142	373.2647	118.0000	1697.6667	
140	987.764	463.5018	-57.0000	1596.3333	
141	993.379	351.7766	-46.6667	1508.0000	
142	998.987	296.7182	-244.3333	1268.3334	
143	1004.588	280.3262	227.0000	1736.3333	
144	1010.182	297.9344	-393.0000	1147.0000	
145	1015.769	360.8759	71.6667	1687.6667	
146	1021.349	394.8171	-22.0000	1641.0000	
147	1026.922	523.7586	151.0000	1956.0000	
148	1032.487	534.0331	-138.3333	1690.0000	
149	1038.046	498.4496	48.3333	1862.6667	
150	1043.597	424.8661	-205.3333	1557.0000	
151	1049.142	321.2827	4.3333	1684.6667	
152	1054.679	185.3651	-362.0000	1204.0000	
153	1060.209	256.2932	126.6667	1780.6666	
154	1065.732	350.3946	-139.6667	1641.3333	
155	1071.248	367.2611	108.0000	1921.0000	
156	1076.757	464.7935	-174.3333	1751.3335	
157	1082.258	378.2922	181.3333	2029.3333	
158	1087.753	418.1247	-224.0000	1558.0000	
159	1093.240	543.6237	150.6667	2181.6667	
160	1098.720	577.1224	-53.0000	2020.3333	
161	1104.192	326.4543	113.0000	1927.0000	
162	1109.658	304.3122	-214.6667	1564.0000	
163	1115.116	534.8369	306.0000	2302.0000	
164	1120.567	567.3624	-215.0000	1800.3335	
165	1126.010	712.9503	205.6667	2324.3333	
166	1131.447	639.2052	-273.0000	1729.6667	
167	1136.876	578.4600	296.3333	2196.0000	
168	1142.298	718.0486	-366.3333	1630.6665	
169	1147.712	708.3958	217.6667	2170.3333	
170	1153.120	466.7433	-251.0000	1425.3334	
171	1158.519	361.4237	214.6667	1751.0000	
172	1163.912	249.4374	-248.6667	1141.0000	
173	1169.297	192.9986	343.6667	1688.0000	
174	1174.675	202.5603	-132.0000	1233.0000	
175	1180.045	247.8374	324.0000	1755.3333	
176	1185.408	384.6573	-144.0000	1538.3333	
177	1190.764	347.8938	183.6667	1775.3333	
178	1196.112	420.5470	-4.0000	1710.3333	
179	1201.453	634.1173	196.3333	2161.0000	
180	1206.786	969.6875	-279.0000	2058.0000	
181	1212.112	1083.8665	288.0000	2752.3333	
182	1217.431	843.5454	-70.6667	2154.0000	
183	1222.742	668.2111	241.6667	2307.3335	
184	1228.045	624.2087	-207.3333	1830.6667	
185	1233.341	389.7575	284.0000	2126.3333	
186	1238.630	252.9735	-37.3333	1707.0000	
187	1243.911	325.5220	296.3333	2152.0000	
188	1249.185	478.4051	-27.6667	2019.6666	
189	1254.451	448.9637	453.0000	2528.6665	
190	1259.709	219.5221	84.3333	1988.3333	
191	1264.960	235.0810	472.6666	2450.0000	
192	1270.203	308.3064	144.3333	2252.6667	
193	1275.439	309.1985	518.0000	2685.0000	
194	1280.668	339.4239	-44.6667	2210.3333	
195	1285.888	541.6489	535.3333	3050.3335	
196	1291.101	554.5024	-99.0000	2506.0000	
197	1296.307	361.2710	474.3333	2945.3333	
198	1301.505	380.7058	132.3333	2682.0000	
199	1306.695	467.1411	609.6666	3305.0000	
200	1311.877	476.9109	324.0000	3088.3335	
201	1317.052	303.0381	318.3333	2937.3333	
202	1322.219	232.1658	257.0000	2833.6665	
203	1327.379	608.2686	470.3333	3428.0000	
204	1332.531	780.8477	222.0000	3364.3335	
205	1337.675	755.0839	624.3333	3735.6665	
206	1342.811	374.6537	-13.0000	2712.6667	
207	1347.940	284.5569	559.0000	3189.3335	
208	1353.061	213.1267	6.3333	2560.0000	
209	1358.174	449.3629	803.6666	3588.3330	
210	1363.280	977.2660	235.3333	3542.6665	
211	1368.377	1179.8359	594.6667	4099.3335	
212	1373.467	1215.0728	188.0000	3722.6665	
213	1378.550	1448.9436	574.3334	4353.6670	
214	1383.624	1480.8146	200.3333	4022.3335	
215	1388.690	572.6852	786.6667	3711.3335	
216	1393.749	85.8894	95.3333	2544.0000	
217	1398.800	9.2776	608.6666	2971.0000	
218	1403.843	255.9193	257.3333	2826.3333	
219	1408.878	753.5609	898.3334	3925.0000	
220	1413.906	1473.8696	206.0000	3913.0000	
221	1418.925	1938.9893	604.3333	4734.0000	
222	1423.937	2267.1099	240.3333	4655.6665	
223	1428.940	3150.8960	607.6667	5864.3330	
224	1433.936	4273.1343	325.3333	6638.6670	
225	1438.924	4861.6030	617.3333	7456.0000	
226	1443.904	5266.4058	268.0000	7448.3340	
227	1448.876	5674.8735	763.0000	8288.6660	
228	1453.840	5911.6763	110.0000	7809.3330	
229	1458.796	5910.3457	732.3334	8322.6670	
230	1463.744	4507.6802	175.6667	6255.6670	
231	1468.685	2943.6812	701.6667	5110.0000	
232	1473.617	1828.3503	133.0000	3318.3335	
233	1478.541	1035.9548	565.6667	2868.6667	
234	1483.457	696.2262	75.6667	1949.0000	
235	1488.365	437.8313	626.6667	2151.6667	
236	1493.265	356.7703	0.0000	1354.0000	
237	1498.157	275.0149	692.0000	1899.0000	
238	1503.041	224.1885	102.6667	1204.0000	
239	1507.917	228.9430	552.0000	1619.6667	
240	1512.785	275.7805	92.6667	1163.3334	
241	1517.645	260.7014	620.0000	1617.3333	
242	1522.496	277.8723	214.6667	1182.3334	
243	1527.340	322.6267	881.0000	1833.0000	
244	1532.175	369.4639	256.6667	1233.6667	
245	1537.002	373.3447	825.6667	1791.3334	
246	1541.822	338.6335	166.6667	1128.6667	
247	1546.633	319.5868	782.3334	1787.0000	
248	1551.435	279.2083	217.6667	1228.3333	
249	1556.230	278.9864	748.6667	1852.6665	
250	1561.016	260.7653	271.0000	1450.3334	
251	1565.795	236.2088	701.0000	1949.3335	
252	1570.565	285.6519	425.6667	1817.0000	
253	1575.327	279.6992	665.0000	2206.6667	
254	1580.080	373.0792	242.0000	2033.3334	
255	1584.825	419.1265	768.0000	2761.6667	
256	1589.562	461.8394	119.3333	2312.0000	
257	1594.291	580.8853	690.3333	3158.3330	
258	1599.012	623.2661	158.0000	2824.6667	
259	1603.724	624.3799	527.3333	3377.3335	
260	1608.428	699.2349	367.6667	3426.3333	
261	1613.124	961.3835	660.0000	4044.3330	
262	1617.811	1235.8649	592.0000	4314.3330	
263	1622.490	1264.6796	722.6666	4537.3330	
264	1627.161	1448.1610	304.0000	4365.6665	
265	1631.823	2208.8042	619.6667	5470.6670	
266	1636.477	3592.2671	144.0000	6378.3330	
267	1641.123	4719.4482	925.3334	8288.3330	
268	1645.760	4702.9658	115.0000	7463.0000	
269	1650.389	3524.2832	678.0000	6759.0000	
270	1655.009	2478.9351	326.3333	5273.6665	
271	1659.621	2205.5859	789.6666	5375.3335	
272	1664.225	2787.9043	211.6667	5291.3330	
273	1668.820	3676.2231	885.3334	6765.0000	
274	1673.406	4092.8735	166.3333	6374.3330	
275	1677.985	3482.8594	508.0000	6017.6670	
276	1682.554	2189.1753	416.6667	4544.3330	
277	1687.116	1130.2087	674.0000	3625.3335	
278	1691.668	460.2439	260.3333	2424.3333	
279	1696.213	155.2761	735.0000	2476.6665	
280	1700.749	184.7714	185.6667	1860.6667	
281	1705.276	433.6547	768.6666	2531.3333	
282	1709.794	827.2047	170.3333	2165.3333	
283	1714.305	974.7539	625.0000	2606.3333	
284	1718.806	710.6375	116.6667	1672.6666	
285	1723.299	311.3658	880.3333	1939.0000	
286	1727.784	189.4262	201.3333	1040.0000	
287	1732.260	198.7375	679.6667	1416.3333	
288	1736.727	228.3496	185.3333	884.3334	
289	1741.186	242.9615	672.6666	1317.6666	
290	1745.636	310.2410	140.3333	792.6666	
291	1750.077	320.1863	697.3333	1286.3334	
292	1754.510	325.1322	141.0000	667.6667	
293	1758.934	341.8309	766.0000	1265.3334	
294	1763.349	376.1129	8.3333	522.6667	
295	1767.756	397.3126	650.6667	1146.6667	
296	1772.154	410.2619	9.6667	484.3333	
297	1776.544	402.2620	600.3333	1028.0000	
298	1780.924	402.4285	-126.0000	393.3333	
299	1785.296	380.4283	697.6667	1142.0000	
300	1789.659	370.5946	-89.6667	344.6667	
301	1794.014	353.1489	667.6667	1076.3334	
302	1798.360	358.6639	190.3333	610.3333	
303	1802.697	356.8040	762.3334	1193.6666	
304	1807.025	349.2357	301.6667	693.0000	
305	1811.344	354.7508	405.3333	807.3334	
306	1815.655	350.0159	135.6667	547.6667	
307	1819.957	313.6977	775.9999	1122.0000	
308	1824.250	350.3929	149.6667	489.3334	
309	1828.534	365.5162	810.6666	1201.6667	
310	1832.809	376.1395	80.0000	460.6667	
311	1837.076	377.2628	645.3333	1052.3333	
312	1841.333	377.1364	267.0000	649.6666	
313	1845.582	375.9557	326.6667	722.6667	
314	1849.822	383.2751	172.6667	586.0000	
315	1854.053	379.9276	557.0000	970.0000	
316	1858.275	374.3310	27.6667	441.0000	
317	1862.488	373.2423	408.3333	813.3333	
318	1866.692	376.9871	41.3333	445.0000	
319	1870.888	368.8984	475.6667	858.6667	
320	1875.074	363.5597	-304.6667	130.3333	
321	1879.251	328.8877	428.3333	768.6666	
322	1883.420	341.6486	-87.0000	275.0000	
323	1887.579	350.8577	341.3333	703.6666	
324	1891.730	371.0659	-147.3333	226.3333	
325	1895.871	370.3838	507.0000	890.6667	
326	1900.004	362.6184	-81.6667	260.6667	
327	1904.127	360.1029	423.6667	807.0000	
328	1908.241	365.7540	-179.3333	154.3333	
329	1912.347	381.7361	397.6667	762.3334	
330	1916.443	378.8617	-77.6667	278.3333	
331	1920.530	339.0706	431.0000	746.6666	
332	1924.609	354.6120	-137.0000	193.6667	
333	1928.678	367.3837	552.3333	904.6666	
334	1932.738	368.7179	-90.3333	245.3333	
335	1936.788	377.6978	492.3333	814.3333	
336	1940.830	421.2820	-96.0000	296.0000	
337	1944.863	379.9495	260.6667	610.0000	
338	1948.886	371.2836	-39.0000	300.3333	
339	1952.901	362.2845	416.3334	745.3334	
340	1956.906	356.8695	-134.6667	187.0000	
341	1960.902	361.4636	256.6667	583.0000	
342	1964.888	358.1411	-19.3333	295.0000	
343	1968.866	338.9689	219.3333	523.6666	
344	1972.834	353.1774	-285.3333	28.6667	
345	1976.793	362.4763	234.0000	553.6666	
346	1980.743	365.1087	-222.6667	96.0000	
347	1984.684	342.7411	68.0000	360.6667	
348	1988.616	344.0395	-266.3333	24.0000	
349	1992.538	361.0565	435.6667	745.3334	
350	1996.451	381.5919	-321.3333	-8.0000	
351	2000.354	381.0871	332.3333	637.6667	
352	2004.249	383.4156	-395.3333	-49.0000	
353	2008.134	382.5775	273.3333	584.3334	
354	2012.009	385.5727	-353.6667	-27.6667	
355	2015.876	394.0677	262.6667	598.0000	
356	2019.733	388.2303	-427.6667	-76.0000	
357	2023.580	369.0475	481.0000	789.3334	
358	2027.419	292.1981	16.0000	244.6667	
359	2031.248	304.6819	664.6667	903.0000	
360	2035.067	352.1658	-320.3333	-37.3333	
361	2038.878	381.5249	231.6667	565.0000	
362	2042.678	384.2175	-421.6667	-118.0000	
363	2046.470	395.9100	176.0000	494.6667	
364	2050.252	376.8965	-447.3333	-120.0000	
365	2054.024	359.6151	223.6667	515.0000	
366	2057.787	364.4170	-327.6667	-40.3333	
367	2061.541	371.8856	197.0000	497.3333	
368	2065.285	372.1876	-344.6667	-45.6667	
369	2069.020	349.1561	189.0000	463.3333	
370	2072.745	348.7914	-288.6667	-16.3333	
371	2076.461	353.0772	447.6667	712.3334	
372	2080.167	352.9868	-28.3333	270.3333	
373	2083.864	341.5824	797.3333	1007.6666	
374	2087.551	355.7612	124.6667	388.3333	
375	2091.228	408.9818	60.3333	378.0000	
376	2094.896	400.8690	-290.3333	20.0000	
377	2098.555	347.1310	266.6667	525.6667	
378	2102.204	361.4763	-179.6667	78.0000	
379	2105.843	383.3216	222.3333	522.3333	
380	2109.473	367.2512	-387.0000	-100.6667	
381	2113.093	366.3814	-656.3334	-377.0000	
382	2116.703	366.5949	-152.0000	148.6667	
383	2120.304	356.2251	219.6667	494.3334	
384	2123.895	362.9386	-544.6666	-274.0000	
385	2127.477	349.9850	115.3333	419.6667	
386	2131.049	351.4534	-406.3333	-131.3333	
387	2134.611	364.7550	112.6667	389.3333	
388	2138.163	386.3891	-366.6667	-53.0000	
389	2141.706	375.3424	270.6667	572.6666	
390	2145.239	345.2957	-416.6667	-145.3333	
391	2148.763	359.9991	248.3333	515.6667	
392	2152.276	400.9882	-603.0000	-290.6667	
393	2155.780	378.5236	74.6667	365.3333	
394	2159.275	355.8924	-222.3333	-4.3333	
395	2162.759	355.0946	349.0000	639.3334	
396	2166.234	359.7139	-244.6667	31.6667	
397	2169.698	357.5582	134.0000	409.6667	
398	2173.154	357.3192	-391.0000	-122.3333	
399	2176.599	366.7468	175.3333	473.0000	
400	2180.034	374.0078	-183.0000	79.6667	
401	2183.460	396.6854	433.0000	755.0000	
402	2186.876	378.8630	-314.3333	-8.0000	
403	2190.282	363.7073	-5.0000	288.3333	
404	2193.678	374.9677	-364.0000	-72.3333	
405	2197.064	376.3044	252.0000	605.0000	
406	2200.440	359.5294	-363.0000	-74.0000	
407	2203.807	346.2144	245.0000	543.3333	
408	2207.164	342.7329	-316.0000	-36.6667	
409	2210.510	341.6779	337.3333	630.6666	
410	2213.847	343.9563	-383.6667	-115.0000	
411	2217.174	348.7346	321.6667	606.6666	
412	2220.491	359.5962	-327.0000	-47.6667	
413	2223.798	384.1604	386.3333	689.6667	
414	2227.094	383.0089	-479.6667	-176.6667	
415	2230.381	381.1909	257.6667	559.6667	
416	2233.658	376.0394	-604.0000	-306.3333	
417	2236.925	332.8880	227.6667	483.0000	
418	2240.182	351.7366	-481.0000	-236.3333	
419	2243.429	378.2518	17.3333	319.6667	
420	2246.666	373.9755	-377.0000	-68.0000	
421	2249.893	367.6952	265.0000	570.6667	
422	2253.110	372.3733	-427.0000	-119.6667	
423	2256.317	375.1347	293.3333	538.0000	
424	2259.513	402.8125	-355.6667	-31.6667	
425	2262.700	392.2070	195.0000	508.0000	
426	2265.876	355.6016	-116.3333	159.6667	
427	2269.043	359.2848	380.0000	673.0000	
428	2272.199	356.0681	-329.6667	-9.0000	
429	2275.345	354.5290	199.0000	473.0000	
430	2278.481	355.3232	-314.3333	-23.0000	
431	2281.607	353.8465	336.6667	633.0000	
432	2284.723	343.9741	-364.0000	-91.0000	
433	2287.828	345.7683	231.0000	486.3333	
434	2290.924	370.0709	-369.3333	-85.3333	
435	2294.009	374.1996	214.3333	503.0000	
436	2297.083	367.2453	-557.3334	-265.6667	
437	2300.148	364.0340	300.6667	557.0000	
438	2303.203	370.9061	-437.6667	-145.3333	
439	2306.247	372.8615	-16.3333	303.0000	
440	2309.281	369.2335	-526.0000	-267.6667	
441	2312.305	367.6308	355.6667	675.6667	
442	2315.318	359.6114	-275.0000	15.6667	
443	2318.322	349.6753	150.0000	432.3333	
444	2321.314	359.0732	-492.0000	-198.6667	
445	2324.297	365.6195	384.3333	680.3334	
446	2327.269	384.4987	-504.0000	-193.0000	
447	2330.231	386.3782	183.6667	492.6667	
448	2333.183	363.5847	-410.3333	-121.6667	
449	2336.124	368.8782	-11.3333	291.6667	
450	2339.055	361.7550	-324.6667	-41.0000	
451	2341.976	354.8817	429.6667	682.0000	
452	2344.886	360.1746	-576.0000	-308.3333	
453	2347.786	356.4653	358.3333	625.3333	
454	2350.675	346.2352	-386.6667	-152.3333	
455	2353.554	360.5605	206.6667	472.0000	
456	2356.423	360.9123	-459.0000	-192.6667	
457	2359.281	346.4826	236.0000	479.3333	
458	2362.128	356.6362	-276.3333	-22.3333	
459	2364.966	369.1232	207.6667	474.6666	
460	2367.792	372.1930	-224.0000	70.0000	
461	2370.609	373.2448	120.3333	372.0000	
462	2373.415	375.7549	-231.0000	38.6667	
463	2376.210	382.0984	286.0000	563.3333	
464	2378.995	394.8169	-406.3333	-117.3333	
465	2381.769	381.5354	107.6667	382.3333	
466	2384.533	365.6705	-317.0000	-78.0000	
467	2387.286	366.0973	252.0000	534.3334	
468	2390.029	368.1914	-531.6666	-296.6667	
469	2392.760	356.1692	206.6667	468.0000	
470	2395.482	355.8594	-350.6667	-96.6667	
471	2398.193	344.3829	338.3333	565.3334	
472	2400.893	348.2398	-611.6667	-370.6667	
473	2403.583	347.9682	264.0000	510.3333	
474	2406.262	351.5300	-415.0000	-208.0000	
475	2408.931	357.2584	341.6667	578.0000	
476	2411.589	375.7848	-355.0000	-122.6667	
477	2414.236	375.8226	333.6667	546.0000	
478	2416.872	380.2563	-443.3333	-206.6667	
479	2419.498	379.1067	113.6667	333.3333	
480	2422.113	378.5403	-389.3333	-174.6667	
481	2424.718	368.5989	219.0000	424.0000	
482	2427.312	373.0326	-435.6667	-228.0000	
483	2429.895	351.0080	211.6667	422.6667	
484	2432.467	290.6086	922.6667	1031.6667	
485	2435.029	353.0692	290.6667	458.3334	
486	2437.580	382.1964	-637.6667	-444.6667	
487	2440.120	408.9904	112.0000	328.0000	
488	2442.649	410.1177	-435.0000	-221.6667	
489	2445.167	362.1865	46.6667	211.3333	
490	2447.675	355.5748	-487.3333	-323.0000	
491	2450.172	359.9072	370.3333	576.6666	
492	2452.658	355.4908	-348.3333	-201.0000	
493	2455.134	358.4821	292.3333	476.6667	
494	2457.598	364.0151	-543.0000	-394.0000	
495	2460.052	370.7355	265.3333	469.0000	
496	2462.495	380.2894	-308.3333	-125.3333	
497	2464.927	380.4265	427.0000	637.6667	
498	2467.348	371.2303	-396.0000	-209.3333	
499	2469.758	360.9924	455.0000	625.0000	
500	2472.157	357.3366	-316.0000	-127.6667	
501	2474.546	355.9888	39.3333	189.3333	
502	2476.923	359.3077	-427.0000	-235.0000	
503	2479.290	369.9599	274.6667	423.0000	
504	2481.645	371.4455	-354.6667	-159.0000	
505	2483.990	368.5977	208.3333	395.0000	
506	2486.323	351.0833	-349.3333	-192.0000	
507	2488.646	334.2355	263.0000	402.0000	
508	2490.958	359.4711	-558.6667	-421.0000	
509	2493.258	396.2066	258.0000	456.0000	
510	2495.548	376.0255	-267.3333	-91.0000	
511	2497.827	365.5111	-55.6667	108.6667	
