resultName	chilca7-71
resultName	chilca7-71
ID	RS20200227104812_P19331194
Command	SCANANDSEARCH
User	Admin
Application	_Analyze
SerialNumber	P19331194
Power	280
Integration	900
Averages	3
AutoExposure	Off
AutoCollect	Off
QuickCollect	Off
AutoBackground	On
BaselineCorrection	On
Algorithm	Wavelet
Searched Library	All,None,None,None
MixtureComponents	2
matchThreshold	0.0
displayMatches	1
Threshold	0.80
WL Start	
WL End	
ServerVersion	3.180316
FirmwareVersion	
date	2020-02-27
time	10:48:12
scanindex	0
specpath	RS20200227104812_P19331194.xml
Search Range	200 - 2500
Synced	false
lastCalDateTime	2020-02-27 08:30:34
lastCalUser	Admin
lastCalResult	PASS
lastVerifyDateTime	2019-10-16 15:05:37
lastVerifyUser	Admin
lastVerifyResult	PASS
selectedMaterial	
result	No Match
ValidationGUID	
ValidationMatchQuality	
topMatch	
topMatchGUID	
topMatchQuality	
secondMatch	
secondMatchGUID	
secondMatchQuality	
thirdMatch	
thirdMatchGUID	
thirdMatchQuality	
fourthMatch	
fourthMatchGUID	
fourthMatchQuality	
fifthMatch	
fifthMatchGUID	
fifthMatchQuality	
signedBy	
signedDateTime	
softwareVer	1.7.0.21
memo	
batchID	
inBatch	false
batchUID	
batchCID1	
batchCIDlbl1	
batchCID2	
batchCIDlbl2	
batchCID3	
batchCIDlbl3	
batchCID4	
batchCIDlbl4	
batchCID5	
batchCIDlbl5	
signedTitle	
signedReason	
rescanned	
barcode	
topMatchContribs	
secondMatchContribs	
thirdMatchContribs	
fourthMatchContribs	
fifthMatchContribs	
ValidationMatchContribs	
Threat	
PrecursorList	
CompundName	
WindowStart4C	
MatchLibrary	
lastModified	2020/02/27 10:48
Signal2Noise	51.62
Detector TEC SetPoint	0x8000
Detector Temp	4.94
Laser Temp	25.38
OE1 Temp	32.03
OE2 Temp	35.81
Detector Gain	200
SaturationDetected	false
InterpolatedPixelList	
PeakList	 305.1	873	322.4	689	435.2	699	651.0	1066	759.4	1856	787.9	1096	880.4	483	1158.4	602	1217.8	640	1296.5	947	1377.8	1465	1448.5	4982	1565.2	1784	1644.8	3758	1675.8	2669
index	Raman Shift (cm-1)	Y value (counts)	background (counts)	raw value (counts)
0	137.455	331.4732	2063.0000	5286.6665	
1	143.948	338.8354	2192.0000	5306.6665	
2	150.436	249.8640	2337.3333	5246.6665	
3	156.918	246.2259	2529.0000	5318.3330	
4	163.394	252.9216	2151.3333	4831.0000	
5	169.865	219.6172	2718.3333	5248.3335	
6	176.330	241.3120	2434.3335	4869.6665	
7	182.790	272.3415	2631.6665	4981.6670	
8	189.244	173.3695	2235.3335	4370.0000	
9	195.693	193.3984	2695.3333	4733.6665	
10	202.136	208.4273	2473.6667	4410.6670	
11	208.573	208.4561	3010.0000	4830.6670	
12	215.005	242.1514	2394.3333	4132.3335	
13	221.431	225.0062	2864.6667	4531.3335	
14	227.851	179.5548	2652.0000	4209.0000	
15	234.266	190.9666	3034.0000	4607.3330	
16	240.675	202.7123	2414.0000	4004.0000	
17	247.078	206.7916	2670.6665	4269.6670	
18	253.476	234.8695	2384.6667	4016.6665	
19	259.868	321.9483	2737.3333	4461.3330	
20	266.254	239.0276	2056.6667	3702.6670	
21	272.635	179.1384	2842.6665	4450.0000	
22	279.009	125.2488	2521.0000	4095.6665	
23	285.378	268.0265	2572.0000	4310.6665	
24	291.742	500.4708	2112.6667	4105.0000	
25	298.099	682.9473	2429.3333	4629.6665	
26	304.451	873.4243	1954.3335	4370.6670	
27	310.797	760.9006	2709.6667	5039.0000	
28	317.137	642.5830	2157.3335	4405.6665	
29	323.471	688.7230	2254.0000	4513.0000	
30	329.800	673.1962	1788.6666	3996.6667	
31	336.122	464.0026	2558.6667	4522.0000	
32	342.439	296.4756	2158.6667	3919.0000	
33	348.750	304.9484	2451.0000	4184.3330	
34	355.055	412.7550	1730.3335	3536.0000	
35	361.354	492.4009	2263.3333	4102.6665	
36	367.648	390.5168	1790.3333	3495.3335	
37	373.935	193.1323	1811.3333	3296.3333	
38	380.216	62.4145	1920.6667	3252.3333	
39	386.492	97.3636	2064.0000	3408.0000	
40	392.762	264.9793	1518.0000	3007.0000	
41	399.025	259.9376	1948.6665	3413.3335	
42	405.283	118.2286	1651.3333	2955.0000	
43	411.535	211.2700	1193.3333	2466.6667	
44	417.781	321.1447	1028.0000	2496.0000	
45	424.020	693.9155	1548.6666	3386.3335	
46	430.254	686.3525	783.0000	2610.0000	
47	436.482	698.7900	823.6666	2660.0000	
48	442.704	651.2274	478.3333	2264.0000	
49	448.920	393.6485	1063.0000	2597.3335	
50	455.129	266.9492	524.0000	1938.6667	
51	461.333	213.5834	554.3333	1905.0000	
52	467.531	198.4674	542.0000	1900.3333	
53	473.722	189.8174	853.6666	2203.3333	
54	479.908	203.2509	375.6667	1758.0000	
55	486.087	458.6010	142.0000	1788.3333	
56	492.260	450.5226	272.6667	1908.3335	
57	498.427	413.5947	644.3333	2228.3333	
58	504.588	340.3336	379.3333	1875.3333	
59	510.743	225.7390	355.0000	1721.6665	
60	516.892	272.3946	137.0000	1478.6667	
61	523.034	434.3219	599.0000	2126.6667	
62	529.171	297.8324	13.0000	1371.3333	
63	535.301	235.6765	632.0000	1895.3333	
64	541.425	252.1870	35.3333	1282.3333	
65	547.543	153.6977	583.6667	1699.3335	
66	553.655	277.8750	643.6667	1850.6667	
67	559.760	505.0521	1032.0000	2433.3333	
68	565.859	397.2296	425.3333	1686.0000	
69	571.952	185.8760	710.6666	1741.6667	
70	578.039	209.7299	-20.3333	1024.6667	
71	584.119	313.6816	224.0000	1364.3333	
72	590.193	263.6339	-100.3333	981.3333	
73	596.261	221.6007	418.6666	1491.6667	
74	602.323	211.8176	260.3333	1339.6667	
75	608.378	190.8260	424.6667	1353.6666	
76	614.427	224.5011	211.0000	1258.0000	
77	620.469	275.5852	480.6667	1661.3335	
78	626.505	267.7769	220.6667	1270.3334	
79	632.535	290.6353	476.3334	1609.6667	
80	638.559	370.4936	188.6667	1409.6666	
81	644.576	809.3519	624.3334	2292.0000	
82	650.587	1065.8771	-48.3333	1883.6667	
83	656.591	784.4020	111.3333	1769.6667	
84	662.589	497.9270	3.3333	1342.3334	
85	668.581	533.5609	163.3333	1550.6667	
86	674.566	323.5277	-264.6667	869.3334	
87	680.544	272.4949	235.0000	1282.3334	
88	686.517	290.1285	-99.0000	930.3334	
89	692.483	308.4794	382.3333	1397.0000	
90	698.442	344.1635	-115.3333	952.0000	
91	704.395	313.1875	39.0000	1123.0000	
92	710.341	261.3353	-173.0000	808.0001	
93	716.281	149.8901	51.0000	976.6666	
94	722.214	28.7784	-168.3333	692.3333	
95	728.141	0.0000	174.3333	1062.3334	
96	734.061	100.2216	-181.0000	863.3334	
97	739.975	178.1099	257.3333	1435.6666	
98	745.882	330.5636	-38.6667	1339.3334	
99	751.783	831.9441	478.3333	2416.6665	
100	757.677	1855.9913	-333.6667	2687.6667	
101	763.564	1788.2096	300.6667	3288.3335	
102	769.445	639.4277	-246.6667	1626.3333	
103	775.319	555.9791	179.3333	2003.0000	
104	781.187	1013.5311	-163.0000	2152.3333	
105	787.048	1096.4370	296.6667	2715.3333	
106	792.902	957.3433	74.6667	2374.6667	
107	798.750	901.5828	306.0000	2570.6667	
108	804.591	787.1556	-215.6667	1955.0000	
109	810.425	376.0686	353.3333	2092.6665	
110	816.253	141.3151	-118.3333	1265.3333	
111	822.074	161.5615	279.3333	1697.3335	
112	827.888	82.4764	-204.6667	1191.6667	
113	833.695	59.9601	268.0000	1614.6665	
114	839.496	144.7780	-120.0000	1284.3334	
115	845.290	326.5955	242.6667	1801.6665	
116	851.078	374.7464	21.0000	1601.0000	
117	856.858	287.2302	267.6667	1764.3333	
118	862.632	289.3808	111.6667	1614.6665	
119	868.399	413.3711	203.6667	1824.0000	
120	874.159	404.2328	-107.3333	1508.3334	
121	879.913	482.6366	405.0000	2096.6667	
122	885.659	476.7070	-40.3333	1643.0000	
123	891.399	475.1108	241.3333	1920.6667	
124	897.132	298.5147	-7.0000	1493.3334	
125	902.858	116.0483	179.3333	1501.6667	
126	908.577	102.9153	-168.0000	1145.6666	
127	914.290	281.4489	246.3333	1743.0000	
128	919.995	425.3159	-344.0000	1301.0000	
129	925.694	322.5162	246.3333	1793.0000	
130	931.385	233.3832	-181.3333	1280.6666	
131	937.070	193.9169	453.6667	1880.6666	
132	942.748	255.4505	-104.6667	1388.3334	
133	948.419	323.2928	228.3333	1797.6667	
134	954.083	502.4575	-138.0000	1612.3333	
135	959.740	518.6224	132.6667	1901.0000	
136	965.390	274.4542	-95.0000	1431.0000	
137	971.033	171.5234	130.0000	1552.0000	
138	976.669	190.5927	-369.6667	1070.3334	
139	982.299	211.1618	104.6667	1568.6667	
140	987.921	222.5713	-47.6667	1374.6666	
141	993.536	281.3857	-52.0000	1459.6666	
142	999.144	289.3669	-261.6667	1251.3334	
143	1004.745	336.0146	169.6667	1722.6665	
144	1010.339	373.3292	-423.0000	1160.6666	
145	1015.926	290.9771	98.3333	1593.0000	
146	1021.506	192.6248	-42.0000	1347.6666	
147	1027.078	217.6062	165.6667	1573.6667	
148	1032.644	277.5875	-138.0000	1323.3333	
149	1038.203	219.6928	53.3333	1452.6666	
150	1043.754	181.7982	-233.0000	1124.3333	
151	1049.298	258.5703	-16.0000	1414.0000	
152	1054.836	305.8420	-365.0000	1103.3334	
153	1060.366	308.2688	84.0000	1549.6666	
154	1065.889	357.3438	-190.6667	1338.0000	
155	1071.404	377.8840	105.0000	1651.0000	
156	1076.913	519.4244	-259.6667	1424.6666	
157	1082.414	379.6603	145.6667	1684.0000	
158	1087.908	255.8959	-277.6667	1130.6666	
159	1093.395	149.7985	120.3333	1416.3334	
160	1098.875	250.3675	-64.6667	1325.6666	
161	1104.348	345.8814	123.3333	1595.0000	
162	1109.813	288.5740	-283.6667	1133.0000	
163	1115.271	275.9335	241.6667	1648.0000	
164	1120.721	196.2094	-242.3333	1060.6666	
165	1126.165	174.7365	167.0000	1475.3334	
166	1131.601	168.9305	-275.6667	1022.3334	
167	1137.030	193.5410	292.6667	1636.3333	
168	1142.452	232.0687	-384.0000	1004.0000	
169	1147.866	389.7511	166.3333	1730.0000	
170	1153.273	496.4335	-268.0000	1420.3333	
171	1158.672	601.7827	219.3333	2031.0000	
172	1164.064	412.4652	-281.0000	1359.3334	
173	1169.449	382.2318	311.0000	1929.0000	
174	1174.827	272.9152	-108.3333	1375.3334	
175	1180.197	254.6773	295.6667	1783.6667	
176	1185.560	212.8220	-106.6667	1370.0000	
177	1190.915	197.5502	215.3333	1678.6667	
178	1196.263	218.2784	4.6667	1490.6667	
179	1201.603	478.3397	222.0000	1970.0000	
180	1206.936	578.7341	-231.6667	1618.6665	
181	1212.262	551.6455	321.6667	2151.6667	
182	1217.580	639.6104	-43.6667	1871.0000	
183	1222.891	638.9434	280.6667	2209.0000	
184	1228.194	602.2753	-155.6667	1750.3333	
185	1233.489	389.0891	328.3333	2040.0000	
186	1238.778	226.5692	41.0000	1609.0000	
187	1244.058	187.7161	335.0000	1883.0000	
188	1249.331	172.8624	31.6667	1583.6667	
189	1254.597	250.1064	547.3333	2226.3333	
190	1259.855	189.0173	110.0000	1777.6667	
191	1265.106	233.9282	526.3334	2288.6667	
192	1270.349	394.5056	212.6667	2185.3333	
193	1275.584	418.7498	613.3334	2660.0000	
194	1280.812	350.6604	33.3333	2061.6665	
195	1286.032	503.2381	646.0000	2876.6667	
196	1291.244	868.2274	2.6667	2661.3335	
197	1296.449	946.8654	616.3333	3356.0000	
198	1301.647	706.1700	215.0000	2716.3335	
199	1306.836	617.1411	745.0000	3159.6665	
200	1312.018	532.4465	435.0000	2767.3333	
201	1317.193	227.1743	432.0000	2442.0000	
202	1322.359	135.9022	377.0000	2278.6667	
203	1327.518	377.4883	647.3334	2760.0000	
204	1332.670	427.6620	330.6667	2479.0000	
205	1337.813	254.3424	777.6667	2752.0000	
206	1342.949	202.0230	110.6667	2032.0000	
207	1348.077	162.7035	721.0000	2602.3333	
208	1353.198	134.3839	176.3333	2028.6667	
209	1358.311	213.0644	960.0000	2890.3333	
210	1363.415	462.4116	397.0000	2576.0000	
211	1368.513	934.4257	765.0000	3415.3335	
212	1373.602	1273.4397	367.0000	3355.6670	
213	1378.684	1465.4125	773.0000	3973.0000	
214	1383.757	1168.3856	434.3333	3356.6665	
215	1388.823	502.3590	963.6667	3239.3335	
216	1393.881	51.3321	341.6667	2185.6667	
217	1398.932	40.6041	835.0000	2672.6667	
218	1403.974	93.6722	490.3334	2366.0000	
219	1409.009	346.4072	1168.6666	3282.0000	
220	1414.036	862.1417	490.0000	3104.0000	
221	1419.054	1270.1249	878.6666	3877.3335	
222	1424.065	1681.4403	530.0000	3916.6665	
223	1429.068	2679.0898	886.6666	5247.6665	
224	1434.064	4280.6606	605.3333	6529.3330	
225	1439.051	4859.7202	921.6666	7385.6665	
226	1444.030	4970.7788	563.0000	7099.0000	
227	1449.001	4981.8369	1078.6667	7586.6665	
228	1453.965	4638.2280	408.0000	6533.3330	
229	1458.920	3840.8313	1091.0000	6333.6660	
230	1463.868	2981.7688	463.6666	4762.0000	
231	1468.807	2153.3723	1049.3333	4434.0000	
232	1473.739	1368.6423	489.0000	3003.6667	
233	1478.662	715.1451	909.6666	2695.6665	
234	1483.578	407.3141	385.6667	1788.6667	
235	1488.485	228.8155	947.3334	2096.6667	
236	1493.385	223.9844	340.6667	1410.0000	
237	1498.276	145.7764	1029.3334	1976.0000	
238	1503.159	152.3999	394.6667	1310.6666	
239	1508.035	128.1286	926.0000	1791.0000	
240	1512.902	133.1907	347.3333	1190.6667	
241	1517.761	110.4194	888.0000	1664.3333	
242	1522.612	120.6476	530.0000	1314.6667	
243	1527.454	147.3763	1200.0000	1971.0000	
244	1532.289	185.6258	597.3334	1374.6666	
245	1537.116	182.3927	1156.3334	1968.6667	
246	1541.934	111.9821	535.0000	1328.3333	
247	1546.745	128.8210	1131.0000	2041.6667	
248	1551.547	195.4101	519.0000	1566.6667	
249	1556.341	504.1809	1127.3334	2586.0000	
250	1561.126	1309.2856	584.6666	2950.6665	
251	1565.904	1783.7216	1026.6666	3969.3335	
252	1570.673	940.1578	748.3333	2949.6665	
253	1575.434	342.8513	1018.6667	2687.3333	
254	1580.187	308.5451	552.3333	2251.3333	
255	1584.932	338.9052	1047.0000	2841.0000	
256	1589.668	337.5984	412.0000	2269.3333	
257	1594.396	241.2916	977.3334	2803.0000	
258	1599.116	162.3183	404.0000	2215.3333	
259	1603.828	149.8203	854.0000	2738.3333	
260	1608.531	352.7035	631.3333	2763.3333	
261	1613.226	597.5229	953.6666	3362.6665	
262	1617.912	663.3434	894.6666	3401.6670	
263	1622.591	824.4956	1011.3334	3711.6665	
264	1627.261	1588.6486	586.3333	4083.0000	
265	1631.922	2772.3601	942.3334	5630.3335	
266	1636.576	3583.5642	374.6667	5859.0000	
267	1641.220	3712.7815	1209.3334	6804.6670	
268	1645.857	3757.6646	400.6667	6022.6670	
269	1650.485	3005.6365	932.3333	5706.0000	
270	1655.105	2140.2756	571.0000	4383.0000	
271	1659.716	1871.9149	1029.6667	4477.0000	
272	1664.319	2017.2206	487.0000	3983.3335	
273	1668.913	2413.1921	1132.0000	4928.0000	
274	1673.499	2621.4978	412.0000	4320.0000	
275	1678.077	2668.8044	678.3333	4537.3335	
276	1682.646	1543.7787	569.3333	3207.0000	
277	1687.206	516.6285	866.6666	2382.6667	
278	1691.759	173.1450	450.6667	1528.6666	
279	1696.302	100.6613	901.3333	1812.3335	
280	1700.837	90.8854	348.6667	1168.3334	
281	1705.364	109.7060	918.0000	1661.3335	
282	1709.882	108.5263	297.6667	944.6667	
283	1714.391	186.6805	778.6667	1408.6666	
284	1718.892	262.1669	275.3333	885.6667	
285	1723.385	271.1790	1011.0000	1606.3334	
286	1727.868	294.1917	221.6667	816.0000	
287	1732.344	276.9353	742.0000	1286.3334	
288	1736.810	249.4418	288.6667	800.6666	
289	1741.268	245.9492	747.0000	1252.3333	
290	1745.717	255.4561	186.6667	702.0000	
291	1750.158	264.4631	786.6666	1268.6667	
292	1754.590	287.4705	174.3333	705.0000	
293	1759.014	294.6810	771.3333	1293.3333	
294	1763.428	304.8922	-15.3333	501.0000	
295	1767.835	278.7694	633.6667	1108.0000	
296	1772.232	295.3140	17.0000	492.0000	
297	1776.621	311.4719	568.3334	1058.6666	
298	1781.001	299.2966	-131.6667	345.6667	
299	1785.372	263.7881	684.3333	1125.3334	
300	1789.735	255.9459	-113.3333	319.0000	
301	1794.089	206.5512	627.6667	1017.0000	
302	1798.434	225.4544	142.6667	545.6667	
303	1802.770	232.4410	711.3333	1127.0000	
304	1807.098	238.2609	272.6667	659.6667	
305	1811.416	244.2474	361.6667	776.6667	
306	1815.726	248.7339	77.0000	478.3333	
307	1820.027	249.0538	654.6667	1075.6666	
308	1824.320	247.3361	-3.3333	380.6667	
309	1828.603	255.6822	681.3333	1076.6667	
310	1832.878	263.3616	-39.3333	387.6667	
311	1837.144	260.3742	558.6667	949.6666	
312	1841.401	262.0536	125.3333	536.0000	
313	1845.649	262.0171	194.3333	614.3333	
314	1849.889	256.9807	49.0000	441.0000	
315	1854.119	276.2776	412.6667	852.6666	
316	1858.340	266.9908	-128.6667	326.6667	
317	1862.553	267.9115	271.0000	680.0000	
318	1866.757	271.4156	-93.6667	345.0000	
319	1870.951	271.4194	353.0000	782.6666	
320	1875.137	262.3402	-365.6667	29.6667	
321	1879.314	259.8443	305.3333	753.6667	
322	1883.482	253.6163	-216.0000	179.0000	
323	1887.641	261.0098	201.0000	606.6666	
324	1891.791	255.1535	-273.3333	125.3333	
325	1895.932	237.9622	415.0000	759.6667	
326	1900.064	239.1458	-219.0000	174.3333	
327	1904.187	241.5378	279.6667	659.3333	
328	1908.300	239.7214	-337.3333	25.0000	
329	1912.405	252.8458	217.6667	595.6666	
330	1916.501	256.1894	-265.6667	109.0000	
331	1920.588	257.3871	205.3333	545.6667	
332	1924.666	268.1058	-315.3333	70.0000	
333	1928.734	274.0711	388.3333	793.0000	
334	1932.794	272.1197	-259.0000	124.0000	
335	1936.844	267.5016	325.6667	712.0000	
336	1940.885	266.2585	-257.6667	114.0000	
337	1944.917	267.7238	104.0000	484.3333	
338	1948.940	265.5641	-206.0000	168.0000	
339	1952.954	262.5502	304.0000	668.0000	
340	1956.959	264.0154	-245.3333	128.0000	
341	1960.955	265.5423	135.0000	530.3333	
342	1964.941	265.5067	-106.3333	225.3333	
343	1968.918	259.6037	118.6667	485.3333	
344	1972.886	257.4724	-394.0000	-38.0000	
345	1976.845	253.6634	159.0000	498.0000	
346	1980.794	255.8336	-314.0000	35.0000	
347	1984.735	255.3163	-46.6667	290.6667	
348	1988.666	257.4863	-401.3333	-21.0000	
349	1992.588	229.1380	313.6667	636.3333	
350	1996.500	249.0144	-423.3333	-105.0000	
351	2000.404	265.4867	237.0000	592.6667	
352	2004.298	292.6256	-471.3333	-85.3333	
353	2008.182	273.0979	220.6667	590.3334	
354	2012.058	267.2368	-442.6667	-75.6667	
355	2015.924	261.7090	210.6667	561.3334	
356	2019.781	258.5148	-523.6667	-149.6667	
357	2023.628	263.5525	222.6667	589.6666	
358	2027.466	265.7570	-453.3333	-115.3333	
359	2031.295	268.4614	151.6667	546.0000	
360	2035.114	255.3742	-471.6667	-105.0000	
361	2038.924	241.6764	203.3333	536.6667	
362	2042.725	248.3535	-485.6667	-149.3333	
363	2046.516	264.9473	133.6667	483.3334	
364	2050.298	254.7624	-468.0000	-145.6667	
365	2054.070	254.0806	128.3333	517.0000	
366	2057.833	259.8988	-418.3333	-97.3333	
367	2061.586	260.3419	163.6667	506.0000	
368	2065.330	261.3477	-430.6667	-66.0000	
369	2069.065	255.7076	112.6667	454.0000	
370	2072.790	245.4633	-362.3333	-59.3333	
371	2076.505	253.0891	263.0000	614.6667	
372	2080.211	253.1894	-397.0000	-72.6667	
373	2083.908	252.6786	145.3333	473.3333	
374	2087.595	264.0011	-368.0000	1.6667	
375	2091.272	261.2402	-2.6667	322.6667	
376	2094.940	260.8540	-362.0000	-20.6667	
377	2098.599	264.3482	238.3333	562.3333	
378	2102.248	271.3842	-257.0000	106.0000	
379	2105.887	269.1701	135.6667	492.3333	
380	2109.516	260.0399	-491.6667	-117.0000	
381	2113.136	237.8297	-727.3334	-407.0000	
382	2116.747	252.4529	-211.6667	120.0000	
383	2120.348	293.0760	152.6667	521.6666	
384	2123.939	275.3659	-633.6666	-255.3333	
385	2127.521	233.4066	98.3333	411.3333	
386	2131.093	228.9119	-471.0000	-168.0000	
387	2134.655	258.7504	30.0000	357.3333	
388	2138.207	265.4220	-407.6667	-65.3333	
389	2141.750	260.9847	254.3333	568.3334	
390	2145.283	257.1308	-483.0000	-152.6667	
391	2148.807	260.1102	216.3333	514.0000	
392	2152.321	273.6978	-641.3333	-326.3333	
393	2155.825	272.1107	33.6667	362.0000	
394	2159.319	257.8986	-297.0000	5.3333	
395	2162.804	247.3324	343.6667	585.3334	
396	2166.279	250.2656	-338.3333	8.3333	
397	2169.744	247.8170	118.0000	400.6667	
398	2173.199	267.8683	-454.6667	-134.3333	
399	2176.644	259.3363	128.0000	455.6667	
400	2180.080	256.8876	-223.6667	54.0000	
401	2183.506	271.5223	407.0000	738.3333	
402	2186.922	274.3653	-408.6667	-70.0000	
403	2190.328	271.9167	-78.0000	264.3333	
404	2193.725	271.1768	-422.3333	-111.6667	
405	2197.111	269.7731	178.3333	539.3333	
406	2200.488	245.5331	-459.6667	-120.3333	
407	2203.854	215.1947	200.6667	496.6667	
408	2207.211	247.9401	-401.0000	-71.6667	
409	2210.558	257.8096	282.3333	622.3333	
410	2213.896	255.2624	-449.6667	-120.3333	
411	2217.223	254.8819	251.6667	607.6667	
412	2220.540	255.4178	-397.0000	-80.0000	
413	2223.847	268.0058	292.6667	629.0000	
414	2227.145	272.0746	-628.0000	-288.3333	
415	2230.432	270.4767	130.6667	474.3333	
416	2233.709	263.5455	-640.6666	-311.0000	
417	2236.977	254.5310	186.6667	501.3334	
418	2240.234	252.5164	-556.6667	-230.6667	
419	2243.482	253.2519	-23.3333	286.0000	
420	2246.719	255.4875	-426.0000	-107.3333	
421	2249.946	281.8029	219.6667	563.6667	
422	2253.164	285.1182	-481.6667	-135.3333	
423	2256.371	280.4335	182.0000	522.6666	
424	2259.568	229.4149	-386.0000	-97.3333	
425	2262.755	228.2603	165.3333	452.0000	
426	2265.933	258.1057	-171.3333	144.3333	
427	2269.100	256.2680	339.3333	661.3333	
428	2272.256	259.6899	-360.6667	-43.3333	
429	2275.403	263.3929	152.0000	493.0000	
430	2278.540	259.7000	-343.3333	-29.6667	
431	2281.667	262.2155	273.3333	619.6666	
432	2284.783	264.5226	-426.0000	-123.0000	
433	2287.889	259.7881	144.3333	484.6667	
434	2290.985	265.9462	-431.3333	-95.6667	
435	2294.071	250.6253	196.3333	503.6666	
436	2297.147	258.8047	-625.6666	-310.0000	
437	2300.212	263.5555	242.3333	563.0000	
438	2303.267	264.7231	-483.0000	-131.3333	
439	2306.312	258.8905	-5.6667	276.6667	
440	2309.347	258.6419	-631.0000	-297.3333	
441	2312.372	240.6188	310.0000	608.3333	
442	2315.386	232.4291	-330.0000	-40.0000	
443	2318.390	257.9060	111.6667	427.0000	
444	2321.384	273.2162	-533.6667	-174.6667	
445	2324.368	273.3477	332.3333	643.3333	
446	2327.341	274.9794	-547.0000	-210.3333	
447	2330.304	256.9443	152.3333	461.6667	
448	2333.256	234.7422	-436.6667	-141.0000	
449	2336.199	248.4785	-11.3333	274.3333	
450	2339.131	256.4648	-403.0000	-73.0000	
451	2342.052	264.7011	377.3333	697.6667	
452	2344.963	264.7708	-616.6666	-295.0000	
453	2347.864	261.5487	285.6667	598.3333	
454	2350.755	261.5349	-479.6667	-155.3333	
455	2353.635	270.8389	169.3333	469.3333	
456	2356.505	270.7630	-524.3333	-197.0000	
457	2359.364	266.9857	183.6667	494.6666	
458	2362.213	261.1042	-338.0000	-39.3333	
459	2365.051	261.9935	166.0000	476.3333	
460	2367.879	255.5701	-263.0000	47.6667	
461	2370.697	230.0619	62.3333	332.0000	
462	2373.504	259.1371	-323.6667	-26.6667	
463	2376.300	268.3788	235.3333	561.0000	
464	2379.086	273.2040	-457.3333	-174.6667	
465	2381.862	278.6125	51.0000	363.6667	
466	2384.627	280.6877	-395.0000	-85.6667	
467	2387.382	282.4294	191.3333	531.6666	
468	2390.125	256.5882	-626.3333	-342.3333	
469	2392.859	236.4472	182.3333	427.6667	
470	2395.582	240.5876	-398.3333	-96.3333	
471	2398.294	241.7488	292.3333	550.6666	
472	2400.996	242.2854	-675.6666	-383.0000	
473	2403.687	231.0914	226.3333	476.3333	
474	2406.368	224.3139	-465.0000	-176.6667	
475	2409.038	227.4532	301.3333	502.3333	
476	2411.697	245.7696	-411.6666	-158.6667	
477	2414.346	320.1283	263.6667	587.0000	
478	2416.984	285.4868	-488.3334	-203.6667	
479	2419.612	281.1787	29.0000	283.0000	
480	2422.228	285.2039	-449.6667	-156.6667	
481	2424.834	286.5624	164.6667	438.3333	
482	2427.430	250.5044	-492.0000	-240.0000	
483	2430.015	242.2795	161.0000	417.3334	
484	2432.589	177.3045	1216.0000	1368.3334	
485	2435.152	252.4998	212.6667	437.3334	
486	2437.705	275.3618	-693.3333	-448.6667	
487	2440.247	274.6404	36.3333	303.3333	
488	2442.778	259.4186	-486.0000	-263.0000	
489	2445.298	266.9050	12.3333	242.0000	
490	2447.808	264.5097	-559.3334	-323.0000	
491	2450.306	263.1326	325.6667	574.6667	
492	2452.794	254.2548	-426.0000	-198.6667	
493	2455.272	258.6008	258.3333	483.0000	
494	2457.738	262.1135	-642.3333	-365.0000	
495	2460.194	261.3761	248.3333	448.6667	
496	2462.638	268.3055	-341.3333	-97.0000	
497	2465.073	300.2348	363.3333	640.3333	
498	2467.496	259.1641	-470.6667	-234.0000	
499	2469.908	253.4268	414.3333	646.0000	
500	2472.309	254.5234	-389.6667	-174.0000	
501	2474.699	276.9101	-32.3333	220.3333	
502	2477.079	261.4633	-487.6667	-253.6667	
503	2479.448	253.1833	217.3333	448.3333	
504	2481.805	249.4867	-397.3333	-165.0000	
505	2484.152	245.2899	208.0000	400.6667	
506	2486.488	242.0099	-381.3333	-175.0000	
507	2488.813	247.7924	201.0000	402.3333	
508	2491.127	267.7623	-656.6666	-450.3333	
509	2493.430	262.9823	237.3333	414.0000	
510	2495.722	321.8898	-341.3333	-72.6667	
511	2498.003	222.1097	-62.6667	103.0000	
