resultName	chilca6-130
resultName	chilca6-130
ID	RS20200904142308_P19331194
Command	SCANANDSEARCH
User	Admin
Application	_Analyze
SerialNumber	P19331194
Power	280
Integration	900
Averages	3
AutoExposure	Off
AutoCollect	Off
QuickCollect	Off
AutoBackground	On
BaselineCorrection	On
Algorithm	Wavelet
Searched Library	All,None,None,None
MixtureComponents	2
matchThreshold	0.0
displayMatches	1
Threshold	0.80
WL Start	
WL End	
ServerVersion	3.180316
FirmwareVersion	
date	2020-09-04
time	14:23:08
scanindex	0
specpath	RS20200904142308_P19331194.xml
Search Range	200 - 2500
Synced	false
lastCalDateTime	2020-08-20 09:29:50
lastCalUser	Admin
lastCalResult	PASS
lastVerifyDateTime	2020-09-04 13:30:42
lastVerifyUser	Admin
lastVerifyResult	PASS
selectedMaterial	
result	No Match
ValidationGUID	
ValidationMatchQuality	
topMatch	
topMatchGUID	
topMatchQuality	
secondMatch	
secondMatchGUID	
secondMatchQuality	
thirdMatch	
thirdMatchGUID	
thirdMatchQuality	
fourthMatch	
fourthMatchGUID	
fourthMatchQuality	
fifthMatch	
fifthMatchGUID	
fifthMatchQuality	
signedBy	
signedDateTime	
softwareVer	1.7.0.21
memo	
batchID	
inBatch	false
batchUID	
batchCID1	
batchCIDlbl1	
batchCID2	
batchCIDlbl2	
batchCID3	
batchCIDlbl3	
batchCID4	
batchCIDlbl4	
batchCID5	
batchCIDlbl5	
signedTitle	
signedReason	
rescanned	
barcode	
topMatchContribs	
secondMatchContribs	
thirdMatchContribs	
fourthMatchContribs	
fifthMatchContribs	
ValidationMatchContribs	
Threat	
PrecursorList	
CompundName	
WindowStart4C	
MatchLibrary	
lastModified	2020/09/04 14:28
Signal2Noise	52.66
Detector TEC SetPoint	0x8000
Detector Temp	4.96
Laser Temp	25.39
OE1 Temp	34.66
OE2 Temp	39.25
Detector Gain	200
SaturationDetected	false
InterpolatedPixelList	
PeakList	 304.4	794	328.3	702	434.7	632	495.6	550	561.1	759	656.9	943	665.6	831	759.1	2189	797.6	921	846.9	584	1158.0	627	1226.6	570	1296.8	791	1309.0	642	1377.4	1554	1440.0	5343	1564.8	1587	1645.3	4217	1675.9	2977
index	Raman Shift (cm-1)	Y value (counts)	background (counts)	raw value (counts)
0	137.471	398.7540	515.3333	3905.6665	
1	143.961	332.4992	544.6666	3757.0000	
2	150.446	238.9109	581.6666	3588.6665	
3	156.925	229.3225	736.3333	3622.0000	
4	163.399	174.0677	387.0000	3105.6670	
5	169.867	217.4794	774.0000	3424.3335	
6	176.330	266.5573	476.6667	3064.3333	
7	182.787	202.3022	703.0000	3114.6665	
8	189.239	165.7144	378.0000	2641.3335	
9	195.685	242.4593	673.3333	2901.6667	
10	202.125	255.8705	496.6667	2626.6665	
11	208.560	214.9490	986.3333	2963.6665	
12	214.989	218.3609	446.3334	2315.3335	
13	221.413	192.5008	837.0000	2638.6665	
14	227.831	134.0378	566.0000	2257.6665	
15	234.243	73.8483	894.3333	2532.6665	
16	240.650	186.9920	462.6667	2221.0000	
17	247.051	171.8028	664.3333	2414.3335	
18	253.446	250.6129	536.0000	2371.6665	
19	259.836	287.7568	796.3333	2676.0000	
20	266.220	283.5671	197.0000	2079.3333	
21	272.598	147.7909	872.3334	2637.0000	
22	278.971	74.0146	600.0000	2309.0000	
23	285.338	250.2383	708.6666	2612.0000	
24	291.699	532.1292	303.0000	2506.3335	
25	298.054	678.7777	669.0000	3042.6667	
26	304.404	793.7596	204.0000	2716.3333	
27	310.748	662.7417	912.0000	3317.0000	
28	317.086	533.3230	460.6667	2773.0000	
29	323.418	613.8334	563.0000	2919.6665	
30	329.744	702.3440	102.6667	2511.6667	
31	336.065	455.1877	860.6666	2986.3333	
32	342.380	312.6983	474.0000	2421.0000	
33	348.689	208.8756	819.6666	2626.6667	
34	354.992	283.7191	347.0000	2192.6665	
35	361.289	278.6454	567.3333	2359.0000	
36	367.581	224.9261	370.6667	2069.3335	
37	373.866	200.3763	319.0000	1967.6667	
38	380.146	76.1603	400.3333	1899.3335	
39	386.420	158.9437	482.0000	2038.3333	
40	392.688	267.7272	220.3333	1860.0000	
41	398.949	300.3022	552.3334	2204.0000	
42	405.205	67.2105	353.6667	1751.6666	
43	411.456	85.4521	223.6667	1619.3333	
44	417.700	139.3604	47.6667	1476.6667	
45	423.938	505.7297	499.0000	2289.0000	
46	430.170	606.0990	10.6667	1895.6665	
47	436.396	631.8019	272.3333	2177.6667	
48	442.616	431.5045	118.3333	1818.0000	
49	448.830	270.0029	542.0000	2085.3333	
50	455.039	215.6257	31.0000	1514.3334	
51	461.241	189.4148	163.0000	1654.3333	
52	467.437	175.2044	168.0000	1648.6667	
53	473.627	162.9898	276.3333	1757.6665	
54	479.811	267.1089	53.0000	1651.3335	
55	485.989	541.8944	-10.3333	1875.6667	
56	492.160	471.6984	-76.3333	1739.0000	
57	498.326	550.4583	289.0000	2162.6665	
58	504.486	290.5517	-41.0000	1552.3333	
59	510.639	182.9783	170.0000	1635.3333	
60	516.787	235.6553	-111.6667	1315.3334	
61	522.928	403.2963	248.6667	1874.6667	
62	529.063	288.5204	-106.0000	1366.0000	
63	535.192	251.0782	4300.0000	5695.3335	
64	541.315	216.3022	2819.3333	4140.6665	
65	547.431	145.8600	517.3333	1729.0000	
66	553.542	311.0842	220.0000	1557.6667	
67	559.646	758.9752	515.3333	2261.6667	
68	565.744	681.8658	29.3333	1659.3333	
69	571.835	204.7761	510.0000	1636.6667	
70	577.921	159.2904	-136.6667	928.3334	
71	584.000	195.7073	200.3333	1283.6667	
72	590.073	204.6862	-152.3333	985.3334	
73	596.140	194.7249	276.0000	1337.6666	
74	602.200	186.9928	27.0000	1078.3334	
75	608.255	65.9273	231.6667	1159.3334	
76	614.302	193.5285	24.3333	1077.0000	
77	620.344	278.5016	285.6667	1491.6667	
78	626.379	265.5704	133.6667	1210.6666	
79	632.408	344.9724	385.3333	1620.3334	
80	638.431	438.7077	159.6667	1501.3334	
81	644.447	658.4430	617.3334	2191.6667	
82	650.457	816.5117	-22.3333	1723.0000	
83	656.460	942.5803	107.6667	1992.0000	
84	662.457	763.6488	68.6667	1787.0000	
85	668.448	831.4419	288.3333	2038.6667	
86	674.432	439.5681	-230.6667	1092.0000	
87	680.410	332.0280	309.3333	1488.6667	
88	686.381	275.1547	36.0000	1122.6667	
89	692.346	256.2844	542.6667	1568.3333	
90	698.305	260.0808	-67.3333	1073.0000	
91	704.257	218.5795	171.0000	1199.6667	
92	710.202	163.5683	-18.6667	951.6667	
93	716.142	116.9964	183.3333	1189.3334	
94	722.074	58.2579	-12.3333	872.3334	
95	728.000	92.2693	239.6667	1317.0000	
96	733.920	156.1976	-44.3333	1155.6666	
97	739.833	105.7925	453.3334	1661.6667	
98	745.739	327.4048	156.6667	1635.0000	
99	751.639	1050.0570	707.6666	2969.0000	
100	757.533	2188.7090	-96.6667	3363.6665	
101	763.419	1928.9623	494.0000	3728.0000	
102	769.300	707.5490	-43.6667	2002.3335	
103	775.173	493.4688	403.6667	2269.0000	
104	781.040	602.3884	61.6667	2069.3333	
105	786.901	683.6833	555.3334	2662.0000	
106	792.755	643.6450	338.6667	2423.0000	
107	798.602	921.2736	586.6666	2966.3335	
108	804.442	831.5684	73.6667	2381.3333	
109	810.276	314.8009	666.0000	2446.0000	
110	816.103	119.7001	154.0000	1652.6667	
111	821.924	77.2659	593.6667	2114.3335	
112	827.738	52.2097	113.3333	1610.0000	
113	833.545	109.8474	595.3333	2061.3333	
114	839.345	256.8182	228.6667	1897.3333	
115	845.139	584.1227	566.0000	2545.6665	
116	850.926	387.0938	331.3333	2097.6667	
117	856.706	291.5363	547.0000	2223.3335	
118	862.479	141.9787	476.6666	2009.0000	
119	868.246	265.1797	558.0000	2207.6667	
120	874.006	274.3081	190.3333	1857.0000	
121	879.759	391.6678	650.6667	2430.6667	
122	885.505	324.0278	303.3333	2011.6667	
123	891.245	418.0540	579.3333	2377.6665	
124	896.978	167.7469	414.6667	1958.6666	
125	902.703	86.9297	531.6667	1993.0000	
126	908.422	183.1126	125.0000	1680.6667	
127	914.135	337.9621	587.0000	2295.6667	
128	919.840	435.1448	-28.0000	1776.0000	
129	925.538	283.9942	617.0000	2268.0000	
130	931.230	187.1770	99.6667	1652.0000	
131	936.914	163.0264	716.3333	2242.6665	
132	942.592	265.2094	198.3333	1825.0000	
133	948.263	325.9782	511.3333	2207.6667	
134	953.927	437.8604	124.0000	1931.0000	
135	959.584	356.7426	462.6667	2187.3333	
136	965.234	177.2911	202.6667	1746.6667	
137	970.877	180.2404	456.0000	1998.6666	
138	976.513	262.5231	-108.0000	1512.6666	
139	982.142	219.8060	424.3333	1998.0000	
140	987.764	203.5164	333.3333	1790.6665	
141	993.379	233.7582	277.6667	1845.0000	
142	998.987	237.2499	64.3333	1631.0000	
143	1004.588	288.0750	494.0000	2107.3333	
144	1010.182	307.2335	-93.6667	1534.6667	
145	1015.769	327.3920	387.6667	2032.0000	
146	1021.349	242.3839	279.0000	1779.0000	
147	1026.922	242.7092	454.3333	2005.6667	
148	1032.487	220.5340	199.3333	1724.3333	
149	1038.046	189.7843	409.3333	1892.0000	
150	1043.597	183.3677	103.3333	1568.0000	
151	1049.142	196.6180	356.6667	1817.0000	
152	1054.679	220.3677	-128.6667	1365.3334	
153	1060.209	225.7008	441.0000	1887.3334	
154	1065.732	255.9037	140.3333	1653.6665	
155	1071.248	409.1305	431.0000	2092.0000	
156	1076.757	499.6898	149.6667	1895.6665	
157	1082.258	479.5931	491.3333	2214.3333	
158	1087.753	246.1631	-8.0000	1478.6667	
159	1093.240	155.0663	452.6667	1845.3334	
160	1098.720	278.3026	262.3333	1775.3333	
161	1104.192	372.2066	466.6667	2061.6667	
162	1109.658	274.6319	210.0000	1685.0000	
163	1115.116	300.9738	851.3334	2385.6667	
164	1120.567	145.6909	101.0000	1485.3334	
165	1126.010	159.4756	513.3333	1916.3335	
166	1131.447	171.5933	38.0000	1458.0000	
167	1136.876	193.3780	612.3333	2059.0000	
168	1142.298	235.8293	-50.0000	1444.0000	
169	1147.712	401.9118	530.3333	2205.3333	
170	1153.120	479.9944	163.3333	1931.3333	
171	1158.519	627.0770	539.0000	2469.0000	
172	1163.912	457.4931	59.3333	1834.6667	
173	1169.297	300.2898	708.6667	2342.0000	
174	1174.675	199.7535	245.6667	1793.6667	
175	1180.045	144.7840	716.6667	2236.0000	
176	1185.408	219.4389	211.0000	1816.0000	
177	1190.764	141.0940	540.3333	2078.0000	
178	1196.112	149.0820	346.6667	1903.3333	
179	1201.453	302.0702	592.6667	2313.3333	
180	1206.786	431.7253	66.0000	1927.3335	
181	1212.112	433.2445	638.6666	2508.6665	
182	1217.431	482.1987	278.3333	2193.3333	
183	1222.742	519.9207	631.0000	2595.0000	
184	1228.045	569.9757	190.6667	2216.0000	
185	1233.341	395.4587	706.3333	2575.0000	
186	1238.630	241.2751	425.6667	2158.0000	
187	1243.911	199.0916	627.3334	2335.3335	
188	1249.185	141.5744	351.6667	2020.0000	
189	1254.451	252.6829	876.6667	2698.3335	
190	1259.709	138.7913	459.0000	2209.0000	
191	1264.960	163.2332	882.6667	2699.3335	
192	1270.203	260.6746	560.6667	2517.0000	
193	1275.439	335.1162	951.3334	3024.3333	
194	1280.668	289.5579	366.0000	2435.6665	
195	1285.888	427.3330	975.0000	3224.6665	
196	1291.101	720.9387	360.3333	2959.0000	
197	1296.307	791.4315	898.3333	3572.6665	
198	1301.505	605.2578	559.0000	3052.3333	
199	1306.695	626.4174	1062.3334	3582.0000	
200	1311.877	641.9111	708.0000	3248.3335	
201	1317.052	236.8025	740.0000	2853.3335	
202	1322.219	177.0270	664.3333	2696.0000	
203	1327.379	419.5016	888.6666	3127.3335	
204	1332.531	373.8730	663.3334	2839.3333	
205	1337.675	275.8343	1095.3334	3170.3335	
206	1342.811	198.1290	386.3333	2380.6665	
207	1347.940	83.0905	1039.0000	2915.3333	
208	1353.061	165.7186	462.6666	2418.6667	
209	1358.174	213.6795	1263.3334	3264.3330	
210	1363.280	585.6414	639.3333	3009.3333	
211	1368.377	1089.2693	1036.0000	3906.6665	
212	1373.467	1360.8976	601.3333	3740.6670	
213	1378.550	1554.0789	998.6666	4337.3335	
214	1383.624	1179.5934	657.6666	3628.0000	
215	1388.690	546.4414	1210.3334	3553.6667	
216	1393.749	127.6205	521.6667	2452.3333	
217	1398.800	0.0000	1072.0000	2871.0000	
218	1403.843	41.6461	683.0000	2493.6667	
219	1408.878	294.6254	1356.0000	3389.6667	
220	1413.906	740.9368	669.3333	3119.3335	
221	1418.925	1157.5679	1040.3334	3888.3330	
222	1423.937	1686.5332	665.3334	4023.6665	
223	1428.940	2951.8315	1044.0000	5649.0000	
224	1433.936	4826.0596	761.0000	7205.3330	
225	1438.924	5342.5391	1084.3333	8011.3330	
226	1443.904	5324.3516	667.3333	7542.3335	
227	1448.876	5324.1646	1190.0000	8031.0000	
228	1453.840	4878.6436	556.3334	6918.0000	
229	1458.796	4174.4155	1158.6667	6732.0000	
230	1463.744	3264.1873	586.3334	5165.3330	
231	1468.685	2517.6265	1102.6666	4851.0000	
232	1473.617	1666.0669	549.3333	3362.0000	
233	1478.541	887.8735	1020.6667	2981.0000	
234	1483.457	452.0142	462.0000	1912.3333	
235	1488.365	242.1545	1056.3334	2222.6667	
236	1493.265	178.6286	400.0000	1428.6666	
237	1498.157	158.6175	1101.6667	2054.3333	
238	1503.041	124.8509	481.6667	1352.0000	
239	1507.917	113.0992	955.0000	1774.3335	
240	1512.785	75.3468	423.0000	1165.3334	
241	1517.645	106.5950	964.3333	1698.6667	
242	1522.496	130.2592	654.3333	1340.0000	
243	1527.340	169.5071	1268.0000	1999.6666	
244	1532.175	213.3378	662.3333	1385.6666	
245	1537.002	219.5859	1259.0000	1970.6667	
246	1541.822	205.7312	610.6667	1357.6666	
247	1546.633	238.6260	1246.0000	2058.3333	
248	1551.435	375.1886	661.6667	1643.0000	
249	1556.230	693.2930	1229.6667	2596.3333	
250	1561.016	1351.7314	686.6667	2779.0000	
251	1565.795	1586.8357	1151.3334	3546.0000	
252	1570.565	908.9414	856.3333	2640.3333	
253	1575.327	413.8655	1090.3333	2439.3333	
254	1580.080	234.3736	721.0000	1904.6666	
255	1584.825	141.9644	1218.0000	2423.0000	
256	1589.562	81.8890	531.0000	1711.6667	
257	1594.291	44.2303	1064.0000	2283.6667	
258	1599.012	68.1544	579.0000	1882.6667	
259	1603.724	241.1498	1021.6666	2578.3333	
260	1608.428	632.8580	778.6666	2766.3333	
261	1613.124	871.8314	1128.0000	3416.3333	
262	1617.811	1006.1388	1070.3334	3554.6665	
263	1622.490	1111.4462	1180.6666	3832.0000	
264	1627.161	1701.4189	720.0000	4023.0000	
265	1631.823	2524.0317	1086.0000	5249.0000	
266	1636.477	3222.7048	562.3333	5440.3330	
267	1641.123	3720.8337	1380.6666	6773.3330	
268	1645.760	4216.6299	533.3334	6438.3335	
269	1650.389	3323.7327	1123.3334	6058.6665	
270	1655.009	2533.5017	732.0000	4800.3335	
271	1659.621	2300.9368	1211.3334	4970.3330	
272	1664.225	2318.3738	679.3333	4379.0000	
273	1668.820	2645.1433	1362.3334	5312.0000	
274	1673.406	2932.2454	608.6667	4768.6665	
275	1677.985	2976.6809	963.0000	5090.6665	
276	1682.554	1819.4490	839.0000	3732.6665	
277	1687.116	700.9944	1117.0000	2802.6665	
278	1691.668	355.2073	695.3333	1945.6667	
279	1696.213	158.0861	1178.6666	2142.3335	
280	1700.749	86.3216	601.0000	1416.3333	
281	1705.276	147.4816	1153.3334	1938.6667	
282	1709.794	119.3077	596.3333	1262.3334	
283	1714.305	144.2999	1095.0000	1691.6665	
284	1718.806	200.4606	526.3333	1140.6666	
285	1723.299	200.1570	1294.3333	1816.6665	
286	1727.784	227.2706	527.6667	1053.6666	
287	1732.260	213.5224	1104.0000	1591.0000	
288	1736.727	200.9374	606.3333	1070.3334	
289	1741.186	212.8524	1052.3333	1511.3334	
290	1745.636	229.6002	532.3333	1003.0000	
291	1750.077	240.0152	1116.6667	1585.0000	
292	1754.510	267.9293	513.6667	1003.0000	
293	1758.934	275.9111	1122.6666	1626.3333	
294	1763.349	276.5591	358.6667	826.6666	
295	1767.756	273.0618	1023.3334	1464.0000	
296	1772.154	288.0431	402.3333	851.6666	
297	1776.544	280.1816	949.0000	1406.3334	
298	1780.924	254.6745	230.6667	643.6667	
299	1785.296	239.5838	1041.6666	1438.0000	
300	1789.659	232.2430	205.3333	594.0000	
301	1794.014	226.8775	996.6666	1417.3334	
302	1798.360	215.2967	574.0000	941.0000	
303	1802.697	205.6745	1155.3334	1488.3334	
304	1807.025	214.5104	668.0000	1018.3334	
305	1811.344	218.6382	733.6666	1084.6667	
306	1815.655	223.7242	481.6667	807.6666	
307	1819.957	232.5602	1092.0000	1440.0000	
308	1824.250	247.2575	503.0000	838.3334	
309	1828.534	250.0393	1213.0000	1536.6667	
310	1832.809	262.8209	413.0000	759.0000	
311	1837.076	256.9359	981.6666	1319.3334	
312	1841.333	247.0096	610.6667	941.0000	
313	1845.582	239.7698	669.6667	1001.0000	
314	1849.822	231.2800	574.0000	871.0000	
315	1854.053	232.9776	897.6666	1238.0000	
316	1858.275	232.0923	405.0000	695.0000	
317	1862.488	236.5410	770.6666	1119.0000	
318	1866.692	249.4063	353.3333	657.0000	
319	1870.888	250.7716	706.0000	1062.0000	
320	1875.074	251.1162	24.3333	363.6667	
321	1879.251	247.6690	695.0000	1046.6666	
322	1883.420	226.8965	104.6667	425.3334	
323	1887.579	229.1549	543.6667	866.0000	
324	1891.730	225.2256	67.0000	391.3333	
325	1895.871	227.3347	791.6666	1081.0000	
326	1900.004	245.1938	127.0000	460.0000	
327	1904.127	265.3029	713.3333	1064.3334	
328	1908.241	241.7450	99.3333	424.6667	
329	1912.347	240.7325	700.0000	976.3334	
330	1916.443	243.8238	185.0000	512.6666	
331	1920.530	247.3735	626.6667	938.3333	
332	1924.609	249.0690	108.6667	413.0000	
333	1928.678	250.7767	825.6666	1147.6666	
334	1932.738	246.7346	130.3333	435.3334	
335	1936.788	205.4423	703.3333	965.3334	
336	1940.830	227.8167	150.3333	433.0000	
337	1944.863	290.1912	542.3333	885.6666	
338	1948.886	256.8990	247.0000	555.3333	
339	1952.901	249.9401	623.3333	923.0000	
340	1956.906	216.3148	-6.6667	257.6667	
341	1960.902	205.7652	430.3334	682.0000	
342	1964.888	227.5489	148.6667	420.0000	
343	1968.866	230.6455	384.0000	678.3333	
344	1972.834	232.3809	-147.6667	128.6667	
345	1976.793	241.2527	294.0000	569.6667	
346	1980.743	262.8328	-195.3333	117.0000	
347	1984.684	252.9130	103.6667	405.3333	
348	1988.616	221.9932	-149.0000	121.0000	
349	1992.538	228.0518	544.6667	820.6666	
350	1996.451	262.2321	-319.0000	-20.0000	
351	2000.354	243.6980	336.0000	643.0000	
352	2004.249	235.4138	-338.3333	-99.0000	
353	2008.134	232.1297	287.3333	563.6667	
354	2012.009	240.5123	-348.0000	-82.3333	
355	2015.876	247.3948	286.6667	580.3334	
356	2019.733	247.4439	-352.6667	-80.0000	
357	2023.580	268.7787	998.0000	1301.6667	
358	2027.419	258.9468	1306.3334	1629.6667	
359	2031.248	237.6148	1169.6666	1439.0000	
360	2035.067	223.1992	-336.3333	-83.0000	
361	2038.878	231.3995	294.3333	513.0000	
362	2042.678	239.2664	-438.0000	-116.6667	
363	2046.470	251.6334	224.3333	468.3333	
364	2050.252	242.5844	-438.6667	-162.6667	
365	2054.024	226.8585	236.6667	496.0000	
366	2057.787	231.7992	-313.3333	-73.6667	
367	2061.541	236.6565	211.0000	524.3333	
368	2065.285	245.0972	-333.6667	-89.3333	
369	2069.020	245.2046	168.6667	447.0000	
370	2072.745	241.0620	-287.0000	-14.0000	
371	2076.461	246.4964	638.3333	876.3334	
372	2080.167	247.1085	1438.6666	1746.0000	
373	2083.864	232.9462	2973.3333	3223.3335	
374	2087.551	237.9505	547.0000	790.6667	
375	2091.228	249.1214	99.6667	360.0000	
376	2094.896	246.0426	-288.6667	-34.3333	
377	2098.555	233.8858	281.0000	521.0000	
378	2102.204	236.4789	-133.6667	99.0000	
379	2105.843	248.4886	287.6667	535.6667	
380	2109.473	253.0826	-326.3333	-85.3333	
381	2113.093	254.3403	-692.6666	-413.3333	
382	2116.703	245.2647	-150.3333	92.0000	
383	2120.304	205.5224	219.0000	420.3333	
384	2123.895	239.1135	-547.6667	-314.0000	
385	2127.477	236.8087	122.3333	382.3333	
386	2131.049	230.9961	-404.6667	-172.0000	
387	2134.611	226.1836	105.6667	343.6667	
388	2138.163	226.7036	-365.3333	-157.0000	
389	2141.706	236.5872	322.0000	560.6667	
390	2145.239	256.1375	-474.6667	-177.6667	
391	2148.763	256.1879	233.0000	478.6667	
392	2152.276	267.8506	-574.3333	-325.3333	
393	2155.780	246.3118	98.3333	334.6667	
394	2159.275	243.8146	-247.6667	-38.3333	
395	2162.759	256.9008	361.6667	610.3334	
396	2166.234	251.8622	-267.6667	-1.3333	
397	2169.698	239.5277	163.0000	378.6667	
398	2173.154	224.1099	-396.6667	-149.3333	
399	2176.599	208.2754	210.6667	416.3333	
400	2180.034	212.0242	-169.0000	42.0000	
401	2183.460	239.9814	440.6667	715.0000	
402	2186.876	250.6677	-299.6667	-63.6667	
403	2190.282	256.6040	-26.3333	234.0000	
404	2193.678	254.7692	-378.3333	-108.6667	
405	2197.064	254.3761	227.6667	478.0000	
406	2200.440	246.3462	-407.0000	-147.0000	
407	2203.807	246.4630	241.0000	486.6667	
408	2207.164	244.4965	-363.0000	-64.3333	
409	2210.510	239.6247	354.0000	610.6667	
410	2213.847	231.7529	-385.3333	-127.3333	
411	2217.174	229.5478	333.3333	563.0000	
412	2220.491	228.6761	-297.0000	-26.3333	
413	2223.798	236.3689	754.3334	1005.6666	
414	2227.094	234.4668	110.0000	345.3333	
415	2230.381	245.1063	456.6666	682.6667	
416	2233.658	294.2251	-646.0000	-334.6667	
417	2236.925	255.5104	206.0000	479.3333	
418	2240.182	232.2958	-480.6667	-253.6667	
419	2243.429	229.0187	10.0000	297.6667	
420	2246.666	228.3040	-335.6667	-120.3333	
421	2249.893	223.9966	271.0000	536.6667	
422	2253.110	223.6266	-411.0000	-174.3333	
423	2256.317	227.0067	266.3333	516.6667	
424	2259.513	234.8866	-336.3333	-130.3333	
425	2262.700	262.7822	203.0000	474.3333	
426	2265.876	255.3444	-129.0000	131.3333	
427	2269.043	240.7353	386.0000	633.0000	
428	2272.199	241.4056	-331.0000	-47.3333	
429	2275.345	240.8119	219.6667	441.6667	
430	2278.481	240.5517	-309.0000	-53.3333	
431	2281.607	234.2080	357.0000	602.6666	
432	2284.723	221.7812	-382.0000	-144.3333	
433	2287.828	221.3542	210.6667	470.6667	
434	2290.924	232.4284	-352.6667	-162.0000	
435	2294.009	245.4091	221.0000	466.0000	
436	2297.083	257.3896	-581.6667	-325.0000	
437	2300.148	262.7462	311.6667	567.0000	
438	2303.203	271.4362	-430.3334	-164.6667	
439	2306.247	266.1261	4.0000	262.3333	
440	2309.281	224.4827	-525.0000	-310.3333	
441	2312.305	236.8633	392.0000	618.0000	
442	2315.318	238.9106	-275.3333	-48.3333	
443	2318.322	239.3745	163.6667	397.6667	
444	2321.314	236.2553	-476.3333	-252.3333	
445	2324.297	234.3342	392.6667	629.3333	
446	2327.269	234.3297	-443.3333	-249.0000	
447	2330.231	235.5752	217.6667	439.0000	
448	2333.183	226.9274	-382.6667	-163.6667	
449	2336.124	232.6577	25.3333	236.3333	
450	2339.055	256.7211	-353.0000	-103.0000	
451	2341.976	252.9514	408.3333	663.3334	
452	2344.886	246.0147	-547.0000	-307.6667	
453	2347.786	236.5248	339.3333	582.3334	
454	2350.675	227.0349	-403.3333	-178.6667	
455	2353.554	228.3362	215.6667	442.3333	
456	2356.423	219.9844	-433.6666	-222.6667	
457	2359.281	222.7708	271.3333	483.6666	
458	2362.128	242.5573	-290.3333	-59.6667	
459	2364.966	265.4270	198.3333	486.0000	
460	2367.792	258.7968	-243.3333	-2.0000	
461	2370.609	247.1806	100.6667	349.3333	
462	2373.415	240.6894	-234.0000	-35.6667	
463	2376.210	244.9899	292.6667	516.6667	
464	2378.995	250.7486	-376.0000	-151.0000	
465	2381.769	248.7157	124.0000	336.3333	
466	2384.533	253.0162	-312.6667	-99.0000	
467	2387.286	243.5667	285.0000	483.6667	
468	2390.029	238.3462	-516.6666	-341.6667	
469	2392.760	230.3155	233.6667	430.0000	
470	2395.482	231.1006	-330.0000	-131.3333	
471	2398.193	227.6982	353.6667	528.3333	
472	2400.893	231.0456	-571.0000	-394.3333	
473	2403.583	224.0289	254.0000	423.3333	
474	2406.262	220.5956	-391.3333	-241.3333	
475	2408.931	224.0790	366.6667	535.3333	
476	2411.589	239.2190	-347.0000	-185.3333	
477	2414.236	244.3379	351.0000	486.6667	
478	2416.872	265.0193	-431.3333	-247.3333	
479	2419.498	265.1173	116.6667	298.3333	
480	2422.113	251.8820	-391.0000	-225.0000	
481	2424.718	237.1468	250.0000	395.3333	
482	2427.312	239.5781	-430.6667	-276.0000	
483	2429.895	222.5095	235.6667	365.0000	
484	2432.467	229.6900	1157.0000	1270.3333	
485	2435.029	231.9572	258.3333	432.3333	
486	2437.580	233.6411	-632.0000	-512.3333	
487	2440.120	246.5750	119.6667	251.3333	
488	2442.649	262.0090	-463.0000	-278.0000	
489	2445.167	260.2995	66.6667	196.0000	
490	2447.675	237.9464	-529.3333	-336.6667	
491	2450.172	238.1222	402.0000	525.6667	
492	2452.658	237.0695	-379.0000	-240.3333	
493	2455.134	244.1312	293.6667	442.0000	
494	2457.598	245.7138	-580.3333	-434.0000	
495	2460.052	245.2130	283.0000	409.0000	
496	2462.495	244.7957	-314.6667	-137.6667	
497	2464.927	243.2116	440.0000	559.6667	
498	2467.348	230.9608	-383.3333	-253.0000	
499	2469.758	232.2101	470.3333	575.6667	
500	2472.157	235.7919	-317.0000	-203.3333	
501	2474.546	231.4770	41.6667	152.0000	
502	2476.923	230.3287	-436.3333	-330.0000	
503	2479.290	233.5970	267.6667	377.6667	
504	2481.645	233.8655	-319.6667	-210.6667	
505	2483.990	244.5504	210.3333	332.6667	
506	2486.323	250.1314	-378.6667	-213.3333	
507	2488.646	233.7539	243.6667	354.6667	
508	2490.958	213.0224	-577.6667	-487.6666	
509	2493.258	235.9574	286.6667	399.3333	
510	2495.548	297.8925	-287.3333	-113.0000	
511	2497.827	225.8275	-44.3333	57.6667	
