resultName	chilca3-51
resultName	chilca3-51
ID	RS20200227094109_P19331194
Command	SCANANDSEARCH
User	Admin
Application	_Analyze
SerialNumber	P19331194
Power	280
Integration	900
Averages	3
AutoExposure	Off
AutoCollect	Off
QuickCollect	Off
AutoBackground	On
BaselineCorrection	On
Algorithm	Wavelet
Searched Library	All,None,None,None
MixtureComponents	2
matchThreshold	0.0
displayMatches	1
Threshold	0.80
WL Start	
WL End	
ServerVersion	3.180316
FirmwareVersion	
date	2020-02-27
time	09:41:09
scanindex	0
specpath	RS20200227094109_P19331194.xml
Search Range	200 - 2500
Synced	false
lastCalDateTime	2020-02-27 08:30:34
lastCalUser	Admin
lastCalResult	PASS
lastVerifyDateTime	2019-10-16 15:05:37
lastVerifyUser	Admin
lastVerifyResult	PASS
selectedMaterial	
result	No Match
ValidationGUID	
ValidationMatchQuality	
topMatch	
topMatchGUID	
topMatchQuality	
secondMatch	
secondMatchGUID	
secondMatchQuality	
thirdMatch	
thirdMatchGUID	
thirdMatchQuality	
fourthMatch	
fourthMatchGUID	
fourthMatchQuality	
fifthMatch	
fifthMatchGUID	
fifthMatchQuality	
signedBy	
signedDateTime	
softwareVer	1.7.0.21
memo	
batchID	
inBatch	false
batchUID	
batchCID1	
batchCIDlbl1	
batchCID2	
batchCIDlbl2	
batchCID3	
batchCIDlbl3	
batchCID4	
batchCIDlbl4	
batchCID5	
batchCIDlbl5	
signedTitle	
signedReason	
rescanned	
barcode	
topMatchContribs	
secondMatchContribs	
thirdMatchContribs	
fourthMatchContribs	
fifthMatchContribs	
ValidationMatchContribs	
Threat	
PrecursorList	
CompundName	
WindowStart4C	
MatchLibrary	
lastModified	2020/02/27 09:41
Signal2Noise	58.88
Detector TEC SetPoint	0x8000
Detector Temp	4.96
Laser Temp	25.38
OE1 Temp	29.84
OE2 Temp	33.25
Detector Gain	200
SaturationDetected	false
InterpolatedPixelList	
PeakList	 304.4	777	328.3	613	434.8	612	495.8	546	560.4	732	657.0	913	666.4	881	759.3	2073	797.4	840	847.5	508	1077.1	499	1158.3	574	1226.5	543	1296.8	708	1377.3	1464	1440.0	5000	1564.8	1464	1645.3	4008	1676.1	2815
index	Raman Shift (cm-1)	Y value (counts)	background (counts)	raw value (counts)
0	137.455	317.7744	4405.6665	7261.3340	
1	143.948	314.6756	4718.6665	7471.6665	
2	150.436	208.9105	5025.3335	7573.0000	
3	156.918	213.4797	5273.3330	7726.0000	
4	163.394	178.0478	4896.3335	7214.0000	
5	169.865	228.6164	5613.6665	7882.3330	
6	176.330	253.1849	5316.6665	7510.3330	
7	182.790	180.4200	5507.0000	7528.3330	
8	189.244	214.9896	5048.3330	7004.6670	
9	195.693	230.2247	5642.6665	7514.6670	
10	202.136	202.1263	5504.6665	7249.0000	
11	208.573	230.0284	6021.0000	7693.6670	
12	215.005	184.9304	5438.6665	6966.6670	
13	221.431	181.1833	5902.0000	7385.3330	
14	227.851	201.3126	5743.0000	7196.3340	
15	234.266	119.7334	6236.6670	7615.6670	
16	240.675	106.8210	5225.0000	6598.3330	
17	247.078	220.5767	5679.3330	7173.6670	
18	253.476	230.6643	5228.0000	6739.6670	
19	259.868	320.0855	5630.6665	7239.0000	
20	266.254	274.8402	4732.6665	6303.0000	
21	272.635	195.5832	5769.0000	7280.3335	
22	279.009	69.6588	5477.0000	6882.6660	
23	285.378	206.0693	5288.6665	6851.0000	
24	291.742	521.4790	4793.6665	6691.6665	
25	298.099	662.6544	5006.0000	7072.0000	
26	304.451	776.8300	4589.0000	6796.0000	
27	310.797	677.0056	5422.3330	7556.3330	
28	317.137	492.3855	4637.0000	6624.6670	
29	323.471	562.3921	4739.0000	6766.3330	
30	329.800	612.7333	4359.3335	6406.6670	
31	336.122	435.4080	5082.6665	6922.3340	
32	342.439	267.7476	4704.0000	6345.6665	
33	348.750	286.7557	4826.0000	6456.3340	
34	355.055	245.7625	3837.0000	5396.0000	
35	361.354	234.6316	4919.6665	6426.0000	
36	367.648	284.6594	4040.6665	5565.3330	
37	373.935	138.5609	3942.6665	5305.0000	
38	380.216	87.4616	4194.6670	5489.6665	
39	386.492	165.3637	4455.0000	5811.6670	
40	392.762	250.9310	3464.0000	4890.0000	
41	399.025	305.6283	4081.0000	5548.0000	
42	405.283	23.3254	3671.6665	4842.6665	
43	411.535	105.3556	2504.0000	3743.3330	
44	417.781	189.7198	2519.6667	3829.6667	
45	424.020	478.9565	3086.0000	4685.0000	
46	430.254	587.1929	1865.3333	3572.3330	
47	436.482	611.7633	1572.0000	3303.3335	
48	442.704	437.3332	1075.0000	2631.6667	
49	448.920	241.6066	2103.6665	3474.3335	
50	455.129	180.1309	1272.6667	2594.6665	
51	461.333	156.9893	1118.3333	2430.0000	
52	467.531	173.1808	1042.0000	2382.6667	
53	473.722	179.0392	1612.3333	2969.6665	
54	479.908	323.8980	839.0000	2352.0000	
55	486.087	523.7566	392.6667	2116.3333	
56	492.260	481.4664	764.3333	2444.0000	
57	498.427	545.7626	1203.3333	2926.3335	
58	504.588	284.3916	1080.3334	2521.0000	
59	510.743	192.6877	655.0000	1983.0000	
60	516.892	240.6502	557.0000	1840.0000	
61	523.034	394.5864	1150.6667	2627.3333	
62	529.171	282.5229	333.6667	1666.0000	
63	535.301	183.1258	1025.0000	2225.6667	
64	541.425	202.0621	373.6667	1561.0000	
65	547.543	244.6443	1032.6666	2165.0000	
66	553.655	297.2679	1756.6667	2974.6667	
67	559.760	731.8711	2302.0000	3922.3335	
68	565.859	584.1407	1249.0000	2689.3335	
69	571.952	211.0193	1201.6666	2242.6667	
70	578.039	172.2086	176.3333	1121.6667	
71	584.119	190.8588	345.6667	1339.0000	
72	590.193	185.3421	182.3333	1196.0000	
73	596.261	157.2221	979.6666	1885.3333	
74	602.323	145.5189	1209.0000	2140.3335	
75	608.378	165.7115	1285.0000	2134.6667	
76	614.427	191.1956	1120.3333	2056.0000	
77	620.469	279.7558	1584.0000	2717.3335	
78	626.505	275.3286	1113.3334	2100.0000	
79	632.535	329.8180	1098.0000	2177.6667	
80	638.559	465.7241	886.6666	2106.6667	
81	644.576	729.6302	1490.0000	2978.3335	
82	650.587	781.8694	822.3334	2367.3333	
83	656.591	913.4424	487.0000	2168.0000	
84	662.589	788.0151	344.0000	1904.0000	
85	668.581	880.6499	535.0000	2158.3333	
86	674.566	463.2849	-39.6667	1137.0000	
87	680.544	431.9198	441.3333	1557.3334	
88	686.517	264.8882	521.3333	1441.0000	
89	692.483	278.7307	940.0000	1850.0000	
90	698.442	277.0735	237.0000	1235.3334	
91	704.395	243.8075	530.6666	1443.3334	
92	710.341	186.4326	367.0000	1193.6667	
93	716.281	132.1320	489.0000	1384.6666	
94	722.214	75.3317	331.6667	1134.3333	
95	728.141	79.2814	600.0000	1522.6667	
96	734.061	151.4810	292.3333	1344.0000	
97	739.975	164.6806	814.3334	1936.0000	
98	745.882	345.7734	554.6666	1904.6667	
99	751.783	995.4752	1212.6666	3269.3335	
100	757.677	2072.5093	361.0000	3551.6665	
101	763.564	1860.6801	1014.3334	4023.6665	
102	769.445	738.5177	415.6667	2333.3335	
103	775.319	443.6886	866.3333	2519.6667	
104	781.187	566.1924	471.6666	2278.0000	
105	787.048	684.6093	1051.3334	2991.3333	
106	792.902	643.0264	829.3333	2743.0000	
107	798.750	839.7762	1205.6667	3331.3330	
108	804.591	691.1936	678.6667	2671.0000	
109	810.425	304.9564	1204.3333	2795.6667	
110	816.253	108.8019	595.3333	1907.0000	
111	822.074	109.1472	1039.6667	2405.6665	
112	827.888	0.0000	604.3333	1857.0000	
113	833.695	96.4548	1132.0000	2373.3333	
114	839.496	247.0766	708.0000	2171.0000	
115	845.290	508.4481	1088.6666	2794.6667	
116	851.078	391.1530	837.0000	2407.3333	
117	856.858	317.9622	1063.3334	2566.3333	
118	862.632	169.4381	966.3334	2326.6665	
119	868.399	267.7773	1048.6667	2503.0000	
120	874.159	282.7648	626.0000	2103.3335	
121	879.913	390.5638	1025.0000	2609.6665	
122	885.659	365.0297	678.6666	2237.3333	
123	891.399	402.4958	1030.3333	2626.0000	
124	897.132	145.9617	829.0000	2167.6667	
125	902.858	148.9698	834.0000	2177.0000	
126	908.577	184.9780	454.3334	1834.6667	
127	914.290	299.6529	1000.3334	2496.6667	
128	919.995	383.6610	291.0000	1872.6667	
129	925.694	292.3358	937.0000	2428.6667	
130	931.385	193.0106	363.3333	1757.0000	
131	937.070	214.6855	907.0000	2323.6667	
132	942.748	251.3600	430.0000	1884.6665	
133	948.419	269.3392	766.6667	2247.3333	
134	954.083	447.1599	324.3333	1979.6667	
135	959.740	356.9802	641.0000	2203.0000	
136	965.390	142.1339	398.0000	1742.0000	
137	971.033	210.1378	631.6666	2036.3333	
138	976.669	274.8086	36.6667	1498.6666	
139	982.299	234.8124	500.6667	1915.3333	
140	987.921	222.6096	383.3333	1768.0000	
141	993.536	245.7179	436.3334	1841.6667	
142	999.144	223.1593	182.3333	1562.6666	
143	1004.745	241.9342	655.6667	2052.3333	
144	1010.339	315.3759	52.3333	1520.0000	
145	1015.926	298.1508	521.0000	1969.0000	
146	1021.506	207.9257	386.0000	1741.3333	
147	1027.078	219.6173	610.0000	1947.3333	
148	1032.644	253.8092	266.3333	1662.6667	
149	1038.203	235.3579	505.0000	1874.3333	
150	1043.754	167.9070	222.3333	1515.6667	
151	1049.298	193.4558	444.3333	1735.3334	
152	1054.836	222.4212	-27.3333	1321.3334	
153	1060.366	226.9077	525.6666	1834.0000	
154	1065.889	266.5424	254.3333	1629.3335	
155	1071.404	381.4409	554.6667	2037.3335	
156	1076.913	499.0061	249.0000	1842.0000	
157	1082.414	448.8151	626.6666	2162.3335	
158	1087.908	257.9570	105.3333	1443.0000	
159	1093.395	164.4325	604.6667	1841.6667	
160	1098.875	210.9078	463.3333	1739.6665	
161	1104.348	334.1670	677.6666	2062.3333	
162	1109.813	249.9082	320.6667	1624.3334	
163	1115.271	242.3158	889.6667	2189.0000	
164	1120.721	191.0570	319.0000	1570.3333	
165	1126.165	154.8533	787.0000	2008.0000	
166	1131.601	164.3161	355.0000	1591.3333	
167	1137.030	159.1123	955.0000	2192.0000	
168	1142.452	277.2416	230.6667	1591.6665	
169	1147.866	351.2110	865.6667	2317.3333	
170	1153.273	478.8473	469.0000	2065.0000	
171	1158.672	574.1499	912.0000	2620.0000	
172	1164.064	420.7856	439.0000	2010.3333	
173	1169.449	309.6529	1148.3334	2619.6667	
174	1174.827	200.6870	739.3333	2049.6667	
175	1180.197	173.8008	1231.6666	2599.6667	
176	1185.560	143.7001	833.6666	2178.0000	
177	1190.915	144.0995	1160.6666	2508.3333	
178	1196.263	185.4156	946.3334	2340.0000	
179	1201.603	378.0649	1254.6667	2845.6665	
180	1206.936	428.3816	749.3333	2395.3333	
181	1212.262	417.6217	1373.6667	3016.6667	
182	1217.580	463.0841	997.3334	2683.6667	
183	1222.891	490.3311	1422.3334	3148.6665	
184	1228.194	542.5774	979.6666	2771.0000	
185	1233.489	333.9335	1583.0000	3183.3330	
186	1238.778	210.6237	1285.3334	2780.0000	
187	1244.058	161.6471	1600.3333	3063.6665	
188	1249.331	160.0034	1248.0000	2727.3333	
189	1254.597	218.4014	1943.3333	3518.3335	
190	1259.855	136.1330	1543.3333	3073.3335	
191	1265.106	197.8636	2022.6667	3651.6665	
192	1270.349	295.2620	1725.6665	3489.3335	
193	1275.584	311.6595	2219.6667	4037.0000	
194	1280.812	310.3909	1602.0000	3455.3335	
195	1286.032	437.7889	2279.0000	4297.0000	
196	1291.244	683.8896	1688.3334	4001.3335	
197	1296.449	707.5148	2358.3333	4696.6665	
198	1301.647	593.4734	1952.0000	4178.0000	
199	1306.836	579.7653	2617.3335	4831.3335	
200	1312.018	555.0580	2263.6665	4454.6665	
201	1317.193	225.0630	2353.0000	4192.3335	
202	1322.359	111.4014	2307.0000	4011.0000	
203	1327.518	393.0728	2608.3333	4560.3335	
204	1332.670	397.5455	2301.0000	4240.6665	
205	1337.813	262.4028	2897.3335	4701.3330	
206	1342.949	126.9276	2233.0000	3901.0000	
207	1348.077	179.1190	2862.0000	4581.6670	
208	1353.198	161.6430	2356.6667	4058.3335	
209	1358.311	219.1671	3217.0000	4975.6665	
210	1363.415	577.6915	2634.6667	4751.3335	
211	1368.513	1048.2158	3160.3335	5747.0000	
212	1373.602	1269.4065	2742.3335	5549.6665	
213	1378.684	1463.8892	3184.3335	6196.0000	
214	1383.757	1029.7048	2825.3333	5412.6665	
215	1388.823	445.5204	3481.0000	5494.0000	
216	1393.881	96.0030	2786.0000	4459.3335	
217	1398.932	41.0369	3396.0000	5013.6665	
218	1403.974	37.2186	2990.3333	4580.3335	
219	1409.009	271.0663	3756.0000	5556.0000	
220	1414.036	738.5806	3002.3333	5246.0000	
221	1419.054	1131.9207	3517.0000	6137.3335	
222	1424.065	1540.5930	3090.3333	6102.6665	
223	1429.068	2817.2664	3545.6665	7818.0000	
224	1434.064	4484.7593	3226.0000	9134.3340	
225	1439.051	4999.6665	3590.6665	9982.0000	
226	1444.030	4853.9072	3195.0000	9408.6660	
227	1449.001	4785.4819	3767.0000	9880.3330	
228	1453.965	4404.3911	3015.3333	8715.6670	
229	1458.920	3748.1975	3754.3335	8715.0000	
230	1463.868	2864.3384	3102.3335	7095.6670	
231	1468.807	2182.4785	3691.0000	6919.0000	
232	1473.739	1408.2856	3019.6665	5390.0000	
233	1478.662	832.9524	3502.0000	5224.3335	
234	1483.578	430.6184	2903.0000	4150.3330	
235	1488.485	239.6186	3591.3333	4575.0000	
236	1493.385	195.6186	2874.6667	3741.6665	
237	1498.276	131.2400	3701.6665	4453.3335	
238	1503.159	148.7721	3032.6667	3757.3335	
239	1508.035	101.2513	3586.3335	4228.0000	
240	1512.902	97.7307	2525.3335	3111.0002	
241	1517.761	133.2100	3252.3335	3849.0000	
242	1522.612	152.6893	3202.3335	3789.0000	
243	1527.454	183.5024	4033.0000	4615.0000	
244	1532.289	186.9816	3382.0000	3932.0000	
245	1537.116	203.1045	4036.6665	4600.3335	
246	1541.934	175.1494	3368.3330	3933.0000	
247	1546.745	226.8613	4077.6665	4723.0000	
248	1551.547	345.9057	3399.0000	4192.3335	
249	1556.341	649.1328	4124.0000	5285.3330	
250	1561.126	1235.0276	3510.0000	5322.0000	
251	1565.904	1463.9214	3999.0000	6104.6665	
252	1570.673	814.1484	3696.0000	5216.6665	
253	1575.434	330.3564	4039.6665	5131.0000	
254	1580.187	159.8977	3498.3330	4473.6665	
255	1584.932	131.1052	4054.3333	5055.3335	
256	1589.668	82.9790	3245.6670	4253.0000	
257	1594.396	38.8535	3738.0000	4755.6665	
258	1599.116	57.0610	3142.6667	4233.0000	
259	1603.828	265.8386	3849.3335	5221.0000	
260	1608.531	596.3801	3589.6665	5330.3330	
261	1613.226	817.8242	4036.6665	6062.0000	
262	1617.912	925.6013	3974.0000	6170.3335	
263	1622.591	1086.0461	4100.3330	6520.3330	
264	1627.261	1601.1565	3536.0000	6534.3330	
265	1631.922	2444.6531	3866.3335	7740.3330	
266	1636.576	3105.5098	3172.0000	7719.0000	
267	1641.220	3537.1775	4176.6670	9164.3330	
268	1645.857	4007.5134	3268.0000	8735.0000	
269	1650.485	3161.6870	3955.0000	8505.3330	
270	1655.105	2356.5300	3321.3333	6995.6670	
271	1659.716	2089.7036	3924.6665	7261.3330	
272	1664.319	2064.5454	3388.3335	6629.0000	
273	1668.913	2371.3882	4050.0000	7526.6670	
274	1673.499	2692.5620	3214.3330	6941.3330	
275	1678.077	2814.7373	3428.6665	7207.0000	
276	1682.646	1648.9116	3326.6665	5868.3335	
277	1687.206	669.7773	3468.0000	4949.0000	
278	1691.759	288.9763	3109.3333	4128.0000	
279	1696.302	122.8415	3878.6667	4649.6665	
280	1700.837	91.6089	3035.6665	3706.3335	
281	1705.364	102.3969	3525.3335	4123.6670	
282	1709.882	116.8515	2721.0000	3250.6670	
283	1714.391	158.6386	3553.6665	4042.0000	
284	1718.892	236.7597	2787.6667	3271.0000	
285	1723.385	202.3871	3485.6670	3886.3335	
286	1727.868	230.8483	2340.0000	2745.6665	
287	1732.344	239.3427	3114.0000	3506.3335	
288	1736.810	225.2948	2772.3335	3143.0000	
289	1741.268	184.2471	3103.6667	3425.6665	
290	1745.717	231.8665	2216.3333	2578.3333	
291	1750.158	239.7356	3118.3330	3500.3335	
292	1754.590	247.3540	2475.6667	2813.0000	
293	1759.014	258.3663	3015.3335	3383.0000	
294	1763.428	269.1284	1793.6667	2155.6667	
295	1767.835	274.5573	2619.6667	2959.0000	
296	1772.232	285.5687	2351.3335	2706.0000	
297	1776.621	276.8570	2536.3333	2880.6667	
298	1781.001	265.5620	1539.0000	1946.0000	
299	1785.372	249.9336	2324.3333	2627.3333	
300	1789.735	224.4721	1495.0000	1822.6667	
301	1794.089	215.4066	2217.0000	2517.0000	
302	1798.434	220.3388	1988.3333	2311.6667	
303	1802.770	212.7710	2552.0000	2852.3333	
304	1807.098	199.0365	2168.6667	2450.3333	
305	1811.416	215.4690	1979.6667	2258.0000	
306	1815.726	224.4012	1526.0000	1847.6667	
307	1820.027	229.3335	2103.0000	2394.0000	
308	1824.320	244.5783	1374.0000	1671.6665	
309	1828.603	247.6266	2213.0000	2525.6667	
310	1832.878	245.6122	1528.6667	1822.0000	
311	1837.144	248.1187	1800.3335	2091.6667	
312	1841.401	261.1879	1372.3334	1694.6667	
313	1845.649	257.1733	1499.3334	1821.3333	
314	1849.889	229.9922	1560.6667	1832.3334	
315	1854.119	219.8111	1792.3333	2125.3333	
316	1858.340	216.1294	1227.3333	1494.6667	
317	1862.553	220.1372	1402.0000	1698.0000	
318	1866.757	258.2284	995.0000	1370.3334	
319	1870.951	258.2363	1133.3334	1460.0000	
320	1875.137	258.3692	422.0000	760.3333	
321	1879.314	254.5020	1178.6667	1531.6666	
322	1883.482	235.3219	420.0000	728.3333	
323	1887.641	232.2224	684.3333	1006.0000	
324	1891.791	237.6235	338.0000	640.6666	
325	1895.932	242.7522	1087.0000	1415.6666	
326	1900.064	247.6725	324.0000	642.0000	
327	1904.187	251.9261	1063.0000	1379.6666	
328	1908.300	185.7212	519.6667	765.0000	
329	1912.405	238.9785	920.0000	1203.6666	
330	1916.501	254.1230	510.6667	807.0000	
331	1920.588	226.9342	781.0000	1047.6667	
332	1924.666	229.4117	359.0000	625.6667	
333	1928.734	230.4202	1126.0000	1392.3334	
334	1932.794	237.5536	432.6667	696.0000	
335	1936.844	243.2496	761.3333	1064.6666	
336	1940.885	247.3622	288.0000	569.3333	
337	1944.917	253.8916	660.6666	957.3334	
338	1948.940	251.5042	425.0000	712.3334	
339	1952.954	246.7001	750.0000	1087.0000	
340	1956.959	226.9796	33.3333	312.6667	
341	1960.955	231.6226	407.6667	692.6666	
342	1964.941	234.2656	221.0000	509.6667	
343	1968.918	224.3276	352.3333	654.6666	
344	1972.886	223.5716	-167.3333	107.6667	
345	1976.845	226.3691	271.0000	564.3333	
346	1980.794	241.6665	-281.3333	28.0000	
347	1984.735	239.8807	26.6667	350.3333	
348	1988.666	226.5948	-269.0000	26.6667	
349	1992.588	236.3636	343.0000	632.6667	
350	1996.500	260.2961	-407.0000	-90.0000	
351	2000.404	259.5950	278.0000	593.0000	
352	2004.298	191.5605	-390.6667	-145.0000	
353	2008.182	229.5261	253.3333	535.6667	
354	2012.058	243.1584	-413.3334	-90.6667	
355	2015.924	244.4572	246.6667	532.6666	
356	2019.781	244.5894	-460.0000	-172.3333	
357	2023.628	247.9910	249.0000	546.0000	
358	2027.466	260.5594	-433.3334	-123.6667	
359	2031.295	260.4610	195.3333	505.0000	
360	2035.114	237.6960	-419.0000	-132.0000	
361	2038.924	236.7072	220.6667	501.0000	
362	2042.725	237.2600	-433.6667	-143.3333	
363	2046.516	237.1045	183.3333	453.3333	
364	2050.298	229.6691	-486.3333	-173.6667	
365	2054.070	235.4346	193.6667	470.3333	
366	2057.833	234.3251	-403.6667	-103.6667	
367	2061.586	230.9655	187.0000	472.3333	
368	2065.330	232.5644	-406.3333	-121.3333	
369	2069.065	214.1631	157.0000	421.6667	
370	2072.790	233.7620	-325.3333	-43.0000	
371	2076.505	274.9545	293.3333	605.0000	
372	2080.211	251.3980	-391.6667	-103.6667	
373	2083.908	240.2276	169.0000	444.0000	
374	2087.595	230.9738	-334.6667	-37.6667	
375	2091.272	211.7200	30.0000	281.3333	
376	2094.940	214.3829	-305.0000	-50.0000	
377	2098.599	237.9596	241.6667	520.6667	
378	2102.248	241.5362	-178.3333	104.6667	
379	2105.887	256.4463	155.0000	453.3334	
380	2109.516	255.9397	-460.6667	-122.3333	
381	2113.136	248.1545	-724.3333	-454.0000	
382	2116.747	250.5361	-172.6667	113.3333	
383	2120.348	222.5009	184.6667	442.3334	
384	2123.939	226.0491	-567.0000	-334.3333	
385	2127.521	224.4028	70.0000	384.6667	
386	2131.093	229.6643	-428.0000	-197.6667	
387	2134.655	233.1760	63.3333	345.6667	
388	2138.207	236.1874	-402.3333	-144.0000	
389	2141.750	234.6067	268.3333	553.0000	
390	2145.283	230.0259	-423.3333	-174.0000	
391	2148.807	229.1952	203.0000	478.6667	
392	2152.321	233.8483	-606.0000	-362.6667	
393	2155.825	238.4185	86.0000	315.3333	
394	2159.319	281.7181	-305.6667	3.3333	
395	2162.804	247.4342	338.3333	614.3333	
396	2166.279	241.4841	-288.0000	-16.6667	
397	2169.744	235.9791	88.6667	353.0000	
398	2173.199	233.3074	-431.0000	-179.0000	
399	2176.644	234.2816	127.0000	406.0000	
400	2180.080	235.6309	-212.6667	32.6667	
401	2183.506	237.1259	409.3333	671.3333	
402	2186.922	238.6209	-371.0000	-111.6667	
403	2190.328	240.1992	-36.0000	227.0000	
404	2193.725	236.1106	-387.3333	-133.3333	
405	2197.111	241.0339	219.0000	467.6667	
406	2200.488	240.5377	-420.6667	-140.0000	
407	2203.854	246.7382	211.6667	461.0000	
408	2207.211	246.9385	-390.6667	-101.6667	
409	2210.558	246.1753	317.0000	589.6667	
410	2213.896	195.9954	-400.3333	-177.3333	
411	2217.223	226.4822	286.0000	540.0000	
412	2220.540	229.2820	-351.6667	-80.6667	
413	2223.847	237.8237	368.0000	612.3334	
414	2227.145	238.9313	-589.3334	-354.3333	
415	2230.432	260.5180	182.3333	465.3334	
416	2233.709	253.3547	-631.0000	-353.6667	
417	2236.977	241.5247	193.0000	460.0000	
418	2240.234	235.2989	-519.0000	-263.0000	
419	2243.482	233.0940	-16.0000	244.0000	
420	2246.719	231.5968	-382.0000	-125.0000	
421	2249.946	233.7978	260.6667	535.6667	
422	2253.164	235.3113	-445.3333	-197.0000	
423	2256.371	235.3247	209.3333	485.6667	
424	2259.568	240.5884	-363.0000	-98.3333	
425	2262.755	242.4140	179.0000	455.6667	
426	2265.933	242.6563	-154.6667	116.3333	
427	2269.100	241.6591	336.0000	618.6667	
428	2272.256	256.5715	-357.3333	-60.0000	
429	2275.403	249.8758	148.6667	451.0000	
430	2278.540	231.1801	-352.3333	-84.3333	
431	2281.667	223.0677	304.6667	595.3334	
432	2284.783	219.7054	-398.6667	-180.3333	
433	2287.889	214.4263	178.6667	444.3333	
434	2290.985	231.3510	-382.6667	-132.3333	
435	2294.071	242.5746	215.6667	481.0000	
436	2297.147	235.8813	-598.6667	-330.6667	
437	2300.212	236.4436	277.0000	522.0000	
438	2303.267	244.6308	-409.3333	-178.6667	
439	2306.312	263.3806	-43.6667	275.0000	
440	2309.347	264.2971	-569.3334	-290.0000	
441	2312.372	245.9317	315.0000	640.0000	
442	2315.386	212.1497	-287.3333	-48.0000	
443	2318.390	219.3676	142.6667	389.6667	
444	2321.384	249.9190	-508.3333	-230.3333	
445	2324.368	240.3663	354.3333	619.6667	
446	2327.341	241.0638	-491.6667	-241.3333	
447	2330.304	244.1777	156.6667	432.0000	
448	2333.256	234.9485	-433.3334	-172.6667	
449	2336.199	197.0089	-1.6667	219.3333	
450	2339.131	230.7359	-386.6667	-133.6667	
451	2342.052	243.6298	394.0000	677.6667	
452	2344.963	240.8567	-561.3333	-320.0000	
453	2347.864	233.8745	312.0000	590.6667	
454	2350.755	235.7255	-404.0000	-169.0000	
455	2353.635	243.2031	153.0000	420.3333	
456	2356.505	242.0713	-500.3333	-240.0000	
457	2359.364	236.3200	206.3333	452.6666	
458	2362.213	234.6521	-315.0000	-39.3333	
459	2365.051	234.8174	187.6667	423.0000	
460	2367.879	235.3996	-242.3333	10.6667	
461	2370.697	258.9312	62.3333	339.3333	
462	2373.504	249.3795	-284.3333	-7.6667	
463	2376.300	244.4111	237.0000	515.3333	
464	2379.086	197.1927	-403.3333	-209.6667	
465	2381.862	244.8076	78.3333	314.3333	
466	2384.627	255.2351	-359.3333	-68.6667	
467	2387.382	237.3709	249.3333	467.3334	
468	2390.125	244.5693	-570.0000	-362.6667	
469	2392.859	249.1004	189.6667	422.0000	
470	2395.582	240.8777	-380.6667	-158.6667	
471	2398.294	228.4880	317.0000	516.3333	
472	2400.996	230.5984	-627.3334	-421.6667	
473	2403.687	228.3253	206.0000	439.3334	
474	2406.368	221.8023	-416.3333	-245.6667	
475	2409.038	224.0294	321.0000	523.3333	
476	2411.697	242.9561	-362.6667	-147.0000	
477	2414.346	232.2033	310.0000	497.3334	
478	2416.984	246.4503	-444.0000	-245.3333	
479	2419.612	263.0309	68.6667	281.0000	
480	2422.228	261.4446	-440.0000	-214.6667	
481	2424.834	251.5251	228.6667	423.6666	
482	2427.430	211.6889	-463.3334	-307.0000	
483	2430.015	205.2695	183.3333	384.0000	
484	2432.589	208.1828	1221.3333	1278.3334	
485	2435.152	224.1056	243.6667	401.3333	
486	2437.705	249.1117	-686.0000	-475.3333	
487	2440.247	250.2844	85.0000	255.0000	
488	2442.778	257.6240	-463.6667	-276.0000	
489	2445.298	261.8832	17.0000	210.3333	
490	2447.808	247.9286	-532.3334	-318.3333	
491	2450.306	222.8432	368.6667	536.3333	
492	2452.794	230.0085	-392.3333	-225.3333	
493	2455.272	241.6344	257.0000	461.3333	
494	2457.738	246.6562	-577.0000	-408.3333	
495	2460.194	248.6989	232.3333	451.6666	
496	2462.638	250.0957	-311.3333	-157.3333	
497	2465.073	252.1384	392.6666	621.3333	
498	2467.496	218.6811	-429.3334	-276.0000	
499	2469.908	217.3904	450.6667	600.6666	
500	2472.309	227.0991	-366.0000	-208.3333	
501	2474.699	242.8517	-12.0000	163.0000	
502	2477.079	229.7711	-501.0000	-263.3333	
503	2479.448	209.6904	248.6667	393.6667	
504	2481.805	218.7764	-396.6667	-241.0000	
505	2484.152	226.6124	183.3333	346.3333	
506	2486.488	236.4484	-375.0000	-235.0000	
507	2488.813	260.0344	177.3333	379.0000	
508	2491.127	258.1205	-654.3333	-453.0000	
509	2493.430	245.2481	270.0000	420.6667	
510	2495.722	295.9592	-313.3333	-71.0000	
511	2498.003	186.3785	-57.3333	77.0000	
