resultName	muna8-68
resultName	muna8-68
ID	RS20200227113921_P19331194
Command	SCANANDSEARCH
User	Admin
Application	_Analyze
SerialNumber	P19331194
Power	280
Integration	900
Averages	3
AutoExposure	Off
AutoCollect	Off
QuickCollect	Off
AutoBackground	On
BaselineCorrection	On
Algorithm	Wavelet
Searched Library	All,None,None,None
MixtureComponents	2
matchThreshold	0.0
displayMatches	1
Threshold	0.80
WL Start	
WL End	
ServerVersion	3.180316
FirmwareVersion	
date	2020-02-27
time	11:39:21
scanindex	0
specpath	RS20200227113921_P19331194.xml
Search Range	200 - 2500
Synced	false
lastCalDateTime	2020-02-27 08:30:34
lastCalUser	Admin
lastCalResult	PASS
lastVerifyDateTime	2019-10-16 15:05:37
lastVerifyUser	Admin
lastVerifyResult	PASS
selectedMaterial	
result	No Match
ValidationGUID	
ValidationMatchQuality	
topMatch	
topMatchGUID	
topMatchQuality	
secondMatch	
secondMatchGUID	
secondMatchQuality	
thirdMatch	
thirdMatchGUID	
thirdMatchQuality	
fourthMatch	
fourthMatchGUID	
fourthMatchQuality	
fifthMatch	
fifthMatchGUID	
fifthMatchQuality	
signedBy	
signedDateTime	
softwareVer	1.7.0.21
memo	
batchID	
inBatch	false
batchUID	
batchCID1	
batchCIDlbl1	
batchCID2	
batchCIDlbl2	
batchCID3	
batchCIDlbl3	
batchCID4	
batchCIDlbl4	
batchCID5	
batchCIDlbl5	
signedTitle	
signedReason	
rescanned	
barcode	
topMatchContribs	
secondMatchContribs	
thirdMatchContribs	
fourthMatchContribs	
fifthMatchContribs	
ValidationMatchContribs	
Threat	
PrecursorList	
CompundName	
WindowStart4C	
MatchLibrary	
lastModified	2020/02/27 11:41
Signal2Noise	31.58
Detector TEC SetPoint	0x8000
Detector Temp	4.95
Laser Temp	24.56
OE1 Temp	31.62
OE2 Temp	35.44
Detector Gain	200
SaturationDetected	false
InterpolatedPixelList	
PeakList	 286.7	555	323.6	393	334.7	337	398.0	525	447.8	380	475.5	329	559.6	366	645.4	1242	679.1	551	750.6	539	804.7	446	839.5	513	959.5	384	1127.7	527	1211.1	393	1336.7	591	1368.8	719	1457.8	2990	1644.9	1501	1677.4	1236	1713.1	657
index	Raman Shift (cm-1)	Y value (counts)	background (counts)	raw value (counts)
0	137.455	287.0094	12661.3330	14844.0000	
1	143.948	206.5884	13392.0000	15464.0000	
2	150.436	128.1685	14042.6660	16006.0000	
3	156.918	183.4126	14350.3340	16338.6660	
4	163.394	244.6606	13872.6660	15892.0000	
5	169.865	242.9066	15192.0000	17179.3340	
6	176.330	222.8187	14833.3340	16770.3340	
7	182.790	155.3968	14712.3340	16551.6660	
8	189.244	60.6428	14082.6680	15797.0000	
9	195.693	162.5567	15263.0000	17049.0000	
10	202.136	166.4688	15200.3340	16960.0000	
11	208.573	237.3828	15825.6660	17626.0000	
12	215.005	215.9628	15047.6660	16796.3340	
13	221.431	231.7838	15687.6660	17428.6660	
14	227.851	191.7535	15928.6660	17598.3340	
15	234.266	135.3570	16555.6680	18169.3340	
16	240.675	48.6305	14256.0000	15783.3340	
17	247.078	114.2340	15511.0000	17104.3320	
18	253.476	109.8395	14186.6680	15776.0000	
19	259.868	158.7790	15079.0000	16717.6660	
20	266.254	132.7184	13453.3340	15066.3340	
21	272.635	223.1950	15512.0000	17241.0000	
22	279.009	465.3395	15031.0000	17027.6680	
23	285.378	555.1480	14231.0000	16343.0000	
24	291.742	483.6248	13671.6660	15737.6660	
25	298.099	434.0931	13679.0000	15720.3340	
26	304.451	419.5583	13354.6680	15406.3330	
27	310.797	297.3614	14556.6660	16511.0000	
28	317.137	345.2565	12918.3340	14956.6660	
29	323.471	392.6210	13234.3340	15286.3340	
30	329.800	311.3175	13032.6660	14969.6660	
31	336.122	337.3480	13797.0000	15726.3340	
32	342.439	297.0437	13420.6670	15276.0000	
33	348.750	220.0753	13141.3320	14886.0000	
34	355.055	51.1038	11078.3340	12620.3340	
35	361.354	109.7346	14224.0000	15780.0000	
36	367.648	9.9062	11556.0000	12977.0000	
37	373.935	136.9440	11592.3330	13124.6660	
38	380.216	446.9815	12223.3340	14050.0000	
39	386.492	347.0220	12762.6660	14473.6680	
40	392.762	243.0576	10206.6670	11798.0000	
41	399.025	524.8442	11717.0000	13565.3340	
42	405.283	359.9628	10602.0000	12260.6670	
43	411.535	156.0813	7272.0000	8702.0000	
44	417.781	169.2005	8151.3335	9569.6670	
45	424.020	188.1284	8722.3340	10139.6670	
46	430.254	149.3905	5994.3330	7353.0000	
47	436.482	193.1519	4414.3335	5744.0000	
48	442.704	254.9137	3498.0000	4922.3335	
49	448.920	379.6064	6388.0000	7926.6670	
50	455.129	244.0016	4172.6665	5552.0000	
51	461.333	97.0632	3520.0000	4728.6665	
52	467.531	195.0419	3301.0000	4501.6665	
53	473.722	329.2616	5066.3330	6450.0000	
54	479.908	317.7308	2873.3333	4212.0000	
55	486.087	195.3669	1597.6665	2757.3333	
56	492.260	236.8287	3160.0000	4330.3330	
57	498.427	137.8528	3866.6665	4929.3335	
58	504.588	125.3768	4076.3330	5105.3335	
59	510.743	106.5672	2031.3333	3020.3335	
60	516.892	194.4241	2644.0000	3699.6665	
61	523.034	241.6954	3836.0000	4996.0000	
62	529.171	224.8830	2128.0000	3165.6665	
63	535.301	186.5708	3211.3335	4298.6670	
64	541.425	127.1752	1902.0000	2819.3333	
65	547.543	163.2801	3716.6665	4652.3335	
66	553.655	365.3841	6937.3330	8057.3330	
67	559.760	366.4881	7836.6670	8940.0000	
68	565.859	268.2592	5197.3335	6184.6665	
69	571.952	193.9896	3641.3335	4557.3335	
70	578.039	155.0917	1402.3334	2288.6667	
71	584.119	0.0000	1086.3334	1833.0000	
72	590.193	25.2422	1981.6665	2769.0000	
73	596.261	113.8186	4412.6665	5322.3330	
74	602.323	341.0626	6262.6670	7433.3340	
75	608.378	561.9720	6097.6670	7523.0000	
76	614.427	719.8823	6769.0000	8386.0000	
77	620.469	882.1636	7944.3330	9743.0000	
78	626.505	571.1394	6363.6670	7871.0000	
79	632.535	630.7822	5289.0000	6875.6660	
80	638.559	839.0923	5550.0000	7364.6665	
81	644.576	1242.4025	7453.0000	9690.6670	
82	650.587	1195.3782	6453.0000	8663.3330	
83	656.591	761.6883	3267.0000	5063.3335	
84	662.589	455.3311	2948.0000	4457.6665	
85	668.581	401.6268	3197.6670	4645.3335	
86	674.566	467.2561	1725.3333	3230.3335	
87	680.544	550.8850	2673.0000	4253.3335	
88	686.517	403.5140	6026.3330	7451.0000	
89	692.483	187.0355	5585.0000	6780.0000	
90	698.442	181.5574	3237.0000	4369.0000	
91	704.395	185.8023	4970.3330	6210.6665	
92	710.341	165.5222	5032.3335	6170.3335	
93	716.281	64.2095	4484.0000	5521.0000	
94	722.214	105.5633	5106.3335	6185.0000	
95	728.141	250.5837	4761.6670	5985.6665	
96	734.061	401.9384	4879.6665	6255.3335	
97	739.975	432.9587	6709.0000	8116.0000	
98	745.882	450.9673	6483.0000	7900.3330	
99	751.783	538.5259	8725.0000	10237.0000	
100	757.677	355.4171	6770.6670	8106.6665	
101	763.564	271.4049	8925.3330	10177.3330	
102	769.445	175.0593	7619.3330	8775.0000	
103	775.319	99.0473	7880.6665	8960.3340	
104	781.187	65.7005	7724.6670	8771.0000	
105	787.048	146.1433	9367.0000	10493.6670	
106	792.902	175.9181	9243.6670	10400.0000	
107	798.750	316.3600	11558.3340	12855.0000	
108	804.591	446.4698	9914.0000	11340.6670	
109	810.425	400.2601	10484.3340	11884.3340	
110	816.253	148.0501	8653.3340	9820.6670	
111	822.074	143.5073	9791.3330	10973.6660	
112	827.888	153.5567	9565.3340	10786.6670	
113	833.695	385.0186	10699.3330	12172.6660	
114	839.496	513.4802	10083.6670	11706.0000	
115	845.290	325.9419	11259.3330	12714.6660	
116	851.078	189.0704	10304.0000	11643.0000	
117	856.858	219.0226	11296.6670	12669.0010	
118	862.632	245.3069	11109.3330	12511.3330	
119	868.399	246.9242	11084.3340	12481.0000	
120	874.159	191.9958	9207.3330	10544.0000	
121	879.913	99.7855	8891.6670	10122.3340	
122	885.659	139.2410	9479.3330	10735.6660	
123	891.399	232.6978	10798.6670	12134.6670	
124	897.132	268.1534	10936.0000	12293.6660	
125	902.858	242.9467	8884.0000	10197.6660	
126	908.577	161.3865	8660.0000	9833.3330	
127	914.290	180.1799	10584.6660	11754.3330	
128	919.995	168.7447	8769.0000	9989.0000	
129	925.694	163.0380	10271.0000	11440.6670	
130	931.385	146.5814	7826.0000	8999.0000	
131	937.070	113.7077	7540.0000	8611.6660	
132	942.748	139.8351	8059.0000	9138.0000	
133	948.419	242.7601	8818.6660	10000.3330	
134	954.083	289.2377	6930.6670	8153.3330	
135	959.740	384.3822	8582.3340	9894.6660	
136	965.390	280.1945	8470.6670	9673.3330	
137	971.033	214.7555	8337.3330	9438.6660	
138	976.669	210.0662	6007.3330	7152.3330	
139	982.299	182.1264	6721.3340	7840.0000	
140	987.921	193.6902	7477.0000	8562.3330	
141	993.536	188.0845	7855.0000	9059.6670	
142	999.144	179.8119	7043.0000	8143.6670	
143	1004.745	175.2893	8169.0000	9298.3330	
144	1010.339	168.6627	7666.6670	8812.3340	
145	1015.926	160.3901	7802.0000	8932.0000	
146	1021.506	153.3051	8003.3330	9132.0000	
147	1027.078	153.2830	8139.6665	9293.3340	
148	1032.644	145.0104	7368.6665	8502.6660	
149	1038.203	137.8502	8675.3330	9838.3340	
150	1043.754	193.5217	8041.0000	9285.0000	
151	1049.298	192.9443	8685.0000	9959.0000	
152	1054.836	167.6169	6481.3330	7710.6670	
153	1060.366	200.7581	8673.0000	10000.6660	
154	1065.889	205.7804	8563.0000	9927.0000	
155	1071.404	210.6417	9104.6670	10440.6670	
156	1076.913	222.7108	9093.3330	10540.0000	
157	1082.414	222.5993	9761.0000	11206.0000	
158	1087.908	236.2791	6994.0000	8287.0000	
159	1093.395	318.2500	9942.3340	11472.6660	
160	1098.875	312.4735	10097.6670	11622.3340	
161	1104.348	139.7235	11473.0000	12813.9990	
162	1109.813	131.6869	10184.6670	11505.6670	
163	1115.271	217.9833	11219.0000	12614.3340	
164	1120.721	354.9452	10050.0000	11570.3330	
165	1126.165	527.4034	11249.6670	12926.0000	
166	1131.601	486.8606	11121.3340	12740.6660	
167	1137.030	431.9868	12018.6660	13566.6660	
168	1142.452	417.7788	10305.6660	11823.0000	
169	1147.866	336.7684	11915.6670	13341.3340	
170	1153.273	237.4242	12353.3340	13669.0000	
171	1158.672	208.7491	12207.0000	13483.3340	
172	1164.064	157.6559	11539.0000	12701.6670	
173	1169.449	131.8446	13927.6660	15145.0000	
174	1174.827	120.8668	12969.0000	14171.0000	
175	1180.197	120.2635	14598.6680	15815.6680	
176	1185.560	159.4462	13803.0000	15120.6670	
177	1190.915	135.0462	14601.3340	15882.3320	
178	1196.263	136.7294	14063.0000	15369.6660	
179	1201.603	348.9961	15231.6670	16775.0000	
180	1206.936	360.9289	14235.0000	15814.6660	
181	1212.262	393.2537	15322.3340	16953.6660	
182	1217.580	256.0240	14843.6660	16349.0000	
183	1222.891	233.4908	15735.3340	17239.3340	
184	1228.194	250.9573	15411.0000	16953.6660	
185	1233.489	137.6432	16781.6680	18241.0000	
186	1238.778	147.3304	16372.6670	17871.6660	
187	1244.058	251.6855	16527.6660	18161.0000	
188	1249.331	355.0394	16021.0000	17787.6680	
189	1254.597	321.3540	18389.6660	20145.3340	
190	1259.855	144.0009	17309.0000	18910.0000	
191	1265.106	130.6497	18624.6660	20235.0000	
192	1270.349	181.6285	18506.6680	20190.6660	
193	1275.584	134.6111	19624.0000	21283.6660	
194	1280.812	218.9260	18553.0000	20319.6660	
195	1286.032	218.2408	19592.6680	21381.3340	
196	1291.244	202.6259	19075.0000	20882.3320	
197	1296.449	91.3705	20515.0000	22254.3340	
198	1301.647	22.7770	19709.3340	21423.3320	
199	1306.836	159.5216	21038.0000	22932.0000	
200	1312.018	198.5959	20262.6680	22239.0000	
201	1317.193	206.9537	21185.3320	23198.6660	
202	1322.359	179.3076	20604.6680	22619.0000	
203	1327.518	365.4893	21545.3340	23760.3320	
204	1332.670	498.4601	20715.6660	23083.3340	
205	1337.813	590.9050	22055.3340	24521.0000	
206	1342.949	381.0178	20930.0000	23191.3320	
207	1348.077	212.1325	22342.6680	24440.6680	
208	1353.198	151.5793	21149.3340	23192.3340	
209	1358.311	446.3601	22825.0000	25168.3340	
210	1363.415	697.4729	21958.6660	24558.6660	
211	1368.513	719.2518	23224.0000	25851.3320	
212	1373.602	598.0330	22292.3340	24804.0000	
213	1378.684	580.7560	23544.6660	26049.0000	
214	1383.757	469.8110	22377.3340	24780.6680	
215	1388.823	265.8661	23759.0000	25968.3340	
216	1393.881	1.2539	22493.0000	24447.6660	
217	1398.932	24.8066	23799.0000	25780.6641	
218	1403.974	130.7313	22616.6660	24689.9980	
219	1409.009	327.9881	24025.0000	26281.3320	
220	1414.036	596.5792	22533.0000	25043.6660	
221	1419.054	762.7710	23910.6680	26579.3359	
222	1424.065	928.9606	22807.0000	25633.6680	
223	1429.068	1318.4845	23880.6660	27088.6680	
224	1434.064	1690.4240	22804.0000	26361.0000	
225	1439.051	2023.7689	23943.3320	27812.3320	
226	1444.030	2249.1138	22842.3320	26915.3320	
227	1449.001	2514.7944	24104.0000	28421.3359	
228	1453.965	2728.1353	22594.6680	27104.0000	
229	1458.920	2989.9238	24146.6680	28864.0000	
230	1463.868	2264.7148	22396.6660	26335.0000	
231	1468.807	1354.8344	23460.6680	26435.3320	
232	1473.739	785.6244	21881.0000	24232.6660	
233	1478.662	522.2711	22886.0000	24928.6660	
234	1483.578	258.2513	21470.0000	23203.0000	
235	1488.485	216.5641	22933.6680	24579.3340	
236	1493.385	138.2103	21666.0000	23187.6660	
237	1498.276	90.6823	23223.3340	24628.0000	
238	1503.159	115.4088	22187.3340	23615.3340	
239	1508.035	107.4658	22704.3340	24117.0000	
240	1512.902	12.9384	17973.3340	19270.3320	
241	1517.761	97.4127	20786.3340	22146.6660	
242	1522.612	150.5547	22399.0000	23792.6680	
243	1527.454	171.6950	24457.6660	25848.3320	
244	1532.289	225.1700	23234.6660	24659.3340	
245	1537.116	249.1587	24668.0000	26122.3320	
246	1541.934	200.8394	23512.6660	24947.3340	
247	1546.745	172.3931	24891.6660	26282.3340	
248	1551.547	193.3839	23926.6680	25426.0000	
249	1556.341	140.8898	25597.6680	27098.0000	
250	1561.126	128.3954	24197.3340	25738.6660	
251	1565.904	68.2328	25386.6680	26921.3320	
252	1570.673	195.0751	25010.6680	26725.6680	
253	1575.434	179.7562	25874.0000	27653.3359	
254	1580.187	134.1017	24262.3320	26075.6680	
255	1584.932	219.4445	25552.6660	27531.0000	
256	1589.668	200.4557	23686.0000	25725.0000	
257	1594.396	170.1349	23797.6660	25886.0000	
258	1599.116	240.8136	22673.0000	24911.6680	
259	1603.828	318.5266	25491.3320	27903.3359	
260	1608.531	235.6227	24803.6680	27201.6660	
261	1613.226	295.3759	26097.6680	28598.0000	
262	1617.912	249.1311	25917.0000	28413.6680	
263	1622.591	285.8822	26463.3320	29039.3320	
264	1627.261	296.3015	24922.0000	27551.0000	
265	1631.922	486.3947	25424.6680	28266.6680	
266	1636.576	819.2131	23632.3340	26812.3359	
267	1641.220	1382.1500	25985.6680	29737.0000	
268	1645.857	1500.7552	24447.6680	28326.0000	
269	1650.485	1056.2152	26232.0000	29620.6680	
270	1655.105	454.0024	23778.0000	26519.3320	
271	1659.716	406.7944	25466.3320	28115.3320	
272	1664.319	360.5824	25055.6680	27613.3320	
273	1668.913	766.7101	26082.6660	29001.3340	
274	1673.499	1069.1661	24306.6680	27482.6680	
275	1678.077	1236.2898	24042.3320	27340.3320	
276	1682.646	947.4148	23643.0000	26607.0000	
277	1687.206	498.5405	23414.3340	25863.6641	
278	1691.759	232.0052	23528.6680	25645.6680	
279	1696.302	93.1329	26250.6680	28163.0000	
280	1700.837	65.8278	23391.0000	25224.3340	
281	1705.364	307.2609	23749.3320	25730.0000	
282	1709.882	604.0260	21572.3340	23755.6680	
283	1714.391	657.1271	25242.6641	27385.0000	
284	1718.892	375.2247	22649.3340	24415.6680	
285	1723.385	126.6163	22882.6660	24345.0000	
286	1727.868	58.3405	18866.0000	20204.6660	
287	1732.344	114.1791	22270.3320	23599.6660	
288	1736.810	135.8379	22535.6660	23845.6660	
289	1741.268	162.4987	21890.0000	23185.6680	
290	1745.717	124.4910	18776.3320	19941.3340	
291	1750.158	165.4839	22599.0000	23808.3320	
292	1754.590	186.4755	21226.0000	22422.6660	
293	1759.014	159.6451	21303.3340	22446.6680	
294	1763.428	201.8125	17018.3340	18177.3340	
295	1767.835	255.3137	19821.0000	21007.0000	
296	1772.232	239.8152	22131.6660	23275.6660	
297	1776.621	204.9739	19398.6680	20494.3340	
298	1781.001	147.2166	16633.6680	17623.3320	
299	1785.372	146.2929	17054.6660	18071.6680	
300	1789.735	159.7858	16237.3340	17232.6660	
301	1794.089	193.9632	17246.0000	18284.0000	
302	1798.434	209.4256	19375.0000	20453.6680	
303	1802.770	200.3869	20112.6660	21141.6680	
304	1807.098	190.9313	19925.0000	20956.3340	
305	1811.416	177.5587	17433.6660	18398.6660	
306	1815.726	167.0200	15400.3340	16404.3340	
307	1820.027	149.8974	16448.0000	17386.6660	
308	1824.320	181.1499	15451.6660	16404.0000	
309	1828.603	271.2238	18198.6660	19234.0000	
310	1832.878	222.9637	17436.0000	18416.0000	
311	1837.144	166.0377	14931.0000	15847.0000	
312	1841.401	272.1113	14657.6670	15672.6660	
313	1845.649	282.5661	15771.0000	16787.6680	
314	1849.889	272.6860	18282.0000	19283.6680	
315	1854.119	280.2225	17156.0000	18194.3340	
316	1858.340	232.5910	15972.3320	16917.6660	
317	1862.553	212.8394	14448.6660	15356.3340	
318	1866.757	173.7513	13531.0000	14381.6660	
319	1870.951	170.8331	10545.0000	11360.3330	
320	1875.137	188.7471	10352.0000	11199.6670	
321	1879.314	182.4948	11816.0000	12621.6670	
322	1883.482	97.2238	8466.6670	9178.3330	
323	1887.641	77.8032	7068.3340	7745.3340	
324	1891.791	126.7167	8057.0000	8767.6670	
325	1895.932	173.6437	10455.6670	11243.6660	
326	1900.064	195.6548	7814.6660	8541.3340	
327	1904.187	226.4154	11910.6660	12737.0000	
328	1908.300	214.7584	11696.0000	12516.0000	
329	1912.405	182.3405	10424.3330	11182.3330	
330	1916.501	185.7435	11118.6660	11971.6660	
331	1920.588	187.9790	8784.6660	9481.6670	
332	1924.666	231.7147	10337.0000	11161.6660	
333	1928.734	231.8034	11479.6670	12312.3330	
334	1932.794	225.1424	10437.6670	11215.3330	
335	1936.844	208.1070	7696.6670	8380.3340	
336	1940.885	228.3206	9072.3340	9842.0000	
337	1944.917	238.7851	9913.0000	10643.6670	
338	1948.940	247.3317	10483.0000	11202.0000	
339	1952.954	228.2128	8389.6670	9069.3340	
340	1956.959	108.0930	4211.0000	4750.3335	
341	1960.955	144.5968	4502.0000	5003.0000	
342	1964.941	209.7668	5571.6665	6159.0000	
343	1968.918	208.6749	4304.0000	4872.3335	
344	1972.886	183.6967	3307.0000	3820.0000	
345	1976.845	137.6359	1923.0000	2362.3333	
346	1980.794	151.7419	365.6667	786.0000	
347	1984.735	179.3478	1382.6666	1820.3333	
348	1988.666	187.1205	1525.6667	1981.6667	
349	1992.588	183.4346	851.0000	1186.6667	
350	1996.500	206.8715	-32.0000	362.6667	
351	2000.404	186.9603	596.6666	955.6666	
352	2004.298	164.1325	-156.6667	153.3333	
353	2008.182	171.5547	371.0000	699.6667	
354	2012.058	167.5602	-271.3333	46.0000	
355	2015.924	181.8160	347.6667	651.6667	
356	2019.781	211.7381	-415.3333	-68.6667	
357	2023.628	210.9794	313.0000	682.3333	
358	2027.466	205.4706	-346.3333	-33.0000	
359	2031.295	199.9620	251.6667	579.6667	
360	2035.114	205.7867	-349.3333	-51.0000	
361	2038.924	202.1997	286.3333	607.3333	
362	2042.725	194.5294	-374.0000	-63.6667	
363	2046.516	191.3590	248.0000	530.3333	
364	2050.298	196.0046	-412.0000	-84.3333	
365	2054.070	190.9619	223.0000	545.6667	
366	2057.833	171.8358	-321.6667	-39.3333	
367	2061.586	171.7930	250.0000	558.6666	
368	2065.330	171.8961	-332.0000	-31.3333	
369	2069.065	175.2075	218.3333	499.0000	
370	2072.790	186.6648	-301.0000	51.6667	
371	2076.505	206.8619	361.3333	655.6667	
372	2080.211	207.7282	-330.0000	16.6667	
373	2083.908	204.4136	194.0000	520.0000	
374	2087.595	187.6823	-242.3333	53.3333	
375	2091.272	186.2843	48.0000	366.0000	
376	2094.940	180.8032	-267.6667	27.3333	
377	2098.599	183.8379	267.3333	585.3334	
378	2102.248	185.0392	-114.0000	157.3333	
379	2105.887	209.1572	201.3333	526.6667	
380	2109.516	193.4427	-412.6667	-61.3333	
381	2113.136	187.2512	-684.0000	-430.0000	
382	2116.747	189.7263	-135.6667	167.3333	
383	2120.348	183.1181	219.0000	509.6667	
384	2123.939	187.0099	-492.3333	-202.0000	
385	2127.521	183.6562	174.0000	460.6667	
386	2131.093	183.7916	-411.3333	-81.0000	
387	2134.655	168.0938	132.3333	405.6667	
388	2138.207	176.2284	-307.0000	-28.6667	
389	2141.750	209.3034	310.6667	620.6667	
390	2145.283	210.6284	-403.3333	-88.0000	
391	2148.807	200.0368	240.0000	534.3334	
392	2152.321	198.8669	-575.6667	-255.6667	
393	2155.825	189.1970	130.6667	392.6667	
394	2159.319	175.7771	-260.0000	10.0000	
395	2162.804	174.6072	367.3333	627.6667	
396	2166.279	180.0201	-245.6667	25.3333	
397	2169.744	180.7939	171.6667	433.6667	
398	2173.199	205.4843	-410.0000	-113.6667	
399	2176.644	205.0081	179.6667	478.6667	
400	2180.080	198.9486	-159.0000	123.6667	
401	2183.506	192.4723	459.0000	761.3334	
402	2186.922	181.2461	-322.0000	-53.0000	
403	2190.328	183.0199	10.3333	280.3333	
404	2193.725	208.1276	-364.0000	-69.6667	
405	2197.111	192.6247	263.6667	564.6667	
406	2200.488	164.4201	-329.6667	-66.0000	
407	2203.854	162.4371	286.6667	551.6666	
408	2207.211	180.4540	-309.3333	17.3333	
409	2210.558	176.3699	398.0000	663.6666	
410	2213.896	173.9524	-397.6667	-109.6667	
411	2217.223	172.2016	310.6667	601.0000	
412	2220.540	201.6172	-341.6667	-10.6667	
413	2223.847	214.2843	341.3333	654.3333	
414	2227.145	211.4696	-619.6666	-258.6667	
415	2230.432	201.8216	172.0000	486.3333	
416	2233.709	190.0902	-601.3333	-275.3333	
417	2236.977	182.0254	266.3333	547.0000	
418	2240.234	179.2107	-416.3333	-96.0000	
419	2243.482	177.7294	92.3333	380.6667	
420	2246.719	190.4982	-329.6667	-8.6667	
421	2249.946	206.7322	278.6667	559.6666	
422	2253.164	251.6329	-454.6667	-77.0000	
423	2256.371	226.5336	213.6667	566.0000	
424	2259.568	208.7678	-325.6667	8.6667	
425	2262.755	151.3737	354.6667	629.6667	
426	2265.933	153.9796	-17.3333	258.3333	
427	2269.100	167.1402	406.0000	704.0000	
428	2272.256	170.4943	-279.3333	15.6667	
429	2275.403	189.4240	191.0000	506.3334	
430	2278.540	192.1662	-319.6667	6.6667	
431	2281.667	191.7625	393.0000	707.6666	
432	2284.783	190.4631	-357.6667	-61.3333	
433	2287.889	205.4761	215.6667	548.6666	
434	2290.985	211.5043	-344.0000	31.0000	
435	2294.071	195.8612	247.6667	542.6666	
436	2297.147	182.7795	-566.3333	-247.0000	
437	2300.212	179.9766	320.6667	597.3333	
438	2303.267	180.6945	-376.0000	-68.0000	
439	2306.312	181.8082	59.6667	363.0000	
440	2309.347	182.2971	-451.3333	-150.6667	
441	2312.372	184.9263	558.3333	862.6666	
442	2315.386	207.4306	119.6667	445.6667	
443	2318.390	197.6016	240.0000	555.3333	
444	2321.384	193.4398	-494.3333	-184.0000	
445	2324.368	173.8106	427.0000	715.6667	
446	2327.341	181.8482	-336.3333	-41.6667	
447	2330.304	211.8856	624.0000	946.6666	
448	2333.256	206.8774	-146.6667	188.3333	
449	2336.199	194.1081	102.6667	415.6667	
450	2339.131	182.6723	-209.3333	118.0000	
451	2342.052	151.5698	567.6666	829.6666	
452	2344.963	171.6333	-521.3334	-241.6667	
453	2347.864	178.2892	415.6666	700.3334	
454	2350.755	185.1951	-244.0000	7.6667	
455	2353.635	200.9907	397.0000	733.0000	
456	2356.505	204.8686	-92.3333	221.6667	
457	2359.364	202.9756	696.3333	1015.6666	
458	2362.213	167.7493	-113.6667	165.0000	
459	2365.051	164.5230	299.3333	576.6667	
460	2367.879	169.4640	83.0000	341.0000	
461	2370.697	190.2003	502.6667	807.3334	
462	2373.504	205.4367	-63.3333	233.3333	
463	2376.300	243.0897	581.3333	931.6666	
464	2379.086	204.2427	150.0000	459.0000	
465	2381.862	196.7291	290.0000	565.3333	
466	2384.627	199.2154	-281.6667	47.3333	
467	2387.382	185.3684	344.6667	627.3333	
468	2390.125	171.5209	-261.0000	5.3333	
469	2392.859	172.2884	602.6667	877.3333	
470	2395.582	234.9481	233.6667	566.0000	
471	2398.294	181.2745	827.0000	1100.6667	
472	2400.996	150.2674	-512.3334	-274.6667	
473	2403.687	150.9318	317.0000	549.6666	
474	2406.368	181.9298	-304.6667	-46.6667	
475	2409.038	197.9276	592.0000	860.3333	
476	2411.697	208.5983	-181.6667	83.0000	
477	2414.346	171.8170	412.0000	638.6667	
478	2416.984	201.7023	-265.0000	-9.6667	
479	2419.612	205.9210	314.3333	572.6666	
480	2422.228	202.1397	-259.6667	-6.3333	
481	2424.834	198.0251	356.3333	604.3334	
482	2427.430	165.5771	-389.3333	-175.0000	
483	2430.015	176.7957	300.3333	524.6666	
484	2432.589	305.0150	1436.0000	1787.3333	
485	2435.152	206.5286	385.6667	636.3334	
486	2437.705	194.7920	-538.6666	-336.6667	
487	2440.247	196.9721	252.3333	509.6667	
488	2442.778	191.2564	-348.3333	-111.3333	
489	2445.298	191.0177	126.6667	330.3333	
490	2447.808	182.3744	-425.0000	-187.0000	
491	2450.306	189.1088	455.0000	716.3333	
492	2452.794	163.8642	-238.3333	-28.0000	
493	2455.272	187.4141	423.0000	655.0000	
494	2457.738	206.6307	-481.6667	-232.3333	
495	2460.194	203.5139	339.0000	583.3333	
496	2462.638	203.3971	-259.0000	-16.6667	
497	2465.073	178.9470	473.3333	689.3333	
498	2467.496	169.1636	-315.6667	-114.3333	
499	2469.908	177.9635	558.6667	772.3334	
500	2472.309	182.0965	-144.0000	42.3333	
501	2474.699	185.9434	140.3333	384.0000	
502	2477.079	187.8527	-309.0000	-98.6667	
503	2479.448	191.8870	356.3333	584.3333	
504	2481.805	189.7337	-331.0000	-92.0000	
505	2484.152	184.9972	210.6667	426.3333	
506	2486.488	182.0107	-319.3333	-92.3333	
507	2488.813	185.2324	281.3333	496.6667	
508	2491.127	196.7876	-545.6667	-312.3333	
509	2493.430	192.6760	343.3333	553.6666	
510	2495.722	228.2312	-160.0000	115.3333	
511	2498.003	162.6613	98.0000	309.3333	
