resultName	muna8-114
resultName	muna8-114
ID	RS20200904151946_P19331194
Command	SCANANDSEARCH
User	Admin
Application	_Analyze
SerialNumber	P19331194
Power	280
Integration	900
Averages	3
AutoExposure	Off
AutoCollect	Off
QuickCollect	Off
AutoBackground	On
BaselineCorrection	On
Algorithm	Wavelet
Searched Library	All,None,None,None
MixtureComponents	2
matchThreshold	0.0
displayMatches	1
Threshold	0.80
WL Start	
WL End	
ServerVersion	3.180316
FirmwareVersion	
date	2020-09-04
time	15:19:46
scanindex	0
specpath	RS20200904151946_P19331194.xml
Search Range	200 - 2500
Synced	false
lastCalDateTime	2020-08-20 09:29:50
lastCalUser	Admin
lastCalResult	PASS
lastVerifyDateTime	2020-09-04 13:30:42
lastVerifyUser	Admin
lastVerifyResult	PASS
selectedMaterial	
result	No Match
ValidationGUID	
ValidationMatchQuality	
topMatch	
topMatchGUID	
topMatchQuality	
secondMatch	
secondMatchGUID	
secondMatchQuality	
thirdMatch	
thirdMatchGUID	
thirdMatchQuality	
fourthMatch	
fourthMatchGUID	
fourthMatchQuality	
fifthMatch	
fifthMatchGUID	
fifthMatchQuality	
signedBy	
signedDateTime	
softwareVer	1.7.0.21
memo	
batchID	
inBatch	false
batchUID	
batchCID1	
batchCIDlbl1	
batchCID2	
batchCIDlbl2	
batchCID3	
batchCIDlbl3	
batchCID4	
batchCIDlbl4	
batchCID5	
batchCIDlbl5	
signedTitle	
signedReason	
rescanned	
barcode	
topMatchContribs	
secondMatchContribs	
thirdMatchContribs	
fourthMatchContribs	
fifthMatchContribs	
ValidationMatchContribs	
Threat	
PrecursorList	
CompundName	
WindowStart4C	
MatchLibrary	
lastModified	2020/09/04 15:21
Signal2Noise	37.19
Detector TEC SetPoint	0x8000
Detector Temp	4.96
Laser Temp	25.39
OE1 Temp	36.44
OE2 Temp	40.38
Detector Gain	200
SaturationDetected	false
InterpolatedPixelList	
PeakList	 286.1	755	323.9	459	398.5	583	448.5	457	481.0	392	649.7	1211	679.0	803	736.2	723	749.0	607	805.2	517	840.1	695	856.3	454	866.1	452	959.7	564	1092.7	476	1126.9	610	1141.1	560	1207.7	460	1249.7	491	1314.6	298	1365.3	807	1457.8	3906	1645.6	1963	1677.4	1422	1713.0	728
index	Raman Shift (cm-1)	Y value (counts)	background (counts)	raw value (counts)
0	137.471	294.9821	1864.0000	4104.0000	
1	143.961	264.1495	1994.6667	4142.6670	
2	150.446	230.9832	2046.6665	4100.3335	
3	156.925	198.4834	2254.0000	4214.0000	
4	163.399	314.6503	1857.6667	3872.6665	
5	169.867	305.8181	2373.6665	4318.6670	
6	176.330	229.9850	2120.6667	3928.6670	
7	182.787	239.8181	2286.6667	4043.3330	
8	189.239	190.3189	1914.3335	3560.3335	
9	195.685	129.4856	2346.3335	3870.3330	
10	202.125	167.6532	2176.3335	3677.3335	
11	208.560	184.1535	2700.6667	4157.0000	
12	214.989	312.9875	2082.0000	3606.0000	
13	221.413	280.1810	2495.0000	3962.0000	
14	227.831	202.1835	2325.0000	3683.3333	
15	234.243	172.1361	2664.3333	4001.6665	
16	240.650	104.7555	2113.0000	3392.0000	
17	247.051	166.3746	2327.0000	3676.6665	
18	253.446	161.6608	2094.0000	3448.0000	
19	259.836	217.2803	2446.3333	3865.0000	
20	266.220	256.5659	1769.3333	3236.3330	
21	272.598	361.8555	2522.6665	4121.3335	
22	278.971	627.4777	2254.3333	4145.0000	
23	285.338	755.4336	2294.3333	4339.3335	
24	291.699	607.0554	1872.6667	3795.6665	
25	298.054	551.6534	2179.3333	4075.6665	
26	304.404	520.9178	1767.3334	3661.6665	
27	310.748	366.8493	2524.3335	4293.3335	
28	317.086	349.8329	1960.0000	3750.6665	
29	323.418	459.0824	2078.0000	3939.0000	
30	329.744	400.6655	1634.0000	3397.6670	
31	336.065	416.2477	2358.6667	4099.0000	
32	342.380	364.8302	2037.6667	3687.6665	
33	348.689	192.4129	2255.3335	3694.0000	
34	354.992	115.6627	1666.3333	2989.3335	
35	361.289	141.4218	2173.6667	3474.0000	
36	367.581	71.5745	1715.0000	2906.6667	
37	373.866	171.1230	1687.0000	2970.0000	
38	380.146	418.6718	1836.6665	3359.0000	
39	386.420	380.5533	1926.6667	3402.6665	
40	392.688	320.4354	1447.3334	2855.0000	
41	398.949	583.4291	1922.3334	3579.6670	
42	405.205	465.0887	1594.0000	3119.6665	
43	411.456	243.0823	1143.3333	2433.6665	
44	417.700	243.4093	1074.6666	2352.0000	
45	423.938	220.4877	1473.6666	2716.3333	
46	430.170	198.2327	800.6667	2009.3333	
47	436.396	260.6446	846.0000	2105.3333	
48	442.616	419.3899	641.0000	2047.3333	
49	448.830	457.1495	1820.0000	3261.0000	
50	455.039	378.4599	753.0000	2098.3333	
51	461.241	241.4370	712.3333	1903.6666	
52	467.437	166.4140	639.3333	1738.6665	
53	473.627	308.1039	963.0000	2174.0000	
54	479.811	392.1271	530.3334	1795.3333	
55	485.989	371.4838	305.3333	1519.6666	
56	492.160	287.4826	440.6667	1534.0000	
57	498.326	206.7737	804.3334	1795.0000	
58	504.486	129.3982	537.6666	1429.0000	
59	510.639	165.6893	533.6666	1439.3333	
60	516.787	241.3138	359.6667	1319.0000	
61	522.928	335.7541	827.0000	1869.6667	
62	529.063	349.1942	456.3334	1501.3333	
63	535.192	345.8642	15419.3320	16615.0000	
64	541.315	297.4091	11544.3330	12515.3340	
65	547.431	245.1821	3047.0000	3954.6670	
66	553.542	231.2888	1999.0000	2881.6667	
67	559.646	201.7290	1741.0000	2583.0000	
68	565.744	236.5027	796.3333	1662.0000	
69	571.835	241.3692	994.0000	1868.6667	
70	577.921	228.0019	219.3333	1090.3334	
71	584.000	193.3910	410.0000	1260.6666	
72	590.073	76.4469	232.6667	980.6666	
73	596.140	109.2733	888.0000	1702.0000	
74	602.200	292.0997	847.3333	1877.3333	
75	608.255	551.5928	1022.3333	2345.0000	
76	614.302	808.4189	908.0000	2520.6665	
77	620.344	929.9678	1234.3333	2996.3333	
78	626.379	552.6840	941.3334	2353.6665	
79	632.408	703.0671	1037.6666	2628.0000	
80	638.431	772.1168	889.6667	2576.6667	
81	644.447	1069.1664	1505.3334	3517.0000	
82	650.457	1211.2162	789.6666	2971.0000	
83	656.460	856.2655	596.6667	2450.6665	
84	662.457	604.3153	518.6667	2148.3333	
85	668.448	562.6113	691.0000	2270.3333	
86	674.432	732.2404	124.6667	1865.0000	
87	680.410	803.2030	686.6667	2489.3335	
88	686.381	567.4988	828.0000	2386.3333	
89	692.346	289.6169	1227.0000	2488.6667	
90	698.305	253.3597	464.6666	1625.0000	
91	704.257	264.8962	832.3334	2073.0000	
92	710.202	241.0829	667.6667	1823.3335	
93	716.142	77.6823	777.6666	1752.0000	
94	722.074	158.9485	687.3333	1725.0000	
95	728.000	497.2147	900.6666	2258.6667	
96	733.920	723.4805	659.3334	2225.6665	
97	739.833	595.0800	1231.0000	2651.0000	
98	745.739	603.5337	944.0000	2349.3333	
99	751.639	606.5944	1678.3333	3085.0000	
100	757.533	340.9880	740.3334	1879.6667	
101	763.419	196.6920	1516.3334	2514.3333	
102	769.300	152.7297	918.6666	1875.6667	
103	775.173	132.4338	1332.6666	2272.3333	
104	781.040	132.9712	992.0000	1899.3333	
105	786.901	148.3623	1597.6667	2566.3335	
106	792.755	196.2529	1404.6667	2431.3333	
107	798.602	373.4771	1872.3335	3086.3333	
108	804.442	517.3680	1239.6666	2607.6665	
109	810.276	420.3044	1850.0000	3153.3333	
110	816.103	289.5743	1186.0000	2391.0000	
111	821.924	208.5108	1685.3335	2841.6667	
112	827.738	249.4250	1309.3333	2548.0000	
113	833.545	516.1823	1790.3333	3327.3333	
114	839.345	694.9395	1403.6666	3150.9998	
115	845.139	519.6969	1802.3335	3406.0000	
116	850.926	405.4546	1491.6667	3012.6667	
117	856.706	454.2257	1794.3335	3373.3330	
118	862.479	385.3310	1704.6667	3224.0000	
119	868.246	452.4449	1781.0000	3366.0000	
120	874.006	288.4121	1291.6666	2707.3333	
121	879.759	175.1761	1636.0000	2917.3333	
122	885.505	192.6069	1355.3333	2633.0000	
123	891.245	299.0375	1727.6667	3090.6667	
124	896.978	391.8015	1621.3333	3056.0000	
125	902.703	297.9863	1545.3333	2859.6667	
126	908.422	196.8375	1136.0000	2322.6665	
127	914.135	207.6891	1752.6667	2923.6667	
128	919.840	197.8741	994.0000	2128.6667	
129	925.538	193.1425	1753.3333	2826.3335	
130	931.230	219.6604	985.6666	2139.3335	
131	936.914	195.0954	1567.6665	2620.0000	
132	942.592	183.2802	1137.0000	2151.0000	
133	948.263	244.1521	1505.0000	2572.6667	
134	953.927	377.9971	964.6667	2157.6665	
135	959.584	564.1760	1369.3333	2740.0000	
136	965.234	314.3542	1213.6666	2326.0000	
137	970.877	291.3154	1353.0000	2420.6667	
138	976.513	287.3600	638.3333	1730.6665	
139	982.142	273.1547	1271.0000	2354.0000	
140	987.764	237.7652	1266.3334	2293.6667	
141	993.379	228.3913	1199.0000	2270.0000	
142	998.987	220.7256	949.6666	1949.3335	
143	1004.588	211.8518	1431.0000	2509.6667	
144	1010.182	207.1029	862.0000	1905.3333	
145	1015.769	207.9792	1280.6666	2324.6667	
146	1021.349	207.1885	1247.0000	2281.3333	
147	1026.922	228.9812	1449.6666	2567.3333	
148	1032.487	220.1072	1125.6666	2201.3333	
149	1038.046	263.8779	1372.0000	2538.6667	
150	1043.597	258.0021	1105.6667	2320.6665	
151	1049.142	233.6891	1481.3334	2650.3333	
152	1054.679	214.0214	751.0000	1879.3333	
153	1060.209	249.2796	1462.0000	2708.6665	
154	1065.732	231.3283	1193.0000	2453.3333	
155	1071.248	229.8140	1508.3334	2747.3333	
156	1076.757	296.4659	1420.3334	2782.0000	
157	1082.258	361.4913	1646.3333	3073.6665	
158	1087.753	256.8505	907.3333	2230.6667	
159	1093.240	476.2092	1593.6666	3137.0000	
160	1098.720	378.2347	1511.0000	2957.0000	
161	1104.192	219.1191	1808.6667	3085.3333	
162	1109.658	218.8328	1695.6667	2957.3333	
163	1115.116	334.5467	2918.3333	4281.0000	
164	1120.567	493.2605	1396.3334	2903.0000	
165	1126.010	609.8048	1837.0000	3434.0000	
166	1131.447	539.3491	1371.6666	2872.0000	
167	1136.876	527.2264	1970.3333	3432.3330	
168	1142.298	560.1046	1233.6667	2702.3333	
169	1147.712	482.9587	1952.3333	3325.0000	
170	1153.120	303.4792	1761.6665	2936.0000	
171	1158.519	252.3326	1963.6667	3067.9998	
172	1163.912	187.1868	1427.6666	2448.0000	
173	1169.297	145.1577	2252.3333	3236.0000	
174	1174.675	168.7950	1748.6667	2761.3333	
175	1180.045	210.0541	2270.6667	3335.0000	
176	1185.408	223.5861	1796.0000	2928.0000	
177	1190.764	200.6180	2174.6665	3243.6665	
178	1196.112	214.8167	1904.6665	3042.6667	
179	1201.453	382.8481	2233.3333	3562.3330	
180	1206.786	460.2137	1704.6665	3134.0000	
181	1212.112	421.8031	2330.3333	3740.6667	
182	1217.431	345.2134	1972.0000	3318.6665	
183	1222.742	309.4023	2348.0000	3679.6665	
184	1228.045	241.2576	1933.6667	3218.0000	
185	1233.341	225.9868	2474.6667	3772.0000	
186	1238.630	162.0497	2208.0000	3469.6670	
187	1243.911	334.4451	2466.6665	3929.0000	
188	1249.185	490.5074	2120.3333	3767.0000	
189	1254.451	359.8517	2870.6665	4405.3335	
190	1259.709	222.1954	2381.3333	3797.0000	
191	1264.960	260.2056	2813.3335	4285.6665	
192	1270.203	257.5498	2584.3333	4072.6665	
193	1275.439	185.2271	3001.0000	4435.6665	
194	1280.668	245.5710	2372.0000	3885.6665	
195	1285.888	341.9150	2968.0000	4596.6665	
196	1291.101	248.4153	2408.3333	3972.3330	
197	1296.307	124.1946	3103.6665	4590.6670	
198	1301.505	42.3059	2672.0000	4124.3335	
199	1306.695	132.4177	3254.0000	4843.6665	
200	1311.877	298.1969	2840.3333	4643.0000	
201	1317.052	277.8844	2929.0000	4742.0000	
202	1322.219	227.9054	2837.0000	4630.6665	
203	1327.379	413.4755	3138.6670	5135.6665	
204	1332.531	656.5286	2896.0000	5160.6665	
205	1337.675	741.6871	3384.6670	5743.3335	
206	1342.811	499.8461	2631.6667	4757.3335	
207	1347.940	331.6715	3301.6665	5268.0000	
208	1353.061	225.8301	2716.6667	4586.0000	
209	1358.174	442.3224	3846.6665	5941.3335	
210	1363.280	806.8141	2965.0000	5433.0000	
211	1368.377	758.6393	3541.0000	5969.6665	
212	1373.467	630.7980	2984.3333	5294.0000	
213	1378.550	600.4164	3418.6667	5700.6665	
214	1383.624	506.7014	3015.3335	5206.3330	
215	1388.690	252.6539	3884.6665	5824.3330	
216	1393.749	4.6063	2944.0000	4638.3335	
217	1398.800	0.0000	3483.3335	5167.3335	
218	1403.843	99.3348	3002.6665	4757.3335	
219	1408.878	311.6687	3766.0000	5704.3335	
220	1413.906	604.0027	2983.6667	5185.6665	
221	1418.925	896.3749	3435.6667	5910.0000	
222	1423.937	1145.0808	3027.0000	5730.0000	
223	1428.940	1617.1196	3441.0000	6596.0000	
224	1433.936	2139.0776	3060.0000	6702.0000	
225	1438.924	2396.0374	3479.3335	7342.3340	
226	1443.904	2752.6624	3042.0000	7225.6670	
227	1448.876	3177.6213	3584.3333	8157.0000	
228	1453.840	3560.9133	2861.0000	7781.0000	
229	1458.796	3905.6917	3582.6665	8776.3340	
230	1463.744	3059.4680	2876.3335	7152.6660	
231	1468.685	1940.2463	3437.6670	6523.6670	
232	1473.617	1129.6908	2799.3333	5003.6665	
233	1478.541	693.4144	3252.6665	4959.0000	
234	1483.457	411.1373	2654.6665	4017.0000	
235	1488.365	310.1942	3286.6665	4486.3330	
236	1493.265	228.9174	2599.6667	3656.3335	
237	1498.157	152.3204	3381.0000	4317.6665	
238	1503.041	158.5774	2723.3333	3628.6665	
239	1507.917	132.4867	3221.0000	4070.3335	
240	1512.785	129.8123	2202.6667	3007.0000	
241	1517.645	152.8881	2965.0000	3786.6665	
242	1522.496	182.7972	2929.0000	3720.6665	
243	1527.340	224.7894	3760.6665	4582.6665	
244	1532.175	270.6986	2996.0000	3834.0000	
245	1537.002	300.5397	3665.0000	4529.3335	
246	1541.822	267.1456	2996.0000	3876.3330	
247	1546.633	238.5018	3721.6665	4548.0000	
248	1551.435	217.6083	3081.0000	3948.3330	
249	1556.230	220.0674	3758.0000	4689.0000	
250	1561.016	160.6094	3144.0000	4059.0000	
251	1565.795	175.5690	3682.0000	4685.6665	
252	1570.565	216.1117	3387.3335	4491.0000	
253	1575.327	207.3187	3687.0000	4867.0000	
254	1580.080	226.5272	3200.6665	4485.0000	
255	1584.825	284.0670	3869.0000	5296.0000	
256	1589.562	262.2745	3094.0000	4584.3335	
257	1594.291	238.8151	3510.3335	5062.3335	
258	1599.012	285.0218	2902.0000	4585.3335	
259	1603.724	188.5084	3603.6665	5291.6665	
260	1608.428	227.3299	3331.6665	5128.6665	
261	1613.124	214.5332	3765.3335	5612.3330	
262	1617.811	271.0709	3706.3330	5672.6665	
263	1622.490	261.9411	3857.6665	5877.6665	
264	1627.161	294.4771	3329.6670	5445.0000	
265	1631.823	480.2861	3703.0000	6044.3335	
266	1636.477	825.0343	3028.6667	5737.0000	
267	1641.123	1531.5502	3979.6665	7417.3330	
268	1645.760	1963.4015	3112.0000	7004.3330	
269	1650.389	1458.9977	3774.3333	7126.0000	
270	1655.009	745.9272	3218.6665	5821.0000	
271	1659.621	535.1893	3813.0000	6168.3330	
272	1664.225	640.1189	3324.0000	5748.0000	
273	1668.820	961.0472	4007.0000	6715.6660	
274	1673.406	1303.9766	3185.3335	6200.6665	
275	1677.985	1421.9067	3641.3335	6738.3335	
276	1682.554	1157.8351	3500.6665	6297.3340	
277	1687.116	705.8477	3513.0000	5786.6665	
278	1691.668	354.5285	3162.0000	5013.3330	
279	1696.213	274.2105	3860.6665	5560.6670	
280	1700.749	281.3976	3085.3335	4734.6665	
281	1705.276	478.5865	3662.3335	5404.3335	
282	1709.794	709.7765	3001.3335	4870.0000	
283	1714.305	727.6310	3723.6665	5505.6665	
284	1718.806	493.8214	2929.0000	4372.6670	
285	1723.299	213.6915	3618.6665	4703.6665	
286	1727.784	107.2301	2613.0000	3513.0000	
287	1732.260	105.6690	3397.3330	4209.0000	
288	1736.727	135.6691	2970.3333	3750.6665	
289	1741.186	171.6693	3330.3335	4085.3330	
290	1745.636	158.7535	2543.6667	3219.3335	
291	1750.077	220.0874	3422.0000	4116.6665	
292	1754.510	198.3378	2828.3333	3426.0000	
293	1758.934	220.9588	3341.6665	3934.6665	
294	1763.349	242.5809	2222.0000	2809.3333	
295	1767.756	264.2019	3097.3335	3679.0000	
296	1772.154	261.1581	2772.0000	3328.0000	
297	1776.544	247.8063	2960.6667	3535.3330	
298	1780.924	216.4543	2083.6667	2576.6665	
299	1785.296	231.2692	2814.0000	3315.0000	
300	1789.659	286.0845	2014.6667	2563.6667	
301	1794.014	273.3363	2798.3333	3331.3335	
302	1798.360	235.8716	2606.3335	3098.3333	
303	1802.697	253.5740	3240.3335	3730.6667	
304	1807.025	278.6100	2751.3333	3279.0000	
305	1811.344	269.1453	2588.0000	3102.6665	
306	1815.655	223.0144	2168.0000	2595.6667	
307	1819.957	225.0502	2794.6667	3276.6670	
308	1824.250	235.9874	2205.6665	2641.3333	
309	1828.534	240.6709	3404.3335	3903.6665	
310	1832.809	235.2707	2532.6665	2983.6667	
311	1837.076	233.1210	2663.0000	3120.3333	
312	1841.333	240.4704	2373.6667	2758.3333	
313	1845.582	266.2791	2373.3333	2834.6665	
314	1849.822	265.4212	2470.3335	2945.6667	
315	1854.053	259.4800	2711.6667	3148.3333	
316	1858.275	262.5389	2167.0000	2623.3333	
317	1862.488	265.4128	2553.0000	3020.0002	
318	1866.692	243.2032	2204.3335	2617.3333	
319	1870.888	238.2440	1930.0000	2330.0000	
320	1875.074	229.7013	1221.0000	1586.3334	
321	1879.251	237.7420	2019.6667	2405.6665	
322	1883.420	237.0123	1211.3334	1593.6666	
323	1887.579	217.2548	1658.3334	2017.3335	
324	1891.730	222.1639	1132.6666	1508.6666	
325	1895.871	224.1217	1965.0000	2267.6665	
326	1900.004	228.1627	1078.6666	1450.3333	
327	1904.127	251.8290	1992.0000	2347.6665	
328	1908.241	273.1622	1425.0000	1828.3333	
329	1912.347	274.1927	1875.3333	2272.6667	
330	1916.443	254.9716	1798.6667	2176.3333	
331	1920.530	245.0635	1978.6667	2318.6667	
332	1924.609	243.2804	1303.0000	1669.3334	
333	1928.678	247.6766	2073.3333	2429.6667	
334	1932.738	252.4267	1285.0000	1685.6667	
335	1936.788	251.1144	1571.3335	1910.6667	
336	1940.830	242.0313	1250.0000	1628.6667	
337	1944.863	246.7815	1669.3333	1985.3335	
338	1948.886	252.0317	1553.0000	1898.3335	
339	1952.901	256.5735	1805.0000	2158.3333	
340	1956.906	253.1983	576.0000	929.3334	
341	1960.902	239.9120	937.6666	1255.0000	
342	1964.888	252.9591	838.6666	1162.6667	
343	1968.866	281.2280	934.6667	1288.3333	
344	1972.834	263.2673	417.0000	770.9999	
345	1976.793	222.0556	751.6667	1030.6667	
346	1980.743	224.4269	40.3333	311.3333	
347	1984.684	231.8818	412.6667	690.6666	
348	1988.616	233.0866	269.6667	537.3333	
349	1992.538	219.7061	1157.0000	1407.6666	
350	1996.451	246.2931	420.0000	686.3333	
351	2000.354	267.6689	512.3334	799.3334	
352	2004.249	246.3782	-216.6667	48.3333	
353	2008.134	233.7541	410.3333	662.0000	
354	2012.009	243.1299	-231.0000	29.3333	
355	2015.876	243.4225	429.6667	694.3333	
356	2019.733	244.1316	-193.6667	60.3333	
357	2023.580	248.5407	1363.6667	1586.0000	
358	2027.419	293.2000	2698.6665	3000.3333	
359	2031.248	286.3592	7170.3330	7571.6670	
360	2035.067	207.1845	618.0000	826.3333	
361	2038.878	253.7229	469.6667	723.0000	
362	2042.678	277.9279	-302.0000	-26.0000	
363	2046.470	262.7997	342.0000	601.3334	
364	2050.252	240.2368	-294.6667	-51.6667	
365	2054.024	221.4478	387.3333	597.0000	
366	2057.787	225.1587	-59.6667	167.0000	
367	2061.541	228.5364	465.0000	683.0000	
368	2065.285	229.5807	-236.6667	21.6667	
369	2069.020	229.4584	324.6667	548.3334	
370	2072.745	230.5861	-151.0000	83.6667	
371	2076.461	238.3194	869.6667	1080.6667	
372	2080.167	271.9443	1763.6665	2030.6667	
373	2083.864	412.7457	7676.3330	8083.3330	
374	2087.551	376.5474	7911.0000	8281.0000	
375	2091.228	273.3490	664.0000	896.6667	
376	2094.896	274.1506	-118.6667	115.3333	
377	2098.555	236.1832	397.3333	624.6666	
378	2102.204	223.2991	-7.0000	150.0000	
379	2105.843	228.0817	454.3334	705.0000	
380	2109.473	245.7818	148.3333	368.3333	
381	2113.093	242.2942	-449.3333	-205.6667	
382	2116.703	244.8899	-60.3333	164.6667	
383	2120.304	253.1732	315.6667	542.0000	
384	2123.895	267.3315	-452.0000	-206.0000	
385	2127.477	252.9709	215.3333	470.6667	
386	2131.049	236.7224	-319.6667	-100.6667	
387	2134.611	231.4739	194.0000	406.3333	
388	2138.163	230.4747	-246.3333	-69.6667	
389	2141.706	236.9495	386.0000	632.3333	
390	2145.239	236.0493	-325.6667	-121.3333	
391	2148.763	234.3157	326.0000	565.0000	
392	2152.276	243.0856	-468.0000	-289.3333	
393	2155.780	242.9573	174.0000	409.3333	
394	2159.275	242.5789	-191.3333	17.6667	
395	2162.759	266.4506	435.3333	675.3334	
396	2166.234	273.4055	-185.0000	62.3333	
397	2169.698	254.4798	237.3333	464.6667	
398	2173.154	251.5541	-332.3333	-109.0000	
399	2176.599	231.6283	255.3333	457.6667	
400	2180.034	228.7027	-70.6667	127.6667	
401	2183.460	239.4436	553.3333	761.3334	
402	2186.876	251.1845	-230.0000	-11.3333	
403	2190.282	251.1547	52.6667	282.0000	
404	2193.678	250.0832	-284.6667	-84.3333	
405	2197.064	249.0408	321.3333	553.0000	
406	2200.440	242.5516	-307.0000	-106.6667	
407	2203.807	238.5500	324.3333	556.6667	
408	2207.164	235.2150	-264.0000	-52.3333	
409	2210.510	243.0811	455.3333	684.3333	
410	2213.847	243.2806	-341.6667	-109.6667	
411	2217.174	238.8134	383.0000	617.6667	
412	2220.491	236.5546	-199.3333	26.3333	
413	2223.798	249.5884	829.0000	1043.6666	
414	2227.094	280.6433	915.0000	1180.0000	
415	2230.381	253.8646	2267.6667	2504.3333	
416	2233.658	250.2529	-398.6667	-175.6667	
417	2236.925	251.8077	292.6667	540.3333	
418	2240.182	240.5293	-403.6667	-185.0000	
419	2243.429	212.7507	109.0000	298.3333	
420	2246.666	244.3055	-253.0000	-33.6667	
421	2249.893	242.9350	365.0000	599.6667	
422	2253.110	239.5227	-370.0000	-154.3333	
423	2256.317	240.6312	318.0000	535.3333	
424	2259.513	276.0732	-297.3333	-44.0000	
425	2262.700	255.8459	284.6667	518.3333	
426	2265.876	251.1188	-30.3333	195.3333	
427	2269.043	239.5705	437.3333	683.0000	
428	2272.199	225.5095	-236.3333	-23.3333	
429	2275.345	234.0666	274.6667	495.6666	
430	2278.481	275.6237	-255.6667	6.3333	
431	2281.607	245.8475	413.0000	644.6666	
432	2284.723	242.2379	-272.6667	-54.6667	
433	2287.828	242.7950	276.0000	507.0000	
434	2290.924	238.2154	-304.6667	-75.3333	
435	2294.009	214.0350	334.3333	523.6667	
436	2297.083	237.4171	-461.0000	-282.3333	
437	2300.148	255.8007	404.6667	668.3333	
438	2303.203	267.1009	-314.0000	-98.6667	
439	2306.247	266.7344	75.3333	339.6667	
440	2309.281	249.5345	-471.6667	-246.3333	
441	2312.305	250.5138	477.3334	683.6667	
442	2315.318	251.3681	-173.6667	95.0000	
443	2318.322	248.8890	241.0000	442.6667	
444	2321.314	243.7858	-431.3333	-191.6667	
445	2324.297	244.4242	477.0000	656.0000	
446	2327.269	239.7293	-384.0000	-139.0000	
447	2330.231	241.8677	336.0000	531.6667	
448	2333.183	240.5298	-304.0000	-91.6667	
449	2336.124	240.7418	95.0000	307.6667	
450	2339.055	239.2871	-248.6667	-38.6667	
451	2341.976	240.9575	494.0000	719.3334	
452	2344.886	242.6687	-459.0000	-277.3333	
453	2347.786	243.8898	450.0000	662.0000	
454	2350.675	246.9859	-322.3333	-119.0000	
455	2353.554	254.9286	275.3333	511.3333	
456	2356.423	237.9737	-349.3333	-155.6667	
457	2359.281	247.8793	368.6667	554.6667	
458	2362.128	275.6182	-213.0000	16.0000	
459	2364.966	248.7737	298.0000	499.0000	
460	2367.792	235.1577	-93.6667	51.3333	
461	2370.609	238.5538	210.0000	410.6667	
462	2373.415	253.9707	-169.3333	54.3333	
463	2376.210	247.9293	385.6667	561.3334	
464	2378.995	251.3254	-284.3333	-91.3333	
465	2381.769	254.2424	164.3333	386.0000	
466	2384.533	245.4301	-216.6667	-63.3333	
467	2387.286	248.8262	328.6667	514.0000	
468	2390.029	253.5980	-501.3334	-292.6667	
469	2392.760	232.6632	330.0000	480.3333	
470	2395.482	233.6346	-219.0000	-53.3333	
471	2398.193	231.4184	441.3333	625.0000	
472	2400.893	212.8064	-519.3334	-378.6667	
473	2403.583	224.3876	307.0000	458.0000	
474	2406.262	262.3021	-363.3333	-175.6667	
475	2408.931	257.5500	420.3334	602.0000	
476	2411.589	227.3181	-287.6667	-145.0000	
477	2414.236	243.4498	392.0000	508.3333	
478	2416.872	272.9148	-384.3333	-202.3333	
479	2419.498	280.7131	147.6667	334.3333	
480	2422.113	262.5115	-328.0000	-162.6667	
481	2424.718	213.3098	307.3333	420.3333	
482	2427.312	204.4415	-402.3333	-301.3333	
483	2429.895	229.2399	270.0000	392.6667	
484	2432.467	264.5380	1183.6666	1442.3333	
485	2435.029	264.9199	314.0000	428.6667	
486	2437.580	233.8019	-581.3333	-458.0000	
487	2440.120	264.1840	170.3333	323.6667	
488	2442.649	272.2328	-390.6667	-229.6667	
489	2445.167	249.5524	118.3333	257.3333	
490	2447.675	239.6698	-441.6666	-310.3333	
491	2450.172	243.5713	427.3333	577.3333	
492	2452.658	248.1392	-346.3333	-216.0000	
493	2455.134	248.4754	347.3333	500.6666	
494	2457.598	245.1450	-529.6667	-381.3333	
495	2460.052	240.4395	334.0000	500.0000	
496	2462.495	230.4841	-234.0000	-150.0000	
497	2464.927	226.0286	484.3333	609.6667	
498	2467.348	234.9898	-328.3333	-229.0000	
499	2469.758	242.4510	532.0000	671.0000	
500	2472.157	244.7457	-244.0000	-133.3333	
501	2474.546	268.6587	75.3333	221.3333	
502	2476.923	264.5717	-405.3333	-251.3333	
503	2479.290	261.1514	314.3333	436.0000	
504	2481.645	262.8144	-310.0000	-170.6667	
505	2483.990	254.9774	260.3333	386.0000	
506	2486.323	225.6404	-297.0000	-202.3333	
507	2488.646	241.9700	283.3333	392.6667	
508	2490.958	260.0497	-567.6667	-428.3334	
509	2493.258	244.7127	315.0000	431.6667	
510	2495.548	289.6257	-210.0000	-58.0000	
511	2497.827	180.6221	55.6667	97.0000	
