resultName	chilca1-50
resultName	chilca1-50
ID	RS20200227090850_P19331194
Command	SCANANDSEARCH
User	Admin
Application	_Analyze
SerialNumber	P19331194
Power	280
Integration	900
Averages	3
AutoExposure	Off
AutoCollect	Off
QuickCollect	Off
AutoBackground	On
BaselineCorrection	On
Algorithm	Wavelet
Searched Library	All,None,None,None
MixtureComponents	2
matchThreshold	0.0
displayMatches	1
Threshold	0.80
WL Start	
WL End	
ServerVersion	3.180316
FirmwareVersion	
date	2020-02-27
time	09:08:50
scanindex	0
specpath	RS20200227090850_P19331194.xml
Search Range	200 - 2500
Synced	false
lastCalDateTime	2020-02-27 08:30:34
lastCalUser	Admin
lastCalResult	PASS
lastVerifyDateTime	2019-10-16 15:05:37
lastVerifyUser	Admin
lastVerifyResult	PASS
selectedMaterial	
result	No Match
ValidationGUID	
ValidationMatchQuality	
topMatch	
topMatchGUID	
topMatchQuality	
secondMatch	
secondMatchGUID	
secondMatchQuality	
thirdMatch	
thirdMatchGUID	
thirdMatchQuality	
fourthMatch	
fourthMatchGUID	
fourthMatchQuality	
fifthMatch	
fifthMatchGUID	
fifthMatchQuality	
signedBy	
signedDateTime	
softwareVer	1.7.0.21
memo	
batchID	
inBatch	false
batchUID	
batchCID1	
batchCIDlbl1	
batchCID2	
batchCIDlbl2	
batchCID3	
batchCIDlbl3	
batchCID4	
batchCIDlbl4	
batchCID5	
batchCIDlbl5	
signedTitle	
signedReason	
rescanned	
barcode	
topMatchContribs	
secondMatchContribs	
thirdMatchContribs	
fourthMatchContribs	
fifthMatchContribs	
ValidationMatchContribs	
Threat	
PrecursorList	
CompundName	
WindowStart4C	
MatchLibrary	
lastModified	2020/02/27 09:09
Signal2Noise	53.41
Detector TEC SetPoint	0x8000
Detector Temp	4.94
Laser Temp	24.72
OE1 Temp	27.94
OE2 Temp	31.06
Detector Gain	200
SaturationDetected	false
InterpolatedPixelList	
PeakList	 304.6	877	329.0	720	431.3	685	559.6	607	666.3	803	759.6	3141	796.7	1097	888.6	556	1077.9	584	1157.7	738	1296.8	815	1304.7	694	1376.8	1514	1439.7	5301	1564.8	1360	1614.4	1424	1645.1	4173	1676.7	3578
index	Raman Shift (cm-1)	Y value (counts)	background (counts)	raw value (counts)
0	137.455	257.5046	1279.6666	4259.0000	
1	143.948	170.2088	1391.3334	4175.6670	
2	150.436	149.5799	1491.6666	4147.6670	
3	156.918	144.9504	1661.6667	4205.3335	
4	163.394	252.3214	1259.0000	3802.3335	
5	169.865	316.0253	1762.6667	4262.0000	
6	176.330	307.0627	1471.3334	3854.0000	
7	182.790	358.7672	1655.3333	3982.0000	
8	189.244	299.8046	1307.0000	3467.0000	
9	195.693	379.1757	1654.0000	3785.6670	
10	202.136	251.5459	1541.0000	3437.3330	
11	208.573	181.9169	2027.6667	3746.6665	
12	215.005	177.9543	1401.3334	3008.6665	
13	221.431	102.0357	1861.6667	3341.0000	
14	227.851	95.8330	1662.3333	3073.3335	
15	234.266	96.2964	1981.3333	3399.0000	
16	240.675	137.4266	1413.0000	2878.0000	
17	247.078	151.8900	1666.3334	3152.0000	
18	253.476	240.0203	1438.0000	3018.0000	
19	259.868	289.4839	1715.3333	3351.0000	
20	266.254	259.6139	1094.3333	2706.3333	
21	272.635	131.1427	1805.6665	3310.3335	
22	279.009	58.0042	1519.3334	2972.0000	
23	285.378	154.1995	1592.3334	3162.3335	
24	291.742	440.3947	1183.0000	3060.3335	
25	298.099	687.2156	1475.3334	3631.0000	
26	304.451	877.0373	1034.3333	3411.3335	
27	310.797	755.1915	1736.0000	4022.6665	
28	317.137	439.6552	1264.3334	3280.0000	
29	323.471	606.8146	1310.3334	3448.3335	
30	329.800	719.6407	876.6666	3082.6665	
31	336.122	410.1333	1631.0000	3482.6665	
32	342.439	369.6260	1226.0000	2992.3333	
33	348.750	273.1189	1536.0000	3161.0000	
34	355.055	263.6116	958.3334	2529.0000	
35	361.354	296.8775	1323.6666	2870.6665	
36	367.648	217.7025	1007.6667	2433.3333	
37	373.935	130.9045	906.3334	2217.3335	
38	380.216	63.1059	1038.0000	2253.3333	
39	386.492	120.3078	1182.0000	2426.6667	
40	392.762	249.1761	775.3334	2121.0000	
41	399.025	211.8006	1174.0000	2463.0000	
42	405.283	83.4250	908.0000	2049.3333	
43	411.535	105.7162	583.3333	1727.6665	
44	417.781	270.6742	370.6667	1660.6667	
45	424.020	651.8013	883.3334	2566.6667	
46	430.254	684.5952	249.3333	1977.6667	
47	436.482	642.3890	430.6666	2129.0000	
48	442.704	516.8497	130.0000	1715.0000	
49	448.920	288.3537	573.6667	1905.3335	
50	455.129	198.3306	86.3333	1421.3333	
51	461.333	166.1407	233.3333	1502.6667	
52	467.531	174.5341	220.0000	1538.3334	
53	473.722	152.9431	377.0000	1673.3333	
54	479.908	256.8522	66.0000	1528.0000	
55	486.087	514.5946	-25.0000	1716.3334	
56	492.260	539.9612	-80.6667	1693.6667	
57	498.427	472.1321	320.6667	2017.3334	
58	504.588	265.9698	4.6667	1485.3334	
59	510.743	101.4739	197.3333	1503.6666	
60	516.892	244.9782	-155.0000	1285.0000	
61	523.034	543.8549	221.6667	1916.6666	
62	529.171	329.0650	-238.6667	1197.6667	
63	535.301	241.6082	408.3333	1623.6665	
64	541.425	251.5267	-144.0000	1194.6666	
65	547.543	295.4032	308.3333	1500.6667	
66	553.655	368.7383	265.3333	1441.3334	
67	559.760	607.4482	649.6667	2145.0000	
68	565.859	494.3250	130.0000	1468.3333	
69	571.952	201.4160	465.3334	1475.6666	
70	578.039	114.6114	-165.3333	733.3333	
71	584.119	104.1732	150.0000	1009.6667	
72	590.193	108.3806	-217.3333	596.3333	
73	596.261	123.6979	233.0000	1076.0000	
74	602.323	128.6193	9.6667	853.0000	
75	608.378	143.9368	210.0000	966.0000	
76	614.427	191.6708	-9.0000	848.3333	
77	620.469	287.2930	290.3333	1356.6666	
78	626.505	267.2243	66.6667	981.0000	
79	632.535	290.6558	343.6667	1347.6666	
80	638.559	515.5871	41.3333	1290.3334	
81	644.576	643.8517	502.0000	1899.3333	
82	650.587	742.4497	-114.3333	1401.6666	
83	656.591	776.3810	42.3333	1612.3333	
84	662.589	688.3126	-30.0000	1472.0000	
85	668.581	803.0023	144.6667	1735.6667	
86	674.566	357.6918	-278.3333	841.6666	
87	680.544	374.0482	214.6667	1325.3334	
88	686.517	256.4048	-148.0000	819.3333	
89	692.483	280.6153	379.0000	1305.0000	
90	698.442	283.1594	-179.3333	930.0000	
91	704.395	239.2361	18.0000	971.3334	
92	710.341	226.1832	-166.0000	772.0000	
93	716.281	185.8659	48.6667	985.6667	
94	722.214	44.5486	-182.6667	652.3333	
95	728.141	18.8981	125.3333	974.0000	
96	734.061	67.5807	-198.6667	738.0000	
97	739.975	91.9302	262.0000	1262.3334	
98	745.882	426.5279	-42.3333	1320.6666	
99	751.783	1317.9187	461.0000	2755.0000	
100	757.677	3140.6428	-292.0000	3864.3335	
101	763.564	2876.0376	275.3333	4197.3335	
102	769.445	1057.4316	-278.0000	1855.6667	
103	775.319	585.8259	197.6667	1890.0000	
104	781.187	599.8862	-175.0000	1561.6665	
105	787.048	902.6263	293.6667	2352.0000	
106	792.902	911.6996	85.3333	2171.6665	
107	798.750	1096.7729	317.3333	2607.6667	
108	804.591	758.8458	-174.0000	1797.3334	
109	810.425	296.7885	406.3333	1905.3334	
110	816.253	142.3977	-118.6667	1215.6666	
111	822.074	137.3401	313.3333	1632.3333	
112	827.888	52.6279	-187.0000	1049.3334	
113	833.695	116.2341	326.0000	1486.3333	
114	839.496	270.1739	-100.3333	1323.3333	
115	845.290	440.6135	275.0000	1854.0000	
116	851.078	306.0534	24.6667	1454.0000	
117	856.858	193.6534	276.0000	1602.3335	
118	862.632	78.2531	174.6667	1395.0000	
119	868.399	128.1937	288.6667	1556.6667	
120	874.159	236.8315	-73.3333	1315.3334	
121	879.913	459.3349	400.3333	2013.6667	
122	885.659	491.5051	16.6667	1664.3335	
123	891.399	556.3417	262.3333	1977.0000	
124	897.132	200.1782	77.6667	1438.3333	
125	902.858	150.7562	219.3333	1524.0000	
126	908.577	208.6676	-155.3333	1200.6667	
127	914.290	320.5786	298.3333	1759.6665	
128	919.995	489.1567	-319.3333	1304.0000	
129	925.694	299.7346	277.0000	1704.3333	
130	931.385	158.9794	-169.6667	1110.3334	
131	937.070	137.8907	477.6667	1730.0000	
132	942.748	212.1354	-68.0000	1252.0000	
133	948.419	260.1695	248.6667	1627.6667	
134	954.083	430.2674	-97.6667	1452.3334	
135	959.740	365.0323	136.0000	1621.6667	
136	965.390	117.7968	-67.0000	1172.3333	
137	971.033	162.5378	155.3333	1442.6666	
138	976.669	178.2787	-345.0000	961.3333	
139	982.299	201.6030	88.3333	1446.3333	
140	987.921	210.3588	-6.6667	1261.0000	
141	993.536	273.0183	-33.6667	1366.0000	
142	999.144	272.2609	-231.6667	1171.3334	
143	1004.745	275.2534	180.6667	1582.3333	
144	1010.339	297.0795	-388.6667	1047.3334	
145	1015.926	362.6553	101.6667	1607.3333	
146	1021.506	209.2314	-5.6667	1350.6667	
147	1027.078	249.1408	160.0000	1560.3335	
148	1032.644	250.7168	-120.0000	1286.0000	
149	1038.203	206.4945	85.0000	1444.0000	
150	1043.754	196.0222	-209.3333	1121.3334	
151	1049.298	198.8000	15.0000	1389.3334	
152	1054.836	174.8275	-357.0000	962.0000	
153	1060.366	181.6292	116.6667	1375.3334	
154	1065.889	213.0700	-186.3333	1171.6666	
155	1071.404	319.9410	122.6667	1576.0000	
156	1076.913	584.1455	-214.6667	1491.3334	
157	1082.414	528.4540	153.3333	1792.3333	
158	1087.908	275.7624	-265.6667	1109.3334	
159	1093.395	94.4043	106.6667	1289.0000	
160	1098.875	158.7128	-51.3333	1184.0000	
161	1104.348	288.6952	127.3333	1471.3334	
162	1109.813	303.8639	-259.0000	1098.6667	
163	1115.271	274.3654	255.6667	1582.3333	
164	1120.721	175.9507	-236.6667	965.6666	
165	1126.165	175.8661	165.0000	1368.0000	
166	1131.601	124.0317	-289.6667	885.3333	
167	1137.030	147.6972	286.6667	1444.6666	
168	1142.452	207.8627	-409.3333	849.6666	
169	1147.866	376.2568	213.0000	1655.0000	
170	1153.273	618.3173	-251.0000	1447.6666	
171	1158.672	738.0446	207.3333	2040.3335	
172	1164.064	432.4380	-255.6667	1286.3333	
173	1169.449	255.8622	342.0000	1720.3333	
174	1174.827	191.6196	-110.6667	1178.0000	
175	1180.197	167.2076	329.0000	1656.0000	
176	1185.560	141.3848	-101.3333	1212.6666	
177	1190.915	138.2285	186.0000	1485.3334	
178	1196.263	156.0721	22.0000	1376.3334	
179	1201.603	377.9156	200.0000	1789.0000	
180	1206.936	419.7596	-255.6667	1388.0000	
181	1212.262	376.3699	310.3333	1927.0000	
182	1217.580	441.1841	-66.6667	1619.0000	
183	1222.891	507.7499	279.3333	2046.0000	
184	1228.194	480.6476	-149.0000	1605.0000	
185	1233.489	395.3232	332.6667	2022.0000	
186	1238.778	293.9994	49.0000	1657.6667	
187	1244.058	231.6749	343.6667	1910.6665	
188	1249.331	191.0174	0.0000	1546.9999	
189	1254.597	180.7842	572.6666	2145.0000	
190	1259.855	65.2181	174.0000	1666.3334	
191	1265.106	183.9848	565.3333	2212.0000	
192	1270.349	236.4181	249.0000	1983.6665	
193	1275.584	371.5186	615.3334	2520.6667	
194	1280.812	392.9519	57.3333	2019.6667	
195	1286.032	524.0523	660.0000	2789.0000	
196	1291.244	790.8074	61.3333	2505.3335	
197	1296.449	814.9375	580.6666	3049.0000	
198	1301.647	666.0676	207.0000	2526.6667	
199	1306.836	693.5309	781.3333	3128.6665	
200	1312.018	691.6624	437.6667	2783.3333	
201	1317.193	184.2440	469.3334	2284.6665	
202	1322.359	98.1595	418.0000	2124.3335	
203	1327.518	409.0836	636.6667	2618.3335	
204	1332.670	443.5348	356.0000	2363.0000	
205	1337.813	282.8174	809.0000	2674.0000	
206	1342.949	72.0997	163.0000	1836.0000	
207	1348.077	49.3821	770.6667	2439.6665	
208	1353.198	151.6648	203.6667	1993.6666	
209	1358.311	216.6139	981.6667	2855.3333	
210	1363.415	673.5629	431.6667	2781.0000	
211	1368.513	1242.1790	820.0000	3756.6667	
212	1373.602	1370.4614	421.3333	3505.0000	
213	1378.684	1514.0520	807.6666	4063.0000	
214	1383.757	1048.9761	443.0000	3261.3335	
215	1388.823	390.8998	1012.3334	3200.6665	
216	1393.881	72.8231	357.0000	2255.3333	
217	1398.932	25.3821	879.6666	2749.3335	
218	1403.974	0.0000	492.0000	2319.6665	
219	1409.009	193.6187	1210.0000	3214.6665	
220	1414.036	785.9031	500.6666	3081.0000	
221	1419.054	1215.2864	909.6666	3896.6670	
222	1424.065	1700.6692	556.0000	4005.6665	
223	1429.068	3307.7190	912.0000	5946.0000	
224	1434.064	5136.5137	643.3333	7464.3330	
225	1439.051	5300.9609	926.0000	7869.0000	
226	1444.030	5014.0757	596.3333	7210.0000	
227	1449.001	4827.5229	1102.6667	7487.3330	
228	1453.965	4440.3052	420.3333	6375.3340	
229	1458.920	3637.1855	1089.0000	6147.0000	
230	1463.868	2624.0669	487.3333	4438.3335	
231	1468.807	1907.6133	1038.6667	4179.3335	
232	1473.739	1179.8284	476.6666	2795.6665	
233	1478.662	643.4048	917.6666	2617.3333	
234	1483.578	327.9816	390.3333	1691.6665	
235	1488.485	157.8918	969.6666	2018.0000	
236	1493.385	178.1354	319.6667	1305.3334	
237	1498.276	132.0228	1015.6667	1899.0000	
238	1503.159	124.3828	421.0000	1248.6666	
239	1508.035	83.6553	935.6666	1687.3333	
240	1512.902	112.2607	335.3333	1080.3334	
241	1517.761	85.7831	882.6667	1529.0000	
242	1522.612	121.0551	547.6667	1222.0000	
243	1527.454	140.4109	1214.0000	1881.3333	
244	1532.289	184.0162	607.3333	1251.3333	
245	1537.116	202.1833	1204.0000	1875.3333	
246	1541.934	171.8727	555.6666	1225.0000	
247	1546.745	224.1460	1147.3334	1919.0000	
248	1551.547	326.5024	553.0000	1457.3334	
249	1556.341	534.0559	1175.3334	2351.3333	
250	1561.126	1142.9431	609.6667	2458.6667	
251	1565.904	1360.4976	1058.0000	3188.6665	
252	1570.673	687.3849	790.0000	2311.6667	
253	1575.434	292.6045	1047.3334	2228.3335	
254	1580.187	158.1576	603.0000	1703.6667	
255	1584.932	103.3776	1113.0000	2213.0000	
256	1589.668	52.5968	468.6667	1572.0000	
257	1594.396	8.1495	1022.0000	2135.0000	
258	1599.116	65.3695	479.6667	1704.0000	
259	1603.828	376.8042	898.3334	2509.3335	
260	1608.531	1126.9861	708.3333	3105.3335	
261	1613.226	1424.0227	1033.6666	3793.0000	
262	1617.912	1063.0591	948.6667	3412.3333	
263	1622.591	1040.7627	1101.6667	3608.3333	
264	1627.261	1674.7996	601.6666	3807.6665	
265	1631.922	2568.0833	986.3333	5119.3335	
266	1636.576	3169.7363	426.3333	5171.6670	
267	1641.220	3692.8237	1270.3334	6547.6665	
268	1645.857	4172.5796	447.6667	6213.6660	
269	1650.485	3125.6370	990.6666	5632.0000	
270	1655.105	2064.6958	607.3333	4110.0000	
271	1659.716	1800.0857	1082.0000	4242.3330	
272	1664.319	1763.8115	532.6667	3579.0000	
273	1668.913	2202.5359	1161.3334	4568.6665	
274	1673.499	2925.9268	463.3333	4516.3330	
275	1678.077	3578.3184	755.3333	5383.0000	
276	1682.646	2116.7083	651.0000	3739.3335	
277	1687.206	809.2737	901.6666	2598.0000	
278	1691.759	283.5039	507.6666	1593.6667	
279	1696.302	131.4026	1011.0000	1860.3334	
280	1700.837	67.6899	456.6666	1172.3333	
281	1705.364	81.1842	1000.3333	1644.6665	
282	1709.882	85.0114	377.3333	940.6666	
283	1714.391	147.8385	885.3334	1426.6666	
284	1718.892	211.6661	326.0000	846.3333	
285	1723.385	215.9504	1093.6666	1590.0000	
286	1727.868	208.9848	308.3333	766.6666	
287	1732.344	247.1124	836.3334	1297.6667	
288	1736.810	219.3000	395.0000	823.3333	
289	1741.268	217.9051	839.3334	1261.0000	
290	1745.717	220.5095	236.3333	676.0000	
291	1750.158	204.1139	890.0000	1288.3333	
292	1754.590	229.7189	287.0000	706.0000	
293	1759.014	263.7767	909.6666	1352.0000	
294	1763.428	256.1683	75.3333	499.3333	
295	1767.835	254.4763	721.3333	1096.3333	
296	1772.232	265.2008	125.0000	554.3334	
297	1776.621	258.0796	645.6667	1063.6666	
298	1781.001	239.5001	-44.6667	333.0000	
299	1785.372	234.8995	723.3333	1120.0000	
300	1789.735	223.2159	-46.6667	341.3333	
301	1794.089	205.1078	700.3334	1062.0000	
302	1798.434	210.1302	219.0000	609.6667	
303	1802.770	211.3611	810.0000	1181.0000	
304	1807.098	210.3835	332.0000	726.0000	
305	1811.416	213.6561	437.3333	788.3333	
306	1815.726	218.6785	146.6667	513.3334	
307	1820.027	218.7844	736.6666	1100.6667	
308	1824.320	237.1136	73.3333	413.6666	
309	1828.603	236.2332	751.6666	1154.6666	
310	1832.878	232.4777	70.3333	426.0000	
311	1837.144	212.9932	582.6666	966.0000	
312	1841.401	177.7587	223.6667	534.0000	
313	1845.649	194.9677	304.0000	633.0000	
314	1849.889	281.8434	77.0000	494.3333	
315	1854.119	252.3859	504.0000	893.3334	
316	1858.340	218.1783	-13.3333	323.0000	
317	1862.553	218.1795	364.3333	721.6667	
318	1866.757	231.4307	-22.6667	320.6667	
319	1870.951	247.8486	391.3333	768.3334	
320	1875.137	250.9331	-331.3333	45.6667	
321	1879.314	220.4342	366.0000	700.3333	
322	1883.482	209.1784	-219.0000	142.3333	
323	1887.641	218.1882	235.3333	536.3333	
324	1891.791	223.2814	-235.3333	132.6667	
325	1895.932	225.2722	457.0000	807.0000	
326	1900.064	221.7214	-202.0000	133.6667	
327	1904.187	224.0247	356.0000	700.3333	
328	1908.300	213.0778	-251.3333	74.3333	
329	1912.405	212.5858	298.6667	587.0000	
330	1916.501	212.8566	-211.3333	105.6667	
331	1920.588	219.2108	252.6667	566.6666	
332	1924.666	225.8980	-254.6667	66.6667	
333	1928.734	228.2346	482.0000	790.3334	
334	1932.794	248.4045	-187.0000	151.3333	
335	1936.844	246.2411	323.6667	691.3333	
336	1940.885	227.7444	-207.3333	105.6667	
337	1944.917	233.4143	150.6667	467.0000	
338	1948.940	227.6675	-162.3333	208.0000	
339	1952.954	217.7542	346.3333	642.3333	
340	1956.959	224.0908	-232.0000	68.0000	
341	1960.955	238.8836	170.0000	482.6666	
342	1964.941	232.0931	-100.3333	233.3333	
343	1968.918	179.7236	181.6667	442.6667	
344	1972.886	227.2609	-376.0000	-68.3333	
345	1976.845	237.5480	133.6667	452.3333	
346	1980.794	237.5019	-338.3333	-20.0000	
347	1984.735	237.1223	-34.6667	294.0000	
348	1988.666	227.0764	-363.6667	-54.6667	
349	1992.588	216.0144	315.3333	596.0000	
350	1996.500	223.5281	-442.3333	-128.6667	
351	2000.404	222.9259	282.0000	578.0000	
352	2004.298	223.7404	-443.0000	-144.3333	
353	2008.182	231.1589	238.3333	563.0000	
354	2012.058	230.5566	-427.6667	-142.6667	
355	2015.924	236.5169	207.3333	538.6667	
356	2019.781	239.0811	-486.3334	-207.6667	
357	2023.628	235.1974	212.6667	570.6667	
358	2027.466	223.5221	-444.0000	-146.3333	
359	2031.295	208.9509	201.0000	453.0000	
360	2035.114	212.9629	-446.0000	-142.6667	
361	2038.924	228.6646	212.6667	485.6666	
362	2042.725	241.7831	-492.0000	-184.6667	
363	2046.516	241.1515	144.0000	448.0000	
364	2050.298	222.6626	-473.6666	-195.6667	
365	2054.070	224.7903	159.0000	469.3334	
366	2057.833	218.5845	-421.0000	-134.6667	
367	2061.586	218.3789	183.3333	455.0000	
368	2065.330	220.5065	-402.0000	-94.6667	
369	2069.065	209.3008	155.0000	425.6667	
370	2072.790	220.9285	-354.6667	-94.6667	
371	2076.505	243.6685	281.3333	582.3333	
372	2080.211	237.3360	-416.0000	-127.0000	
373	2083.908	234.3048	145.3333	451.6667	
374	2087.595	224.7737	-314.6667	-84.0000	
375	2091.272	213.4926	5.3333	290.0000	
376	2094.940	214.5449	-341.6667	-95.0000	
377	2098.599	216.4846	238.6667	495.6667	
378	2102.248	265.8409	-241.3333	65.3333	
379	2105.887	244.1972	159.6667	445.0000	
380	2109.516	225.2203	-463.3333	-212.0000	
381	2113.136	225.7974	-742.6667	-472.6667	
382	2116.747	219.7079	-197.0000	63.0000	
383	2120.348	211.2851	172.0000	423.0000	
384	2123.939	224.0289	-584.0000	-346.6667	
385	2127.521	234.5137	90.0000	375.0000	
386	2131.093	229.9418	-471.6667	-192.3333	
387	2134.655	193.0366	63.3333	304.6667	
388	2138.207	220.1311	-420.3333	-153.0000	
389	2141.750	245.7799	227.0000	521.0000	
390	2145.283	238.4288	-473.0000	-185.3333	
391	2148.807	210.0776	201.0000	461.3333	
392	2152.321	219.9714	-631.0000	-371.6667	
393	2155.825	219.3324	48.0000	300.3333	
394	2159.319	220.0685	-314.3333	-52.0000	
395	2162.804	221.0961	326.3333	597.3333	
396	2166.279	219.6455	-315.0000	-59.0000	
397	2169.744	226.1791	108.3333	353.3333	
398	2173.199	270.3584	-482.6667	-170.0000	
399	2176.644	225.1211	129.6667	395.6667	
400	2180.080	201.8838	-216.3333	25.0000	
401	2183.506	203.0632	427.6667	655.3333	
402	2186.922	214.6592	-389.6667	-126.0000	
403	2190.328	216.0885	-47.0000	184.6667	
404	2193.725	248.2671	-424.3333	-142.3333	
405	2197.111	248.4954	195.0000	483.6667	
406	2200.488	238.8705	-432.0000	-165.3333	
407	2203.854	238.7595	191.6667	491.3333	
408	2207.211	238.1484	-409.6667	-111.3333	
409	2210.558	235.3066	285.3333	588.6666	
410	2213.896	216.6316	-466.3333	-187.0000	
411	2217.223	185.7898	277.0000	528.3333	
412	2220.540	185.2817	-390.0000	-136.3333	
413	2223.847	222.0576	321.0000	599.6667	
414	2227.145	253.2751	-657.3333	-348.6667	
415	2230.432	256.1593	164.6667	475.0000	
416	2233.709	233.7101	-648.3333	-361.6667	
417	2236.977	219.3442	210.0000	443.6667	
418	2240.234	220.1451	-573.3333	-261.3333	
419	2243.482	221.3626	-23.6667	228.3333	
420	2246.719	236.9131	-433.6666	-148.6667	
421	2249.946	236.6996	234.0000	535.3333	
422	2253.164	233.2360	-460.0000	-223.3333	
423	2256.371	234.4391	188.0000	499.3333	
424	2259.568	223.0589	-388.3333	-122.0000	
425	2262.755	187.1219	189.0000	417.6667	
426	2265.933	228.8515	-190.6667	78.0000	
427	2269.100	226.3148	313.0000	607.3334	
428	2272.256	230.2276	-351.6667	-81.0000	
429	2275.403	229.2092	152.0000	423.6667	
430	2278.540	229.1074	-373.3333	-81.6667	
431	2281.667	223.5889	295.3333	568.0000	
432	2284.783	220.8206	-436.3334	-166.3333	
433	2287.889	219.0520	178.0000	446.3334	
434	2290.985	223.8014	-414.0000	-157.0000	
435	2294.071	226.7092	173.3333	470.0000	
436	2297.147	227.3658	-610.3333	-387.6667	
437	2300.212	242.4344	257.3333	534.6667	
438	2303.267	256.9197	-496.6667	-206.0000	
439	2306.312	232.4049	-10.0000	255.0000	
440	2309.347	219.8899	-590.3333	-339.0000	
441	2312.372	195.4804	328.3333	554.3334	
442	2315.386	212.4042	-333.3333	-91.3333	
443	2318.390	222.9946	96.3333	348.0000	
444	2321.384	248.1696	-559.6667	-242.3333	
445	2324.368	244.9467	350.3333	614.6666	
446	2327.341	226.0572	-533.0000	-262.6667	
447	2330.304	209.6678	164.3333	397.6667	
448	2333.256	202.2166	-441.0000	-204.6667	
449	2336.199	202.6127	-39.6667	197.0000	
450	2339.131	205.0088	-375.6667	-136.6667	
451	2342.052	239.9882	378.3333	660.6666	
452	2344.963	247.1332	-596.3333	-318.6667	
453	2347.864	246.5960	306.0000	602.6667	
454	2350.755	232.3921	-473.6667	-206.3333	
455	2353.635	238.5461	180.6667	414.6667	
456	2356.505	239.3306	-531.3333	-248.6667	
457	2359.364	238.3275	163.6667	427.6667	
458	2362.213	228.9911	-307.3333	-69.0000	
459	2365.051	231.1547	187.6667	439.3334	
460	2367.879	221.3184	-255.3333	-20.0000	
461	2370.697	213.9567	81.3333	302.3333	
462	2373.504	212.1783	-288.6667	-55.0000	
463	2376.300	216.1500	265.3333	478.3333	
464	2379.086	224.2050	-426.0000	-206.6667	
465	2381.862	231.2600	83.0000	285.6667	
466	2384.627	238.3983	-388.0000	-105.6667	
467	2387.382	245.4533	251.3333	483.6666	
468	2390.125	247.6750	-608.0000	-369.0000	
469	2392.859	216.9000	166.6667	388.6667	
470	2395.582	213.5911	-397.3333	-200.6667	
471	2398.294	216.2614	298.3333	526.0000	
472	2400.996	220.6605	-658.0000	-401.0000	
473	2403.687	214.4189	253.3333	436.0000	
474	2406.368	216.8439	-449.3333	-245.6667	
475	2409.038	203.1855	326.3333	519.3333	
476	2411.697	215.7128	-408.3334	-217.0000	
477	2414.346	218.4440	277.6667	470.6667	
478	2416.984	255.5086	-506.0000	-277.0000	
479	2419.612	243.5732	50.3333	266.3333	
480	2422.228	226.3045	-462.3333	-264.6667	
481	2424.834	219.2025	191.0000	364.0000	
482	2427.430	227.3504	-478.3333	-282.3333	
483	2430.015	236.6650	175.3333	366.6667	
484	2432.589	258.8967	1082.6667	1308.6666	
485	2435.152	243.0998	197.3333	403.3334	
486	2437.705	188.6360	-683.3334	-536.0000	
487	2440.247	222.5054	56.3333	233.3333	
488	2442.778	280.3753	-505.0000	-274.3333	
489	2445.298	230.0843	40.3333	217.6667	
490	2447.808	215.3577	-538.6667	-385.0000	
491	2450.306	218.3463	352.0000	532.0000	
492	2452.794	224.4591	-448.0000	-242.3333	
493	2455.272	192.8560	268.6667	413.3333	
494	2457.738	214.0862	-620.0000	-452.3333	
495	2460.194	226.1497	234.3333	415.3334	
496	2462.638	232.7133	-339.6667	-184.0000	
497	2465.073	262.7769	373.6667	595.3333	
498	2467.496	240.3405	-466.0000	-265.0000	
499	2469.908	230.4457	416.0000	602.3333	
500	2472.309	228.6769	-404.6667	-212.0000	
501	2474.699	225.3546	-20.3333	160.6667	
502	2477.079	221.4905	-512.3333	-302.3333	
503	2479.448	208.5431	203.0000	370.3333	
504	2481.805	213.0124	-403.0000	-233.0000	
505	2484.152	211.7525	161.6667	354.3333	
506	2486.488	209.2843	-384.0000	-221.3333	
507	2488.813	211.4202	218.3333	381.3333	
508	2491.127	246.0978	-674.6667	-466.6667	
509	2493.430	236.2338	236.6667	370.0000	
510	2495.722	307.1614	-341.6667	-88.3333	
511	2498.003	171.9640	-80.3333	36.0000	
