resultName	muna12-4
resultName	muna12-4
ID	RS20191212102639_P19331194
Command	SCANANDSEARCH
User	Admin
Application	_Analyze
SerialNumber	P19331194
Power	280
Integration	900
Averages	3
AutoExposure	Off
AutoCollect	Off
QuickCollect	Off
AutoBackground	On
BaselineCorrection	On
Algorithm	Wavelet
Searched Library	All,None,None,None
MixtureComponents	2
matchThreshold	0.75
displayMatches	1
Threshold	0.80
WL Start	
WL End	
ServerVersion	3.180316
FirmwareVersion	
date	2019-12-12
time	10:26:39
scanindex	0
specpath	RS20191212102639_P19331194.xml
Search Range	200 - 2500
Synced	false
lastCalDateTime	2019-12-12 08:43:43
lastCalUser	Admin
lastCalResult	PASS
lastVerifyDateTime	2019-10-16 15:05:37
lastVerifyUser	Admin
lastVerifyResult	PASS
selectedMaterial	
result	No Match
ValidationGUID	
ValidationMatchQuality	
topMatch	
topMatchGUID	
topMatchQuality	
secondMatch	
secondMatchGUID	
secondMatchQuality	
thirdMatch	
thirdMatchGUID	
thirdMatchQuality	
fourthMatch	
fourthMatchGUID	
fourthMatchQuality	
fifthMatch	
fifthMatchGUID	
fifthMatchQuality	
signedBy	
signedDateTime	
softwareVer	1.7.0.21
memo	
batchID	
inBatch	false
batchUID	
batchCID1	
batchCIDlbl1	
batchCID2	
batchCIDlbl2	
batchCID3	
batchCIDlbl3	
batchCID4	
batchCIDlbl4	
batchCID5	
batchCIDlbl5	
signedTitle	
signedReason	
rescanned	
barcode	
topMatchContribs	
secondMatchContribs	
thirdMatchContribs	
fourthMatchContribs	
fifthMatchContribs	
ValidationMatchContribs	
Threat	
PrecursorList	
CompundName	
WindowStart4C	
MatchLibrary	
lastModified	2019/12/12 10:30
Signal2Noise	44.46
Detector TEC SetPoint	0x8000
Detector Temp	4.97
Laser Temp	25.39
OE1 Temp	33.25
OE2 Temp	36.69
Detector Gain	200
SaturationDetected	false
InterpolatedPixelList	
PeakList	 287.3	1215	296.7	1115	335.3	893	382.8	802	399.2	796	443.2	1054	480.6	949	578.6	808	645.7	2537	677.8	1436	745.9	1049	756.1	974	804.9	856	839.5	1103	959.2	959	1141.6	1072	1365.6	1543	1457.6	5991	1644.5	3785	1677.7	2849	1711.4	1307
index	Raman Shift (cm-1)	Y value (counts)	background (counts)	raw value (counts)
0	137.923	808.7012	19760.6660	21784.6680	
1	144.410	507.8828	21270.0000	22898.3340	
2	150.891	388.3984	22262.3340	23676.3340	
3	157.367	505.5822	22681.0000	24117.3340	
4	163.837	669.0977	22526.0000	24031.0000	
5	170.302	663.2794	24293.6680	25698.0000	
6	176.762	494.7969	23973.0000	25114.0000	
7	183.215	512.9824	23613.3320	24677.6680	
8	189.664	509.4960	22894.0000	23860.0000	
9	196.106	431.3496	24819.6641	25612.6680	
10	202.544	465.8633	24633.3320	25366.0000	
11	208.975	538.3809	25501.3320	26211.6680	
12	215.401	580.2285	24596.6660	25254.0000	
13	221.822	505.1434	25529.3320	26065.0000	
14	228.236	353.3051	25970.0000	26292.0000	
15	234.646	357.4409	26437.3320	26712.0000	
16	241.049	377.6586	23409.6660	23822.0000	
17	247.447	353.7098	25030.3320	25421.6680	
18	253.839	434.1761	23068.3340	23567.0000	
19	260.226	483.2274	24453.3340	25025.0000	
20	266.607	460.6146	22015.3320	22588.3340	
21	272.982	522.0008	25045.6680	25726.0000	
22	279.352	1028.3909	23970.3340	25203.0000	
23	285.716	1214.7830	22974.6660	24439.6680	
24	292.074	1033.5050	22220.6660	23550.3340	
25	298.426	1114.9534	21927.6680	23396.0000	
26	304.773	898.7394	21807.0000	23116.3340	
27	311.114	617.8556	23357.3340	24443.0000	
28	317.449	756.8003	20700.3320	22002.0000	
29	323.779	858.1223	21498.6680	22861.3340	
30	330.102	784.4464	21427.0000	22675.6660	
31	336.420	892.7705	21775.6680	23092.3340	
32	342.732	778.4285	21807.0000	22969.0000	
33	349.039	529.7507	20755.3340	21628.3320	
34	355.339	402.7427	18318.3340	19024.0000	
35	361.634	0.0000	22697.0000	22941.0000	
36	367.923	191.1718	18416.3340	18827.0000	
37	374.205	390.3733	18938.0000	19580.6680	
38	380.483	801.9048	19649.0000	20736.0000	
39	386.754	563.1049	19954.3320	20805.3320	
40	393.019	568.6377	16395.3340	17314.6680	
41	399.278	796.3008	18565.6660	19754.0000	
42	405.532	593.1301	16336.3340	17293.0000	
43	411.779	541.2933	11392.0000	12408.0000	
44	418.021	428.9565	13184.0000	14129.0000	
45	424.257	445.4270	12873.6660	13769.6660	
46	430.487	544.2311	9655.0000	10786.6670	
47	436.710	912.2008	6456.6670	7992.0000	
48	442.928	1053.8385	5835.6665	7548.3335	
49	449.140	760.2070	9590.3340	11069.0000	
50	455.346	702.2003	6483.3330	7922.0000	
51	461.546	457.1927	5671.0000	6882.6670	
52	467.739	438.5180	5212.0000	6423.0000	
53	473.927	593.5782	7747.3330	9111.3330	
54	480.109	949.3051	4417.0000	6134.6670	
55	486.285	849.3649	2701.3333	4317.0000	
56	492.454	450.3320	4924.3335	6116.6670	
57	498.618	258.9487	6119.6665	7080.3340	
58	504.775	370.1475	6065.0000	6952.6670	
59	510.926	546.8465	3195.0000	4363.0000	
60	517.072	529.1292	4333.0000	5443.0000	
61	523.211	596.0169	5485.3335	6619.0000	
62	529.344	704.2388	3509.0000	4707.6670	
63	535.471	657.1265	4579.6665	5688.0000	
64	541.591	563.3474	2905.3335	3876.6665	
65	547.706	457.2361	5629.6665	6451.6670	
66	553.814	254.7899	9857.6670	10434.0000	
67	559.917	149.0113	10842.3330	11269.6660	
68	566.013	417.8997	7382.6670	8035.6670	
69	572.102	573.8963	4820.6665	5642.6670	
70	578.186	808.0160	2011.0000	3096.0000	
71	584.263	706.9677	1441.3333	2467.3333	
72	590.334	441.5860	2607.6665	3410.3333	
73	596.399	289.6899	5738.3335	6463.0000	
74	602.458	431.4611	7574.3335	8514.6670	
75	608.510	842.2317	7332.0000	8757.0000	
76	614.556	1094.3354	8162.0000	9913.0000	
77	620.596	1109.9169	8721.3330	10522.0000	
78	626.630	886.2267	7102.0000	8715.6660	
79	632.657	1301.2043	5771.3330	7836.6660	
80	638.677	1657.5160	5863.0000	8321.3340	
81	644.692	2537.1589	7597.6670	10972.3330	
82	650.700	2469.4702	6165.6665	9509.3330	
83	656.702	1725.1146	3316.6665	5952.6670	
84	662.697	1239.0914	2777.3335	4964.0000	
85	668.686	1075.5055	2977.6667	4981.6665	
86	674.669	1430.2533	1521.6666	3861.3335	
87	680.645	1436.0004	2450.0000	4776.3335	
88	686.615	615.7478	4799.6665	6286.6670	
89	692.578	339.0338	4639.0000	5812.3335	
90	698.535	518.3204	2569.6665	3885.3335	
91	704.486	560.5721	3906.3333	5246.6665	
92	710.430	338.9788	3906.6665	4982.3335	
93	716.368	308.6027	3456.6665	4489.0000	
94	722.299	361.8932	4001.0000	5073.6665	
95	728.223	823.5176	3608.6665	5130.0000	
96	734.141	1013.4751	3790.6665	5489.0000	
97	740.053	930.0991	5110.0000	6712.0000	
98	745.958	1049.3975	5028.0000	6718.6665	
99	751.857	945.0988	6732.6670	8316.0000	
100	757.749	973.8004	5061.3335	6670.3330	
101	763.634	714.5158	6710.0000	8042.0000	
102	769.513	566.5642	5564.3330	6730.6665	
103	775.385	347.2796	5778.3330	6707.6670	
104	781.251	284.6608	5516.6665	6365.6665	
105	787.110	407.9316	6612.0000	7573.6660	
106	792.963	478.2042	6369.6660	7391.0000	
107	798.809	608.1420	7687.6660	8828.3330	
108	804.648	855.7461	6416.6670	7794.3330	
109	810.481	709.8609	6805.6670	8062.6660	
110	816.307	485.6433	5364.3335	6422.3330	
111	822.126	347.7594	6136.3335	7081.6670	
112	827.938	388.7460	5696.0000	6726.6670	
113	833.744	752.9315	6477.6665	7907.0000	
114	839.544	1103.4504	5817.6665	7632.0000	
115	845.336	605.9689	6514.6670	7866.0000	
116	851.122	439.1540	5773.3335	6992.3330	
117	856.901	600.3647	6276.0000	7673.6670	
118	862.673	484.9087	5950.6665	7250.3340	
119	868.439	597.8510	5892.3330	7300.3330	
120	874.198	494.8905	4664.3335	5966.3335	
121	879.950	476.7343	4685.0000	5961.6665	
122	885.695	483.2450	4490.3335	5766.3335	
123	891.434	552.0888	5187.3335	6525.0000	
124	897.165	606.5997	4939.6665	6324.6665	
125	902.890	581.4800	4058.0000	5407.6665	
126	908.608	429.3608	3603.6665	4791.0000	
127	914.319	374.9075	4510.0000	5632.6665	
128	920.024	554.7877	3349.3335	4641.6665	
129	925.721	393.6684	4164.3335	5285.3335	
130	931.412	508.2156	2850.0000	4075.3335	
131	937.095	429.0962	3055.3333	4191.3335	
132	942.772	405.9760	2707.6667	3810.3333	
133	948.442	547.4486	3114.0000	4366.6670	
134	954.105	846.3065	2161.3333	3714.3335	
135	959.761	958.8307	2687.0000	4354.0000	
136	965.410	578.0220	2426.6667	3714.3335	
137	971.053	519.1658	2451.6667	3689.0000	
138	976.688	639.9764	1428.6667	2795.3333	
139	982.316	602.4540	1879.6665	3217.3333	
140	987.937	503.1120	1840.3333	3068.6665	
141	993.552	432.7964	1907.6667	3091.0000	
142	999.159	411.8142	1504.0000	2691.6667	
143	1004.759	399.8320	2089.6665	3290.6665	
144	1010.352	498.8499	1441.3334	2766.6667	
145	1015.939	504.5343	1854.6666	3211.0000	
146	1021.518	523.2188	1773.3335	3173.6667	
147	1027.090	488.9033	2047.0000	3438.3335	
148	1032.655	465.5875	1673.0000	3066.3335	
149	1038.213	382.9183	2191.3335	3544.6665	
150	1043.764	502.5826	1844.3335	3360.0000	
151	1049.307	476.2473	2188.3335	3720.3335	
152	1054.844	410.9124	1490.6666	3000.0000	
153	1060.373	501.2000	2457.6667	4079.0000	
154	1065.896	480.2617	2265.0000	3911.6670	
155	1071.411	468.0180	2712.6665	4359.0000	
156	1076.919	626.1082	2605.0000	4421.3335	
157	1082.420	583.2823	3091.3335	4851.0000	
158	1087.914	571.4569	2079.0000	3813.0000	
159	1093.400	807.2980	3319.0000	5275.0000	
160	1098.880	621.4725	3395.6665	5152.0000	
161	1104.352	288.0931	4054.6665	5438.6670	
162	1109.817	345.0405	3486.6665	4892.6670	
163	1115.274	622.9878	4267.3330	5916.3335	
164	1120.725	790.6014	3669.3330	5451.0000	
165	1126.168	1024.5898	4533.3335	6488.0000	
166	1131.604	898.2461	4292.0000	6059.3335	
167	1137.032	911.2345	5070.0000	6789.3330	
168	1142.453	1072.2230	4166.6670	5986.0000	
169	1147.868	863.3414	5286.0000	6841.0000	
170	1153.274	586.4587	5314.6670	6537.3330	
171	1158.674	489.9105	5759.3335	6830.0000	
172	1164.066	351.6959	5333.0000	6210.0000	
173	1169.450	303.0789	6869.6665	7685.0000	
174	1174.828	346.2118	6320.0000	7115.6670	
175	1180.198	391.8070	7533.0000	8426.6660	
176	1185.560	434.5488	7118.6670	8092.3330	
177	1190.916	418.5402	7783.6670	8686.6660	
178	1196.263	489.4492	7637.3330	8676.6670	
179	1201.604	724.7727	8572.3340	9863.0000	
180	1206.937	915.0976	7961.0000	9458.0000	
181	1212.262	855.2819	9100.0000	10546.3340	
182	1217.581	706.6388	8807.6670	10096.3330	
183	1222.891	670.7589	9681.3330	10939.0000	
184	1228.194	571.2106	9590.3330	10753.3330	
185	1233.490	472.0051	10849.6670	11930.0000	
186	1238.778	406.8008	10698.0000	11729.6670	
187	1244.059	758.9293	11145.3330	12545.6670	
188	1249.333	816.7239	11074.3330	12549.0000	
189	1254.598	677.7291	12981.6670	14321.0000	
190	1259.856	427.7350	12443.0000	13536.0000	
191	1265.107	452.4062	13820.0000	14941.3320	
192	1270.350	495.0812	13946.3320	15114.0000	
193	1275.586	498.7525	15204.0000	16379.0000	
194	1280.814	470.0916	14618.0000	15768.0000	
195	1286.034	674.4306	15912.3340	17270.3340	
196	1291.247	458.6093	15727.3320	16894.3320	
197	1296.452	366.0360	17276.0000	18387.6660	
198	1301.650	297.7965	16862.0000	17942.6660	
199	1306.840	470.5573	18392.3340	19683.0000	
200	1312.022	639.6525	18018.3340	19515.3340	
201	1317.197	442.6993	19200.6660	20521.3320	
202	1322.364	437.4144	18909.0000	20245.0000	
203	1327.523	858.5726	20045.0000	21798.3340	
204	1332.674	1167.5415	19555.6660	21628.6660	
205	1337.818	1230.7437	21122.6680	23252.0000	
206	1342.955	740.2818	20270.3340	21902.3340	
207	1348.083	525.4860	21903.6660	23314.0000	
208	1353.204	479.6902	21006.3320	22364.0000	
209	1358.317	935.8905	22953.6680	24760.6660	
210	1363.422	1542.7605	22351.3340	24758.3320	
211	1368.520	1523.9666	23793.6660	26175.0000	
212	1373.610	1426.8375	23130.6660	25408.0000	
213	1378.692	1337.4469	24609.6660	26799.6680	
214	1383.766	1084.7203	23736.3320	25675.6660	
215	1388.832	481.3278	25383.0000	26721.0000	
216	1393.891	73.9346	24332.6660	25265.3320	
217	1398.942	145.7620	25916.0000	26910.0000	
218	1403.984	302.2566	24898.6641	26009.0000	
219	1409.020	721.4114	26496.0000	27985.3320	
220	1414.047	1214.2391	25279.0000	27221.0000	
221	1419.066	1764.9725	26815.6680	29276.3320	
222	1424.078	2040.0458	25909.3320	28613.0000	
223	1429.081	2837.1133	27197.6680	30666.3340	
224	1434.077	3738.5356	26278.0000	30589.6680	
225	1439.065	4150.8677	27711.3340	32380.3320	
226	1444.045	4651.8687	26732.3359	31847.3320	
227	1449.016	5177.2124	28221.3320	33806.6680	
228	1453.980	5743.2104	26795.0000	32891.3320	
229	1458.936	5991.0425	28552.6680	34775.3359	
230	1463.885	4330.2065	26772.0000	31212.3359	
231	1468.825	2593.6992	28043.6680	30626.0000	
232	1473.757	1717.5272	26429.3359	28014.0000	
233	1478.681	1083.1337	27715.0000	28556.6680	
234	1483.597	770.0673	26179.3320	26599.3320	
235	1488.505	522.0009	28040.6680	28104.0000	
236	1493.405	414.6058	26833.6641	26681.0000	
237	1498.297	358.5692	28643.3359	28365.3359	
238	1503.181	298.5052	27687.3320	27295.0000	
239	1508.057	399.0575	28026.6641	27679.3320	
240	1512.924	639.6073	22464.3340	22302.0000	
241	1517.784	491.8280	26257.6660	25892.0000	
242	1522.635	377.7133	28547.3320	28012.0000	
243	1527.479	414.9337	31050.0000	30496.3359	
244	1532.314	453.4014	29908.0000	29298.3320	
245	1537.142	483.2307	31591.3320	31038.6680	
246	1541.961	460.4652	30475.3320	29928.0000	
247	1546.772	433.9496	32157.3320	31538.3320	
248	1551.574	425.4344	31278.6660	30729.6680	
249	1556.369	360.9281	33402.6641	32876.3320	
250	1561.155	371.7513	31840.0000	31411.6641	
251	1565.933	347.5834	33452.0000	33086.6680	
252	1570.703	394.0785	33044.3320	32812.6680	
253	1575.465	465.2421	34063.3320	34075.3359	
254	1580.219	542.7362	32351.0000	32613.0000	
255	1584.964	656.5629	33843.6680	34392.0000	
256	1589.701	778.7264	31538.6680	32381.6660	
257	1594.430	951.2220	31458.3359	32646.3320	
258	1599.150	947.0526	30503.6680	31860.0000	
259	1603.863	718.7174	34012.6680	35343.3320	
260	1608.567	573.1173	33199.3320	34534.0000	
261	1613.262	708.7665	34835.0000	36384.0000	
262	1617.949	805.7513	34477.3320	36202.0000	
263	1622.629	758.7369	35213.6641	36970.0000	
264	1627.299	837.0536	33468.3320	35381.6680	
265	1631.961	1348.6461	34006.3359	36475.3320	
266	1636.615	2136.5610	32060.6680	35328.6641	
267	1641.261	3423.0605	34885.6680	39456.3320	
268	1645.898	3784.8975	33269.0000	38217.6680	
269	1650.527	2339.9956	35336.6641	38737.3320	
270	1655.147	845.4261	32611.3320	34414.3320	
271	1659.759	593.1864	34887.3359	36335.0000	
272	1664.363	697.2850	34423.6680	35872.3320	
273	1668.958	1528.3871	35730.6680	37907.3359	
274	1673.544	2409.8154	33555.0000	36510.0000	
275	1678.123	2848.5815	33344.0000	36634.6680	
276	1682.692	2083.0098	32850.6641	35272.6641	
277	1687.254	1209.3307	32635.3359	34066.0000	
278	1691.806	362.6578	33079.3359	33545.6680	
279	1696.350	87.6525	36293.0000	36366.6680	
280	1700.886	248.7777	32686.0000	32828.0000	
281	1705.413	781.3461	33042.6641	33554.6641	
282	1709.932	1306.9174	30777.6680	31652.6680	
283	1714.442	1234.8197	35199.6680	35840.0000	
284	1718.944	741.3881	31984.6680	31969.0000	
285	1723.437	451.4281	31778.3359	31373.6641	
286	1727.921	464.4750	26805.0000	26314.3320	
287	1732.397	318.4808	31629.0000	30877.3359	
288	1736.864	347.6358	31705.6680	30873.3320	
289	1741.323	406.7330	30474.3359	29756.0000	
290	1745.773	423.3504	27211.3359	26504.0000	
291	1750.214	361.8636	31575.6680	30631.0000	
292	1754.647	439.6290	30113.3359	29187.3359	
293	1759.071	568.9686	29556.6680	28740.0000	
294	1763.486	723.9791	24587.3340	23905.6680	
295	1767.893	547.6536	28446.0000	27568.0000	
296	1772.291	462.6636	31005.6660	30022.6680	
297	1776.680	677.7518	27143.0000	26403.0000	
298	1781.061	717.5079	23735.6660	23063.3320	
299	1785.432	692.3477	24153.0000	23576.3320	
300	1789.796	614.1877	23211.0000	22487.0000	
301	1794.150	507.5554	24552.0000	23846.6660	
302	1798.495	452.2652	27481.3359	26608.0000	
303	1802.832	440.9737	27906.0000	27052.0000	
304	1807.160	424.9322	27786.3320	26905.3359	
305	1811.480	546.2232	24279.6660	23593.3320	
306	1815.790	637.1816	21846.3340	21267.0000	
307	1820.092	619.8063	22740.3340	22159.6660	
308	1824.385	514.0706	22154.3340	21466.6660	
309	1828.669	447.2192	25190.3359	24455.6680	
310	1832.944	434.3679	24056.6680	23329.0000	
311	1837.210	657.8525	20657.6660	20173.3340	
312	1841.468	582.3329	20646.0000	20106.0000	
313	1845.716	395.6501	22236.3340	21538.0000	
314	1849.956	366.9697	24832.0000	24133.3340	
315	1854.187	419.2853	23515.3340	22897.3320	
316	1858.409	460.9385	21688.6660	21140.6660	
317	1862.622	501.2529	19860.6660	19384.6660	
318	1866.826	578.2333	18131.3340	17764.0000	
319	1871.021	633.7975	14406.6660	14234.6660	
320	1875.207	602.1118	14522.6680	14207.0000	
321	1879.384	585.1768	15842.6670	15577.3340	
322	1883.552	696.1500	11401.0000	11298.0000	
323	1887.712	764.4491	9682.3330	9671.3340	
324	1891.862	609.4131	11127.3330	10985.0000	
325	1896.003	540.1285	13832.3340	13641.3340	
326	1900.135	487.9287	10843.0000	10699.6670	
327	1904.258	384.3109	15810.3340	15450.0000	
328	1908.372	400.6123	15715.3320	15373.6660	
329	1912.478	461.5110	14056.0000	13761.0000	
330	1916.574	529.9448	14604.0000	14388.0000	
331	1920.661	513.7117	11826.3330	11690.6670	
332	1924.738	495.8949	14085.0000	13794.0000	
333	1928.807	481.4633	15135.6670	14891.6680	
334	1932.867	475.9490	13722.6670	13477.6660	
335	1936.917	556.3502	10401.3340	10307.6660	
336	1940.959	411.7540	12162.0000	11948.6670	
337	1944.991	370.4899	13438.0000	13208.3340	
338	1949.014	374.8908	13635.3340	13435.0000	
339	1953.028	465.9597	10993.3340	10909.0000	
340	1957.033	600.9453	5424.0000	5619.0000	
341	1961.029	560.2710	6200.6670	6279.3330	
342	1965.015	557.0140	7228.0000	7294.6660	
343	1968.992	558.9541	5694.0000	5852.0000	
344	1972.960	508.1533	4444.6670	4593.3335	
345	1976.919	617.0565	2322.0000	2652.0000	
346	1980.869	568.8762	590.0000	963.0000	
347	1984.809	475.5292	1859.3333	2138.3333	
348	1988.740	477.5978	1945.6667	2216.3333	
349	1992.661	507.6024	907.6667	1286.0000	
350	1996.574	507.9133	28.3333	405.6667	
351	2000.477	498.9923	659.6667	1023.0000	
352	2004.371	497.9047	-170.0000	248.3333	
353	2008.256	496.0670	417.3333	739.3333	
354	2012.131	503.5629	-258.0000	122.3333	
355	2015.997	519.7253	341.6667	740.0000	
356	2019.853	510.4717	-417.3333	-11.3333	
357	2023.701	492.8934	320.0000	699.0000	
358	2027.538	477.9613	-295.3333	19.0000	
359	2031.367	497.2372	233.0000	627.6667	
360	2035.186	503.9091	-388.0000	19.0000	
361	2038.996	495.9829	255.0000	641.3334	
362	2042.796	494.4736	-386.3333	-36.6667	
363	2046.587	507.2142	225.3333	603.0000	
364	2050.368	502.2286	-418.0000	-43.3333	
365	2054.140	501.5502	251.3333	579.0000	
366	2057.903	500.9968	-335.0000	48.3333	
367	2061.656	498.1725	202.3333	596.3334	
368	2065.399	472.7026	-306.3333	40.3333	
369	2069.133	487.8159	195.0000	557.3333	
370	2072.858	523.5959	-303.6667	95.0000	
371	2076.573	525.4359	337.6667	719.3334	
372	2080.278	485.9398	-328.3333	14.6667	
373	2083.974	514.4899	175.6667	547.0000	
374	2087.661	543.0400	-287.6667	112.0000	
375	2091.338	535.4235	9.6667	416.3333	
376	2095.005	517.6403	-292.0000	66.6667	
377	2098.663	503.5916	248.6667	651.0000	
378	2102.311	498.1260	-131.0000	196.6667	
379	2105.949	498.0771	205.0000	555.6667	
380	2109.578	480.6122	-394.6667	-57.6667	
381	2113.198	490.6690	-687.3333	-360.3333	
382	2116.807	511.7258	-164.6667	198.0000	
383	2120.407	518.0325	194.6667	570.3333	
384	2123.998	521.0893	-543.0000	-208.0000	
385	2127.579	504.7545	129.3333	521.0000	
386	2131.150	503.9341	-407.6667	-43.6667	
387	2134.711	490.0303	92.3333	440.6667	
388	2138.263	497.1261	-350.3333	-27.0000	
389	2141.805	521.7244	286.3333	665.3334	
390	2145.337	491.4893	-433.6667	-53.6667	
391	2148.859	444.9208	256.3333	560.0000	
392	2152.372	494.9818	-577.6666	-242.3333	
393	2155.875	531.7200	61.0000	434.3333	
394	2159.368	514.4584	-276.6667	80.6667	
395	2162.852	501.2800	352.6667	678.6667	
396	2166.326	505.1013	-258.6667	96.6667	
397	2169.790	505.9341	135.0000	478.0000	
398	2173.244	513.1002	-423.6667	-46.0000	
399	2176.688	523.2662	186.3333	514.0000	
400	2180.123	538.5991	-210.6667	171.6667	
401	2183.547	538.6819	405.3333	787.3334	
402	2186.962	516.8480	-308.0000	41.6667	
403	2190.367	511.0140	-51.6667	304.0000	
404	2193.762	511.4303	-378.0000	-26.3333	
405	2197.147	508.8022	242.3333	599.3334	
406	2200.522	475.4633	-395.3333	-26.3333	
407	2203.888	434.0182	257.6667	549.0000	
408	2207.243	463.4059	-335.0000	-15.6667	
409	2210.589	491.4528	335.6667	696.6667	
410	2213.924	491.6246	-381.6667	-56.3333	
411	2217.250	506.2548	256.0000	666.3333	
412	2220.565	509.0523	-344.0000	-25.3333	
413	2223.871	524.5234	301.0000	693.3334	
414	2227.167	522.1950	-593.0000	-231.3333	
415	2230.453	521.2416	167.0000	532.3333	
416	2233.728	520.6215	-589.3333	-247.6667	
417	2236.994	525.0848	187.3333	589.0000	
418	2240.250	524.3813	-483.6666	-111.3333	
419	2243.495	521.0946	-25.0000	371.3333	
420	2246.731	489.2239	-356.3333	-4.3333	
421	2249.957	493.6643	242.6667	585.6666	
422	2253.172	496.7715	-438.3333	-64.6667	
423	2256.377	500.7953	228.6667	582.6666	
424	2259.573	501.5696	-360.3333	1.0000	
425	2262.758	503.2363	235.6667	591.6666	
426	2265.933	509.5695	-110.3333	237.3333	
427	2269.098	506.0007	328.6667	707.6667	
428	2272.253	506.6392	-339.0000	39.6667	
429	2275.397	504.2310	180.6667	533.6666	
430	2278.532	503.4686	-352.3333	37.3333	
431	2281.656	503.6853	350.0000	717.3333	
432	2284.771	501.8395	-413.3333	-6.3333	
433	2287.875	495.1606	208.3333	556.3334	
434	2290.968	513.7497	-375.0000	10.3333	
435	2294.052	486.2468	214.6667	558.3333	
436	2297.125	506.2427	-580.6667	-247.0000	
437	2300.188	533.4060	247.0000	639.0000	
438	2303.241	526.4025	-439.0000	-53.0000	
439	2306.284	506.3990	2.6667	369.6667	
440	2309.316	494.9797	-522.6667	-167.6667	
441	2312.338	488.1246	415.3333	781.3334	
442	2315.350	477.0195	-128.0000	210.3333	
443	2318.352	477.8312	173.3333	512.3333	
444	2321.343	524.3104	-510.3333	-125.0000	
445	2324.323	524.6876	339.0000	722.6667	
446	2327.294	512.2313	-441.0000	-89.6667	
447	2330.254	514.2543	337.3333	713.3333	
448	2333.204	497.9350	-319.6667	46.0000	
449	2336.144	500.0937	10.3333	386.3333	
450	2339.073	497.3357	-319.0000	44.0000	
451	2341.991	504.3277	426.0000	801.3334	
452	2344.900	506.6521	-560.6667	-215.3333	
453	2347.798	508.6051	319.0000	713.6666	
454	2350.685	503.9747	-368.6667	-5.6667	
455	2353.562	519.9261	254.6667	612.3333	
456	2356.429	518.1356	-303.0000	50.6667	
457	2359.285	506.9749	427.0000	766.0000	
458	2362.130	502.8975	-209.3333	108.6667	
459	2364.966	502.9036	209.0000	559.0000	
460	2367.790	503.6602	-90.3333	228.3333	
461	2370.604	498.5042	270.6667	595.6667	
462	2373.408	499.5148	-182.3333	124.6667	
463	2376.202	502.6921	444.3333	761.0000	
464	2378.984	501.2028	-169.6667	140.3333	
465	2381.756	497.3801	181.3333	464.3333	
466	2384.518	507.0574	-295.0000	31.3333	
467	2387.269	522.8181	283.0000	575.6666	
468	2390.010	539.9114	-433.0000	-97.0000	
469	2392.739	519.9501	380.0000	713.3333	
470	2395.458	464.2460	-68.0000	209.3333	
471	2398.167	464.6251	582.3334	817.3334	
472	2400.865	475.4206	-593.6667	-278.0000	
473	2403.553	489.4309	259.0000	540.6666	
474	2406.229	498.1079	-387.3333	-68.0000	
475	2408.896	508.9515	447.6667	735.6667	
476	2411.551	557.2225	-320.3333	27.0000	
477	2414.196	536.2352	313.3333	635.3333	
478	2416.830	498.3313	-326.3333	-63.6667	
479	2419.453	497.0109	185.6667	466.3333	
480	2422.066	503.0236	-314.0000	-60.3333	
481	2424.668	507.3695	249.3333	548.6667	
482	2427.260	505.2990	-458.3333	-189.0000	
483	2429.840	505.6452	223.0000	488.3333	
484	2432.410	507.9911	818.6667	1082.0000	
485	2434.969	502.2295	329.0000	578.0000	
486	2437.517	502.0510	-630.3334	-361.6667	
487	2440.055	489.2061	197.6667	428.0000	
488	2442.581	507.2778	-380.0000	-136.3333	
489	2445.097	512.5272	57.3333	303.6667	
490	2447.602	526.7230	-484.6666	-207.6667	
491	2450.096	518.5977	412.3333	679.6667	
492	2452.580	507.4701	-332.3333	-77.6667	
493	2455.052	485.0262	352.3333	584.0000	
494	2457.514	495.9157	-523.3333	-281.3333	
495	2459.965	501.4718	275.3333	522.3333	
496	2462.405	519.0280	-318.3333	-54.3333	
497	2464.834	517.8341	408.6667	674.0000	
498	2467.252	510.2234	-389.6667	-134.6667	
499	2469.659	510.7797	467.0000	731.6667	
500	2472.056	488.5877	-244.0000	-12.6667	
501	2474.441	482.2559	94.6667	318.6667	
502	2476.816	484.5074	-344.3333	-131.6667	
503	2479.179	492.5922	271.6667	520.0000	
504	2481.532	502.4271	-351.6667	-135.6667	
505	2483.873	512.0952	172.6667	425.0000	
506	2486.204	522.7633	-376.3333	-128.3333	
507	2488.523	525.0148	199.6667	482.6667	
508	2490.832	519.2664	-574.3334	-319.6667	
509	2493.130	507.6845	277.6667	535.0000	
510	2495.416	488.2692	-165.6667	55.3333	
511	2497.692	500.9374	29.3333	262.0000	
