resultName	muna12-70
resultName	muna12-70
ID	RS20200227122033_P19331194
Command	SCANANDSEARCH
User	Admin
Application	_Analyze
SerialNumber	P19331194
Power	280
Integration	900
Averages	3
AutoExposure	Off
AutoCollect	Off
QuickCollect	Off
AutoBackground	On
BaselineCorrection	On
Algorithm	Wavelet
Searched Library	All,None,None,None
MixtureComponents	2
matchThreshold	0.0
displayMatches	1
Threshold	0.80
WL Start	
WL End	
ServerVersion	3.180316
FirmwareVersion	
date	2020-02-27
time	12:20:33
scanindex	0
specpath	RS20200227122033_P19331194.xml
Search Range	200 - 2500
Synced	false
lastCalDateTime	2020-02-27 08:30:34
lastCalUser	Admin
lastCalResult	PASS
lastVerifyDateTime	2019-10-16 15:05:37
lastVerifyUser	Admin
lastVerifyResult	PASS
selectedMaterial	
result	No Match
ValidationGUID	
ValidationMatchQuality	
topMatch	
topMatchGUID	
topMatchQuality	
secondMatch	
secondMatchGUID	
secondMatchQuality	
thirdMatch	
thirdMatchGUID	
thirdMatchQuality	
fourthMatch	
fourthMatchGUID	
fourthMatchQuality	
fifthMatch	
fifthMatchGUID	
fifthMatchQuality	
signedBy	
signedDateTime	
softwareVer	1.7.0.21
memo	
batchID	
inBatch	false
batchUID	
batchCID1	
batchCIDlbl1	
batchCID2	
batchCIDlbl2	
batchCID3	
batchCIDlbl3	
batchCID4	
batchCIDlbl4	
batchCID5	
batchCIDlbl5	
signedTitle	
signedReason	
rescanned	
barcode	
topMatchContribs	
secondMatchContribs	
thirdMatchContribs	
fourthMatchContribs	
fifthMatchContribs	
ValidationMatchContribs	
Threat	
PrecursorList	
CompundName	
WindowStart4C	
MatchLibrary	
lastModified	2020/02/27 12:22
Signal2Noise	52.21
Detector TEC SetPoint	0x8000
Detector Temp	5.41
Laser Temp	24.88
OE1 Temp	31.53
OE2 Temp	34.50
Detector Gain	200
SaturationDetected	false
InterpolatedPixelList	
PeakList	 286.7	755	339.0	615	398.4	668	444.3	517	481.7	552	649.4	2000	678.2	990	750.8	763	804.5	592	840.0	712	959.6	600	1093.0	573	1127.0	742	1141.4	714	1208.1	572	1248.8	573	1336.7	746	1369.1	1094	1457.6	4401	1618.8	614	1644.7	2651	1677.5	1962	1712.9	911
index	Raman Shift (cm-1)	Y value (counts)	background (counts)	raw value (counts)
0	137.455	441.3876	6038.3335	8612.3340	
1	143.948	275.0942	6322.0000	8668.6660	
2	150.436	229.8030	6644.6660	8885.0000	
3	156.918	202.8431	6757.3330	8909.6660	
4	163.394	420.8851	6218.3330	8527.6670	
5	169.865	397.2591	7114.3330	9339.0000	
6	176.330	320.6330	6747.6670	8834.6670	
7	182.790	254.0080	6614.3330	8573.6670	
8	189.244	181.0481	6230.6670	8056.0000	
9	195.693	194.4221	7103.6670	8881.3330	
10	202.136	286.7970	6939.6670	8748.6670	
11	208.573	334.8380	7357.3330	9153.3330	
12	215.005	306.8781	6737.6670	8444.6660	
13	221.431	263.8295	7196.3330	8825.3330	
14	227.851	229.6718	7295.0000	8846.3330	
15	234.266	148.2320	7608.0000	9089.3330	
16	240.675	135.7928	6129.6665	7610.0000	
17	247.078	158.0194	6915.0000	8429.0000	
18	253.476	185.9127	6190.6670	7744.0000	
19	259.868	223.1409	6742.6660	8344.6670	
20	266.254	160.3667	5612.3335	7163.0000	
21	272.635	336.5494	7063.3340	8825.0000	
22	279.009	701.7336	6636.3330	8798.0000	
23	285.378	755.2504	6120.3335	8370.3340	
24	291.742	692.7661	5694.0000	7916.3330	
25	298.099	666.7981	5709.3330	7934.6670	
26	304.451	598.8289	5463.3335	7649.6670	
27	310.797	434.8595	6407.3330	8458.6660	
28	317.137	469.8662	5318.0000	7445.3340	
29	323.471	507.8882	5510.0000	7631.0000	
30	329.800	523.9111	5231.3330	7324.0000	
31	336.122	609.9337	5899.0000	8033.3335	
32	342.439	614.9561	5621.3330	7716.3330	
33	348.750	297.6456	5511.6665	7245.0000	
34	355.055	93.0016	4221.3335	5705.6670	
35	361.354	62.6863	6144.6670	7542.3330	
36	367.648	4.7135	4521.0000	5817.6670	
37	373.935	187.4121	4497.6665	5969.3335	
38	380.216	616.1107	4900.6665	6793.3335	
39	386.492	463.4752	5193.0000	6925.3330	
40	392.762	312.5073	3783.0000	5356.6665	
41	399.025	668.3657	4716.3335	6636.0000	
42	405.283	471.8914	4050.6665	5764.0000	
43	411.535	268.0831	2366.6667	3769.0000	
44	417.781	255.6086	2800.3335	4277.6670	
45	424.020	225.3483	3370.0000	4775.6665	
46	430.254	249.0883	1773.0000	3211.6670	
47	436.482	337.8276	1386.6667	2898.0000	
48	442.704	517.2339	942.3334	2617.0000	
49	448.920	517.0400	2381.6665	4052.6665	
50	455.129	422.0466	1172.0000	2724.0000	
51	461.333	164.7197	1028.3334	2299.0000	
52	467.531	146.3929	930.6666	2159.0000	
53	473.722	393.7606	1719.6667	3169.3335	
54	479.908	551.7947	738.6666	2320.3335	
55	486.087	448.8288	241.3333	1694.0000	
56	492.260	401.8401	802.0000	2170.6667	
57	498.427	166.2970	1291.0000	2400.3333	
58	504.588	162.4206	1106.6667	2188.3335	
59	510.743	186.5441	536.6667	1618.6667	
60	516.892	242.3342	541.6667	1655.6667	
61	523.034	326.8354	1222.3333	2394.3333	
62	529.171	360.6697	289.3333	1468.6666	
63	535.301	322.8375	1081.0000	2196.0000	
64	541.425	193.3388	314.6667	1273.6667	
65	547.543	214.6733	1248.6667	2175.3333	
66	553.655	241.1744	2330.3333	3335.3335	
67	559.760	238.5090	2823.0000	3747.6670	
68	565.859	250.6768	1357.0000	2267.3335	
69	571.952	265.7870	1156.0000	2050.0000	
70	578.039	330.0474	78.6667	1088.6667	
71	584.119	207.8151	342.0000	1252.6666	
72	590.193	29.2496	375.3333	1130.3334	
73	596.261	108.7292	1377.0000	2258.6665	
74	602.323	340.2095	1866.6665	3027.0000	
75	608.378	611.3558	1841.3333	3320.0000	
76	614.427	918.5018	1893.6667	3726.6665	
77	620.469	1028.1084	2560.6667	4521.0000	
78	626.505	704.9003	1733.0000	3386.0000	
79	632.535	975.6922	1510.6666	3450.3335	
80	638.559	1276.4839	1424.0000	3680.3335	
81	644.576	1935.2751	2415.6665	5346.6665	
82	650.587	2000.0669	1661.0000	4672.6665	
83	656.591	1297.5256	625.0000	2950.0000	
84	662.589	842.6506	588.6666	2474.6665	
85	668.581	729.8631	794.3333	2551.0000	
86	674.566	912.4088	115.3333	2038.0000	
87	680.544	989.9547	731.3333	2715.0000	
88	686.517	569.8335	1487.3333	3034.3335	
89	692.483	229.4604	1646.3333	2829.0000	
90	698.442	256.4207	563.0000	1748.6667	
91	704.395	251.7874	1182.6667	2443.0000	
92	710.341	228.9700	1045.3334	2163.3333	
93	716.281	102.5836	1033.6666	2029.0000	
94	722.214	160.8632	1078.3334	2135.6665	
95	728.141	480.8099	1183.0000	2564.0000	
96	734.061	687.7566	985.3334	2577.0000	
97	739.975	644.3701	1861.0000	3413.0000	
98	745.882	713.4021	1482.6666	3097.3333	
99	751.783	762.6638	2569.3335	4245.3335	
100	757.677	595.9254	1415.6667	2937.0000	
101	763.564	447.1769	2475.3333	3841.0000	
102	769.445	270.7616	1693.3333	2875.6667	
103	775.319	151.6790	2055.6667	3111.9998	
104	781.187	114.9305	1761.3335	2774.0000	
105	787.048	182.7631	2589.6665	3663.0000	
106	792.902	292.2620	2287.3333	3463.0000	
107	798.750	408.4276	3235.3335	4520.0000	
108	804.591	591.5935	2268.3333	3729.0000	
109	810.425	457.1688	2870.3333	4220.3330	
110	816.253	246.4116	1883.3333	3046.3335	
111	822.074	120.9867	2546.0000	3607.3330	
112	827.888	195.8950	2081.3333	3253.3330	
113	833.695	502.6782	2747.6667	4252.3335	
114	839.496	712.4611	2265.6665	4006.0000	
115	845.290	397.2441	2850.6667	4301.6670	
116	851.078	351.2140	2346.3335	3663.0000	
117	856.858	373.9305	2751.6667	4209.0000	
118	862.632	329.5010	2645.3335	4035.3333	
119	868.399	346.1767	2622.0000	4045.6665	
120	874.159	305.9496	1869.3335	3243.6665	
121	879.913	165.6832	2103.0000	3321.3335	
122	885.659	239.0829	1964.3335	3240.3335	
123	891.399	308.4825	2464.3335	3794.0000	
124	897.132	404.5492	2308.3333	3718.3335	
125	902.858	350.5096	1852.3333	3190.3333	
126	908.577	192.8036	1530.6667	2693.0000	
127	914.290	213.7643	2334.6667	3500.0000	
128	919.995	226.4544	1359.0000	2590.0000	
129	925.694	228.6027	2168.0000	3280.3330	
130	931.385	246.5634	1216.6666	2381.3335	
131	937.070	189.2744	1639.6665	2708.6667	
132	942.748	244.2143	1308.3334	2358.6667	
133	948.419	302.0826	1703.0000	2863.3335	
134	954.083	476.4807	961.3333	2288.0000	
135	959.740	600.2123	1516.0000	2958.3335	
136	965.390	363.6103	1271.6666	2469.3333	
137	971.033	328.9392	1382.0000	2500.6665	
138	976.669	325.8517	514.3333	1726.3333	
139	982.299	292.6807	1057.0000	2193.0000	
140	987.921	257.2177	1052.0000	2146.0000	
141	993.536	202.3245	1109.0000	2165.3333	
142	999.144	198.8482	785.6666	1804.0000	
143	1004.745	223.2049	1305.0000	2416.6665	
144	1010.339	263.9789	715.3333	1885.0000	
145	1015.926	258.2524	1111.6666	2298.0000	
146	1021.506	241.0262	1088.0000	2255.0000	
147	1027.078	244.2997	1277.3334	2479.0000	
148	1032.644	241.4064	902.6667	2118.6667	
149	1038.203	225.3583	1311.0000	2541.0000	
150	1043.754	269.4352	943.0000	2278.3333	
151	1049.298	239.3871	1280.0000	2595.0000	
152	1054.836	241.3801	572.6667	1870.3333	
153	1060.366	278.3934	1448.3334	2845.0000	
154	1065.889	283.0043	1151.0000	2590.0000	
155	1071.404	255.3625	1497.6666	2925.6667	
156	1076.913	389.7208	1274.6667	2853.6667	
157	1082.414	353.5871	1701.6665	3239.0000	
158	1087.908	261.4529	864.0000	2303.6665	
159	1093.395	572.9863	1803.0000	3548.6670	
160	1098.875	422.5190	1681.3333	3271.0000	
161	1104.348	204.1948	2105.3333	3456.3333	
162	1109.813	191.9034	1537.3333	2853.6665	
163	1115.271	431.6122	2171.3333	3705.0000	
164	1120.721	517.9881	1600.0000	3197.6670	
165	1126.165	741.9321	2173.0000	3960.3335	
166	1131.601	660.5419	1805.0000	3476.6665	
167	1137.030	587.8194	2429.6665	3994.3335	
168	1142.452	713.7639	1548.0000	3204.3335	
169	1147.866	556.9824	2401.0000	3876.0000	
170	1153.273	389.5345	2169.3333	3452.3335	
171	1158.672	300.0859	2466.0000	3635.0000	
172	1164.064	231.3050	1993.6665	3069.3333	
173	1169.449	126.1258	3060.6665	4039.3335	
174	1174.827	161.6125	2484.0000	3429.6670	
175	1180.197	212.8559	3234.3335	4323.6670	
176	1185.560	246.2077	2728.0000	3938.6667	
177	1190.915	214.3099	3205.6670	4324.6665	
178	1196.263	227.1622	2969.6667	4169.0000	
179	1201.603	405.2645	3463.0000	4872.3335	
180	1206.936	571.6993	2845.0000	4452.6665	
181	1212.262	489.7995	3658.6665	5207.3335	
182	1217.580	408.0427	3284.0000	4764.0000	
183	1222.891	385.9485	3778.3330	5259.0000	
184	1228.194	310.1848	3466.6665	4894.3330	
185	1233.489	272.1098	4162.0000	5585.6670	
186	1238.778	279.6176	3908.3335	5298.6670	
187	1244.058	399.6253	4162.6665	5782.0000	
188	1249.331	572.5495	3913.0000	5739.3330	
189	1254.597	377.2170	4999.0000	6656.3330	
190	1259.855	194.5522	4446.3330	5947.3335	
191	1265.106	208.2198	5188.3330	6729.3335	
192	1270.349	263.5545	4992.6665	6615.3340	
193	1275.584	223.2211	5614.3335	7223.0000	
194	1280.812	248.8887	4876.3335	6537.0000	
195	1286.032	416.5566	5641.6670	7496.3340	
196	1291.244	292.5234	5211.6665	6983.0000	
197	1296.449	98.3156	6097.6670	7732.6670	
198	1301.647	80.1083	5636.3330	7311.0000	
199	1306.836	261.2336	6408.6670	8322.3340	
200	1312.018	341.6938	6034.3335	8086.3330	
201	1317.193	249.4247	6391.3330	8391.3340	
202	1322.359	235.8201	6213.0000	8239.6670	
203	1327.518	446.3143	6747.3330	9006.0000	
204	1332.670	728.0131	6280.0000	8846.3330	
205	1337.813	746.2145	7095.6660	9689.3340	
206	1342.949	458.0799	6292.3330	8607.0000	
207	1348.077	297.2794	7208.0000	9371.0000	
208	1353.198	218.4793	6461.6665	8555.0000	
209	1358.311	548.0123	7624.3330	10056.3330	
210	1363.415	1058.2129	6907.3330	9858.6670	
211	1368.513	1094.4122	7613.3330	10610.0000	
212	1373.602	888.6120	7082.3330	9882.3330	
213	1378.684	887.7426	7806.0000	10621.6670	
214	1383.757	710.8732	7193.0000	9848.3340	
215	1388.823	245.3359	8039.0000	10245.3330	
216	1393.881	15.7994	7194.3330	9187.6660	
217	1398.932	0.0000	8014.6670	9997.6660	
218	1403.974	139.3746	7390.3330	9491.3330	
219	1409.009	417.0823	8291.6660	10649.0000	
220	1414.036	782.7896	7457.6660	10159.3330	
221	1419.054	1124.3394	8160.3330	11181.0000	
222	1424.065	1382.5562	7621.6660	10878.0000	
223	1429.068	1941.1060	8246.0000	12038.3330	
224	1434.064	2663.1826	7730.6670	12202.3330	
225	1439.051	3032.6731	8351.0000	13149.6680	
226	1444.030	3429.4934	7722.3330	12875.3320	
227	1449.001	3782.9822	8512.3330	13976.3320	
228	1453.965	4222.1387	7572.0000	13432.6660	
229	1458.920	4400.9443	8521.6670	14472.6680	
230	1463.868	3210.0811	7536.3330	12208.0000	
231	1468.807	1943.5518	8260.6670	11577.3330	
232	1473.739	1138.3557	7346.6670	9769.6660	
233	1478.662	670.4738	8019.0000	9898.0000	
234	1483.578	406.5905	7210.3330	8749.3330	
235	1488.485	262.3742	8135.6670	9454.3330	
236	1493.385	208.1579	7238.0000	8426.3330	
237	1498.276	167.4196	8290.6670	9387.6670	
238	1503.159	200.2222	7424.0000	8512.3330	
239	1508.035	165.4909	7710.6670	8729.6670	
240	1512.902	92.7587	6024.0000	6935.6660	
241	1517.761	182.3615	7614.0000	8580.6670	
242	1522.612	212.6088	7817.3330	8794.0000	
243	1527.454	247.2106	8929.6660	9867.6660	
244	1532.289	287.4164	8137.0000	9067.0000	
245	1537.116	310.0146	9017.3340	10026.6670	
246	1541.934	261.7349	8131.6670	9126.0000	
247	1546.745	232.8112	9132.6660	10117.6670	
248	1551.547	226.0319	8443.6660	9491.3330	
249	1556.341	144.4177	9414.6660	10453.0000	
250	1561.126	165.3032	8486.6670	9647.0000	
251	1565.904	128.0219	9326.0000	10530.6660	
252	1570.673	171.4062	8929.6670	10259.3340	
253	1575.434	232.4365	9354.3330	10870.6670	
254	1580.187	289.1303	8479.3340	10178.0000	
255	1584.932	359.1616	9281.3330	11175.6670	
256	1589.668	389.1894	8163.0000	10213.0000	
257	1594.396	391.8852	8671.0000	10849.3340	
258	1599.116	448.2475	8149.0000	10509.3330	
259	1603.828	353.2861	9287.0000	11699.6660	
260	1608.531	355.8696	8777.0000	11301.3330	
261	1613.226	444.7578	9540.0000	12213.3330	
262	1617.912	613.9799	9284.6670	12187.3340	
263	1622.591	481.5344	9593.0000	12423.3340	
264	1627.261	567.4221	8679.0000	11655.3330	
265	1631.922	812.3030	9033.0000	12285.6670	
266	1636.576	1433.2771	8189.3330	12070.0000	
267	1641.220	2378.4651	9558.6670	14390.3320	
268	1645.857	2650.9932	8601.0000	13711.0000	
269	1650.485	1705.9937	9354.3330	13442.3320	
270	1655.105	674.3295	8345.6670	11325.0000	
271	1659.716	331.9975	9421.0000	11981.0000	
272	1664.319	527.3334	8745.0000	11423.3340	
273	1668.913	1071.6675	9529.0000	12674.6660	
274	1673.499	1762.0027	8205.0000	11964.0000	
275	1678.077	1962.0056	8524.3330	12406.3340	
276	1682.646	1551.0029	8054.3340	11448.3330	
277	1687.206	733.8242	8485.3330	10969.0000	
278	1691.759	248.6464	8446.3330	10351.6670	
279	1696.302	59.1340	9381.6660	11004.3340	
280	1700.837	115.6093	7883.0000	9486.3330	
281	1705.364	436.9365	8319.0000	10110.0000	
282	1709.882	855.2607	7679.6670	9755.3330	
283	1714.391	910.5869	8872.3340	10869.6660	
284	1718.892	480.5795	7581.3330	9015.0000	
285	1723.385	168.6987	7888.3335	8920.0000	
286	1727.868	111.3185	6471.3330	7331.6665	
287	1732.344	211.8693	8170.3330	9068.6670	
288	1736.810	136.1475	7440.6670	8187.0000	
289	1741.268	154.5923	7345.0000	8022.0000	
290	1745.717	203.5367	6550.3330	7297.0000	
291	1750.158	233.5643	7951.3330	8592.0000	
292	1754.590	261.5920	6912.3335	7606.0000	
293	1759.014	217.1227	7001.0000	7549.6660	
294	1763.428	308.9871	5601.6670	6212.0000	
295	1767.835	405.1846	7374.0000	8050.3330	
296	1772.232	313.0486	6853.6660	7407.6660	
297	1776.621	285.6281	6321.3335	6847.3340	
298	1781.001	283.7899	5009.0000	5529.6665	
299	1785.372	284.3687	5838.3330	6375.3340	
300	1789.735	272.0307	4922.0000	5432.6670	
301	1794.089	261.1044	6301.6670	6772.3330	
302	1798.434	264.5718	6434.3330	6954.6660	
303	1802.770	254.3518	7005.6670	7512.3330	
304	1807.098	244.1528	6184.6670	6730.0000	
305	1811.416	234.4540	5503.3330	5889.3330	
306	1815.726	245.6505	4784.0000	5249.6665	
307	1820.027	263.4724	5538.0000	5992.0000	
308	1824.320	320.8236	5068.6670	5596.6665	
309	1828.603	287.6871	6178.0000	6669.6670	
310	1832.878	287.8823	4867.3335	5356.0000	
311	1837.144	201.4116	4858.0000	5257.0000	
312	1841.401	294.2738	4681.6665	5170.3330	
313	1845.649	293.0901	5434.6670	5956.6665	
314	1849.889	290.3022	5420.6665	5898.0000	
315	1854.119	290.6810	5539.0000	6027.3330	
316	1858.340	283.1222	4448.3335	4947.0000	
317	1862.553	269.9776	4467.3330	4920.0000	
318	1866.757	263.9161	3350.6667	3815.0000	
319	1870.951	255.5211	3304.6665	3705.6667	
320	1875.137	264.2096	2734.6667	3174.3335	
321	1879.314	234.8978	3258.3335	3642.6665	
322	1883.482	231.8635	1797.3333	2177.6667	
323	1887.641	251.8746	2189.6665	2576.6665	
324	1891.791	263.8025	2143.0000	2526.6667	
325	1895.932	271.0804	3015.0000	3439.6665	
326	1900.064	261.1920	2378.3333	2766.6667	
327	1904.187	264.0741	3648.0000	4027.3335	
328	1908.300	271.8312	2899.6667	3293.6665	
329	1912.405	284.1274	3229.6665	3633.6670	
330	1916.501	286.0153	2476.0000	2856.3333	
331	1920.588	286.7570	2780.6665	3175.3330	
332	1924.666	283.7904	2759.0000	3175.0000	
333	1928.734	259.0955	3443.3335	3801.3330	
334	1932.794	255.6513	2298.0000	2648.0000	
335	1936.844	265.3732	2567.0000	2907.0000	
336	1940.885	287.4286	2279.3335	2652.0000	
337	1944.917	276.5674	2968.0000	3342.3335	
338	1948.940	272.9561	2307.0000	2617.3333	
339	1952.954	277.5116	2005.3334	2377.0000	
340	1956.959	272.9838	792.6666	1132.6667	
341	1960.955	279.2748	1427.3333	1766.6665	
342	1964.941	254.9830	1051.3333	1355.0000	
343	1968.918	245.3084	1040.6667	1351.0000	
344	1972.886	253.5279	270.3333	549.3333	
345	1976.845	273.9433	388.6667	705.6667	
346	1980.794	280.6504	-124.3333	231.6667	
347	1984.735	264.4408	292.6667	588.3333	
348	1988.666	249.3555	-131.6667	143.0000	
349	1992.588	252.7733	410.3333	686.6667	
350	1996.500	277.2116	-402.6667	-114.3333	
351	2000.404	274.1654	330.0000	616.0000	
352	2004.298	272.7859	-419.0000	-133.6667	
353	2008.182	239.0731	268.0000	520.3333	
354	2012.058	270.0269	-417.3333	-133.3333	
355	2015.924	278.9807	226.0000	519.6667	
356	2019.781	282.9354	-482.0000	-183.6667	
357	2023.628	281.7209	230.3333	543.3334	
358	2027.466	278.4230	-434.0000	-145.3333	
359	2031.295	267.6251	161.3333	468.3333	
360	2035.114	249.4109	-419.0000	-156.0000	
361	2038.924	253.6199	224.6667	492.6666	
362	2042.725	307.1624	-478.0000	-155.6667	
363	2046.516	281.7048	161.3333	459.0000	
364	2050.298	260.8277	-481.3333	-205.3333	
365	2054.070	263.8554	141.0000	433.0000	
366	2057.833	264.2166	-419.3333	-145.6667	
367	2061.586	267.2443	162.6667	466.6667	
368	2065.330	258.8555	-391.6667	-117.0000	
369	2069.065	255.2166	131.6667	399.6667	
370	2072.790	240.0778	-318.6667	-80.3333	
371	2076.505	252.3133	312.0000	559.0000	
372	2080.211	254.7508	-365.3333	-119.3333	
373	2083.908	266.2105	168.6667	429.3333	
374	2087.595	328.3370	-337.0000	-13.0000	
375	2091.272	298.4634	-7.0000	288.3333	
376	2094.940	244.2567	-324.3333	-82.0000	
377	2098.599	260.0859	259.3333	499.6666	
378	2102.248	286.3735	-221.0000	65.0000	
379	2105.887	266.6819	153.3333	450.6667	
380	2109.516	240.1572	-445.6666	-204.3333	
381	2113.136	245.4360	-728.3333	-484.6667	
382	2116.747	318.0482	-250.0000	63.3333	
383	2120.348	264.6603	187.0000	444.0000	
384	2123.939	253.9391	-594.6667	-351.3333	
385	2127.521	247.1483	96.0000	340.6667	
386	2131.093	259.3264	-465.0000	-211.6667	
387	2134.655	265.7335	54.3333	311.6667	
388	2138.207	269.2445	-383.3333	-130.6667	
389	2141.750	275.5185	259.6667	505.3333	
390	2145.283	301.1884	-475.6667	-189.3333	
391	2148.807	277.4416	224.6667	486.3333	
392	2152.321	272.5582	-627.3333	-379.3333	
393	2155.825	264.7561	60.6667	310.3333	
394	2159.319	245.2041	-307.6667	-87.3333	
395	2162.804	259.4853	330.3333	566.3333	
396	2166.279	264.7671	-309.3333	-66.6667	
397	2169.744	271.7772	129.3333	389.6667	
398	2173.199	271.2042	-440.3333	-195.6667	
399	2176.644	273.7144	167.3333	420.6667	
400	2180.080	283.4745	-244.0000	38.6667	
401	2183.506	279.5681	420.6666	671.3333	
402	2186.922	270.8283	-410.6667	-142.6667	
403	2190.328	263.0051	-58.0000	182.0000	
404	2193.725	257.1816	-399.0000	-149.0000	
405	2197.111	257.1053	225.6667	447.3333	
406	2200.488	253.2215	-432.3333	-185.3333	
407	2203.854	281.4183	196.3333	471.3334	
408	2207.211	266.2820	-385.0000	-125.3333	
409	2210.558	264.4326	295.3333	553.0000	
410	2213.896	265.5001	-449.3333	-213.6667	
411	2217.223	270.0674	268.3333	531.3333	
412	2220.540	279.5509	-375.3333	-103.0000	
413	2223.847	279.6895	306.0000	569.3334	
414	2227.145	236.6528	-601.3334	-379.0000	
415	2230.432	277.9493	149.0000	414.6667	
416	2233.709	286.5792	-640.3333	-364.0000	
417	2236.977	276.2091	166.3333	460.6667	
418	2240.234	241.8389	-521.6666	-286.0000	
419	2243.482	267.8022	-21.3333	214.0000	
420	2246.719	312.7660	-416.6666	-106.0000	
421	2249.946	277.0917	256.0000	529.0000	
422	2253.164	275.7506	-481.3333	-211.6667	
423	2256.371	250.0762	235.0000	477.0000	
424	2259.568	262.5681	-377.6667	-136.6667	
425	2262.755	277.8323	185.0000	449.3333	
426	2265.933	279.5965	-170.6667	92.0000	
427	2269.100	263.7142	330.0000	583.6667	
428	2272.256	267.8038	-350.3333	-81.0000	
429	2275.403	260.9454	185.3333	418.0000	
430	2278.540	256.5871	-353.6667	-93.0000	
431	2281.667	257.9787	335.3333	556.0000	
432	2284.783	265.6204	-421.6667	-175.3333	
433	2287.889	266.4287	142.0000	418.3333	
434	2290.985	249.3836	-367.3333	-151.0000	
435	2294.071	277.0504	198.6667	442.6667	
436	2297.147	281.8010	-622.0000	-357.3333	
437	2300.212	280.1237	246.3333	483.6667	
438	2303.267	273.5296	-469.6666	-220.6667	
439	2306.312	271.6022	-3.0000	234.3333	
440	2309.347	271.5919	-567.0000	-328.6667	
441	2312.372	261.3713	345.6667	575.3333	
442	2315.386	259.2342	-260.0000	-66.3333	
443	2318.390	260.0970	117.0000	371.0000	
444	2321.384	258.7925	-518.3333	-280.3333	
445	2324.368	266.5162	353.6667	592.0000	
446	2327.341	278.6566	-498.3333	-226.3333	
447	2330.304	282.2969	207.6667	417.3333	
448	2333.256	271.5300	-438.0000	-157.6667	
449	2336.199	280.7208	-6.3333	236.6667	
450	2339.131	280.6616	-376.6667	-112.0000	
451	2342.052	280.3524	375.0000	637.3334	
452	2344.963	268.6271	-579.6667	-329.0000	
453	2347.864	261.7880	311.0000	557.6667	
454	2350.755	240.1155	-434.3333	-211.0000	
455	2353.635	241.2106	180.0000	418.6667	
456	2356.505	221.9860	-477.6667	-275.0000	
457	2359.364	237.3169	228.6667	445.6667	
458	2362.213	267.1062	-305.3333	-41.6667	
459	2365.051	268.1038	172.3333	421.0000	
460	2367.879	277.1425	-223.3333	-18.0000	
461	2370.697	313.2977	74.3333	358.6667	
462	2373.504	311.6195	-300.6667	-23.6667	
463	2376.300	272.6079	295.6667	528.0000	
464	2379.086	262.5964	-418.0000	-201.3333	
465	2381.862	262.2515	70.3333	281.0000	
466	2384.627	250.5733	-348.6667	-155.3333	
467	2387.382	258.8951	255.0000	439.3333	
468	2390.125	274.2175	-573.6667	-332.3333	
469	2392.859	272.1663	213.0000	378.0000	
470	2395.582	274.1004	-349.3333	-117.3333	
471	2398.294	275.9511	313.6667	526.3334	
472	2400.996	267.1349	-632.0000	-420.3333	
473	2403.687	268.0988	222.6667	444.3333	
474	2406.368	228.8126	-429.3333	-267.6667	
475	2409.038	251.2763	325.6667	479.6666	
476	2411.697	274.9263	-395.0000	-183.6667	
477	2414.346	281.3147	284.6667	490.3333	
478	2416.984	277.2032	-458.3333	-249.6667	
479	2419.612	269.5082	70.6667	253.3333	
480	2422.228	268.7299	-419.3333	-221.3333	
481	2424.834	254.1183	212.3333	390.3333	
482	2427.430	264.4234	-486.3334	-330.6667	
483	2430.015	299.2285	164.0000	388.6667	
484	2432.589	351.7833	1128.0000	1406.0000	
485	2435.152	285.9848	228.3333	435.3333	
486	2437.705	249.5200	-658.3334	-493.0000	
487	2440.247	255.7216	58.3333	224.6667	
488	2442.778	263.2777	-466.0000	-293.6667	
489	2445.298	268.6852	33.6667	201.6667	
490	2447.808	262.6130	-519.6667	-367.6667	
491	2450.306	267.3869	353.6667	548.3334	
492	2452.794	261.7443	-423.0000	-265.3333	
493	2455.272	253.2038	264.6667	399.6667	
494	2457.738	260.7467	-616.0000	-446.6667	
495	2460.194	264.7896	258.3333	388.3333	
496	2462.638	265.9157	-355.3333	-172.0000	
497	2465.073	256.3753	397.3333	544.0000	
498	2467.496	263.5849	-430.6667	-284.6667	
499	2469.908	272.9611	407.0000	568.0000	
500	2472.309	277.7540	-361.6667	-197.0000	
501	2474.699	272.7186	-4.6667	155.3333	
502	2477.079	270.8708	-460.0000	-316.6667	
503	2479.448	270.5021	207.6667	380.6667	
504	2481.805	268.8628	-394.0000	-239.6667	
505	2484.152	261.4107	176.3333	342.3333	
506	2486.488	246.5421	-383.0000	-247.3333	
507	2488.813	255.1735	216.3333	361.0000	
508	2491.127	266.3882	-637.6667	-465.6667	
509	2493.430	270.6029	266.6667	397.0000	
510	2495.722	287.4009	-301.6667	-123.6667	
511	2498.003	272.0323	-62.6667	100.3333	
