resultName	muna11-6
resultName	muna11-6
ID	RS20191212095342_P19331194
Command	SCANANDSEARCH
User	Admin
Application	_Analyze
SerialNumber	P19331194
Power	280
Integration	900
Averages	3
AutoExposure	Off
AutoCollect	Off
QuickCollect	Off
AutoBackground	On
BaselineCorrection	On
Algorithm	Wavelet
Searched Library	All,None,None,None
MixtureComponents	2
matchThreshold	0.75
displayMatches	1
Threshold	0.80
WL Start	
WL End	
ServerVersion	3.180316
FirmwareVersion	
date	2019-12-12
time	09:53:42
scanindex	0
specpath	RS20191212095342_P19331194.xml
Search Range	200 - 2500
Synced	false
lastCalDateTime	2019-12-12 08:43:43
lastCalUser	Admin
lastCalResult	PASS
lastVerifyDateTime	2019-10-16 15:05:37
lastVerifyUser	Admin
lastVerifyResult	PASS
selectedMaterial	
result	No Match
ValidationGUID	
ValidationMatchQuality	
topMatch	
topMatchGUID	
topMatchQuality	
secondMatch	
secondMatchGUID	
secondMatchQuality	
thirdMatch	
thirdMatchGUID	
thirdMatchQuality	
fourthMatch	
fourthMatchGUID	
fourthMatchQuality	
fifthMatch	
fifthMatchGUID	
fifthMatchQuality	
signedBy	
signedDateTime	
softwareVer	1.7.0.21
memo	
batchID	
inBatch	false
batchUID	
batchCID1	
batchCIDlbl1	
batchCID2	
batchCIDlbl2	
batchCID3	
batchCIDlbl3	
batchCID4	
batchCIDlbl4	
batchCID5	
batchCIDlbl5	
signedTitle	
signedReason	
rescanned	
barcode	
topMatchContribs	
secondMatchContribs	
thirdMatchContribs	
fourthMatchContribs	
fifthMatchContribs	
ValidationMatchContribs	
Threat	
PrecursorList	
CompundName	
WindowStart4C	
MatchLibrary	
lastModified	2019/12/12 09:57
Signal2Noise	69.97
Detector TEC SetPoint	0x8000
Detector Temp	4.97
Laser Temp	25.38
OE1 Temp	31.47
OE2 Temp	35.56
Detector Gain	200
SaturationDetected	false
InterpolatedPixelList	
PeakList	 281.3	1326	331.3	1289	339.7	1284	398.2	1571	448.9	1363	553.7	1347	645.1	3465	679.4	1264	751.8	1474	803.6	1195	839.9	1346	1127.0	1284	1337.0	1482	1369.1	1857	1376.8	1728	1457.5	5935	1644.2	3767	1677.5	2906	1711.4	1817	1732.5	1158	1768.5	1489	1801.6	1160	1846.6	1541	1900.5	1179
index	Raman Shift (cm-1)	Y value (counts)	background (counts)	raw value (counts)
0	137.923	1039.8833	37769.3320	42400.6680	
1	144.410	871.7043	39578.6641	43962.0000	
2	150.891	648.1855	41938.3359	46018.3320	
3	157.367	608.3464	42031.3320	45991.6680	
4	163.837	927.4995	42485.0000	46684.6680	
5	170.302	1033.3203	44808.3320	49034.0000	
6	176.762	860.1377	45102.6680	49075.3320	
7	183.215	573.6307	43589.6641	47196.0000	
8	189.664	600.1158	42996.0000	46549.0000	
9	196.106	775.9408	45716.3320	49365.3359	
10	202.544	754.7618	46368.3320	49916.3359	
11	208.975	740.9110	46723.0000	50177.3320	
12	215.401	779.0602	46200.6680	49613.3281	
13	221.822	804.9032	46944.3359	50324.0000	
14	228.236	869.0073	48678.3359	52033.6641	
15	234.646	625.4860	48589.3359	51697.0000	
16	241.049	540.9658	44032.3320	46826.3359	
17	247.447	663.1078	46175.6680	49312.6680	
18	253.839	567.5866	43444.6641	46482.0000	
19	260.226	837.3934	44920.0000	48223.0000	
20	266.607	481.8682	41819.0000	44762.3320	
21	272.982	1062.3624	46042.3359	49607.6641	
22	279.352	1325.5323	45290.0000	49160.0000	
23	285.716	1246.6945	42398.6680	46231.3320	
24	292.074	1225.1963	42054.6641	45907.3320	
25	298.426	1129.2942	40673.0000	44457.6680	
26	304.773	1281.0560	41192.0000	45156.3320	
27	311.114	1077.8179	42919.3359	46708.3320	
28	317.449	795.5503	39198.3320	42770.3320	
29	323.779	1018.5729	39708.6641	43426.6680	
30	330.102	1289.2557	40736.0000	44647.6680	
31	336.420	1124.6067	40319.0000	43989.0000	
32	342.732	1283.9612	40891.0000	44643.3359	
33	349.039	481.3119	38595.0000	41467.6680	
34	355.339	492.8934	34485.3320	37086.0000	
35	361.634	811.2906	42039.6641	45050.6680	
36	367.923	667.0839	35086.6680	37352.3320	
37	374.205	710.2812	35110.6680	37864.3320	
38	380.483	1414.9662	37336.0000	40727.3359	
39	386.754	1202.9790	37430.0000	40542.3359	
40	393.019	1086.3232	31379.6680	33943.6641	
41	399.278	1570.5632	34494.6641	37831.0000	
42	405.532	1012.7982	31284.6680	33986.6680	
43	411.779	738.1181	21542.3340	23399.6660	
44	418.021	814.6891	25048.3359	27627.6660	
45	424.257	781.9470	24246.6660	26511.0000	
46	430.487	637.6201	18279.3340	20345.6680	
47	436.710	479.2930	12356.0000	14210.3340	
48	442.928	909.6329	10794.3330	13025.3340	
49	449.140	1363.0278	17573.6680	20236.3340	
50	455.346	667.0076	12297.0000	14218.6660	
51	461.546	519.3203	10251.3340	11980.3330	
52	467.739	723.8837	9685.3340	11281.3330	
53	473.927	1183.7313	13913.6660	16206.6660	
54	480.109	882.4948	8347.3340	10283.6670	
55	486.285	781.8419	4970.3330	6696.3330	
56	492.454	868.5807	9109.6670	10914.0000	
57	498.618	766.4435	10754.6670	12409.0000	
58	504.775	670.5571	11515.6670	13050.3340	
59	510.926	729.3987	5768.6670	7019.3340	
60	517.072	803.4482	8025.3335	9645.3330	
61	523.211	827.8458	10115.0000	11733.3330	
62	529.344	763.5768	6599.3330	8127.3330	
63	535.471	702.6409	8146.6670	9587.6670	
64	541.591	786.2047	5518.6665	6656.3335	
65	547.706	912.4349	9987.3340	11586.0000	
66	553.814	1347.1650	19104.6680	21112.0000	
67	559.917	1041.2310	20741.6660	22417.0000	
68	566.013	682.2953	14640.3340	15930.6680	
69	572.102	513.0693	9240.6670	10250.6670	
70	578.186	436.3016	4159.6665	5286.6665	
71	584.263	405.4012	2561.0000	3659.0000	
72	590.334	420.2508	5251.0000	6390.3335	
73	596.399	835.7394	10843.6660	12458.0000	
74	602.458	1139.2274	16027.6660	18005.0000	
75	608.510	1356.7157	15179.0000	17433.3340	
76	614.556	2088.5356	17404.0000	20449.6660	
77	620.596	1923.8784	19022.3340	21920.6660	
78	626.630	1456.0371	15717.0000	18181.3340	
79	632.657	1645.5267	12186.3330	14874.0000	
80	638.677	2318.3499	12985.3330	16379.6660	
81	644.692	3465.1733	16287.6680	20862.6680	
82	650.700	3072.6646	14628.6660	18845.0000	
83	656.702	1686.1541	7370.0000	10233.6670	
84	662.697	1324.9771	6168.0000	8704.3330	
85	668.686	1157.5947	6356.0000	8691.0000	
86	674.669	1258.8792	3805.6665	6208.0000	
87	680.645	1263.7258	5101.0000	7731.0000	
88	686.615	1255.4474	11819.0000	14150.0000	
89	692.578	603.2964	10598.0000	12247.9990	
90	698.535	690.8137	6585.6670	8127.0000	
91	704.486	891.2987	9353.6670	11266.3340	
92	710.430	739.4868	9822.0000	11552.6660	
93	716.368	371.9073	8482.0000	9882.6670	
94	722.299	695.6600	9950.3340	11712.3340	
95	728.223	672.0786	8834.3340	10610.3330	
96	734.141	1165.1650	9469.3340	11776.0000	
97	740.053	1190.5857	12361.3330	14731.0000	
98	745.958	1312.6165	12640.0000	15137.3340	
99	751.857	1474.4063	16097.0000	18801.3340	
100	757.749	1251.5282	13534.3340	16061.0000	
101	763.634	1178.1266	16573.3340	19034.0000	
102	769.513	840.0577	14937.6670	17067.6660	
103	775.385	508.9891	14589.6680	16396.0000	
104	781.251	534.2559	14636.0000	16475.0000	
105	787.110	721.1307	16751.3320	18769.0000	
106	792.963	925.6696	16846.6660	19060.6660	
107	798.809	1190.8783	19872.6660	22343.6680	
108	804.648	1195.4147	17764.3340	20231.6660	
109	810.481	971.3749	17580.6660	19850.6660	
110	816.307	589.3351	14833.0000	16747.6680	
111	822.126	607.2923	15942.3330	17901.6660	
112	827.938	662.0310	15976.6660	18052.3320	
113	833.744	1072.7684	17018.0000	19526.3340	
114	839.544	1345.5039	16383.6660	19186.6660	
115	845.336	988.2415	17476.6660	19944.3340	
116	851.122	867.5614	16141.6660	18320.6680	
117	856.901	875.7095	17063.0000	19529.0000	
118	862.673	877.9417	16823.6660	19186.6680	
119	868.439	912.5754	16190.0000	18544.3340	
120	874.198	614.2408	13615.0000	15653.0000	
121	879.950	618.6560	12481.6660	14479.3340	
122	885.695	711.7352	13208.3340	15254.3340	
123	891.434	1038.4824	14351.6660	16679.6660	
124	897.165	864.1470	14514.6660	16848.3320	
125	902.890	672.3127	11487.3330	13362.0000	
126	908.608	739.3964	11078.3330	12977.6680	
127	914.319	760.2902	12838.6660	14798.3320	
128	920.024	760.8923	10936.0000	12801.6660	
129	925.721	803.3080	11866.3340	13746.6660	
130	931.412	648.0577	9108.3340	10746.6670	
131	937.095	606.8064	8309.0000	9863.6660	
132	942.772	692.5560	8702.0000	10300.0000	
133	948.442	898.1432	9047.6670	10842.3330	
134	954.105	1064.3730	7057.6670	8978.6670	
135	959.761	1075.3523	8161.6670	10263.3340	
136	965.410	974.1658	7960.0000	9711.0000	
137	971.053	844.9657	7503.0000	9123.3330	
138	976.688	815.1001	5347.6665	6936.6670	
139	982.316	798.5660	5754.6670	7325.6665	
140	987.937	798.3237	6256.0000	7796.6670	
141	993.552	720.3562	6291.0000	7785.6670	
142	999.159	613.0557	5619.0000	7038.3340	
143	1004.759	682.7543	6335.3330	7856.3330	
144	1010.352	786.1203	5771.0000	7427.3335	
145	1015.939	755.8195	5895.3335	7553.3335	
146	1021.518	732.1850	6075.0000	7741.3330	
147	1027.090	718.2180	6202.6665	7887.0000	
148	1032.655	739.9173	5695.0000	7433.0000	
149	1038.213	726.0005	6706.6670	8475.0000	
150	1043.764	767.9173	6369.0000	8253.3330	
151	1049.307	723.6675	6898.6665	8730.0000	
152	1054.844	758.9193	5446.0000	7247.3330	
153	1060.373	774.5175	7243.3335	9298.3330	
154	1065.896	685.3594	7419.3330	9467.6670	
155	1071.411	742.9142	7899.6660	10012.0000	
156	1076.919	834.2405	8234.0000	10595.0000	
157	1082.420	806.5957	8790.0000	11016.6670	
158	1087.914	841.5132	6751.3335	8840.6660	
159	1093.400	1073.4521	9359.0000	11935.3330	
160	1098.880	844.1405	10102.3330	12476.9990	
161	1104.352	605.1811	11310.6670	13437.6670	
162	1109.817	628.9702	10471.0000	12624.6660	
163	1115.274	843.4274	11519.6660	13890.6660	
164	1120.725	928.2159	10871.3330	13330.0000	
165	1126.168	1284.0277	12101.6660	14895.6660	
166	1131.604	1129.1725	12498.3340	15117.0000	
167	1137.032	1142.6515	13252.0000	15840.0000	
168	1142.453	1163.1281	11995.3340	14673.3340	
169	1147.868	1113.1537	13728.6660	16290.6660	
170	1153.274	854.8480	14684.3320	16988.3340	
171	1158.674	640.8719	14598.6660	16689.0000	
172	1164.066	625.3969	14501.6660	16506.0000	
173	1169.450	631.0863	17158.0000	19314.0000	
174	1174.828	585.6085	16737.6660	18787.6680	
175	1180.198	681.0085	18642.6680	20937.6680	
176	1185.560	717.0406	18483.3340	20887.0000	
177	1190.916	642.9889	19248.6660	21591.6680	
178	1196.263	742.5197	19412.0000	21990.6660	
179	1201.604	991.1361	20992.0000	23893.3340	
180	1206.937	1031.7504	20460.0000	23476.0000	
181	1212.262	1109.3738	21849.3320	25004.6641	
182	1217.581	1060.8853	22062.6660	25200.6680	
183	1222.891	906.9838	23237.0000	26290.0000	
184	1228.194	907.7473	23899.6660	27022.3320	
185	1233.490	779.8693	25711.6680	28802.6641	
186	1238.778	592.6660	26140.0000	29140.0000	
187	1244.059	759.7899	26220.3359	29483.6680	
188	1249.333	1084.2465	26763.6680	30447.6641	
189	1254.598	901.3842	29997.6641	33589.3320	
190	1259.856	612.5148	29701.3320	33094.6641	
191	1265.107	668.3124	31733.6680	35273.3320	
192	1270.350	845.4440	32747.3340	36554.6641	
193	1275.586	723.5795	34468.0000	38244.0000	
194	1280.814	680.0450	34222.3320	38045.3320	
195	1286.034	896.1796	35677.0000	39806.6680	
196	1291.247	819.7740	36353.0000	40536.6680	
197	1296.452	610.4752	38428.0000	42517.3320	
198	1301.650	484.8488	38506.6680	42585.3359	
199	1306.840	700.5507	40359.6680	44769.0000	
200	1312.022	875.5941	40470.3320	45169.6680	
201	1317.197	701.5248	42139.3320	46737.6641	
202	1322.364	598.1222	42275.3359	46843.3320	
203	1327.523	1080.9938	43529.6641	48607.6680	
204	1332.674	1341.5497	43408.3359	48802.3320	
205	1337.818	1481.5765	45292.0000	50882.6641	
206	1342.955	978.2682	44787.6680	49931.6641	
207	1348.083	822.2990	46668.3320	51713.0000	
208	1353.204	661.9904	46137.0000	51078.0000	
209	1358.317	1192.0172	48397.6680	53925.3359	
210	1363.422	1724.3728	48418.0000	54534.6641	
211	1368.520	1856.7317	50171.6719	56477.3359	
212	1373.610	1640.7560	49786.0000	55932.3281	
213	1378.692	1728.2650	51408.3281	57688.3359	
214	1383.766	1268.4148	50690.6719	56557.0000	
215	1388.832	688.9156	52488.0000	57821.0000	
216	1393.891	304.0856	51696.0000	56690.3359	
217	1398.942	408.9399	53291.0000	58433.6641	
218	1403.984	523.3503	52345.0000	57579.3281	
219	1409.020	1027.7690	53943.0000	59659.0000	
220	1414.047	1448.1776	52829.3359	58943.0000	
221	1419.066	1924.1718	54670.6680	61236.3359	
222	1424.078	2231.4944	53845.3359	60694.3359	
223	1429.081	2991.8203	55160.6641	62746.0000	
224	1434.077	4036.2676	54187.0000	62745.3281	
225	1439.065	4360.3408	55818.6641	64651.3359	
226	1444.045	4788.3984	54870.0000	64081.0000	
227	1449.016	5310.4639	56348.0000	66031.3359	
228	1453.980	5823.8589	54815.0000	64962.0000	
229	1458.936	5935.0513	56678.6641	66812.3281	
230	1463.885	4282.5801	54525.3359	62882.0000	
231	1468.825	2677.7798	55344.0000	61971.3359	
232	1473.757	1777.9678	53521.0000	59124.0000	
233	1478.681	1273.5844	54522.0000	59508.6641	
234	1483.597	783.2084	52895.6641	57280.0000	
235	1488.505	905.8241	54782.0000	59177.0000	
236	1493.405	659.7753	53802.3359	57839.3359	
237	1498.297	802.5529	55721.6641	59852.0000	
238	1503.181	665.9452	55090.6641	59065.0000	
239	1508.057	159.8027	53604.0000	57063.0000	
240	1512.924	0.0000	44877.6641	48167.6680	
241	1517.784	687.8618	50575.0000	54543.6719	
242	1522.635	754.3833	56244.6641	60270.6641	
243	1527.479	859.5845	59682.3281	63804.3359	
244	1532.314	867.1069	58842.6641	62963.0000	
245	1537.142	867.8763	60728.3359	64884.6641	
246	1541.961	707.2797	59900.0000	63997.0000	
247	1546.772	838.0004	61613.6719	65942.6641	
248	1551.574	769.7513	61442.6641	65804.6719	
249	1556.369	749.6625	63678.0000	68155.0000	
250	1561.155	567.5780	62206.6641	66636.6641	
251	1565.933	733.8236	63989.0000	68720.3281	
252	1570.703	626.0863	64316.6641	69075.3359	
253	1575.465	763.8676	64969.6680	70030.3359	
254	1580.219	724.6503	63129.0000	68314.6641	
255	1584.964	757.1078	64399.6641	69782.0000	
256	1589.701	756.5570	61562.0000	67108.0000	
257	1594.430	709.3422	60013.3359	65676.3359	
258	1599.150	1073.7920	59728.3359	65920.0000	
259	1603.863	1005.8342	64804.6719	71144.0000	
260	1608.567	891.2134	64405.0000	70765.6719	
261	1613.262	1214.8601	66188.0000	72958.0000	
262	1617.949	1175.5142	66504.6641	73321.0000	
263	1622.629	1134.8323	66701.6641	73563.0000	
264	1627.299	1112.1460	64847.3281	71771.6641	
265	1631.961	1435.4487	64352.6680	71637.3359	
266	1636.615	2508.6914	62247.6641	70588.3359	
267	1641.261	3596.0562	65692.0000	75128.6641	
268	1645.898	3766.7773	64521.6641	74137.6719	
269	1650.527	2175.4072	66262.6719	74173.0000	
270	1655.147	882.7183	62849.3359	69352.6641	
271	1659.759	862.6997	65707.3359	72076.3359	
272	1664.363	1069.0117	65911.0000	72372.0000	
273	1668.958	1821.9946	66857.3281	73957.0000	
274	1673.544	2511.9683	64115.0000	71790.3359	
275	1678.123	2905.9438	62922.3359	70877.3359	
276	1682.692	2099.9155	62359.6719	69394.3359	
277	1687.254	1336.3853	61276.0000	67401.0000	
278	1691.806	981.8568	63513.6641	69138.0000	
279	1696.350	533.3182	67494.0000	72523.6641	
280	1700.886	498.7963	62651.3359	67546.3359	
281	1705.413	884.6459	61338.0000	66408.0000	
282	1709.932	1817.4995	59547.0000	65339.0000	
283	1714.442	1673.6851	65376.6641	70814.0000	
284	1718.944	1076.5258	61026.0000	65655.3281	
285	1723.437	483.3246	58511.3359	62412.3359	
286	1727.921	410.7767	51893.6719	55587.0000	
287	1732.397	1157.5798	59165.6719	63435.0000	
288	1736.864	773.9600	60358.3359	64148.6719	
289	1741.323	337.6624	56283.6719	59542.3359	
290	1745.773	1096.3716	52755.0000	56677.0000	
291	1750.214	997.4158	58887.3281	62615.0000	
292	1754.647	897.7839	57397.0000	60929.6641	
293	1759.071	371.0375	54258.0000	57213.0000	
294	1763.486	796.9552	47426.0000	50756.0000	
295	1767.893	1489.2035	54123.3359	58094.6641	
296	1772.291	923.7921	58481.0000	61836.0000	
297	1776.680	591.9515	50468.3359	53452.6641	
298	1781.061	561.0362	45295.0000	48185.0000	
299	1785.432	619.6169	45008.6680	47943.0000	
300	1789.796	730.4514	44448.6641	47298.3320	
301	1794.150	1093.2324	46698.3320	50049.6719	
302	1798.495	1142.9075	52628.3359	55987.6641	
303	1802.832	1159.9222	52737.6719	56072.3281	
304	1807.160	799.9448	52391.3359	55324.3281	
305	1811.480	602.4713	45428.3320	48005.0000	
306	1815.790	671.1612	41859.6680	44533.0000	
307	1820.092	803.2629	42399.0000	44991.3359	
308	1824.385	1110.6445	43145.0000	46186.0000	
309	1828.669	1064.5702	47641.3359	50579.6641	
310	1832.944	651.5034	45332.3359	47801.0000	
311	1837.210	644.4368	38745.3320	41150.3320	
312	1841.468	948.0383	39899.3320	42551.3359	
313	1845.716	1541.3904	43232.6641	46407.0000	
314	1849.956	1195.0768	47719.6641	50426.3359	
315	1854.187	1103.4292	44612.6641	47453.6641	
316	1858.409	910.6943	41805.0000	44111.0000	
317	1862.622	746.5822	37655.3359	40179.0000	
318	1866.826	586.8043	34130.0000	35781.6680	
319	1871.021	664.5242	27261.6680	29135.3320	
320	1875.207	681.9132	28596.3359	30643.6680	
321	1879.384	559.7219	29123.6641	30714.6680	
322	1883.552	126.6930	21351.3340	22463.3340	
323	1887.712	594.7118	18333.3340	19857.0000	
324	1891.862	798.9833	21987.6660	23674.3340	
325	1896.003	920.5194	25369.6680	26780.0000	
326	1900.135	1179.1400	22312.0000	24377.6660	
327	1904.258	1144.1781	30216.3340	32254.0000	
328	1908.372	892.6302	30416.3320	32194.0000	
329	1912.478	858.8384	27227.0000	29264.3320	
330	1916.574	853.8827	27641.3359	28961.0000	
331	1920.661	958.7610	23002.0000	24860.0000	
332	1924.738	1069.1354	27786.6680	29760.0000	
333	1928.807	984.0020	28720.6680	30522.0000	
334	1932.867	873.6215	25828.0000	27196.6680	
335	1936.917	1006.4875	20072.3340	21702.6680	
336	1940.959	1107.3531	23950.6660	25566.6680	
337	1944.991	1194.2197	26239.0000	28224.3340	
338	1949.014	1041.6659	26086.6680	27511.3320	
339	1953.028	606.5374	19555.6660	20458.3340	
340	1957.033	707.8207	10713.6670	11495.6660	
341	1961.029	796.8953	12018.3330	13205.3340	
342	1965.015	765.5541	13383.0000	14179.6670	
343	1968.992	780.6674	10308.3330	11063.0000	
344	1972.960	618.4335	8053.6670	8552.3330	
345	1976.919	619.7003	3737.3330	4049.6665	
346	1980.869	686.9874	1504.0000	2005.0000	
347	1984.809	740.2120	3471.6665	4014.6670	
348	1988.740	757.9138	3415.0000	3725.6667	
349	1992.661	719.7410	1348.3333	1668.0000	
350	1996.574	766.3256	384.0000	686.6667	
351	2000.477	764.3544	889.0000	1200.6666	
352	2004.371	765.5505	59.3333	360.0000	
353	2008.256	766.9958	452.0000	757.9999	
354	2012.131	765.1080	-189.3333	112.3333	
355	2015.997	755.8875	388.3333	679.3333	
356	2019.853	765.6678	-328.3333	-29.0000	
357	2023.701	796.5701	365.6667	682.3334	
358	2027.538	802.4722	-281.0000	28.0000	
359	2031.367	814.0410	269.0000	576.0000	
360	2035.186	813.3600	-285.0000	-9.3333	
361	2038.996	806.7072	305.6667	623.0000	
362	2042.796	778.3044	-318.6667	-47.6667	
363	2046.587	771.3180	270.3333	541.0000	
364	2050.368	729.3920	-354.0000	-88.0000	
365	2054.140	731.6365	249.3333	522.3333	
366	2057.903	732.2144	-285.6667	-20.6667	
367	2061.656	739.7922	259.6667	537.0000	
368	2065.399	735.2867	-284.3333	-2.6667	
369	2069.133	729.4479	266.0000	526.6667	
370	2072.858	728.1091	-234.6667	34.6667	
371	2076.573	762.3430	398.3333	650.0000	
372	2080.278	774.4570	-284.0000	-10.0000	
373	2083.974	784.0077	218.3333	509.0000	
374	2087.661	781.9749	-225.3333	63.0000	
375	2091.338	783.6921	54.3333	343.6667	
376	2095.005	789.8264	-258.3333	52.6667	
377	2098.663	776.9058	278.0000	543.6666	
378	2102.311	763.1521	-131.0000	193.0000	
379	2105.949	732.3149	245.3333	492.3333	
380	2109.578	748.3094	-366.3333	-101.0000	
381	2113.198	766.4169	-678.6666	-376.3333	
382	2116.807	773.5243	-88.6667	157.0000	
383	2120.407	773.8819	205.0000	510.0000	
384	2123.998	780.1559	-500.3333	-222.0000	
385	2127.579	756.8771	148.3333	436.6667	
386	2131.150	752.8807	-415.3333	-95.3333	
387	2134.711	752.4675	124.6667	363.6667	
388	2138.263	756.8062	-272.0000	0.6667	
389	2141.805	750.5951	312.3333	581.6667	
390	2145.337	732.9674	-364.3333	-112.3333	
391	2148.859	724.6729	266.3333	510.3333	
392	2152.372	764.4294	-546.0000	-315.3333	
393	2155.875	772.4365	102.6667	371.6667	
394	2159.368	771.5268	-204.6667	53.3333	
395	2162.852	771.2006	376.3333	628.3333	
396	2166.326	773.6241	-237.6667	50.6667	
397	2169.790	774.2734	165.6667	407.0000	
398	2173.244	775.5895	-357.6667	-86.3333	
399	2176.688	763.6555	186.0000	435.3333	
400	2180.123	755.3882	-126.0000	85.0000	
401	2183.547	756.0376	452.0000	709.0000	
402	2186.962	757.3536	-283.0000	-41.3333	
403	2190.367	766.2530	-2.3333	244.3333	
404	2193.762	796.9025	-341.3333	-65.3333	
405	2197.147	794.5479	243.3333	516.0000	
406	2200.522	742.1807	-318.0000	-85.3333	
407	2203.888	741.3344	230.6667	487.6667	
408	2207.243	744.5090	-277.0000	-28.0000	
409	2210.589	757.8835	369.0000	612.6666	
410	2213.924	762.4456	-404.6666	-78.3333	
411	2217.250	767.0911	307.6667	579.6667	
412	2220.565	764.5709	-333.6667	-56.3333	
413	2223.871	777.3423	352.3333	624.6666	
414	2227.167	724.5475	-542.6667	-318.6667	
415	2230.453	771.7527	184.3333	460.0000	
416	2233.728	775.6245	-572.6667	-288.6667	
417	2236.994	773.4963	239.6667	526.0000	
418	2240.250	770.3680	-420.3333	-132.6667	
419	2243.495	786.9065	43.3333	352.0000	
420	2246.731	784.2772	-371.6667	-44.0000	
421	2249.957	774.3869	260.0000	555.3333	
422	2253.172	762.4133	-421.0000	-110.6667	
423	2256.377	757.1063	249.0000	509.3333	
424	2259.573	752.9660	-286.6667	-15.6667	
425	2262.758	756.8738	291.6667	557.0000	
426	2265.933	775.3649	-48.0000	237.0000	
427	2269.098	753.7517	359.6667	679.6667	
428	2272.253	758.7950	-285.6667	-15.6667	
429	2275.397	760.2358	189.3333	487.0000	
430	2278.532	758.0934	-282.0000	22.3333	
431	2281.656	748.6592	359.3333	635.3333	
432	2284.771	742.7252	-361.6667	-77.6667	
433	2287.875	743.6244	235.3333	491.3333	
434	2290.968	777.9186	-331.0000	-54.3333	
435	2294.052	773.8495	218.3333	494.0000	
436	2297.125	762.4465	-556.6667	-295.6667	
437	2300.188	749.4456	295.0000	554.6666	
438	2303.241	755.6949	-356.0000	-93.0000	
439	2306.284	756.1942	87.0000	311.6667	
440	2309.316	760.1936	-450.3333	-148.0000	
441	2312.338	774.4268	555.0000	833.0000	
442	2315.350	773.1602	48.3333	343.6667	
443	2318.352	769.8932	194.0000	489.0000	
444	2321.343	774.3780	-492.6667	-182.0000	
445	2324.323	778.8750	395.3333	673.6667	
446	2327.294	780.4554	-307.3333	19.3333	
447	2330.254	767.5358	569.3333	857.3334	
448	2333.204	725.9075	-187.0000	105.0000	
449	2336.144	719.7614	147.6667	349.3333	
450	2339.073	730.6154	-217.3333	53.3333	
451	2341.991	742.7194	515.6666	749.6667	
452	2344.900	748.4053	-554.3334	-248.3333	
453	2347.798	743.0724	407.6667	628.3333	
454	2350.685	745.5729	-267.3333	-3.3333	
455	2353.562	776.4550	427.3333	693.6667	
456	2356.429	789.8214	-23.0000	262.0000	
457	2359.285	790.3982	678.6666	989.3333	
458	2362.130	785.6421	-120.3333	153.6667	
459	2364.966	777.8234	304.6667	596.3333	
460	2367.790	762.5445	147.0000	441.3334	
461	2370.604	749.8466	508.6667	768.3333	
462	2373.408	755.8986	-34.3333	227.0000	
463	2376.202	790.6174	713.6667	1005.3334	
464	2378.984	766.6694	215.0000	478.3333	
465	2381.756	751.7215	280.6667	524.6667	
466	2384.518	778.4402	-247.0000	19.3333	
467	2387.269	786.4922	347.6667	617.6666	
468	2390.010	776.5462	-161.6667	94.0000	
469	2392.739	744.4205	671.3333	920.0000	
470	2395.458	743.5016	395.6667	675.0000	
471	2398.167	740.1660	834.6666	1068.6666	
472	2400.865	739.4139	-504.0000	-267.6667	
473	2403.553	749.1727	304.3333	524.0000	
474	2406.229	771.9316	-275.6667	-15.0000	
475	2408.896	770.0236	591.0000	845.0000	
476	2411.551	762.4338	-136.0000	38.3333	
477	2414.196	754.5342	415.3333	621.0000	
478	2416.830	754.3013	-213.6667	-15.6667	
479	2419.453	777.0682	334.0000	557.3334	
480	2422.066	783.8353	-230.3333	0.0000	
481	2424.668	784.6024	327.3333	558.6666	
482	2427.260	782.2859	-410.0000	-171.3333	
483	2429.840	769.4697	283.3333	500.0000	
484	2432.410	718.5702	1093.6667	1259.6666	
485	2434.969	767.6797	426.0000	635.6666	
486	2437.517	793.1226	-509.6667	-280.0000	
487	2440.055	769.5656	254.6667	455.3334	
488	2442.581	769.8832	-315.0000	-121.0000	
489	2445.097	774.1632	126.0000	356.0000	
490	2447.602	741.8361	-368.3333	-229.3333	
491	2450.096	749.3639	434.6667	664.3333	
492	2452.580	762.6425	-183.0000	-12.0000	
493	2455.052	764.9630	478.6667	695.3333	
494	2457.514	763.8876	-446.0000	-238.0000	
495	2459.965	761.2705	359.3333	546.6667	
496	2462.405	765.0076	-251.0000	-47.3333	
497	2464.834	771.5782	458.3334	651.3333	
498	2467.252	783.8986	-297.3333	-83.6667	
499	2469.659	776.8857	555.6667	760.0000	
500	2472.056	767.4554	-70.6667	120.6667	
501	2474.441	765.5658	211.6667	407.3333	
502	2476.816	749.7593	-228.3333	-49.3333	
503	2479.179	738.7028	377.6667	573.3334	
504	2481.532	702.9797	-276.0000	-149.0000	
505	2483.873	726.5898	228.3333	378.6667	
506	2486.204	738.8668	-283.6667	-121.3333	
507	2488.523	757.8103	285.3333	480.0000	
508	2490.832	770.0038	-470.0000	-335.0000	
509	2493.130	809.3640	341.6667	573.6667	
510	2495.416	787.6409	-67.3333	142.6667	
511	2497.692	774.5845	149.3333	346.0000	
