resultName	chilca4-18
resultName	chilca4-18
ID	RS20191205120232_P19331194
Command	SCANANDSEARCH
User	Admin
Application	_Analyze
SerialNumber	P19331194
Power	280
Integration	900
Averages	3
AutoExposure	Off
AutoCollect	Off
QuickCollect	Off
AutoBackground	On
BaselineCorrection	On
Algorithm	Wavelet
Searched Library	All,None,None,None
MixtureComponents	2
matchThreshold	0.75
displayMatches	1
Threshold	0.80
WL Start	
WL End	
ServerVersion	3.180316
FirmwareVersion	
date	2019-12-05
time	12:02:32
scanindex	0
specpath	RS20191205120232_P19331194.xml
Search Range	200 - 2500
Synced	false
lastCalDateTime	2019-12-05 09:53:08
lastCalUser	Admin
lastCalResult	PASS
lastVerifyDateTime	2019-10-16 15:05:37
lastVerifyUser	Admin
lastVerifyResult	PASS
selectedMaterial	
result	No Match
ValidationGUID	
ValidationMatchQuality	
topMatch	
topMatchGUID	
topMatchQuality	
secondMatch	
secondMatchGUID	
secondMatchQuality	
thirdMatch	
thirdMatchGUID	
thirdMatchQuality	
fourthMatch	
fourthMatchGUID	
fourthMatchQuality	
fifthMatch	
fifthMatchGUID	
fifthMatchQuality	
signedBy	
signedDateTime	
softwareVer	1.7.0.21
memo	
batchID	
inBatch	false
batchUID	
batchCID1	
batchCIDlbl1	
batchCID2	
batchCIDlbl2	
batchCID3	
batchCIDlbl3	
batchCID4	
batchCIDlbl4	
batchCID5	
batchCIDlbl5	
signedTitle	
signedReason	
rescanned	
barcode	
topMatchContribs	
secondMatchContribs	
thirdMatchContribs	
fourthMatchContribs	
fifthMatchContribs	
ValidationMatchContribs	
Threat	
PrecursorList	
CompundName	
WindowStart4C	
MatchLibrary	
lastModified	2019/12/05 12:03
Signal2Noise	96.29
Detector TEC SetPoint	0x8000
Detector Temp	4.98
Laser Temp	25.41
OE1 Temp	37.50
OE2 Temp	41.31
Detector Gain	200
SaturationDetected	false
InterpolatedPixelList	
PeakList	 304.5	979	329.1	828	435.0	935	489.0	774	561.2	965	666.8	1269	759.5	3194	797.9	1235	846.6	678	1077.8	714	1158.3	786	1222.9	718	1296.7	993	1309.5	843	1377.4	1945	1440.1	6915	1564.8	1846	1645.2	5492	1676.1	3872
index	Raman Shift (cm-1)	Y value (counts)	background (counts)	raw value (counts)
0	137.714	371.2913	14022.0000	17721.6660	
1	144.215	252.7829	15277.6670	18731.0000	
2	150.711	225.6081	15725.3340	19023.6680	
3	157.202	258.4327	16178.0000	19381.3340	
4	163.686	363.9234	15978.3340	19159.3340	
5	170.165	401.4137	17371.3340	20462.0000	
6	176.638	420.9062	16976.0000	19958.3340	
7	183.106	322.0629	17038.3340	19794.0000	
8	189.567	378.8875	16199.0000	18883.6660	
9	196.023	375.0439	17791.6680	20344.6660	
10	202.474	353.8704	17407.3340	19811.3340	
11	208.918	285.6950	18333.3340	20541.3340	
12	215.357	318.8514	17462.0000	19575.3320	
13	221.790	192.3530	18517.6660	20442.3320	
14	228.217	225.4013	18391.3340	20273.3340	
15	234.638	81.9714	18920.0000	20667.0000	
16	241.054	177.8737	17001.0000	18852.3320	
17	247.464	220.7800	17943.6660	19846.3340	
18	253.868	395.3500	16604.6660	18690.3340	
19	260.266	390.9184	17861.3340	19951.0000	
20	266.658	341.4906	15934.6660	17983.3340	
21	273.044	183.0903	18276.3340	20194.3340	
22	279.425	115.0263	17239.0000	19116.6680	
23	285.799	357.2924	16916.0000	19063.6660	
24	292.168	638.5622	16246.6660	18703.3340	
25	298.531	924.8028	16333.6660	19116.3340	
26	304.888	979.3754	16003.6680	18880.6680	
27	311.239	784.6159	17333.6660	20055.6660	
28	317.584	595.8517	15233.6660	17824.0000	
29	323.923	739.0563	16026.0000	18707.0000	
30	330.256	827.9271	15769.3340	18486.6660	
31	336.583	533.8018	16142.3320	18513.0000	
32	342.905	413.6725	16014.0000	18212.0000	
33	349.220	382.2112	15400.0000	17514.0000	
34	355.529	376.4178	13899.3320	15955.0000	
35	361.833	293.6655	16679.0000	18582.6660	
36	368.130	421.2261	13678.6660	15661.0000	
37	374.421	174.2742	14431.3340	16130.3330	
38	380.707	72.6584	14850.6660	16411.6660	
39	386.986	249.3754	14984.6660	16686.0000	
40	393.259	408.7586	12622.0000	14446.3340	
41	399.526	357.1253	14450.3340	16194.3340	
42	405.787	100.8240	12645.6680	14104.6660	
43	412.042	141.5267	9323.3330	10794.3330	
44	418.291	341.8941	10907.3330	12550.0000	
45	424.534	802.0506	10321.0000	12436.3340	
46	430.771	876.2063	8212.3330	10414.3330	
47	437.001	935.0288	5426.6670	7700.0000	
48	443.226	688.1853	5428.0000	7467.0000	
49	449.444	313.1089	8329.6670	10023.3340	
50	455.656	318.1376	5628.6665	7356.6660	
51	461.862	272.1682	5292.0000	7003.3340	
52	468.062	282.1974	4940.3330	6691.0000	
53	474.256	269.2151	7052.6660	8706.0000	
54	480.443	414.5654	4074.0000	6004.6665	
55	486.624	773.7496	2744.0000	5057.6665	
56	492.800	654.1392	4632.6665	6829.0000	
57	498.968	682.7726	5921.0000	8122.0000	
58	505.131	346.0725	5459.6670	7300.0000	
59	511.288	223.7064	3153.6665	4847.6665	
60	517.438	328.6733	4417.3330	6078.6665	
61	523.582	616.5353	5108.6665	7120.3330	
62	529.719	389.0643	3603.0000	5336.0000	
63	535.851	290.0098	4646.3330	6171.6665	
64	541.976	286.4554	2970.0000	4564.3335	
65	548.095	287.9839	5653.6670	7132.0000	
66	554.207	374.8464	8787.6670	10301.6670	
67	560.313	965.0419	9392.0000	11445.0000	
68	566.413	778.2374	6635.3330	8450.3330	
69	572.507	289.0579	4492.3335	5778.3335	
70	578.594	267.3875	1967.0000	3163.0000	
71	584.675	296.1525	1596.6667	2848.6665	
72	590.749	309.6674	2803.0000	4027.3330	
73	596.817	232.9442	5826.0000	6958.6670	
74	602.879	173.5531	6926.6670	7985.0000	
75	608.935	123.1630	6789.6670	7782.6670	
76	614.983	269.4398	7653.3330	8777.6670	
77	621.026	426.2803	7711.0000	9076.0000	
78	627.062	417.7484	6526.0000	7733.6670	
79	633.092	531.7162	5651.3335	7047.0000	
80	639.115	732.5184	5797.6665	7402.6670	
81	645.132	949.6521	7418.3340	9249.0000	
82	651.142	1117.7881	5772.3330	7779.6670	
83	657.146	1266.9224	3479.3335	5644.3335	
84	663.143	1095.7246	3153.3330	5155.6670	
85	669.134	1268.7428	3392.3333	5535.6665	
86	675.118	664.7618	1812.3333	3319.6665	
87	681.096	529.1142	2999.3333	4339.0000	
88	687.068	367.8001	5038.0000	6184.3330	
89	693.032	377.2118	4955.6670	6095.3335	
90	698.991	371.2899	2913.6665	4158.0000	
91	704.942	305.3911	4431.6665	5548.0000	
92	710.888	249.2973	4381.0000	5447.6670	
93	716.826	198.7739	3879.0000	4984.0000	
94	722.758	125.5840	4441.6665	5434.0000	
95	728.683	166.6439	3932.6665	5139.6665	
96	734.602	210.4539	4253.0000	5577.0000	
97	740.514	183.2639	5432.3330	6802.3330	
98	746.420	537.3417	5340.6665	7122.3330	
99	752.319	1528.7036	6885.6670	9728.0000	
100	758.211	3193.7329	5263.3335	9840.0000	
101	764.097	2641.1807	6862.0000	10916.6670	
102	769.976	923.6283	5810.0000	8177.6670	
103	775.848	656.4096	6130.6665	8261.6670	
104	781.714	812.1895	5904.6665	8222.0000	
105	787.573	1044.4257	7053.6670	9614.0000	
106	793.425	955.6633	6919.6660	9402.0000	
107	799.271	1235.2327	8170.3330	10943.0000	
108	805.109	1066.8026	7074.6670	9689.6670	
109	810.942	424.8326	7553.6670	9510.0000	
110	816.767	92.5305	6192.0000	7799.3340	
111	822.586	78.5595	7161.6670	8738.3330	
112	828.397	93.8029	6713.0000	8255.3330	
113	834.202	158.1333	7591.3330	9127.3330	
114	840.001	432.4843	7002.3340	8895.6660	
115	845.792	678.2540	7861.0000	9982.0000	
116	851.577	541.3543	7106.6670	9072.6660	
117	857.355	251.6900	7925.6670	9608.6670	
118	863.126	180.0247	7584.0000	9202.0000	
119	868.890	390.0146	7722.0000	9541.3330	
120	874.648	416.8568	6297.0000	8154.0000	
121	880.398	546.3352	6664.0000	8654.3330	
122	886.142	501.8151	6501.6665	8451.3340	
123	891.879	588.9599	7497.3330	9538.0000	
124	897.609	214.7724	7282.3330	8952.6670	
125	903.332	174.1622	6236.3335	7872.0000	
126	909.048	291.2206	5986.6665	7745.3340	
127	914.757	433.2766	7093.0000	8999.6660	
128	920.459	514.0010	5876.0000	7869.3330	
129	926.155	395.7253	6846.3330	8727.3330	
130	931.843	272.7827	5121.0000	6885.0000	
131	937.525	260.1737	5400.6665	7158.0000	
132	943.199	343.5650	5224.6665	7071.3340	
133	948.867	374.5094	5700.6665	7597.6670	
134	954.528	553.2164	4520.6670	6592.3330	
135	960.181	549.5920	5469.0000	7533.0000	
136	965.828	191.3016	5165.6665	6867.3340	
137	971.468	264.9304	5200.0000	6963.3330	
138	977.100	367.5608	3724.0000	5578.0000	
139	982.726	330.8572	4351.3335	6156.6665	
140	988.344	304.6298	4540.0000	6291.3330	
141	993.956	340.3192	4760.6665	6541.6670	
142	999.560	371.6740	4204.0000	6010.3335	
143	1005.158	309.3621	5077.3335	6815.3330	
144	1010.748	522.3844	4365.0000	6310.0000	
145	1016.331	480.0724	4645.6670	6542.3330	
146	1021.907	256.0953	4619.0000	6285.6670	
147	1027.476	282.7832	4748.6670	6436.0000	
148	1033.038	374.1389	4134.3330	5907.0000	
149	1038.593	357.3522	4784.6665	6533.0000	
150	1044.141	308.5658	4166.3330	5858.3330	
151	1049.681	312.1126	4553.0000	6241.0000	
152	1055.215	318.9917	3362.3335	5049.6665	
153	1060.741	312.9767	4618.0000	6242.3330	
154	1066.260	338.7406	4303.6665	6021.6665	
155	1071.772	493.3454	4719.3335	6584.6670	
156	1077.276	713.6171	4439.0000	6517.3340	
157	1082.774	660.2313	4871.6665	6888.0000	
158	1088.264	367.5126	3539.6665	5254.6665	
159	1093.747	170.1273	5051.3330	6560.3330	
160	1099.223	287.4084	5109.3335	6727.0000	
161	1104.691	458.5900	5848.3335	7615.6670	
162	1110.152	360.6846	5190.6665	6856.3330	
163	1115.606	369.6126	6041.0000	7731.0000	
164	1121.053	251.7910	5281.6665	6859.6670	
165	1126.493	219.3040	6190.3330	7743.3330	
166	1131.925	208.1511	5833.3335	7382.6670	
167	1137.349	213.6642	6541.3340	8103.6670	
168	1142.767	312.8456	5571.0000	7240.0000	
169	1148.177	543.9189	6686.6660	8607.6660	
170	1153.580	658.9919	6610.3335	8667.3330	
171	1158.975	785.7327	7056.0000	9260.6670	
172	1164.364	567.1382	6581.6670	8588.6660	
173	1169.744	401.8750	8185.6660	10043.3340	
174	1175.118	243.2746	7500.6660	9215.6660	
175	1180.484	273.3308	8705.6660	10483.0000	
176	1185.843	226.5620	8127.6670	9866.0000	
177	1191.194	146.7942	8830.3330	10496.6660	
178	1196.538	235.6933	8533.6670	10296.6670	
179	1201.874	439.2595	9421.3330	11395.6670	
180	1207.203	627.4906	8567.0000	10737.3330	
181	1212.525	579.7722	9673.6670	11805.3330	
182	1217.839	678.4270	9166.0000	11389.3340	
183	1223.145	718.3166	9999.0000	12276.3330	
184	1228.444	670.2072	9709.3340	11952.6670	
185	1233.736	524.3276	10841.6670	12957.3340	
186	1239.020	391.1140	10483.0000	12483.6670	
187	1244.297	256.5674	10918.0000	12802.3340	
188	1249.566	161.3532	10644.0000	12451.3330	
189	1254.828	290.2161	12311.0000	14293.6660	
190	1260.082	177.4130	11619.6670	13536.0000	
191	1265.328	287.9439	12798.0000	14871.3340	
192	1270.567	384.4728	12612.3330	14828.6660	
193	1275.799	407.3377	13717.3320	16003.0000	
194	1281.022	423.8657	12869.3340	15218.0000	
195	1286.239	678.7296	14053.0000	16703.0000	
196	1291.448	976.3268	13462.3340	16474.3320	
197	1296.649	992.7145	14779.0000	17803.3340	
198	1301.842	758.4305	14166.3340	16952.3320	
199	1307.028	795.8164	15515.3340	18334.6660	
200	1312.206	843.2042	14921.0000	17783.6680	
201	1317.377	355.2989	15723.0000	18063.6680	
202	1322.540	198.3916	15405.3340	17555.0000	
203	1327.695	489.9066	16373.3340	18762.3340	
204	1332.843	535.4055	15796.3330	18205.3320	
205	1337.982	374.6100	17103.6660	19358.3320	
206	1343.115	203.1492	16151.6660	18241.3340	
207	1348.239	117.3527	17556.3320	19566.6660	
208	1353.356	253.2220	16609.3340	18762.0000	
209	1358.465	319.0916	18319.6680	20544.6660	
210	1363.567	800.6306	17634.0000	20347.0000	
211	1368.660	1360.5001	18953.3340	22232.6660	
212	1373.746	1806.3733	18166.0000	21897.6680	
213	1378.824	1944.7069	19407.3320	23292.3320	
214	1383.894	1370.7086	18582.0000	21908.0000	
215	1388.957	601.7120	19983.3320	22555.3340	
216	1394.012	99.7114	18891.0000	20976.0000	
217	1399.059	13.4307	20208.6660	22210.0000	
218	1404.098	0.0000	19212.6680	21169.0000	
219	1409.129	283.9049	20639.3340	22848.0000	
220	1414.153	1014.8099	19360.0000	22268.0000	
221	1419.169	1576.7559	20587.0000	24025.0000	
222	1424.176	2162.0342	19722.3340	23713.6660	
223	1429.176	3938.3159	20792.0000	26527.6680	
224	1434.168	6379.4272	19819.3340	27942.0000	
225	1439.153	6914.7549	20943.3340	29548.3320	
226	1444.129	6749.4160	20016.0000	28402.6641	
227	1449.097	6648.0791	21224.0000	29456.3320	
228	1454.058	6017.0742	19934.0000	27482.3320	
229	1459.011	5031.0449	21430.3320	27877.0000	
230	1463.955	3911.6807	19917.0000	25128.6680	
231	1468.892	2931.6484	21009.6680	25125.6680	
232	1473.821	1939.2850	19661.3320	22669.3340	
233	1478.742	1078.6760	20766.6660	22813.6660	
234	1483.655	595.0696	19453.6660	20916.6660	
235	1488.559	369.7961	20942.6660	22080.0000	
236	1493.456	193.1868	19792.3340	20652.6660	
237	1498.345	170.5874	21333.3340	22099.3340	
238	1503.226	222.7943	20288.3340	21045.3320	
239	1508.099	162.5821	20839.6660	21487.0000	
240	1512.964	181.0340	16893.6660	17510.0000	
241	1517.821	165.4858	19724.6660	20276.0000	
242	1522.669	160.6868	20853.0000	21294.6660	
243	1527.510	210.1386	22725.6680	23236.6660	
244	1532.343	260.9659	21563.3340	22047.6660	
245	1537.167	282.3557	22990.0000	23472.3320	
246	1541.984	311.6687	21796.3320	22380.0000	
247	1546.792	296.9802	23197.6660	23805.6680	
248	1551.593	504.6204	22200.6680	23055.3320	
249	1556.385	795.1531	23875.0000	25106.6680	
250	1561.169	1571.6807	22551.6660	24646.3320	
251	1565.945	1845.8739	23785.3340	26240.6641	
252	1570.712	972.0710	23251.3340	24919.3320	
253	1575.472	420.7063	24166.6680	25355.6680	
254	1580.223	242.0054	22714.0000	23796.6660	
255	1584.967	201.9719	23947.0000	25062.0000	
256	1589.702	153.9387	22064.3320	23185.6660	
257	1594.429	81.5720	22138.0000	23207.6660	
258	1599.147	121.2046	21270.6660	22522.0000	
259	1603.858	437.4331	23849.0000	25515.3359	
260	1608.560	873.4338	23210.3320	25363.6660	
261	1613.254	1193.2673	24479.3340	27027.3359	
262	1617.940	1277.7629	24058.0000	26765.3320	
263	1622.617	1528.2635	24700.6660	27733.3320	
264	1627.286	2447.4292	23258.3340	27285.0000	
265	1631.947	3578.5225	23891.6680	29083.3359	
266	1636.600	4431.9810	22275.3340	28325.3340	
267	1641.244	5114.1768	24409.6660	31144.6660	
268	1645.880	5491.7026	22883.0000	29998.3320	
269	1650.508	4243.7314	24426.3320	30201.0000	
270	1655.128	3190.0908	22430.3340	27058.6680	
271	1659.739	2840.4497	24170.0000	28356.0000	
272	1664.341	2862.4746	23369.6680	27485.0000	
273	1668.936	3271.8359	24582.6680	29014.6680	
274	1673.522	3722.1924	22909.0000	27698.6641	
275	1678.099	3872.2217	23089.0000	27936.0000	
276	1682.669	2358.5820	22569.0000	25809.6680	
277	1687.230	925.2488	22588.6660	24286.6680	
278	1691.782	390.9138	22465.6660	23520.0000	
279	1696.326	149.5759	24721.3340	25425.0000	
280	1700.862	174.3171	22191.3340	22829.3320	
281	1705.389	117.4636	22843.0000	23313.6680	
282	1709.908	117.7703	21076.6660	21403.6660	
283	1714.418	186.5793	23990.0000	24337.3340	
284	1718.920	284.3887	21715.3340	22012.3340	
285	1723.413	319.4717	22050.0000	22354.0000	
286	1727.898	324.7214	18600.6660	18877.0000	
287	1732.375	362.9404	21755.6660	22022.0000	
288	1736.842	297.2945	21547.3320	21741.0000	
289	1741.302	305.6465	21164.3340	21359.3340	
290	1745.753	378.0008	18775.6660	19036.0000	
291	1750.195	326.0212	21695.3320	21896.6660	
292	1754.629	306.3736	20560.0000	20734.6660	
293	1759.054	327.3136	20695.0000	20873.6660	
294	1763.471	368.2549	17166.6660	17381.3340	
295	1767.879	381.1119	19712.0000	19899.6660	
296	1772.278	398.0520	20915.3320	21145.0000	
297	1776.669	357.6329	19007.3340	19169.6680	
298	1781.051	350.4008	16611.0000	16763.3320	
299	1785.425	346.2318	17255.3340	17445.3340	
300	1789.790	335.7086	16400.6660	16531.3320	
301	1794.147	321.0369	17338.0000	17517.0000	
302	1798.494	286.1296	18861.0000	18973.0000	
303	1802.833	264.4747	19399.3320	19483.6680	
304	1807.164	293.1480	19093.0000	19200.0000	
305	1811.486	306.6567	17201.6660	17320.3320	
306	1815.799	317.9989	15510.3340	15612.0000	
307	1820.103	334.8416	16319.3340	16450.0000	
308	1824.399	353.3513	15517.3340	15645.6660	
309	1828.686	324.7765	17835.0000	17938.3320	
310	1832.964	324.3692	16889.6660	16950.3340	
311	1837.234	327.9616	15088.3340	15241.6660	
312	1841.495	332.3868	14789.3340	14898.0000	
313	1845.747	321.1422	15765.6660	15897.6670	
314	1849.990	310.4804	17403.0000	17495.6680	
315	1854.225	303.6518	16796.0000	16947.0000	
316	1858.451	292.9886	15508.6670	15599.6660	
317	1862.668	324.2199	14478.6670	14643.6660	
318	1866.876	345.7036	13299.0000	13494.3340	
319	1871.075	365.2062	11044.3330	11277.6670	
320	1875.266	356.3549	10761.0000	10993.3330	
321	1879.448	357.5661	12092.3330	12287.3330	
322	1883.620	354.4355	8895.0000	9150.6670	
323	1887.784	348.2375	7770.6660	8022.6670	
324	1891.940	321.2064	8528.0000	8738.3330	
325	1896.086	325.5844	10752.3330	10976.3330	
326	1900.223	326.1290	8261.0000	8517.3340	
327	1904.352	310.8409	11882.6660	12086.6670	
328	1908.471	279.5518	11620.0000	11750.6670	
329	1912.582	315.3686	10676.6660	10847.3330	
330	1916.684	322.2673	10994.3330	11162.3330	
331	1920.777	329.4161	9231.3330	9494.0000	
332	1924.861	333.2527	10511.0000	10662.3330	
333	1928.936	328.3754	11549.3330	11741.6660	
334	1933.002	325.5607	10362.0000	10549.0000	
335	1937.059	317.7250	8172.3340	8414.0000	
336	1941.107	306.8063	9376.6670	9546.6670	
337	1945.146	294.1792	10345.0000	10544.6660	
338	1949.176	289.3019	10518.6660	10662.3330	
339	1953.197	314.0910	8921.3340	9132.0000	
340	1957.209	400.8817	4559.3330	4861.6670	
341	1961.212	350.1490	5179.3335	5439.0000	
342	1965.206	340.7509	6120.3330	6361.3330	
343	1969.191	315.5271	5143.6665	5434.3335	
344	1973.167	303.8381	4069.3330	4311.3335	
345	1977.134	329.0594	2400.0000	2653.3333	
346	1981.092	332.3645	684.6666	1042.0000	
347	1985.041	322.2320	1906.0000	2207.0000	
348	1988.980	317.0576	2077.3333	2359.6667	
349	1992.911	322.4729	1076.3333	1426.3334	
350	1996.832	342.2913	212.3333	521.0000	
351	2000.744	341.3383	759.6667	1101.6666	
352	2004.647	336.6978	-9.3333	305.3333	
353	2008.541	337.8283	434.0000	775.6667	
354	2012.426	323.3128	-214.3333	91.0000	
355	2016.301	322.6932	382.6667	686.0000	
356	2020.168	323.8240	-328.0000	-13.3333	
357	2024.025	313.2373	393.0000	684.0000	
358	2027.873	308.9005	-274.0000	10.6667	
359	2031.712	310.8971	304.3333	589.0000	
360	2035.542	324.2266	-310.3333	-14.3333	
361	2039.362	343.8226	340.6667	651.3334	
362	2043.173	359.0851	-375.6667	-19.0000	
363	2046.975	354.1811	284.0000	592.0000	
364	2050.768	328.6298	-363.0000	-54.3333	
365	2054.551	311.3423	274.3333	545.6666	
366	2058.325	308.0547	-276.6667	20.6667	
367	2062.090	307.3506	327.3333	567.0000	
368	2065.846	302.4797	-300.0000	-3.6667	
369	2069.592	302.2755	249.0000	518.3334	
370	2073.329	309.7380	-243.3333	35.3333	
371	2077.056	337.8709	394.0000	697.0000	
372	2080.775	338.3496	-279.0000	8.0000	
373	2084.484	343.3728	237.0000	533.3334	
374	2088.183	344.3124	-227.0000	70.3333	
375	2091.873	342.4189	66.6667	373.0000	
376	2095.554	335.6088	-227.0000	55.0000	
377	2099.226	334.9648	313.0000	625.6667	
378	2102.887	332.6541	-91.6667	162.3333	
379	2106.540	324.3434	250.0000	556.3334	
380	2110.183	323.6991	-350.0000	-74.6667	
381	2113.817	324.7485	-630.0000	-348.0000	
382	2117.442	320.5061	-100.0000	198.0000	
383	2121.056	317.9929	299.6667	527.0000	
384	2124.662	314.6464	-478.3333	-200.0000	
385	2128.258	311.3279	207.0000	469.3333	
386	2131.844	314.3241	-340.3333	-65.3333	
387	2135.421	316.2369	186.0000	453.0000	
388	2138.989	329.0667	-244.0000	38.6667	
389	2142.547	326.9514	379.0000	665.3333	
390	2146.095	324.4195	-363.6667	-97.3333	
391	2149.635	323.2209	284.3333	576.0000	
392	2153.164	337.8491	-515.0000	-237.6667	
393	2156.684	339.8179	138.3333	414.6667	
394	2160.194	342.6617	-236.3333	58.6667	
395	2163.695	336.1721	393.6667	681.0000	
396	2167.186	328.5172	-230.6667	64.0000	
397	2170.668	308.5478	194.0000	450.3333	
398	2174.140	323.4117	-349.6667	-79.3333	
399	2177.603	328.2757	216.0000	501.6667	
400	2181.055	321.2230	-118.3333	136.6667	
401	2184.499	318.1286	500.3334	786.6667	
402	2187.932	318.9926	-261.0000	-22.3333	
403	2191.356	316.8982	44.3333	312.0000	
404	2194.770	317.7609	-307.6667	-52.3333	
405	2198.175	334.4796	328.0000	604.3333	
406	2201.570	331.8011	-331.3333	-33.3333	
407	2204.955	330.9484	302.0000	588.0000	
408	2208.331	338.0121	-260.0000	18.6667	
409	2211.697	362.1893	403.3333	725.6666	
410	2215.053	341.3667	-364.6667	-62.3333	
411	2218.399	302.2107	356.3333	620.3333	
412	2221.736	302.7219	-251.3333	14.0000	
413	2225.063	323.2820	382.6667	674.3333	
414	2228.380	322.3276	-519.6666	-257.3333	
415	2231.688	324.6856	216.6667	496.3333	
416	2234.985	323.7312	-520.3333	-265.3333	
417	2238.273	351.2767	265.3333	569.0000	
418	2241.552	335.0722	-370.3333	-63.0000	
419	2244.820	319.6178	111.0000	342.3333	
420	2248.078	313.4961	-289.6667	21.6667	
421	2251.327	315.0285	328.6667	574.3333	
422	2254.566	334.4776	-390.0000	-103.3333	
423	2257.795	345.0100	291.6667	587.3334	
424	2261.014	342.2093	-297.0000	-5.6667	
425	2264.223	329.5397	399.6667	665.0000	
426	2267.423	331.7034	9.6667	293.3333	
427	2270.612	307.3223	444.3334	710.0000	
428	2273.792	313.5687	-259.3333	-5.6667	
429	2276.962	323.2529	236.3333	520.3333	
430	2280.122	324.0205	-236.0000	42.0000	
431	2283.271	321.6005	440.0000	749.0000	
432	2286.411	320.4514	-293.6667	-27.3333	
433	2289.542	313.5731	274.0000	554.0000	
434	2292.662	328.2331	-273.3333	5.3333	
435	2295.772	330.9181	334.6667	614.0000	
436	2298.872	348.1039	-532.0000	-215.3333	
437	2301.962	346.5807	341.6667	612.3334	
438	2305.042	347.1408	-346.3333	-24.6667	
439	2308.113	323.7010	88.0000	359.0000	
440	2311.173	305.5945	-393.6667	-141.3333	
441	2314.223	307.4657	571.0000	788.3334	
442	2317.263	315.4202	67.6667	341.6667	
443	2320.293	330.7081	282.6667	553.3334	
444	2323.313	337.4134	-435.3333	-153.6667	
445	2326.323	333.3049	437.3333	713.3333	
446	2329.323	322.8631	-353.0000	-89.0000	
447	2332.313	327.8379	509.6666	748.6667	
448	2335.293	333.2595	-186.6667	100.3333	
449	2338.262	326.7749	128.6667	408.3333	
450	2341.222	313.2070	-190.0000	56.0000	
451	2344.172	319.8058	537.6667	813.3334	
452	2347.111	320.7371	-504.0000	-244.3333	
453	2350.040	317.0332	417.6667	720.3333	
454	2352.959	315.4126	-284.0000	-37.6667	
455	2355.868	327.9731	408.6667	676.0000	
456	2358.767	325.8730	-140.0000	142.6667	
457	2361.655	326.8826	627.0000	867.0000	
458	2364.534	336.3922	-117.3333	157.3333	
459	2367.402	329.6516	319.6667	625.3334	
460	2370.260	325.3284	80.0000	309.6667	
461	2373.107	320.6334	506.6667	764.3333	
462	2375.945	331.0634	-19.6667	233.6667	
463	2378.772	346.4935	605.3333	875.6666	
464	2381.589	340.6319	104.3333	392.6667	
465	2384.396	310.1036	326.0000	551.6666	
466	2387.192	345.5753	-214.0000	43.0000	
467	2389.979	349.7137	359.0000	616.0000	
468	2392.755	335.8516	-254.6667	-15.6667	
469	2395.520	308.1165	597.0000	812.0000	
470	2398.276	310.7628	200.6667	427.6666	
471	2401.021	306.9716	794.6667	1025.3334	
472	2403.755	295.5346	-478.0000	-273.6667	
473	2406.479	306.2417	325.3333	537.0000	
474	2409.194	311.1986	-282.0000	-37.3333	
475	2411.897	310.5723	625.6667	821.6666	
476	2414.591	328.2326	-167.6667	33.0000	
477	2417.273	336.0691	443.6667	639.3333	
478	2419.946	366.8223	-232.6667	6.6667	
479	2422.608	344.0754	342.0000	555.0000	
480	2425.260	333.3703	-183.6667	-1.0000	
481	2427.901	336.9567	395.3333	621.6667	
482	2430.532	311.5016	-337.0000	-142.6667	
483	2433.152	302.5047	285.6667	514.6667	
484	2435.762	298.0909	1270.3334	1299.3334	
485	2438.362	313.4364	443.3333	619.3333	
486	2440.951	345.9485	-507.0000	-344.6667	
487	2443.530	381.9191	281.3333	503.3333	
488	2446.098	361.8896	-304.6667	-106.3333	
489	2448.655	331.8490	175.3333	342.6667	
490	2451.202	300.3050	-363.3333	-213.0000	
491	2453.739	310.5315	509.3333	669.6667	
492	2456.265	320.3421	-203.3333	-30.0000	
493	2458.781	321.3418	482.3333	653.3333	
494	2461.286	327.4248	-421.0000	-266.0000	
495	2463.780	330.1745	385.3333	601.0000	
496	2466.264	330.0908	-224.3333	-66.0000	
497	2468.737	319.5905	515.6666	693.6666	
498	2471.200	320.7568	-260.3333	-109.6667	
499	2473.652	321.7565	585.6666	755.3334	
500	2476.094	317.4220	-128.6667	30.3333	
501	2478.525	318.1916	204.0000	329.0000	
502	2480.945	343.6279	-272.6667	-87.6667	
503	2483.354	349.7309	398.3333	589.3333	
504	2485.754	346.8339	-279.6667	-91.6667	
505	2488.142	325.6035	263.3333	430.0000	
506	2490.520	295.7066	-270.3333	-133.6667	
507	2492.887	301.8929	349.6667	476.6667	
508	2495.243	316.2459	-499.6666	-337.3333	
509	2497.589	326.3488	375.3333	520.3333	
510	2499.924	353.1185	-121.0000	72.6667	
511	2502.248	326.5548	109.3333	276.3333	
