resultName	muna11-228
resultName	muna11-228
ID	RS20201106090731_P19331194
Command	SCANANDSEARCH
User	Admin
Application	_Analyze
SerialNumber	P19331194
Power	280
Integration	900
Averages	3
AutoExposure	Off
AutoCollect	Off
QuickCollect	Off
AutoBackground	On
BaselineCorrection	On
Algorithm	Wavelet
Searched Library	All,None,None,None
MixtureComponents	2
matchThreshold	0.0
displayMatches	1
Threshold	0.80
WL Start	
WL End	
ServerVersion	3.180316
FirmwareVersion	
date	2020-11-06
time	09:07:31
scanindex	0
specpath	RS20201106090731_P19331194.xml
Search Range	200 - 2500
Synced	false
lastCalDateTime	2020-10-28 08:17:07
lastCalUser	Admin
lastCalResult	PASS
lastVerifyDateTime	2020-11-06 08:24:10
lastVerifyUser	Admin
lastVerifyResult	PASS
selectedMaterial	
result	No Match
ValidationGUID	
ValidationMatchQuality	
topMatch	
topMatchGUID	
topMatchQuality	
secondMatch	
secondMatchGUID	
secondMatchQuality	
thirdMatch	
thirdMatchGUID	
thirdMatchQuality	
fourthMatch	
fourthMatchGUID	
fourthMatchQuality	
fifthMatch	
fifthMatchGUID	
fifthMatchQuality	
signedBy	
signedDateTime	
softwareVer	1.7.0.21
memo	
batchID	
inBatch	false
batchUID	
batchCID1	
batchCIDlbl1	
batchCID2	
batchCIDlbl2	
batchCID3	
batchCIDlbl3	
batchCID4	
batchCIDlbl4	
batchCID5	
batchCIDlbl5	
signedTitle	
signedReason	
rescanned	
barcode	
topMatchContribs	
secondMatchContribs	
thirdMatchContribs	
fourthMatchContribs	
fifthMatchContribs	
ValidationMatchContribs	
Threat	
PrecursorList	
CompundName	
WindowStart4C	
MatchLibrary	
lastModified	2020/11/06 09:12
Signal2Noise	68.58
Detector TEC SetPoint	0x8000
Detector Temp	4.96
Laser Temp	25.37
OE1 Temp	32.66
OE2 Temp	37.00
Detector Gain	200
SaturationDetected	false
InterpolatedPixelList	
PeakList	 286.8	1298	338.8	1056	398.1	1006	481.0	976	649.6	3327	678.3	1624	751.4	1190	804.6	894	840.5	1127	959.7	994	1092.9	806	1141.5	1208	1208.1	966	1248.9	871	1336.6	1419	1369.0	1785	1457.4	7332	1598.8	932	1644.4	4835	1677.3	3485	1712.9	1406
index	Raman Shift (cm-1)	Y value (counts)	background (counts)	raw value (counts)
0	137.234	796.9280	12752.0000	16987.6660	
1	143.735	518.4147	13415.0000	17268.3340	
2	150.232	282.8996	14024.6660	17538.6660	
3	156.722	386.0513	14376.6670	17890.0000	
4	163.207	662.8692	14040.3340	17726.6660	
5	169.686	721.0200	15272.6680	18913.3320	
6	176.159	632.5087	14995.0000	18443.3340	
7	182.627	506.9915	15157.3340	18376.3320	
8	189.089	366.1443	14354.3340	17328.6660	
9	195.545	353.6292	15392.6680	18250.6660	
10	201.996	441.1159	15374.3340	18216.0000	
11	208.440	539.6007	16197.0000	19033.3320	
12	214.879	587.4204	15420.6670	18201.0000	
13	221.313	390.5411	16147.3330	18669.0000	
14	227.740	394.3025	16092.3340	18542.6660	
15	234.162	291.6267	16691.6680	19045.3340	
16	240.578	193.6188	14817.6660	17079.3340	
17	246.988	277.9410	15781.3340	18133.3340	
18	253.392	324.2652	14597.6660	17002.0000	
19	259.791	385.9212	15623.6660	18095.6660	
20	266.184	368.9116	14254.3340	16715.3340	
21	272.570	571.0830	15805.0000	18513.3340	
22	278.951	1190.2549	15435.0000	18807.6680	
23	285.327	1298.4264	15002.6660	18528.6680	
24	291.696	1215.9302	14428.3320	17917.0000	
25	298.059	1202.2538	14706.3330	18231.0000	
26	304.417	1146.9113	14257.6680	17776.6680	
27	310.768	832.5675	15368.0000	18622.3320	
28	317.114	756.7471	14068.3340	17316.0000	
29	323.454	983.9008	14343.0000	17745.6660	
30	329.788	949.0564	14032.6660	17328.3340	
31	336.116	1012.8763	14970.3340	18257.6680	
32	342.438	1055.6963	14298.3340	17556.3340	
33	348.754	528.5182	14533.6660	17192.3340	
34	355.064	130.6721	12529.3320	14718.0000	
35	361.368	53.4619	15027.6660	17047.6660	
36	367.666	192.3424	12974.6680	14882.3330	
37	373.958	347.7000	12721.6660	14942.0000	
38	380.244	987.2240	13250.3320	16091.0000	
39	386.524	737.0784	13721.3340	16292.6660	
40	392.798	537.2707	11382.0000	13734.3340	
41	399.066	1006.0330	12483.3340	15281.0000	
42	405.328	817.7963	11710.6670	14296.6660	
43	411.583	339.2276	8701.3330	10785.3330	
44	417.833	408.9908	9081.6670	11212.0000	
45	424.077	402.5637	10171.0000	12265.0000	
46	430.314	490.4703	7323.3330	9475.3340	
47	436.546	585.7079	5813.0000	8030.3330	
48	442.771	861.6131	4518.3335	6981.6660	
49	448.991	875.8563	7793.3330	10258.6660	
50	455.204	668.7726	5747.6665	7971.0000	
51	461.411	313.0219	4720.0000	6552.6670	
52	467.611	250.2707	4785.0000	6520.0000	
53	473.806	710.9756	6737.0000	8896.3340	
54	479.995	976.3464	4427.0000	6815.3340	
55	486.177	732.3831	2309.3333	4417.3330	
56	492.353	488.0829	4491.6665	6303.3340	
57	498.523	308.8066	5056.0000	6589.0000	
58	504.686	290.6145	5760.0000	7305.0000	
59	510.844	326.4222	3003.3333	4500.0000	
60	516.995	415.3135	3681.6665	5277.3335	
61	523.140	600.6856	5425.3335	7163.3340	
62	529.279	598.0571	3142.6665	4835.0000	
63	535.411	544.4282	4630.6670	6226.3330	
64	541.537	350.8009	3103.3333	4462.3335	
65	547.657	375.7559	4324.6665	5652.0000	
66	553.771	415.7943	7664.6670	9056.0000	
67	559.878	447.1662	8580.3330	9866.3330	
68	565.979	480.5381	6164.6665	7511.6665	
69	572.074	472.8817	4599.6665	5880.3335	
70	578.162	454.5945	2061.3335	3414.0000	
71	584.244	387.0386	1249.3333	2528.6667	
72	590.319	77.3987	2538.6667	3540.3330	
73	596.389	212.2378	4386.6665	5592.6670	
74	602.451	548.7421	6158.3330	7770.3330	
75	608.508	1049.2465	5866.6670	8048.6665	
76	614.558	1389.4185	5538.6665	8130.3330	
77	620.601	1706.7085	6759.6670	9697.0000	
78	626.639	1146.1709	5248.3330	7649.3330	
79	632.669	1579.9664	4605.0000	7464.0000	
80	638.694	2035.4290	4509.3330	7848.0000	
81	644.712	3249.5576	5667.6670	10244.6670	
82	650.723	3326.6863	4830.3335	9508.6670	
83	656.728	2146.8159	2719.6665	6242.3340	
84	662.727	1406.9442	2506.6665	5313.6670	
85	668.719	1199.3848	2707.6667	5281.3335	
86	674.704	1470.1594	1513.6666	4332.3335	
87	680.683	1624.2666	1930.0000	4877.0000	
88	686.655	897.7079	3498.0000	5692.6670	
89	692.621	396.1365	3520.6665	5179.0000	
90	698.581	433.8987	2024.0000	3685.3335	
91	704.534	431.3334	2933.6667	4774.0000	
92	710.480	392.3322	2852.0000	4412.3335	
93	716.420	213.1388	2818.6667	4209.0000	
94	722.353	264.9464	2704.3333	4155.6670	
95	728.279	697.4198	2982.6667	4875.6670	
96	734.199	1043.8928	2548.6665	4797.3330	
97	740.112	1020.0337	3796.6665	6030.6670	
98	746.019	1148.9760	3423.0000	5781.0000	
99	751.919	1190.2695	4636.6665	7057.0000	
100	757.813	1029.2292	3346.3335	5626.6665	
101	763.699	832.9791	4495.6665	6565.0000	
102	769.580	573.7282	3606.6670	5402.0000	
103	775.453	278.4777	3968.0000	5453.3330	
104	781.320	217.5607	3463.0000	4872.6665	
105	787.180	372.8979	4344.6670	5893.3335	
106	793.033	487.9018	4038.0000	5685.3330	
107	798.880	718.2396	4876.3335	6737.6670	
108	804.720	893.9098	3916.6667	5937.3330	
109	810.553	784.9493	4522.3335	6458.0000	
110	816.379	411.3214	3439.6670	5025.6665	
111	822.199	225.0277	4083.3335	5507.0000	
112	828.012	286.2343	3508.0000	5033.0000	
113	833.818	705.5763	4203.0000	6178.6670	
114	839.617	1127.2510	3591.3335	6020.0000	
115	845.410	664.5931	4079.0000	6076.3335	
116	851.195	561.0182	3629.3333	5391.6665	
117	856.974	533.4993	3962.6665	5969.3335	
118	862.746	532.3976	3716.0000	5650.0000	
119	868.512	538.1359	3733.6665	5673.6665	
120	874.270	433.6022	3008.3333	4819.0000	
121	880.022	386.5453	3108.0000	4854.0000	
122	885.766	411.8213	2850.6667	4604.3330	
123	891.504	595.4318	3188.6665	5108.3335	
124	897.235	681.3741	3009.6667	4997.6665	
125	902.959	545.2595	2740.6665	4570.6665	
126	908.676	307.1445	2220.0000	3790.0000	
127	914.386	410.0298	2877.0000	4528.0000	
128	920.090	465.5814	2003.6667	3688.3333	
129	925.786	431.8000	2711.6665	4340.6665	
130	931.475	452.6853	1821.0000	3449.0000	
131	937.158	320.2371	2196.3333	3670.0000	
132	942.833	411.0392	1691.3334	3115.0000	
133	948.502	524.2333	2077.3335	3722.3335	
134	954.163	812.7979	1405.6666	3319.6665	
135	959.818	993.6956	1774.3335	3849.6665	
136	965.465	704.5939	1487.0000	3253.6665	
137	971.106	556.2593	1676.3335	3199.0000	
138	976.739	558.9875	883.6666	2487.3333	
139	982.366	515.5281	1312.6666	2953.6667	
140	987.985	472.4448	1229.3334	2739.6667	
141	993.597	367.5638	1250.6667	2690.0000	
142	999.202	326.3496	960.3334	2392.3335	
143	1004.800	350.4688	1460.3334	2950.3335	
144	1010.392	454.2543	837.6667	2465.3335	
145	1015.975	442.0400	1250.0000	2899.3333	
146	1021.552	422.1592	1155.3333	2818.6667	
147	1027.122	423.9446	1404.6666	3103.6665	
148	1032.685	434.4807	1073.0000	2780.0000	
149	1038.240	382.2025	1439.6666	3123.3335	
150	1043.788	470.5074	1113.0000	2997.0000	
151	1049.329	458.1460	1430.6666	3330.0000	
152	1054.863	405.8683	840.6666	2713.0000	
153	1060.390	478.3800	1621.0000	3661.0000	
154	1065.910	416.8598	1394.6666	3438.6667	
155	1071.422	405.4781	1780.0000	3841.3335	
156	1076.927	599.4287	1535.6666	3819.6665	
157	1082.425	555.7781	2042.3333	4270.6670	
158	1087.916	510.4601	1228.0000	3399.0000	
159	1093.399	805.8089	2101.3333	4555.6665	
160	1098.875	685.4913	2023.0000	4345.0000	
161	1104.344	348.3929	2464.3333	4414.6670	
162	1109.806	346.5735	1987.6665	3898.0000	
163	1115.260	600.0876	2651.6667	4777.3335	
164	1120.707	841.6025	2080.3333	4409.3335	
165	1126.147	1164.3934	2716.6667	5311.6670	
166	1131.580	1061.1842	2312.3333	4747.3330	
167	1137.005	974.6432	3050.6665	5342.3335	
168	1142.422	1208.0996	2239.3335	4707.6665	
169	1147.833	1006.3271	3127.3330	5351.0000	
170	1153.236	651.8875	2862.6665	4689.0000	
171	1158.632	518.7810	3376.6665	5027.0000	
172	1164.020	360.6746	2888.6667	4338.0000	
173	1169.401	280.6484	3888.6665	5270.6665	
174	1174.775	277.6221	3436.3333	4828.0000	
175	1180.141	347.8777	4209.3330	5694.6665	
176	1185.500	428.2544	3738.0000	5452.6665	
177	1190.851	378.1313	4299.0000	5877.0000	
178	1196.195	397.5076	4088.0000	5773.3330	
179	1201.531	705.0515	4642.3335	6685.3335	
180	1206.860	965.5947	4126.3335	6480.0000	
181	1212.182	887.6433	4953.3335	7264.3330	
182	1217.496	723.7319	4611.6665	6780.0000	
183	1222.802	653.6536	5290.3335	7425.0000	
184	1228.101	665.5748	4915.3330	7098.3330	
185	1233.393	394.4462	5822.6665	7791.3335	
186	1238.677	474.0663	5570.0000	7508.0000	
187	1243.953	642.8536	6010.6670	8341.3330	
188	1249.222	870.7250	5682.0000	8297.3330	
189	1254.484	679.6511	6897.0000	9366.6670	
190	1259.737	366.9106	6402.6660	8605.0000	
191	1264.984	360.8367	7258.6660	9500.3340	
192	1270.222	468.4274	7070.0000	9464.6660	
193	1275.453	415.6870	7860.6670	10248.0000	
194	1280.677	397.6133	7309.6670	9724.3340	
195	1285.893	578.2049	8261.6670	10902.3330	
196	1291.101	594.3143	7694.6670	10418.3340	
197	1296.302	248.7750	8781.6660	11234.6670	
198	1301.495	202.9008	8282.0000	10764.0000	
199	1306.680	395.0277	9368.3330	12117.3340	
200	1311.858	704.4874	8957.6670	12091.0000	
201	1317.028	466.5094	9486.6660	12424.6660	
202	1322.190	323.8636	9351.6660	12189.6660	
203	1327.345	882.1849	9951.6670	13364.0000	
204	1332.492	1247.4413	9573.3340	13381.3340	
205	1337.631	1419.3942	10540.3340	14544.0000	
206	1342.762	927.0135	9744.6670	13279.6660	
207	1347.886	524.3010	10816.3340	13972.3340	
208	1353.002	434.2546	10074.6670	13164.3340	
209	1358.110	941.2075	11368.3340	14988.6670	
210	1363.211	1672.8287	10772.0000	15147.6680	
211	1368.304	1784.7806	11707.3330	16218.6660	
212	1373.389	1557.0675	11110.6670	15418.0000	
213	1378.466	1526.1342	12035.6670	16334.3340	
214	1383.535	1285.2007	11386.3330	15466.3340	
215	1388.597	537.9326	12429.0000	15784.0000	
216	1393.651	0.0000	11581.6670	14421.0000	
217	1398.696	5.0134	12546.3340	15396.0000	
218	1403.734	279.0561	11866.0000	14950.6660	
219	1408.765	710.0991	13029.6670	16506.3320	
220	1413.787	1339.8101	11996.0000	16063.3320	
221	1418.801	1911.2842	12988.6660	17592.3320	
222	1423.808	2354.7593	12285.6670	17297.6680	
223	1428.807	3214.9004	13138.6660	18975.6680	
224	1433.797	4443.9053	12505.0000	19505.6680	
225	1438.780	4975.6328	13399.3340	20866.0000	
226	1443.755	5566.6963	12660.0000	20652.0000	
227	1448.722	6191.4238	13633.3340	22184.3320	
228	1453.681	6813.1538	12573.6660	21680.6660	
229	1458.632	7331.9624	13728.6660	23217.3340	
230	1463.575	5420.1021	12662.3340	20102.0000	
231	1468.510	3322.5767	13478.0000	18683.0000	
232	1473.438	1934.0488	12471.0000	16150.3340	
233	1478.357	1162.6083	13243.6680	16032.3340	
234	1483.268	669.8363	12356.0010	14532.6660	
235	1488.171	514.7328	13329.6660	15232.0000	
236	1493.066	355.2943	12467.0000	14090.6680	
237	1497.953	312.7655	13630.6660	15132.0000	
238	1502.832	312.3737	12798.6660	14232.6680	
239	1507.703	257.9996	13210.3340	14534.6680	
240	1512.566	266.6266	10678.3330	11956.0000	
241	1517.421	308.2533	12459.3340	13718.0000	
242	1522.267	362.5477	13164.0000	14426.0000	
243	1527.106	418.8839	14696.0000	15953.6660	
244	1531.937	481.0736	13799.3320	15073.0000	
245	1536.759	472.8358	14916.3340	16166.3340	
246	1541.573	426.7794	13937.0000	15223.6660	
247	1546.379	361.0763	15097.6660	16348.6660	
248	1551.177	379.4589	14249.6660	15624.3330	
249	1555.967	343.6205	15446.3320	16901.6680	
250	1560.749	300.4418	14477.3340	16006.0000	
251	1565.522	281.6000	15514.3340	17140.6660	
252	1570.288	391.0931	15003.0000	16855.3340	
253	1575.045	443.0668	15632.0000	17721.3340	
254	1579.793	492.7089	14750.3340	17074.3340	
255	1584.534	650.0155	15582.6660	18249.0000	
256	1589.266	763.9882	14080.3330	17045.6660	
257	1593.991	865.9609	14464.3340	17716.6660	
258	1598.707	932.2676	13582.6660	17086.3320	
259	1603.414	835.7192	15365.6660	18986.6680	
260	1608.114	827.3716	14908.6670	18688.3320	
261	1612.805	1051.5820	15761.0000	19851.3320	
262	1617.488	1192.7930	15443.3340	19761.3340	
263	1622.162	1211.6685	15896.0000	20319.3320	
264	1626.828	1168.8784	14934.6680	19401.6660	
265	1631.486	1540.8516	15545.0000	20430.6660	
266	1636.136	2617.9111	14426.0000	20402.0000	
267	1640.777	4168.9697	15925.3320	23464.3340	
268	1645.410	4835.3564	14674.6660	22892.0000	
269	1650.034	3189.7324	15790.0000	22250.6660	
270	1654.650	1323.1104	14712.0000	19195.0000	
271	1659.258	679.8174	15858.6680	19587.3340	
272	1663.857	917.5293	15044.6660	18900.0000	
273	1668.448	1802.9053	16052.6660	20682.3320	
274	1673.031	2887.9473	14835.6660	20439.3320	
275	1677.605	3484.6572	15226.0000	21315.3320	
276	1682.170	2718.0391	14681.6660	19893.3340	
277	1686.728	1479.6587	15078.0000	18909.6660	
278	1691.276	553.2806	14576.0000	17339.6660	
279	1695.817	121.5687	15936.3340	18126.6660	
280	1700.348	129.0409	14396.6660	16478.3320	
281	1704.872	772.9481	14982.6660	17499.3340	
282	1709.386	1310.5184	13820.6680	16666.0000	
283	1713.893	1405.7577	15418.0000	18149.6660	
284	1718.391	953.3329	13968.3320	16038.6660	
285	1722.880	416.2274	14297.0000	15700.6660	
286	1727.361	261.4559	12468.6670	13588.0000	
287	1731.833	261.2270	14056.6660	15031.0000	
288	1736.296	242.6873	13694.3340	14561.3340	
289	1740.751	316.1525	13887.3320	14739.0000	
290	1745.198	354.9459	12233.3330	13035.0000	
291	1749.636	386.7392	14130.0000	14874.6660	
292	1754.065	464.8675	12941.0000	13675.0000	
293	1758.486	428.2463	13502.0000	14154.6660	
294	1762.898	468.0428	11300.0000	11936.0000	
295	1767.301	512.7556	12899.3340	13551.0000	
296	1771.696	550.6786	12866.0000	13516.6680	
297	1776.082	526.1184	12391.3330	13009.0000	
298	1780.460	520.1827	10604.3330	11217.3330	
299	1784.829	476.9148	11400.0000	11971.0000	
300	1789.189	450.4792	10546.0000	11081.6670	
301	1793.540	436.3158	11634.0000	12201.6660	
302	1797.883	439.8048	11703.3340	12212.3330	
303	1802.217	448.5438	12599.6680	13118.3320	
304	1806.542	444.4502	11682.6670	12197.3330	
305	1810.859	445.5232	11112.6670	11619.6670	
306	1815.167	431.7621	9903.0000	10342.0000	
307	1819.466	442.2513	10717.6670	11217.3330	
308	1823.756	477.0424	9783.3330	10275.6670	
309	1828.038	479.8874	11420.0000	11934.0000	
310	1832.311	468.7330	10257.6660	10741.0000	
311	1836.575	443.9109	10022.0000	10477.6670	
312	1840.830	459.0893	9328.3340	9796.3340	
313	1845.076	458.6889	10016.6670	10488.6670	
314	1849.314	454.7055	10618.3340	11039.6670	
315	1853.542	465.8886	10430.3340	10956.3340	
316	1857.762	466.3217	9501.3340	9970.3340	
317	1861.973	475.6255	9039.6670	9573.3340	
318	1866.176	482.9295	8132.6660	8572.6660	
319	1870.369	489.7336	7337.3340	7873.3330	
320	1874.553	472.3709	6626.6670	7097.6665	
321	1878.729	434.5089	7530.3335	7927.0000	
322	1882.895	422.3912	5711.6665	6132.0000	
323	1887.053	436.0679	5308.0000	5725.3335	
324	1891.202	454.4943	5348.6670	5809.6665	
325	1895.342	462.9222	6868.3330	7257.0000	
326	1899.473	466.0168	5418.3335	5886.6665	
327	1903.595	468.6112	7402.3340	7841.0000	
328	1907.708	456.7057	6838.6670	7262.3330	
329	1911.812	428.0336	6700.3330	7076.6660	
330	1915.907	458.9756	6466.6670	6872.3330	
331	1919.993	482.5854	6106.0000	6533.6670	
332	1924.070	458.8600	6173.3330	6575.6665	
333	1928.138	461.2000	7122.3330	7497.3330	
334	1932.197	472.8732	5956.3335	6380.3340	
335	1936.247	477.4632	5352.0000	5752.0000	
336	1940.288	481.8031	5631.6665	6063.3335	
337	1944.319	454.2261	6182.6670	6558.6670	
338	1948.342	456.1493	6067.0000	6420.3330	
339	1952.356	460.4892	5144.0000	5539.0000	
340	1956.361	461.2465	3039.3333	3409.3330	
341	1960.356	463.0466	3132.6670	3500.6667	
342	1964.343	463.8884	3646.0000	3970.3330	
343	1968.320	451.7838	3207.6665	3580.6665	
344	1972.288	450.2488	2146.6667	2523.3333	
345	1976.247	451.1956	1605.0000	1928.0000	
346	1980.197	454.9965	457.6667	826.3334	
347	1984.138	457.5266	1138.6667	1505.3334	
348	1988.069	455.9523	1056.3334	1406.0000	
349	1991.992	454.8362	836.0000	1192.6667	
350	1995.905	473.4318	-49.6667	301.0000	
351	1999.809	475.6656	537.0000	892.6666	
352	2003.704	477.3995	-185.6667	168.0000	
353	2007.589	477.2168	330.0000	680.0000	
354	2011.466	479.4506	-329.3333	42.3333	
355	2015.333	460.1012	277.6667	607.3334	
356	2019.191	437.3353	-406.6666	-102.0000	
357	2023.039	445.9089	302.0000	610.3333	
358	2026.879	462.1492	-382.3333	-60.6667	
359	2030.708	465.9728	221.3333	521.0000	
360	2034.529	470.8801	-407.6667	-58.6667	
361	2038.341	459.0915	241.3333	545.3333	
362	2042.143	460.2194	-413.3333	-111.0000	
363	2045.936	465.3474	198.3333	495.3333	
364	2049.719	454.5263	-455.0000	-143.6667	
365	2053.493	451.6352	194.6667	502.6667	
366	2057.258	452.9107	-337.0000	-26.0000	
367	2061.014	457.3528	198.0000	516.3333	
368	2064.760	467.1283	-362.0000	-31.0000	
369	2068.496	490.5705	165.3333	522.6667	
370	2072.224	459.6793	-341.0000	-11.6667	
371	2075.942	458.7896	328.0000	643.3333	
372	2079.650	467.6104	-346.6667	-35.3333	
373	2083.349	487.5285	171.3333	517.0000	
374	2087.039	475.0298	-295.3333	37.3333	
375	2090.719	440.5312	18.3333	316.0000	
376	2094.390	434.2825	-297.3333	-13.0000	
377	2098.051	441.2897	242.0000	576.0000	
378	2101.703	448.7136	-161.3333	86.3333	
379	2105.345	449.9708	179.6667	500.3333	
380	2108.978	457.3949	-446.6666	-137.6667	
381	2112.601	468.4642	-731.6666	-427.6667	
382	2116.215	485.5335	-174.3333	156.6667	
383	2119.819	481.6028	159.3333	483.3333	
384	2123.414	474.3387	-576.3333	-262.6667	
385	2126.999	440.1822	138.3333	397.0000	
386	2130.575	444.4076	-449.3333	-125.6667	
387	2134.141	456.0497	112.0000	386.0000	
388	2137.697	453.4415	-357.6667	-40.6667	
389	2141.244	452.7513	281.3333	573.0000	
390	2144.781	449.3109	-448.3333	-148.6667	
391	2148.309	450.1206	235.0000	504.3334	
392	2151.827	467.7713	-596.6666	-295.3333	
393	2155.336	466.6375	66.3333	359.3333	
394	2158.835	477.8370	-304.6667	-0.3333	
395	2162.324	494.7032	305.3333	627.6667	
396	2165.803	480.2364	-288.6667	20.3333	
397	2169.273	455.4239	152.3333	410.6667	
398	2172.733	448.1947	-450.0000	-137.0000	
399	2176.184	449.1321	181.3333	434.0000	
400	2179.625	451.3196	-184.3333	92.0000	
401	2183.056	467.9238	445.0000	737.0000	
402	2186.477	477.2779	-349.0000	-23.6667	
403	2189.889	474.2987	-33.6667	238.6667	
404	2193.291	475.2359	-391.3333	-79.3333	
405	2196.683	454.0826	229.6667	506.0000	
406	2200.065	423.2981	-381.3333	-119.0000	
407	2203.438	432.5176	228.3333	503.6667	
408	2206.801	451.8622	-349.0000	-40.0000	
409	2210.154	447.7087	320.0000	617.6667	
410	2213.497	463.4302	-417.6667	-99.3333	
411	2216.831	462.1933	289.3333	614.6667	
412	2220.154	458.0400	-348.3333	-28.3333	
413	2223.468	469.8737	324.3333	638.3333	
414	2226.772	473.4539	-627.6666	-301.6667	
415	2230.066	472.7009	143.3333	469.6667	
416	2233.351	470.2812	-617.3334	-292.3333	
417	2236.625	470.5074	194.0000	518.0000	
418	2239.889	473.0251	-501.3333	-186.3333	
419	2243.144	484.3554	1.0000	343.3333	
420	2246.389	479.2687	-356.6667	-18.3333	
421	2249.624	454.5780	275.3333	568.6666	
422	2252.848	450.5540	-469.0000	-123.0000	
423	2256.063	454.3635	243.3333	507.6667	
424	2259.268	457.5061	-371.0000	-61.3333	
425	2262.463	453.2355	222.3333	518.3333	
426	2265.649	458.7983	-84.0000	187.6667	
427	2268.824	452.7364	336.6667	666.0000	
428	2271.989	454.9546	-321.3333	-27.0000	
429	2275.144	468.2435	176.0000	496.0000	
430	2278.289	462.0949	-340.3333	-1.3333	
431	2281.424	444.4879	348.6667	650.6666	
432	2284.549	445.5268	-379.3333	-87.6667	
433	2287.665	450.8157	183.0000	506.6667	
434	2290.770	473.1465	-334.6667	-28.3333	
435	2293.865	471.4952	229.6667	564.3333	
436	2296.949	463.3428	-590.0000	-261.0000	
437	2300.024	458.9665	274.6667	605.0000	
438	2303.089	451.6942	-427.0000	-140.0000	
439	2306.144	462.2136	-2.6667	322.3333	
440	2309.188	463.5872	-536.6667	-208.3333	
441	2312.223	516.2552	346.0000	727.3334	
442	2315.247	497.9232	-217.6667	145.6667	
443	2318.261	435.5912	164.0000	465.3333	
444	2321.265	445.9258	-505.6667	-193.6667	
445	2324.259	456.7237	366.6667	686.0000	
446	2327.243	461.1885	-443.3333	-138.3333	
447	2330.216	465.7363	274.3333	611.0000	
448	2333.180	447.5134	-346.3333	-34.6667	
449	2336.133	431.4365	26.0000	316.0000	
450	2339.076	433.0261	-303.3333	-7.3333	
451	2342.009	439.0325	456.6667	723.3334	
452	2344.931	443.5390	-566.0000	-266.0000	
453	2347.843	443.1967	345.6667	641.6666	
454	2350.745	439.3128	-370.3333	-80.3333	
455	2353.637	455.8596	259.6667	538.0000	
456	2356.519	471.7779	-378.0000	-53.6667	
457	2359.390	489.3781	334.0000	630.0000	
458	2362.251	515.6451	-288.3333	72.3333	
459	2365.102	506.6618	205.6667	558.3333	
460	2367.942	464.5119	-109.0000	173.0000	
461	2370.772	469.9489	180.6667	514.6666	
462	2373.592	441.2191	-159.6667	117.6667	
463	2376.401	439.8227	375.3333	649.3333	
464	2379.200	444.5930	-293.0000	-10.3333	
465	2381.989	450.0298	165.0000	413.0000	
466	2384.767	460.3001	-294.6667	-20.0000	
467	2387.535	497.7370	269.6667	576.3333	
468	2390.292	490.1740	-499.6667	-206.0000	
469	2393.039	464.5371	292.0000	572.3333	
470	2395.776	436.6723	-208.3333	42.0000	
471	2398.502	439.8075	446.3333	689.3334	
472	2401.218	443.3179	-591.3333	-322.6667	
473	2403.923	445.6899	245.6667	489.0000	
474	2406.618	448.3535	-407.3333	-154.3333	
475	2409.303	450.2464	386.6667	629.3333	
476	2411.977	469.1038	-352.6667	-69.3333	
477	2414.640	472.5847	337.0000	571.0000	
478	2417.293	469.1489	-409.0000	-148.6667	
479	2419.936	464.9632	136.3333	394.6667	
480	2422.568	461.0274	-371.3333	-100.0000	
481	2425.189	453.0916	238.6667	457.6667	
482	2427.801	456.8225	-439.6667	-193.3333	
483	2430.401	465.5533	194.0000	422.3334	
484	2432.991	498.5346	1299.6667	1587.6666	
485	2435.570	469.9843	245.6667	501.3333	
486	2438.139	464.5174	-642.3333	-422.3333	
487	2440.697	468.3005	84.3333	349.3333	
488	2443.245	470.6665	-436.0000	-191.0000	
489	2445.782	470.3304	40.3333	272.3333	
490	2448.308	458.7469	-520.0000	-276.0000	
491	2450.824	461.8092	391.6667	621.6667	
492	2453.329	467.3106	-398.0000	-144.0000	
493	2455.823	456.4905	322.0000	544.6666	
494	2458.307	447.6706	-544.3333	-334.6667	
495	2460.780	440.6838	310.0000	488.3333	
496	2463.243	446.5305	-297.3333	-85.3333	
497	2465.694	450.7104	435.3333	629.3334	
498	2468.135	471.0571	-401.6667	-185.3333	
499	2470.566	469.8204	457.6667	699.0000	
500	2472.986	455.0820	-281.3333	-89.3333	
501	2475.395	459.9403	54.3333	237.6667	
502	2477.793	458.8192	-438.6667	-210.0000	
503	2480.180	457.2399	268.3333	448.6667	
504	2482.557	456.8481	-367.6667	-172.6667	
505	2484.923	449.9561	213.0000	376.3333	
506	2487.278	446.1477	-381.0000	-157.0000	
507	2489.622	446.9224	255.0000	404.6667	
508	2491.956	447.3222	-608.6666	-432.0000	
509	2494.279	448.7220	275.0000	453.6667	
510	2496.591	535.4969	-266.0000	-1.3333	
511	2498.892	442.6051	-18.0000	153.0000	
