resultName	chilca3-57
resultName	chilca3-57
ID	RS20200227094520_P19331194
Command	SCANANDSEARCH
User	Admin
Application	_Analyze
SerialNumber	P19331194
Power	280
Integration	900
Averages	3
AutoExposure	Off
AutoCollect	Off
QuickCollect	Off
AutoBackground	On
BaselineCorrection	On
Algorithm	Wavelet
Searched Library	All,None,None,None
MixtureComponents	2
matchThreshold	0.0
displayMatches	1
Threshold	0.80
WL Start	
WL End	
ServerVersion	3.180316
FirmwareVersion	
date	2020-02-27
time	09:45:20
scanindex	0
specpath	RS20200227094520_P19331194.xml
Search Range	200 - 2500
Synced	false
lastCalDateTime	2020-02-27 08:30:34
lastCalUser	Admin
lastCalResult	PASS
lastVerifyDateTime	2019-10-16 15:05:37
lastVerifyUser	Admin
lastVerifyResult	PASS
selectedMaterial	
result	No Match
ValidationGUID	
ValidationMatchQuality	
topMatch	
topMatchGUID	
topMatchQuality	
secondMatch	
secondMatchGUID	
secondMatchQuality	
thirdMatch	
thirdMatchGUID	
thirdMatchQuality	
fourthMatch	
fourthMatchGUID	
fourthMatchQuality	
fifthMatch	
fifthMatchGUID	
fifthMatchQuality	
signedBy	
signedDateTime	
softwareVer	1.7.0.21
memo	
batchID	
inBatch	false
batchUID	
batchCID1	
batchCIDlbl1	
batchCID2	
batchCIDlbl2	
batchCID3	
batchCIDlbl3	
batchCID4	
batchCIDlbl4	
batchCID5	
batchCIDlbl5	
signedTitle	
signedReason	
rescanned	
barcode	
topMatchContribs	
secondMatchContribs	
thirdMatchContribs	
fourthMatchContribs	
fifthMatchContribs	
ValidationMatchContribs	
Threat	
PrecursorList	
CompundName	
WindowStart4C	
MatchLibrary	
lastModified	2020/02/27 09:45
Signal2Noise	53.43
Detector TEC SetPoint	0x8000
Detector Temp	4.97
Laser Temp	25.37
OE1 Temp	30.22
OE2 Temp	34.00
Detector Gain	200
SaturationDetected	false
InterpolatedPixelList	
PeakList	 304.6	782	328.4	701	432.3	651	495.0	580	561.3	715	657.3	978	666.1	967	759.3	2279	797.7	892	846.9	580	1157.9	619	1226.8	531	1296.9	762	1377.2	1546	1440.1	5605	1564.9	1698	1645.3	4665	1676.1	3218
index	Raman Shift (cm-1)	Y value (counts)	background (counts)	raw value (counts)
0	137.455	297.7292	3433.0000	6684.0000	
1	143.948	304.1835	3608.6665	6752.3330	
2	150.436	154.9719	3864.0000	6744.6670	
3	156.918	183.4258	4065.0000	6860.3330	
4	163.394	166.5472	3641.3335	6306.0000	
5	169.865	230.0021	4306.3335	6920.6670	
6	176.330	263.1230	3978.0000	6511.6665	
7	182.790	216.5779	4135.6665	6509.0000	
8	189.244	242.3658	3700.0000	5985.3335	
9	195.693	228.4872	4257.0000	6414.6670	
10	202.136	237.9416	4090.0000	6143.3335	
11	208.573	151.7299	4650.3330	6503.6670	
12	215.005	243.1838	3986.0000	5817.0000	
13	221.431	139.9009	4509.3330	6186.3330	
14	227.851	89.8732	4370.3330	5936.0000	
15	234.266	123.3509	4745.6665	6348.3330	
16	240.675	111.8291	3860.3335	5455.0000	
17	247.078	147.9742	4322.6665	5957.0000	
18	253.476	221.7857	3867.3333	5579.0000	
19	259.868	286.9300	4285.0000	6065.3330	
20	266.254	299.0751	3441.6665	5237.6665	
21	272.635	141.8913	4414.3335	6072.6665	
22	279.009	72.7084	4109.0000	5717.6670	
23	285.378	176.1910	3989.0000	5720.6665	
24	291.742	459.0077	3552.6665	5586.6665	
25	298.099	745.9835	3752.0000	6100.6665	
26	304.451	781.6265	3373.0000	5785.0000	
27	310.797	686.2692	4166.6665	6511.0000	
28	317.137	517.6383	3450.6670	5667.0000	
29	323.471	536.6080	3614.3330	5811.6665	
30	329.800	701.2441	3153.6665	5477.6670	
31	336.122	426.8793	3904.6665	5916.3330	
32	342.439	297.5154	3503.6665	5348.0000	
33	348.750	261.4840	3704.6670	5475.0000	
34	355.055	229.1202	2821.0000	4521.0000	
35	361.354	225.1684	3807.6665	5453.3335	
36	367.648	330.7755	2956.0000	4669.0000	
37	373.935	139.3288	2928.3333	4425.6665	
38	380.216	12.5486	3164.3335	4510.6665	
39	386.492	146.4357	3376.0000	4832.0000	
40	392.762	237.3224	2561.3333	4084.0000	
41	399.025	297.5403	3155.0000	4719.3335	
42	405.283	22.4243	2749.6667	4020.3330	
43	411.535	62.6429	1825.3333	3117.6670	
44	417.781	135.8605	1861.0000	3208.0000	
45	424.020	504.6844	2366.3335	4084.0000	
46	430.254	651.1754	1287.0000	3153.0000	
47	436.482	591.3327	1168.6667	2976.6665	
48	442.704	472.4904	727.6667	2418.6667	
49	448.920	272.8981	1645.6667	3099.3335	
50	455.129	189.0958	844.0000	2303.6665	
51	461.333	161.8766	779.0000	2192.3335	
52	467.531	165.9909	759.6666	2179.3335	
53	473.722	155.1242	1241.6666	2650.3335	
54	479.908	238.8407	558.3333	2098.3333	
55	486.087	577.6408	211.6667	2101.3333	
56	492.260	509.4159	505.0000	2323.3335	
57	498.427	579.7379	933.3333	2798.3333	
58	504.588	263.7269	765.0000	2290.3335	
59	510.743	132.0489	512.0000	1882.0000	
60	516.892	231.1211	385.3333	1749.6667	
61	523.034	434.2264	925.0000	2536.3333	
62	529.171	296.0819	177.0000	1613.0000	
63	535.301	176.2707	857.0000	2136.0000	
64	541.425	180.7928	194.0000	1440.3334	
65	547.543	178.3149	920.3334	2127.0000	
66	553.655	280.8371	1530.6666	2802.6667	
67	559.760	715.0253	2014.3335	3683.3330	
68	565.859	642.2144	1011.3334	2570.3333	
69	571.952	251.0842	1021.0000	2163.3333	
70	578.039	141.3131	94.3333	1111.3334	
71	584.119	159.6717	318.3333	1339.0000	
72	590.193	167.8845	155.6667	1224.3334	
73	596.261	151.2892	980.6666	1974.6667	
74	602.323	149.5479	1222.0000	2210.6667	
75	608.378	150.2651	1320.6666	2188.3333	
76	614.427	166.3989	1261.3334	2259.6667	
77	620.469	281.1476	1684.3333	2911.3333	
78	626.505	276.9775	1224.6667	2282.3333	
79	632.535	320.5573	1191.3333	2349.3333	
80	638.559	538.0538	1000.0000	2379.6667	
81	644.576	709.8835	1767.3333	3323.0000	
82	650.587	805.3802	1095.3333	2750.6667	
83	656.591	977.8766	562.3333	2394.3333	
84	662.589	788.7064	450.3333	2097.3333	
85	668.581	967.0106	634.6667	2426.6667	
86	674.566	485.6485	-1.6667	1275.6666	
87	680.544	394.2860	600.3334	1753.0000	
88	686.517	286.2568	909.6667	1921.0000	
89	692.483	287.8273	1254.6666	2258.3333	
90	698.442	276.6065	392.3333	1459.6666	
91	704.395	233.7991	853.0000	1821.6667	
92	710.341	168.3033	689.0000	1574.6665	
93	716.281	108.1083	763.6667	1714.3333	
94	722.214	46.2469	700.0000	1517.0000	
95	728.141	52.5522	872.3334	1847.6665	
96	734.061	164.6906	633.3333	1782.6665	
97	739.975	114.8292	1318.6667	2480.0000	
98	745.882	335.9574	1033.6666	2467.3333	
99	751.783	1076.8496	1863.3333	4100.3335	
100	757.677	2279.4082	907.3334	4409.3335	
101	763.564	2053.6394	1746.3333	5047.6665	
102	769.445	714.5374	1070.3333	3057.6665	
103	775.319	452.1020	1495.6666	3245.6665	
104	781.187	632.0003	1162.6667	3117.6667	
105	787.048	738.6196	1860.6665	3932.0000	
106	792.902	716.2385	1619.6667	3678.3335	
107	798.750	891.5236	2226.6667	4470.3330	
108	804.591	813.4762	1538.3333	3713.6665	
109	810.425	380.4109	2036.6667	3771.6670	
110	816.253	31.6786	1306.0000	2685.0000	
111	822.074	50.6128	1877.0000	3267.6665	
112	827.888	88.5173	1406.6667	2813.0000	
113	833.695	99.1096	2008.3334	3350.6665	
114	839.496	269.6188	1527.3334	3120.3335	
115	845.290	579.8774	2011.0000	3903.6665	
116	851.078	381.1363	1697.0000	3380.3333	
117	856.858	267.7864	2031.3333	3607.0000	
118	862.632	134.4358	1903.6667	3351.6665	
119	868.399	193.2720	1982.3335	3483.3330	
120	874.159	248.2539	1409.3334	2972.6665	
121	879.913	428.7469	1706.3334	3447.6670	
122	885.659	394.9058	1447.3333	3152.3333	
123	891.399	475.3986	1880.3333	3663.3335	
124	897.132	206.2242	1727.6667	3239.0000	
125	902.858	89.8635	1550.6667	2946.6667	
126	908.577	195.8360	1172.3334	2675.3333	
127	914.290	274.8088	1844.0000	3427.0000	
128	919.995	402.4483	1050.6666	2762.3335	
129	925.694	320.0873	1724.6667	3355.0000	
130	931.385	195.3935	963.0000	2469.6667	
131	937.070	121.0326	1458.0000	2891.3333	
132	942.748	271.3388	1063.0000	2647.6667	
133	948.419	289.0190	1439.6666	3050.6665	
134	954.083	408.4201	838.0000	2563.6665	
135	959.740	378.4881	1273.6666	2964.6667	
136	965.390	100.2224	1061.3334	2469.3333	
137	971.033	178.9901	1209.0000	2687.3335	
138	976.669	262.0905	477.3333	2030.3333	
139	982.299	211.5247	955.0000	2449.0000	
140	987.921	158.2048	941.0000	2361.6667	
141	993.536	241.5188	989.0000	2492.3333	
142	999.144	256.4997	658.0000	2175.6667	
143	1004.745	247.8136	1211.6667	2720.0000	
144	1010.339	319.4610	634.6667	2214.0000	
145	1015.926	331.7751	1040.3334	2631.3333	
146	1021.506	226.3393	944.6667	2390.3333	
147	1027.078	226.9867	1138.6667	2591.3333	
148	1032.644	193.0508	766.0000	2230.3335	
149	1038.203	190.5266	1085.0000	2523.6667	
150	1043.754	169.6690	712.3333	2121.0000	
151	1049.298	171.7281	998.0000	2370.3333	
152	1054.836	196.2044	354.0000	1797.6667	
153	1060.366	201.3764	1065.6666	2447.3333	
154	1065.889	249.1702	769.0000	2239.0000	
155	1071.404	365.2089	1084.3334	2663.6667	
156	1076.913	487.2476	794.6666	2489.3335	
157	1082.414	473.7475	1208.3334	2884.3333	
158	1087.908	303.5813	480.6667	1981.3335	
159	1093.395	129.7479	1178.3334	2500.0000	
160	1098.875	240.5815	1034.0000	2461.3333	
161	1104.348	310.9664	1386.0000	2869.0000	
162	1109.813	237.9160	918.0000	2331.0000	
163	1115.271	221.1991	1493.6666	2893.0000	
164	1120.721	161.8155	964.6666	2266.0000	
165	1126.165	149.7081	1444.6666	2797.0000	
166	1131.601	146.7673	1021.6666	2340.6667	
167	1137.030	172.6601	1622.6665	2985.3335	
168	1142.452	236.3848	837.0000	2266.3333	
169	1147.866	410.9138	1502.3334	3121.3335	
170	1153.273	516.7758	1220.0000	2960.0000	
171	1158.672	619.3044	1620.0000	3477.6665	
172	1164.064	426.5000	1163.0000	2843.0000	
173	1169.449	297.3463	1999.6667	3565.0000	
174	1174.827	137.8593	1503.0000	2923.3333	
175	1180.197	151.2640	2094.3333	3554.3335	
176	1185.560	172.7079	1662.0000	3153.3330	
177	1190.915	142.4025	2038.0000	3473.6665	
178	1196.263	158.2637	1816.0000	3312.6665	
179	1201.603	353.7083	2194.0000	3896.0000	
180	1206.936	429.8194	1658.0000	3446.0000	
181	1212.262	463.4520	2272.6667	4104.3335	
182	1217.580	476.4900	1933.0000	3776.0000	
183	1222.891	524.7914	2373.6667	4278.0000	
184	1228.194	531.4277	2019.6665	3943.6665	
185	1233.489	400.0900	2633.0000	4444.3335	
186	1238.778	252.7521	2335.3333	4018.0000	
187	1244.058	169.7472	2641.0000	4259.3330	
188	1249.331	156.7429	2329.3333	3953.3335	
189	1254.597	189.5058	3184.3335	4883.6665	
190	1259.855	85.2696	2684.3335	4322.0000	
191	1265.106	195.6997	3225.3335	5016.0000	
192	1270.349	298.4629	3009.0000	4945.0000	
193	1275.584	313.2266	3529.3335	5522.6670	
194	1280.812	255.3230	2925.6667	4903.6665	
195	1286.032	477.0870	3600.0000	5842.3335	
196	1291.244	751.6887	3007.3333	5580.0000	
197	1296.449	762.3613	3758.0000	6344.6660	
198	1301.647	679.3684	3342.3335	5849.3335	
199	1306.836	643.7083	4040.6665	6515.3330	
200	1312.018	626.7139	3658.0000	6119.0000	
201	1317.193	204.2421	3872.6665	5888.3335	
202	1322.359	101.4362	3762.6667	5652.6670	
203	1327.518	338.6702	4149.6670	6240.3335	
204	1332.670	443.2080	3752.3335	5930.6670	
205	1337.813	276.8484	4410.6665	6421.6670	
206	1342.949	166.1550	3690.6665	5590.0000	
207	1348.077	19.1279	4479.6670	6231.0000	
208	1353.198	121.7686	3859.0000	5712.0000	
209	1358.311	224.7415	4783.3335	6738.3330	
210	1363.415	551.0496	4227.0000	6507.3340	
211	1368.513	1142.3555	4781.6665	7652.3330	
212	1373.602	1450.6630	4268.3330	7446.3335	
213	1378.684	1546.1732	4885.6665	8172.3335	
214	1383.757	1157.0164	4454.6665	7365.3330	
215	1388.823	443.5271	5155.3335	7365.6670	
216	1393.881	80.7053	4391.0000	6251.6670	
217	1398.932	0.0000	5088.0000	6869.3330	
218	1403.974	42.3652	4557.6670	6354.3330	
219	1409.009	246.0632	5431.3335	7404.6660	
220	1414.036	728.4294	4610.6670	7039.3330	
221	1419.054	1205.3928	5170.6665	8056.6670	
222	1424.065	1690.3558	4667.6670	8019.0000	
223	1429.068	3085.6516	5212.6670	9939.6670	
224	1434.064	5039.8838	4766.0000	11410.3330	
225	1439.051	5605.3838	5259.6670	12432.6660	
226	1444.030	5569.2183	4700.6665	11800.6670	
227	1449.001	5520.3867	5383.3335	12397.6680	
228	1453.965	4991.2183	4597.6665	11046.0000	
229	1458.920	4233.0024	5428.3330	11023.6670	
230	1463.868	3301.4504	4613.6670	9182.6660	
231	1468.807	2525.2356	5252.0000	8950.0000	
232	1473.739	1591.6848	4527.3335	7197.0000	
233	1478.662	894.0984	5099.3335	6987.0000	
234	1483.578	432.1780	4420.6670	5762.0000	
235	1488.485	260.5920	5123.6665	6209.0000	
236	1493.385	141.6716	4460.0000	5342.0000	
237	1498.276	81.0244	5305.3335	6069.3330	
238	1503.159	92.5413	4593.6665	5319.3335	
239	1508.035	124.7596	5163.3335	5881.6665	
240	1512.902	137.3121	3701.3333	4392.6665	
241	1517.761	90.5312	4658.0000	5263.0000	
242	1522.612	82.0840	4800.3335	5357.3335	
243	1527.454	119.6367	5729.6665	6284.6670	
244	1532.289	160.0221	5025.3335	5574.0000	
245	1537.116	169.5364	5791.3330	6333.6670	
246	1541.934	178.1941	5033.0000	5637.6670	
247	1546.745	238.8528	5772.6670	6471.3340	
248	1551.547	300.1768	5142.3330	5935.6665	
249	1556.341	652.5046	5954.0000	7170.3330	
250	1561.126	1351.5012	5249.3335	7235.3340	
251	1565.904	1698.1621	5807.3335	8210.6670	
252	1570.673	914.4910	5541.3335	7231.6670	
253	1575.434	362.8269	5917.0000	7120.3330	
254	1580.187	136.8311	5290.0000	6332.0000	
255	1584.932	102.5000	5936.0000	7008.3330	
256	1589.668	77.1700	5027.6670	6105.9995	
257	1594.396	12.5067	5523.0000	6583.3330	
258	1599.116	71.8433	4809.6665	6045.3335	
259	1603.828	251.4903	5746.0000	7246.6670	
260	1608.531	625.0284	5490.3330	7407.6670	
261	1613.226	918.3832	5978.3330	8246.0000	
262	1617.912	1011.7395	5912.6665	8330.6670	
263	1622.591	1207.0941	6113.6665	8784.0000	
264	1627.261	1850.7836	5427.3335	8798.3340	
265	1631.922	2821.4063	5841.6670	10214.3330	
266	1636.576	3601.0898	5004.3335	10165.6670	
267	1641.220	4055.5977	6162.0000	11785.6670	
268	1645.857	4665.1050	5165.0000	11406.0000	
269	1650.485	3705.9360	6003.6665	11211.6660	
270	1655.105	2739.7693	5186.6665	9354.6670	
271	1659.716	2461.9343	5907.0000	9723.3340	
272	1664.319	2365.4319	5417.0000	9063.0000	
273	1668.913	2698.9294	6163.6670	10069.3330	
274	1673.499	3048.7610	5249.0000	9430.6660	
275	1678.077	3218.2610	5391.6665	9669.0000	
276	1682.646	1914.0924	5306.3335	8205.6670	
277	1687.206	761.8503	5377.3330	7031.0000	
278	1691.759	260.6087	5085.6670	6144.6670	
279	1696.302	129.3650	6099.6670	6934.0000	
280	1700.837	61.1702	5051.0000	5737.0000	
281	1705.364	74.3552	5605.6665	6210.6665	
282	1709.882	115.5408	4568.3330	5120.3330	
283	1714.391	145.3914	5831.0000	6318.6670	
284	1718.892	200.2433	4869.6665	5318.0000	
285	1723.385	190.6617	5572.0000	5986.3330	
286	1727.868	220.9143	4015.0000	4429.3335	
287	1732.344	209.1641	5098.0000	5455.0000	
288	1736.810	166.4285	4919.0000	5222.3335	
289	1741.268	198.0259	5200.6665	5524.6665	
290	1745.717	230.6233	3917.3335	4263.0000	
291	1750.158	226.9711	5309.0000	5655.6665	
292	1754.590	200.8190	4551.0000	4845.0000	
293	1759.014	257.4016	5117.0000	5455.0000	
294	1763.428	289.3176	3447.3330	3804.6665	
295	1767.835	268.2331	4469.0000	4792.6665	
296	1772.232	280.4834	4725.3330	5048.6670	
297	1776.621	262.1906	4540.6670	4836.0000	
298	1781.001	258.9815	3341.3335	3650.6667	
299	1785.372	252.5228	4013.6665	4318.6670	
300	1789.735	235.3129	3240.6667	3531.6665	
301	1794.089	191.6918	3957.0000	4214.0000	
302	1798.434	185.4366	4105.3335	4328.6670	
303	1802.770	193.2648	4705.3330	4968.3335	
304	1807.098	200.0928	4444.3335	4676.6665	
305	1811.416	223.0045	3931.6665	4192.6670	
306	1815.726	238.4991	3244.3330	3514.0000	
307	1820.027	220.6602	3927.0000	4172.0000	
308	1824.320	223.0952	3077.6665	3307.3333	
309	1828.603	215.5830	4299.0000	4521.0000	
310	1832.878	226.3210	3702.0000	3923.6665	
311	1837.144	250.8923	3462.3335	3719.3335	
312	1841.401	239.7135	3093.3335	3358.6665	
313	1845.649	226.4484	3319.0000	3540.6665	
314	1849.889	219.6834	3964.3330	4203.0000	
315	1854.119	220.8351	3862.6670	4084.3330	
316	1858.340	224.8411	3238.0000	3494.0000	
317	1862.553	220.7972	3150.3335	3394.3330	
318	1866.757	222.2326	2836.0000	3071.0000	
319	1870.951	245.1889	2389.0000	2670.0000	
320	1875.137	256.9784	1722.6667	2033.0000	
321	1879.314	257.4345	2726.0000	3022.3333	
322	1883.482	241.6877	1559.6666	1859.3334	
323	1887.641	239.2583	1448.6666	1747.6665	
324	1891.791	228.4957	1300.6666	1589.0000	
325	1895.932	225.2507	2469.3333	2746.0000	
326	1900.064	230.4225	1186.0000	1471.3334	
327	1904.187	225.0106	2570.6667	2840.0000	
328	1908.300	201.8493	2148.6667	2375.6667	
329	1912.405	214.3954	2193.0000	2456.0000	
330	1916.501	217.4533	2192.0000	2396.6667	
331	1920.588	216.1362	1805.3334	2050.6667	
332	1924.666	219.1940	1761.0000	1998.0000	
333	1928.734	225.8705	2645.3333	2886.3335	
334	1932.794	232.5468	1992.3333	2242.3335	
335	1936.844	240.2227	1687.3333	1992.3333	
336	1940.885	235.6490	1619.6667	1844.0000	
337	1944.917	233.3253	1933.6667	2194.3333	
338	1948.940	214.2516	2066.3333	2307.3333	
339	1952.954	220.1778	2023.3333	2236.3333	
340	1956.959	243.6042	648.3333	923.3334	
341	1960.955	234.9290	893.0000	1161.0000	
342	1964.941	214.9206	1060.3333	1310.0000	
343	1968.918	208.5072	935.6667	1192.0000	
344	1972.886	249.2420	327.3333	627.6667	
345	1976.845	248.6925	508.3333	812.6666	
346	1980.794	238.6431	-258.3333	65.3333	
347	1984.735	214.2604	173.6667	452.6667	
348	1988.666	219.0444	-0.3333	288.0000	
349	1992.588	221.7540	394.0000	708.0000	
350	1996.500	228.3072	-349.6667	-61.6667	
351	2000.404	228.0502	324.3333	619.6667	
352	2004.298	233.2097	-406.3333	-91.6667	
353	2008.182	230.7860	254.0000	550.6667	
354	2012.058	233.5706	-412.6667	-94.6667	
355	2015.924	231.1469	231.0000	549.6667	
356	2019.781	228.6814	-462.0000	-186.6667	
357	2023.628	248.0986	243.0000	571.0000	
358	2027.466	246.1825	-443.3333	-120.0000	
359	2031.295	231.5998	190.3333	496.3333	
360	2035.114	225.3507	-446.0000	-149.0000	
361	2038.924	229.2964	225.3333	509.3333	
362	2042.725	235.0752	-479.3333	-158.3333	
363	2046.516	242.6875	163.3333	441.6667	
364	2050.298	237.0162	-485.3333	-188.6667	
365	2054.070	231.1810	154.6667	445.6666	
366	2057.833	212.0959	-403.3333	-131.3333	
367	2061.586	172.0107	231.6667	463.6666	
368	2065.330	228.2589	-394.6667	-106.3333	
369	2069.065	239.8405	143.0000	443.0000	
370	2072.790	235.8386	-356.3333	-27.0000	
371	2076.505	227.0182	326.6667	602.6667	
372	2080.211	229.0011	-392.0000	-113.0000	
373	2083.908	234.5999	168.3333	452.3333	
374	2087.595	232.6987	-303.3333	-8.0000	
375	2091.272	226.9642	7.3333	261.3333	
376	2094.940	227.5629	-324.0000	-31.3333	
377	2098.599	224.7982	259.0000	509.6667	
378	2102.248	219.1169	-177.6667	120.0000	
379	2105.887	219.2689	173.0000	421.0000	
380	2109.516	222.3372	-468.0000	-198.6667	
381	2113.136	225.9147	-726.0000	-455.3333	
382	2116.747	243.1588	-180.3333	117.6667	
383	2120.348	244.1529	190.6667	460.3334	
384	2123.939	238.6470	-627.6667	-323.3333	
385	2127.521	218.4612	87.0000	352.6667	
386	2131.093	222.9498	-456.3333	-189.3333	
387	2134.655	244.1052	75.0000	360.0000	
388	2138.207	243.5942	-442.3333	-122.3333	
389	2141.750	217.3637	288.6667	542.0000	
390	2145.283	193.7999	-436.6667	-208.6667	
391	2148.807	212.2360	211.3333	456.0000	
392	2152.321	230.9219	-628.0000	-366.6667	
393	2155.825	231.0375	63.0000	272.6667	
394	2159.319	229.2783	-296.3333	-10.6667	
395	2162.804	226.5189	322.3333	570.6667	
396	2166.279	227.0717	-318.3333	-73.0000	
397	2169.744	229.8410	121.6667	358.3333	
398	2173.199	235.0268	-442.0000	-155.0000	
399	2176.644	233.6502	152.6667	399.0000	
400	2180.080	226.2945	-203.6667	41.3333	
401	2183.506	231.5013	417.0000	682.0000	
402	2186.922	230.1247	-387.0000	-125.6667	
403	2190.328	230.9980	-39.6667	211.6667	
404	2193.725	241.7052	-407.6667	-132.3333	
405	2197.111	266.5724	177.6667	477.6666	
406	2200.488	242.9018	-440.0000	-152.3333	
407	2203.854	201.1624	202.6667	448.0000	
408	2207.211	203.7560	-382.3333	-135.0000	
409	2210.558	217.2588	300.6667	581.6667	
410	2213.896	220.4698	-416.0000	-167.6667	
411	2217.223	220.4725	277.0000	543.6667	
412	2220.540	223.0165	-379.6667	-116.3333	
413	2223.847	232.9808	327.3333	604.6666	
414	2227.145	230.8503	-606.3333	-347.3333	
415	2230.432	231.8033	151.6667	422.3333	
416	2233.709	247.3811	-650.0000	-338.6667	
417	2236.977	244.1673	194.3333	463.6667	
418	2240.234	236.6202	-582.6666	-254.0000	
419	2243.482	218.9482	-29.3333	237.0000	
420	2246.719	223.8180	-383.3333	-126.3333	
421	2249.946	247.0245	231.3333	527.0000	
422	2253.164	226.5643	-452.3333	-178.0000	
423	2256.371	217.5208	234.0000	486.3333	
424	2259.568	221.8941	-403.3333	-109.3333	
425	2262.755	225.2712	204.6667	441.6667	
426	2265.933	226.9817	-172.3333	116.0000	
427	2269.100	215.4503	339.3333	598.3333	
428	2272.256	221.7460	-330.3333	-77.3333	
429	2275.403	227.9801	170.3333	476.6667	
430	2278.540	235.2975	-354.6667	-81.3333	
431	2281.667	234.6982	315.3333	601.6666	
432	2284.783	231.0991	-422.6667	-138.0000	
433	2287.889	188.4998	189.3333	432.0000	
434	2290.985	220.7253	-404.6666	-140.6667	
435	2294.071	238.3848	177.6667	458.6667	
436	2297.147	237.8770	-616.3334	-339.3333	
437	2300.212	242.8343	225.0000	556.6666	
438	2303.267	241.6249	-457.0000	-195.0000	
439	2306.312	232.9155	-50.6667	232.0000	
440	2309.347	227.2686	-596.0000	-306.3333	
441	2312.372	213.2880	363.6667	626.3333	
442	2315.386	220.9533	-262.0000	-31.3333	
443	2318.390	251.7852	114.6667	416.3333	
444	2321.384	237.2009	-517.6667	-230.3333	
445	2324.368	228.8303	375.6667	626.6667	
446	2327.341	231.4597	-534.0000	-244.6667	
447	2330.304	217.3392	183.0000	460.6667	
448	2333.256	189.1444	-418.0000	-177.6667	
449	2336.199	195.0932	-2.6667	241.3333	
450	2339.131	228.7922	-402.0000	-108.6667	
451	2342.052	234.3243	409.3333	667.0000	
452	2344.963	236.6061	-595.3334	-288.6667	
453	2347.864	239.6298	335.6667	595.3333	
454	2350.755	238.3201	-458.0000	-174.3333	
455	2353.635	247.7079	165.6667	447.6667	
456	2356.505	237.5110	-494.3333	-236.6667	
457	2359.364	238.8395	223.3333	519.6667	
458	2362.213	220.4178	-310.6667	-58.3333	
459	2365.051	204.0797	186.6667	421.3333	
460	2367.879	227.4075	-243.0000	13.6667	
461	2370.697	245.8568	112.6667	384.0000	
462	2373.504	227.7227	-291.3333	-19.6667	
463	2376.300	219.1718	325.6667	522.6667	
464	2379.086	222.9545	-390.6667	-133.0000	
465	2381.862	233.9036	81.6667	352.6667	
466	2384.627	206.7696	-344.0000	-130.6667	
467	2387.382	232.2188	235.0000	470.0000	
468	2390.125	240.4185	-555.6667	-290.3333	
469	2392.859	232.6750	201.3333	422.6667	
470	2395.582	234.2034	-312.6667	-76.6667	
471	2398.294	236.7108	352.6667	584.6667	
472	2400.996	240.9891	-640.3333	-386.0000	
473	2403.687	238.8109	243.0000	456.3333	
474	2406.368	232.2787	-464.0000	-213.3333	
475	2409.038	221.2464	347.6667	546.0000	
476	2411.697	218.0706	-366.0000	-149.0000	
477	2414.346	185.8677	327.6667	485.6667	
478	2416.984	207.6648	-436.3333	-255.0000	
479	2419.612	251.1284	70.3333	296.6667	
480	2422.228	221.5923	-417.0000	-218.6667	
481	2424.834	235.2852	224.0000	414.6667	
482	2427.430	256.6864	-472.6667	-279.3333	
483	2430.015	255.4835	172.3333	362.3333	
484	2432.589	253.9467	955.6667	1327.6666	
485	2435.152	211.6343	243.0000	435.0000	
486	2437.705	216.5720	-694.0000	-513.0000	
487	2440.247	219.0930	58.0000	273.0000	
488	2442.778	216.8638	-437.6667	-248.0000	
489	2445.298	218.9836	37.0000	208.3333	
490	2447.808	221.2568	-542.6667	-343.3333	
491	2450.306	232.6042	346.6667	554.0000	
492	2452.794	243.2849	-423.3333	-208.6667	
493	2455.272	244.7855	266.0000	478.6666	
494	2457.738	236.9527	-572.3333	-371.0000	
495	2460.194	208.2865	256.3333	420.0000	
496	2462.638	205.7870	-327.3333	-159.6667	
497	2465.073	212.4542	418.0000	562.0000	
498	2467.496	226.9548	-430.0000	-252.6667	
499	2469.908	229.4553	424.0000	600.3333	
500	2472.309	228.4559	-343.6667	-190.3333	
501	2474.699	230.9385	-14.6667	171.0000	
502	2477.079	230.5043	-459.0000	-287.0000	
503	2479.448	243.3203	227.6667	415.6667	
504	2481.805	232.0528	-412.6667	-201.3333	
505	2484.152	199.7854	169.6667	315.0000	
506	2486.488	218.0180	-377.6667	-213.6667	
507	2488.813	229.5005	208.6667	402.3333	
508	2491.127	229.0665	-636.3333	-464.6666	
509	2493.430	227.0490	219.0000	379.6667	
510	2495.722	256.6149	-295.3333	-91.0000	
511	2498.003	212.5141	-70.3333	90.3333	
