resultName	muna15-110
resultName	muna15-110
ID	RS20200904154635_P19331194
Command	SCANANDSEARCH
User	Admin
Application	_Analyze
SerialNumber	P19331194
Power	280
Integration	900
Averages	3
AutoExposure	Off
AutoCollect	Off
QuickCollect	Off
AutoBackground	On
BaselineCorrection	On
Algorithm	Wavelet
Searched Library	All,None,None,None
MixtureComponents	2
matchThreshold	0.0
displayMatches	1
Threshold	0.80
WL Start	
WL End	
ServerVersion	3.180316
FirmwareVersion	
date	2020-09-04
time	15:46:35
scanindex	0
specpath	RS20200904154635_P19331194.xml
Search Range	200 - 2500
Synced	false
lastCalDateTime	2020-08-20 09:29:50
lastCalUser	Admin
lastCalResult	PASS
lastVerifyDateTime	2020-09-04 13:30:42
lastVerifyUser	Admin
lastVerifyResult	PASS
selectedMaterial	
result	No Match
ValidationGUID	
ValidationMatchQuality	
topMatch	
topMatchGUID	
topMatchQuality	
secondMatch	
secondMatchGUID	
secondMatchQuality	
thirdMatch	
thirdMatchGUID	
thirdMatchQuality	
fourthMatch	
fourthMatchGUID	
fourthMatchQuality	
fifthMatch	
fifthMatchGUID	
fifthMatchQuality	
signedBy	
signedDateTime	
softwareVer	1.7.0.21
memo	
batchID	
inBatch	false
batchUID	
batchCID1	
batchCIDlbl1	
batchCID2	
batchCIDlbl2	
batchCID3	
batchCIDlbl3	
batchCID4	
batchCIDlbl4	
batchCID5	
batchCIDlbl5	
signedTitle	
signedReason	
rescanned	
barcode	
topMatchContribs	
secondMatchContribs	
thirdMatchContribs	
fourthMatchContribs	
fifthMatchContribs	
ValidationMatchContribs	
Threat	
PrecursorList	
CompundName	
WindowStart4C	
MatchLibrary	
lastModified	2020/09/04 15:48
Signal2Noise	61.73
Detector TEC SetPoint	0x8000
Detector Temp	4.98
Laser Temp	25.37
OE1 Temp	37.34
OE2 Temp	41.75
Detector Gain	200
SaturationDetected	false
InterpolatedPixelList	
PeakList	 296.8	1021	323.9	703	398.7	582	442.6	810	650.0	2707	677.6	952	736.1	809	755.6	786	804.4	766	958.8	893	1146.1	708	1211.9	1099	1224.9	636	1333.6	776	1377.7	1471	1457.4	5755	1642.0	4549	1673.0	3945	1713.7	875
index	Raman Shift (cm-1)	Y value (counts)	background (counts)	raw value (counts)
0	137.471	540.7003	534.6667	4261.0000	
1	143.961	385.8431	540.6667	4003.6667	
2	150.446	219.9860	587.0000	3775.6670	
3	156.925	335.7950	758.6667	3954.6665	
4	163.399	432.6050	365.3333	3549.6670	
5	169.867	434.7473	812.3334	3890.3335	
6	176.330	395.5564	468.6667	3399.0000	
7	182.787	255.0324	736.0000	3417.3330	
8	189.239	185.5086	342.6667	2846.0000	
9	195.685	175.9846	710.3333	3095.6665	
10	202.125	252.4606	502.6667	2856.0000	
11	208.560	382.2703	976.6666	3351.3335	
12	214.989	403.0795	426.6667	2713.6667	
13	221.413	345.4814	853.6666	3020.3333	
14	227.831	286.1200	566.0000	2602.3333	
15	234.243	209.2851	888.3334	2850.3333	
16	240.650	154.4507	521.0000	2430.6667	
17	247.051	205.9492	637.0000	2600.6667	
18	253.446	255.1141	513.6667	2529.0000	
19	259.836	279.6127	794.6667	2837.0000	
20	266.220	240.4445	201.6667	2207.3333	
21	272.598	366.3285	879.0000	3040.0000	
22	278.971	679.2122	604.3333	3107.6665	
23	285.338	942.7628	721.3334	3517.6667	
24	291.699	842.9796	318.3333	3044.3333	
25	298.054	1021.4387	635.6667	3575.0000	
26	304.404	796.2313	241.0000	2990.0000	
27	310.748	557.6906	905.6666	3451.0000	
28	317.086	555.9634	482.0000	3075.0002	
29	323.418	703.0759	597.3334	3277.6665	
30	329.744	644.8564	107.3333	2669.6667	
31	336.065	642.6358	858.0000	3358.3330	
32	342.380	587.4162	501.3334	2886.6667	
33	348.689	296.1959	813.0000	2847.3333	
34	354.992	253.3093	335.3333	2267.0000	
35	361.289	159.8512	576.3333	2342.0000	
36	367.581	23.4055	343.0000	1921.6665	
37	373.866	216.6051	328.0000	2089.3335	
38	380.146	539.4711	396.0000	2469.6667	
39	386.420	377.0037	475.0000	2375.6667	
40	392.688	321.8697	214.0000	2049.0000	
41	398.949	582.1005	539.3333	2625.6667	
42	405.205	415.9978	358.6667	2270.0000	
43	411.456	284.5617	217.0000	1988.0000	
44	417.700	241.1256	48.6667	1767.3334	
45	423.938	297.3203	443.6667	2212.6665	
46	430.170	405.5157	0.6667	1872.0000	
47	436.396	728.3771	272.6667	2461.0000	
48	442.616	810.2388	125.3333	2389.6665	
49	448.830	636.3669	503.3333	2601.6665	
50	455.039	437.7336	29.0000	1920.6666	
51	461.241	249.0999	132.3333	1827.3333	
52	467.437	115.7998	137.3333	1691.0000	
53	473.627	354.7542	222.6667	1998.0000	
54	479.811	520.3754	52.6667	1976.3335	
55	485.989	492.9959	-19.6667	1859.3333	
56	492.160	390.6284	-110.6667	1635.0000	
57	498.326	243.3156	266.0000	1822.0000	
58	504.486	342.0028	-53.3333	1559.0000	
59	510.639	531.0232	194.0000	1953.0000	
60	516.787	408.0435	-145.0000	1448.6666	
61	522.928	356.8795	204.0000	1694.6667	
62	529.063	314.0485	-110.0000	1303.3334	
63	535.192	365.8844	5041.6665	6597.3330	
64	541.315	264.0532	3493.3335	4735.6665	
65	547.431	278.2227	1004.3334	2209.0000	
66	553.542	272.0586	404.0000	1550.6667	
67	559.646	297.0610	524.0000	1634.6665	
68	565.744	330.9804	-23.3333	1142.0000	
69	571.835	326.4769	467.6667	1524.3334	
70	577.921	333.1542	-90.0000	985.0000	
71	584.000	295.2204	213.3333	1265.6666	
72	590.073	166.8495	-172.6667	759.3333	
73	596.140	170.3669	270.6667	1251.3333	
74	602.200	342.8845	-27.3333	1171.0000	
75	608.255	697.0688	193.0000	1790.6667	
76	614.302	1051.2524	-19.6667	1977.3333	
77	620.344	1099.8494	219.3333	2285.6667	
78	626.379	845.7029	58.6667	1889.0000	
79	632.408	1180.5569	349.3333	2532.6667	
80	638.431	1543.4104	84.0000	2648.3333	
81	644.447	2399.9307	546.6667	3985.6665	
82	650.457	2707.4517	-83.6667	3681.0000	
83	656.460	2082.6382	84.0000	3242.0000	
84	662.457	1301.1592	50.3333	2445.0000	
85	668.448	910.6361	219.3333	2202.6667	
86	674.432	917.1128	-195.6667	1773.3334	
87	680.410	952.2566	288.6667	2272.0000	
88	686.381	536.4006	-60.6667	1486.0000	
89	692.346	266.9136	467.0000	1734.3333	
90	698.305	255.0101	-66.0000	1170.3334	
91	704.257	253.9052	138.6667	1426.6666	
92	710.202	205.5245	-72.6667	1118.0000	
93	716.142	197.7782	107.0000	1272.6666	
94	722.074	219.9068	-47.6667	1232.6667	
95	728.000	569.5980	212.3333	1880.0000	
96	733.920	808.6222	-65.0000	1879.3333	
97	739.833	665.6465	351.3333	2190.3333	
98	745.739	714.4342	108.0000	2022.0000	
99	751.639	764.4636	610.6667	2615.0000	
100	757.533	785.8269	-170.3333	1895.6667	
101	763.419	550.3829	399.6667	2241.6667	
102	769.300	308.2724	-110.0000	1501.3334	
103	775.173	133.8285	324.6667	1773.0000	
104	781.040	292.7172	-30.6667	1588.0000	
105	786.901	389.8405	433.6667	2191.0000	
106	792.755	391.2137	227.0000	1846.0000	
107	798.602	505.8370	493.0000	2320.6667	
108	804.442	766.2100	-15.0000	2071.6665	
109	810.276	655.5311	541.6667	2531.0000	
110	816.103	310.5187	33.6667	1691.3333	
111	821.924	130.1728	450.6667	1941.3333	
112	827.738	182.1585	0.0000	1421.3334	
113	833.545	316.3724	471.3333	2180.6667	
114	839.345	620.0027	104.6667	2123.0000	
115	845.139	505.6330	434.3334	2343.6667	
116	850.926	441.2632	218.0000	2068.3333	
117	856.706	554.8151	422.3334	2392.6665	
118	862.479	467.0340	320.0000	2209.0000	
119	868.246	391.8670	376.6667	2184.0000	
120	874.006	321.0625	31.3333	1773.6667	
121	879.759	254.2560	551.3333	2219.3333	
122	885.505	269.6164	111.0000	1712.3333	
123	891.245	335.9767	395.3333	2130.0000	
124	896.978	308.1700	206.0000	1905.3334	
125	902.703	265.9835	340.0000	1984.6667	
126	908.422	334.5468	-25.6667	1545.3333	
127	914.135	446.6103	405.6666	2206.0000	
128	919.840	445.7568	-188.6667	1598.3333	
129	925.538	300.9037	381.6667	2011.3333	
130	931.230	306.3838	-57.6667	1565.0000	
131	936.914	165.5305	571.3334	2040.6667	
132	942.592	270.8441	22.3333	1451.0000	
133	948.263	444.3351	314.3333	2042.3335	
134	953.927	804.9735	-37.3333	2031.6666	
135	959.584	893.2790	233.6667	2371.3335	
136	965.234	516.2509	33.3333	1774.3333	
137	970.877	370.8710	234.3333	1822.0000	
138	976.513	351.0741	-264.0000	1274.3333	
139	982.142	359.0274	222.3333	1792.0000	
140	987.764	360.8174	101.3333	1645.3333	
141	993.379	295.3920	80.0000	1540.0001	
142	998.987	268.1330	-157.3333	1337.6666	
143	1004.588	250.4573	295.3333	1781.3333	
144	1010.182	251.7817	-280.6667	1225.0000	
145	1015.769	331.1059	166.3333	1769.0000	
146	1021.349	349.4301	66.3333	1705.0000	
147	1026.922	437.0879	278.3333	2022.3333	
148	1032.487	425.1204	-16.0000	1744.6667	
149	1038.046	384.9233	155.3333	1887.0000	
150	1043.597	413.6847	-115.0000	1658.0000	
151	1049.142	275.9877	136.0000	1788.6667	
152	1054.679	116.6234	-258.0000	1252.6666	
153	1060.209	268.3515	228.0000	1903.3333	
154	1065.732	308.8244	-41.3333	1706.3333	
155	1071.248	337.7859	277.3333	2005.3333	
156	1076.757	373.4140	-21.0000	1800.6667	
157	1082.258	364.1262	286.0000	2105.0000	
158	1087.753	318.5051	-132.0000	1648.0000	
159	1093.240	550.8840	275.6667	2294.6667	
160	1098.720	533.5962	66.6667	2075.0000	
161	1104.192	267.8736	296.6667	2030.6667	
162	1109.658	306.6009	-47.0000	1715.6667	
163	1115.116	492.3283	560.3334	2498.6667	
164	1120.567	507.7228	-39.0000	1904.6667	
165	1126.010	680.7596	349.0000	2428.3335	
166	1131.447	635.4628	-108.3333	1888.3333	
167	1136.876	545.4995	469.6666	2339.0000	
168	1142.298	675.8700	-196.3333	1766.0000	
169	1147.712	708.1577	380.6667	2343.3333	
170	1153.120	434.1122	-9.6667	1647.0000	
171	1158.519	276.4001	408.0000	1875.0000	
172	1163.912	223.2714	-53.3333	1278.3333	
173	1169.297	200.9094	529.6667	1903.0000	
174	1174.675	190.6309	68.0000	1423.6666	
175	1180.045	220.6182	524.3333	1943.0000	
176	1185.408	354.1860	83.0000	1701.3333	
177	1190.764	320.8372	397.6667	2010.3333	
178	1196.112	394.5720	231.3333	1924.0000	
179	1201.453	624.8898	442.6667	2399.0000	
180	1206.786	976.8745	-63.0000	2278.6667	
181	1212.112	1099.3322	502.6667	2972.6667	
182	1217.431	802.3760	171.3333	2339.3333	
183	1222.742	624.4634	517.6667	2517.3333	
184	1228.045	635.8864	46.0000	2066.6667	
185	1233.341	393.3385	550.3333	2362.3333	
186	1238.630	140.1248	317.3333	1910.0000	
187	1243.911	368.9104	555.6666	2411.0000	
188	1249.185	470.0300	255.0000	2245.3333	
189	1254.451	422.3749	795.6666	2801.0000	
190	1259.709	228.0537	399.3333	2273.0000	
191	1264.960	155.0649	820.6667	2684.0000	
192	1270.203	307.4102	493.3333	2571.6665	
193	1275.439	320.7556	839.0000	2993.3335	
194	1280.668	355.7666	280.6667	2532.6665	
195	1285.888	490.1128	907.6666	3356.6670	
196	1291.101	509.1484	268.3333	2816.6667	
197	1296.307	326.8181	870.6666	3293.6670	
198	1301.505	341.1528	493.6667	2988.0000	
199	1306.695	441.4883	1031.6667	3683.3330	
200	1311.877	462.1560	706.6667	3436.0000	
201	1317.052	290.5032	712.6667	3295.3333	
202	1322.219	195.5168	641.3333	3154.0000	
203	1327.379	570.2624	881.3333	3772.0000	
204	1332.531	776.1566	625.6667	3733.6670	
205	1337.675	754.7522	1036.3333	4120.6665	
206	1342.811	394.3480	390.0000	3111.6667	
207	1347.940	205.9440	1001.6667	3532.6670	
208	1353.061	179.2061	462.6666	2964.6667	
209	1358.174	482.1351	1274.3333	4077.0000	
210	1363.280	1019.7310	651.0000	3989.0000	
211	1368.377	1141.3267	1072.0000	4529.3335	
212	1373.467	1125.2560	627.6667	4066.6667	
213	1378.550	1471.1074	1011.3334	4809.0000	
214	1383.624	1359.6261	647.3333	4346.3335	
215	1388.690	565.1443	1303.6666	4221.0000	
216	1393.749	52.9950	545.6666	2963.6667	
217	1398.800	0.0000	1053.6666	3414.0000	
218	1403.843	240.0769	676.6667	3240.6670	
219	1408.878	694.1545	1364.0000	4345.6665	
220	1413.906	1407.5659	677.6666	4336.3330	
221	1418.925	1874.9320	1047.6666	5139.0000	
222	1423.937	2171.6304	726.0000	5079.3335	
223	1428.940	3051.9956	1070.6666	6269.6665	
224	1433.936	4086.6064	799.0000	6975.6670	
225	1438.924	4692.6489	1102.6666	7829.3330	
226	1443.904	5106.6914	748.0000	7832.6665	
227	1448.876	5539.4004	1247.0000	8708.3340	
228	1453.840	5667.7749	608.3333	8142.0000	
229	1458.796	5754.7300	1207.0000	8718.6660	
230	1463.744	4357.3535	627.3334	6632.6670	
231	1468.685	2789.3081	1164.3334	5492.6665	
232	1473.617	1616.9324	613.3333	3660.3335	
233	1478.541	946.3958	1014.3333	3297.3335	
234	1483.457	536.5266	522.0000	2301.6667	
235	1488.365	339.6560	1095.0000	2584.3333	
236	1493.265	265.4534	469.0000	1790.6667	
237	1498.157	238.6823	1119.6666	2345.3335	
238	1503.041	193.2501	559.6667	1636.6665	
239	1507.917	244.6266	1027.0000	2124.0000	
240	1512.785	212.5447	450.0000	1486.6666	
241	1517.645	228.2546	1000.3334	2001.3335	
242	1522.496	247.2139	690.3333	1649.3333	
243	1527.340	287.7570	1406.3333	2368.3333	
244	1532.175	333.7170	748.0000	1700.3335	
245	1537.002	341.4333	1330.0000	2287.6667	
246	1541.822	295.3309	693.3333	1651.6666	
247	1546.633	289.2275	1348.0000	2347.0000	
248	1551.435	277.7900	714.0000	1748.3335	
249	1556.230	231.6127	1318.3334	2399.6667	
250	1561.016	222.1024	786.3334	1951.3333	
251	1565.795	198.2587	1235.6666	2470.0000	
252	1570.565	279.0795	931.6666	2340.0000	
253	1575.327	257.2941	1199.6666	2739.6667	
254	1580.080	309.8394	775.9999	2522.0000	
255	1584.825	412.7194	1307.3334	3309.6665	
256	1589.562	476.5981	652.0000	2871.6665	
257	1594.291	514.4771	1181.0000	3592.0000	
258	1599.012	550.0239	691.0000	3291.0000	
259	1603.724	580.9805	1092.0000	3900.3335	
260	1608.428	666.9951	876.0000	3904.0000	
261	1613.124	947.6016	1214.6666	4603.6665	
262	1617.811	1199.2081	1141.0000	4862.0000	
263	1622.490	1206.1481	1240.6666	5049.0000	
264	1627.161	1413.7545	794.6666	4891.0000	
265	1631.823	2113.1592	1184.3334	6026.3330	
266	1636.477	3414.8325	642.3333	6805.0000	
267	1641.123	4548.5142	1442.3334	8756.0000	
268	1645.760	4465.5264	678.0000	7926.0000	
269	1650.389	3285.1362	1247.6667	7220.6670	
270	1655.009	2251.7485	864.6666	5709.6665	
271	1659.621	2034.6925	1328.6666	5862.0000	
272	1664.225	2586.9688	802.6666	5793.6665	
273	1668.820	3474.5786	1467.3334	7251.3330	
274	1673.406	3945.1899	705.6666	6865.6670	
275	1677.985	3340.4688	1092.0000	6552.6670	
276	1682.554	2041.7477	990.3334	5057.6670	
277	1687.116	1023.1040	1181.0000	4108.0000	
278	1691.668	349.4629	804.0000	2935.6665	
279	1696.213	91.4885	1307.0000	3058.9998	
280	1700.749	97.4541	697.0000	2353.0000	
281	1705.276	406.8298	1260.0000	3058.6667	
282	1709.794	761.5405	729.6667	2716.3333	
283	1714.305	874.5823	1212.6667	3145.6670	
284	1718.806	608.2921	658.3334	2158.3335	
285	1723.299	295.2994	1374.3334	2460.0000	
286	1727.784	172.6392	582.6667	1444.3333	
287	1732.260	171.4016	1171.3334	1918.6665	
288	1736.727	206.8052	683.0000	1395.3334	
289	1741.186	234.2087	1144.6666	1814.0000	
290	1745.636	216.3630	594.3333	1153.3333	
291	1750.077	250.6832	1252.0000	1829.6667	
292	1754.510	307.9625	620.3333	1138.6666	
293	1758.934	342.2043	1222.6666	1747.6667	
294	1763.349	359.2375	396.6667	911.3334	
295	1767.756	361.4802	1081.6667	1564.3333	
296	1772.154	380.7228	547.0000	1014.6666	
297	1776.544	353.8023	1032.6666	1473.0000	
298	1780.924	350.0479	311.3333	737.0000	
299	1785.296	347.3773	1049.0000	1508.0000	
300	1789.659	341.4561	294.3333	714.0000	
301	1794.014	329.1812	1032.6666	1460.6666	
302	1798.360	326.9074	653.0000	1053.3333	
303	1802.697	330.8001	1227.6667	1642.6666	
304	1807.025	330.5263	789.3334	1177.6667	
305	1811.344	334.4191	778.6667	1212.0000	
306	1815.655	317.8953	538.6667	923.6666	
307	1819.957	285.4547	1159.0000	1507.6667	
308	1824.250	320.2300	508.3333	876.3334	
309	1828.534	369.1394	1313.6666	1725.6667	
310	1832.809	362.3817	558.6666	959.0000	
311	1837.076	361.6243	1017.0000	1411.6666	
312	1841.333	348.5336	655.0000	1034.0000	
313	1845.582	346.7469	706.3333	1092.3334	
314	1849.822	315.2937	608.3333	955.3334	
315	1854.053	317.5070	981.0000	1289.0000	
316	1858.275	327.8867	427.6666	831.6666	
317	1862.488	337.6915	871.6666	1216.6666	
318	1866.692	341.6006	480.3333	876.0000	
319	1870.888	344.4679	729.0000	1081.3334	
320	1875.074	343.5228	31.3333	415.6667	
321	1879.251	343.4734	726.6666	1089.0000	
322	1883.420	327.8135	137.6667	508.0000	
323	1887.579	316.3771	616.0000	956.6667	
324	1891.730	314.7744	93.0000	451.6667	
325	1895.871	316.3264	794.0001	1093.3334	
326	1900.004	328.2117	118.0000	464.6667	
327	1904.127	344.7636	717.3333	1079.0000	
328	1908.241	344.1487	89.6667	488.6667	
329	1912.347	344.3092	707.3333	1038.6666	
330	1916.443	327.2304	320.0000	666.0000	
331	1920.530	308.2348	727.0000	1034.3334	
332	1924.609	327.8227	140.6667	466.3334	
333	1928.678	342.4672	839.0000	1192.0000	
334	1932.738	343.6534	133.3333	471.3333	
335	1936.788	345.5479	693.0000	1023.3334	
336	1940.830	354.4008	155.6667	505.3334	
337	1944.863	349.3369	508.0000	849.3334	
338	1948.886	350.5232	256.0000	624.6667	
339	1952.901	315.7927	711.0000	1016.3334	
340	1956.906	314.6455	12.0000	315.0000	
341	1960.902	329.3896	390.6667	705.0000	
342	1964.888	332.5919	167.6667	485.6666	
343	1968.866	323.9034	375.3333	680.0000	
344	1972.834	333.0506	-122.0000	181.3333	
345	1976.793	373.0618	297.6667	655.0000	
346	1980.743	330.5730	-176.0000	136.6667	
347	1984.684	329.4175	144.6667	454.0000	
348	1988.616	328.1779	-139.0000	164.0000	
349	1992.538	325.6941	622.6667	939.0000	
350	1996.451	324.3379	-140.0000	155.0000	
351	2000.354	326.0803	399.3333	680.0000	
352	2004.249	340.4896	-310.0000	-44.6667	
353	2008.134	391.6904	282.3333	653.3333	
354	2012.009	368.4746	-354.0000	-3.3333	
355	2015.876	285.9255	338.0000	609.0000	
356	2019.733	313.7104	-324.0000	-22.3333	
357	2023.580	352.8332	666.3333	1004.6666	
358	2027.419	341.7060	541.3333	903.3334	
359	2031.248	334.4954	1913.3335	2207.0000	
360	2035.067	336.9516	-139.3333	165.6667	
361	2038.878	325.9216	315.0000	614.6667	
362	2042.678	310.6417	-373.3333	-93.3333	
363	2046.470	338.0284	240.6667	543.6666	
364	2050.252	362.2857	-406.0000	-71.0000	
365	2054.024	331.1580	262.3333	565.6667	
366	2057.787	321.5303	-260.0000	25.0000	
367	2061.541	322.0693	288.6667	585.0000	
368	2065.285	317.4416	-318.3333	-30.3333	
369	2069.020	326.6889	257.3333	517.3334	
370	2072.745	336.8529	-261.3333	45.0000	
371	2076.461	348.0998	487.3333	804.0000	
372	2080.167	330.3152	288.6667	569.3333	
373	2083.864	334.4472	2005.3334	2321.0000	
374	2087.551	341.8291	1348.3334	1577.0000	
375	2091.228	341.2111	156.6667	478.6666	
376	2094.896	344.0100	-286.3333	12.6667	
377	2098.555	359.7923	286.6667	588.6667	
378	2102.204	355.3245	-145.6667	171.6667	
379	2105.843	326.1901	276.3333	541.3334	
380	2109.473	323.4717	-269.3333	-13.6667	
381	2113.093	325.1349	-631.3333	-362.3333	
382	2116.703	318.8814	-103.3333	149.3333	
383	2120.304	328.4612	259.0000	499.6667	
384	2123.895	343.0411	-545.0000	-247.3333	
385	2127.477	343.0487	162.0000	413.3333	
386	2131.049	344.7302	-376.3333	-72.0000	
387	2134.611	344.0783	138.0000	419.3333	
388	2138.163	320.7602	-343.6667	-87.3333	
389	2141.706	330.3809	312.3333	575.3334	
390	2145.239	328.3764	-401.3333	-117.6667	
391	2148.763	320.6219	293.6667	541.0000	
392	2152.276	346.5401	-552.3333	-293.6667	
393	2155.780	346.3343	113.0000	373.0000	
394	2159.275	333.9617	-252.0000	-9.3333	
395	2162.759	323.9225	375.3333	650.6667	
396	2166.234	297.0509	-226.0000	-14.0000	
397	2169.698	303.7780	186.6667	409.3333	
398	2173.154	386.1719	-390.3333	-81.3333	
399	2176.599	327.2325	230.0000	484.0000	
400	2180.034	318.6263	-136.0000	113.3333	
401	2183.460	336.6868	473.6667	745.0000	
402	2186.876	349.7473	-281.6667	6.6667	
403	2190.282	363.1412	24.0000	329.6667	
404	2193.678	376.2007	-355.3333	-32.6667	
405	2197.064	357.9551	295.6667	600.3333	
406	2200.440	319.4518	-371.3333	-92.6667	
407	2203.807	310.7073	250.3333	518.6667	
408	2207.164	312.2962	-311.6667	-43.3333	
409	2210.510	330.0689	365.6667	684.3333	
410	2213.847	330.1748	-362.0000	-103.6667	
411	2217.174	323.6975	327.0000	617.3333	
412	2220.491	325.8870	-286.0000	-26.0000	
413	2223.798	348.1366	481.3333	765.3334	
414	2227.094	344.2771	-308.3333	13.3333	
415	2230.381	319.2510	511.6667	769.3334	
416	2233.658	322.6415	-550.6667	-288.3333	
417	2236.925	349.6986	244.6667	535.3333	
418	2240.182	335.0892	-459.0000	-181.6667	
419	2243.429	323.7297	65.0000	292.6667	
420	2246.666	335.9534	-353.0000	-46.6667	
421	2249.893	343.8401	316.3333	574.0000	
422	2253.110	339.9768	-434.3333	-103.0000	
423	2256.317	340.7802	273.6667	529.6666	
424	2259.513	346.0835	-335.3333	-47.6667	
425	2262.700	346.8488	209.6667	506.3334	
426	2265.876	342.3642	-95.6667	186.0000	
427	2269.043	326.1404	398.6667	657.6667	
428	2272.199	328.8775	-296.6667	-1.3333	
429	2275.345	329.4878	243.6667	513.3334	
430	2278.481	327.9732	-274.3333	10.3333	
431	2281.607	325.6460	390.3333	653.0000	
432	2284.723	327.2354	-342.6667	-67.3333	
433	2287.828	313.6582	233.6667	487.6666	
434	2290.924	307.4891	-336.3333	-102.0000	
435	2294.009	317.8949	276.3333	521.0000	
436	2297.083	340.9658	-548.6667	-281.0000	
437	2300.148	353.8672	326.3333	609.0000	
438	2303.203	345.4355	-374.6667	-98.3333	
439	2306.247	339.3370	29.0000	301.3333	
440	2309.281	341.8219	-535.3333	-275.0000	
441	2312.305	353.4760	391.6667	682.0000	
442	2315.318	346.0467	-252.3333	32.3333	
443	2318.322	336.9508	182.0000	433.0000	
444	2321.314	335.1882	-456.6667	-161.6667	
445	2324.297	331.5492	395.0000	673.6666	
446	2327.269	326.1187	-449.6667	-185.3333	
447	2330.231	330.3339	243.0000	493.3333	
448	2333.183	322.3085	-397.6667	-104.0000	
449	2336.124	329.1269	36.3333	294.3333	
450	2339.055	329.3202	-305.3333	-32.0000	
451	2341.976	328.2636	436.6667	703.0000	
452	2344.886	313.7487	-538.3333	-289.3333	
453	2347.786	313.3145	410.3333	651.0000	
454	2350.675	325.8803	-389.6667	-135.3333	
455	2353.554	346.0585	255.6667	508.0000	
456	2356.423	375.9186	-474.0000	-172.6667	
457	2359.281	350.5934	247.6667	522.3334	
458	2362.128	324.6013	-227.0000	20.3333	
459	2364.966	330.2762	256.6667	508.3333	
460	2367.792	337.6176	-206.3333	68.6667	
461	2370.609	334.9341	151.3333	377.3333	
462	2373.415	327.4172	-239.0000	39.0000	
463	2376.210	330.3171	346.6667	578.0000	
464	2378.995	332.7168	-378.0000	-142.6667	
465	2381.769	332.1790	151.6667	379.6667	
466	2384.533	340.9330	-277.0000	-55.0000	
467	2387.286	373.4161	275.3333	552.0000	
468	2390.029	358.8160	-539.3334	-279.6667	
469	2392.760	330.8835	242.0000	464.3333	
470	2395.482	336.6807	-323.6667	-78.6667	
471	2398.193	331.7278	328.6667	556.6667	
472	2400.893	294.5251	-561.0000	-376.0000	
473	2403.583	328.0896	283.3333	496.3333	
474	2406.262	359.3211	-396.0000	-157.3333	
475	2408.931	323.5527	366.0000	563.3334	
476	2411.589	297.2508	-301.6667	-148.3333	
477	2414.236	314.4008	377.3333	547.0000	
478	2416.872	340.5508	-390.6667	-195.6667	
479	2419.498	349.2840	115.3333	322.0000	
480	2422.113	353.1007	-375.0000	-199.3333	
481	2424.718	382.3341	222.0000	456.3333	
482	2427.312	355.8174	-439.3333	-232.3333	
483	2429.895	322.6340	261.6667	434.6666	
484	2432.467	296.1179	1062.6666	1126.0000	
485	2435.029	300.2880	266.3333	447.0000	
486	2437.580	330.4580	-640.0000	-474.3333	
487	2440.120	345.8156	121.0000	294.3333	
488	2442.649	346.2772	-389.3333	-221.6667	
489	2445.167	349.0031	45.0000	291.3333	
490	2447.675	317.8648	-476.6667	-319.3333	
491	2450.172	308.2365	430.3333	577.0000	
492	2452.658	343.9405	-352.6667	-171.3333	
493	2455.134	347.6863	327.6667	511.0000	
494	2457.598	345.8906	-550.6667	-349.0000	
495	2460.052	338.1782	285.3333	455.6667	
496	2462.495	318.9241	-254.3333	-105.0000	
497	2464.927	350.6700	446.6667	626.0000	
498	2467.348	358.4160	-398.0000	-212.6667	
499	2469.758	347.1619	449.3334	674.6667	
500	2472.157	333.8255	-303.0000	-204.3333	
501	2474.546	313.4474	48.6667	228.6667	
502	2476.923	313.4028	-392.3333	-267.3333	
503	2479.290	316.1705	299.6667	443.6666	
504	2481.645	316.1259	-332.6667	-174.6667	
505	2483.990	315.3521	264.3333	373.0000	
506	2486.323	321.6407	-340.0000	-194.6667	
507	2488.646	342.2628	258.6667	424.6667	
508	2490.958	348.3221	-597.0000	-413.0000	
509	2493.258	345.5275	276.6667	436.0000	
510	2495.548	356.4619	-249.0000	-68.6667	
511	2497.827	331.0839	-38.6667	116.3333	
