resultName	muna15-69
resultName	muna15-69
ID	RS20200227115818_P19331194
Command	SCANANDSEARCH
User	Admin
Application	_Analyze
SerialNumber	P19331194
Power	280
Integration	900
Averages	3
AutoExposure	Off
AutoCollect	Off
QuickCollect	Off
AutoBackground	On
BaselineCorrection	On
Algorithm	Wavelet
Searched Library	All,None,None,None
MixtureComponents	2
matchThreshold	0.0
displayMatches	1
Threshold	0.80
WL Start	
WL End	
ServerVersion	3.180316
FirmwareVersion	
date	2020-02-27
time	11:58:18
scanindex	0
specpath	RS20200227115818_P19331194.xml
Search Range	200 - 2500
Synced	false
lastCalDateTime	2020-02-27 08:30:34
lastCalUser	Admin
lastCalResult	PASS
lastVerifyDateTime	2019-10-16 15:05:37
lastVerifyUser	Admin
lastVerifyResult	PASS
selectedMaterial	
result	No Match
ValidationGUID	
ValidationMatchQuality	
topMatch	
topMatchGUID	
topMatchQuality	
secondMatch	
secondMatchGUID	
secondMatchQuality	
thirdMatch	
thirdMatchGUID	
thirdMatchQuality	
fourthMatch	
fourthMatchGUID	
fourthMatchQuality	
fifthMatch	
fifthMatchGUID	
fifthMatchQuality	
signedBy	
signedDateTime	
softwareVer	1.7.0.21
memo	
batchID	
inBatch	false
batchUID	
batchCID1	
batchCIDlbl1	
batchCID2	
batchCIDlbl2	
batchCID3	
batchCIDlbl3	
batchCID4	
batchCIDlbl4	
batchCID5	
batchCIDlbl5	
signedTitle	
signedReason	
rescanned	
barcode	
topMatchContribs	
secondMatchContribs	
thirdMatchContribs	
fourthMatchContribs	
fifthMatchContribs	
ValidationMatchContribs	
Threat	
PrecursorList	
CompundName	
WindowStart4C	
MatchLibrary	
lastModified	2020/02/27 11:58
Signal2Noise	67.95
Detector TEC SetPoint	0x8000
Detector Temp	4.94
Laser Temp	25.39
OE1 Temp	32.53
OE2 Temp	36.19
Detector Gain	200
SaturationDetected	false
InterpolatedPixelList	
PeakList	 297.4	1063	335.1	732	398.0	771	442.1	719	649.9	2547	752.2	831	804.2	841	955.5	793	1211.8	1035	1333.0	748	1377.6	1345	1457.4	4721	1642.1	3860	1673.0	3309	1714.4	1063	1773.3	731
index	Raman Shift (cm-1)	Y value (counts)	background (counts)	raw value (counts)
0	137.455	617.4708	12022.6670	15956.3330	
1	143.948	466.0115	12768.0000	16474.6680	
2	150.436	348.5499	13439.3320	16953.0000	
3	156.918	433.4227	13942.3320	17465.3340	
4	163.394	558.9592	13431.0000	17004.0000	
5	169.865	548.4978	14751.3340	18238.3340	
6	176.330	442.7043	14470.6660	17776.3340	
7	182.790	377.5731	14559.6680	17724.6660	
8	189.244	256.4474	13804.6660	16773.0000	
9	195.693	347.3201	14910.3320	17894.0000	
10	202.136	362.1906	14822.0000	17745.0000	
11	208.573	496.0634	15592.6660	18574.0000	
12	215.005	422.2679	14796.3340	17628.3340	
13	221.431	444.7332	15451.6660	18258.6660	
14	227.851	362.1525	15614.3340	18275.0000	
15	234.266	371.8873	16254.3340	18925.3320	
16	240.675	249.6259	14149.3340	16698.6680	
17	247.078	314.6949	15173.3340	17788.3340	
18	253.476	344.0959	13976.6680	16621.6660	
19	259.868	464.5015	14709.3330	17475.3340	
20	266.254	230.9053	13291.3320	15824.3340	
21	272.635	468.0768	15014.6680	17810.3340	
22	279.009	752.2505	14552.6680	17658.0000	
23	285.378	830.0939	14005.6660	17214.3340	
24	291.742	849.9338	13292.0000	16546.0000	
25	298.099	1063.3350	13345.3320	16830.6660	
26	304.451	794.4014	12917.6670	16152.0000	
27	310.797	623.8038	14076.6660	17158.3340	
28	317.137	566.6060	12642.6660	15705.6660	
29	323.471	715.6510	12851.6670	16004.6660	
30	329.800	602.0306	12536.3330	15516.6660	
31	336.122	732.0775	13415.6660	16467.0000	
32	342.439	620.1221	12851.6670	15732.0000	
33	348.750	459.8337	12849.0010	15510.0000	
34	355.055	291.5477	10796.3330	13230.0000	
35	361.354	303.3655	13425.0000	15791.6660	
36	367.648	145.8964	11299.0000	13451.0000	
37	373.935	285.0829	11070.3330	13335.3320	
38	380.216	597.9376	11558.3340	14110.0000	
39	386.492	566.1250	12058.0000	14551.6660	
40	392.762	570.9797	9767.0000	12123.3340	
41	399.025	770.6701	10921.3330	13560.0000	
42	405.283	566.0259	9933.6670	12334.3330	
43	411.535	337.7157	7105.6670	9244.6660	
44	417.781	336.2400	7382.6670	9463.3330	
45	424.020	423.7073	8094.3330	10205.0000	
46	430.254	525.1750	5601.3335	7687.6670	
47	436.482	677.7253	4363.0000	6679.0000	
48	442.704	718.6096	3225.6665	5539.3335	
49	448.920	617.5014	5615.0000	7803.3330	
50	455.129	406.9041	3926.0000	5855.3330	
51	461.333	241.9730	3328.3335	5044.3330	
52	467.531	150.7096	3147.3335	4723.6670	
53	473.722	439.3959	4575.0000	6397.3335	
54	479.908	564.0820	2809.0000	4713.3335	
55	486.087	554.1014	1553.6667	3405.3335	
56	492.260	562.1499	2707.6667	4507.3330	
57	498.427	520.5641	3431.3335	5021.6670	
58	504.588	512.8945	3651.3335	5422.3335	
59	510.743	545.6416	2053.0000	3793.3335	
60	516.892	442.1386	2312.3333	3861.0000	
61	523.034	422.6344	3444.3335	4936.3335	
62	529.171	372.7964	1933.3335	3338.3330	
63	535.301	368.9594	2938.0000	4302.0000	
64	541.425	278.4552	1749.0000	2985.3333	
65	547.543	357.9510	3123.0000	4401.6665	
66	553.655	526.1136	5718.3335	7175.3335	
67	559.760	569.1928	6794.3330	8215.6670	
68	565.859	606.3553	4626.6670	6108.3330	
69	571.952	502.6456	3418.3335	4720.6665	
70	578.039	359.6889	1349.6667	2514.3335	
71	584.119	236.1408	911.0000	1960.0000	
72	590.193	137.5927	1479.0000	2437.3333	
73	596.261	243.2630	3300.0000	4405.3335	
74	602.323	546.9330	4766.3330	6216.6665	
75	608.378	839.9362	4787.3335	6572.0000	
76	614.427	1128.6062	4946.6670	7061.3330	
77	620.469	1197.6318	5963.6670	8267.6670	
78	626.505	1179.3894	4682.3330	6753.6670	
79	632.535	1261.1470	3906.0000	6202.6665	
80	638.559	1498.5720	3838.3333	6390.6670	
81	644.576	2299.3289	5107.0000	8478.3330	
82	650.587	2546.7529	4292.3335	7929.3330	
83	656.591	1874.5112	2334.0000	5317.0000	
84	662.589	1147.2684	1918.6665	4192.6665	
85	668.581	788.0510	2104.0000	3994.0000	
86	674.566	752.8339	1047.3333	2877.3333	
87	680.544	727.6169	1674.3334	3454.3335	
88	686.517	622.0662	3360.3335	5010.0000	
89	692.483	425.2325	3512.3335	4960.3330	
90	698.442	371.2332	1987.0000	3337.0000	
91	704.395	329.4305	2950.0000	4387.3335	
92	710.341	284.8604	2909.6667	4231.0000	
93	716.281	235.7164	2777.3335	4109.6665	
94	722.214	247.9064	2917.6667	4322.3335	
95	728.141	501.7628	2963.6667	4682.3335	
96	734.061	640.2855	2799.6667	4717.0000	
97	739.975	591.1420	4104.6665	6033.0000	
98	745.882	660.5376	3826.3335	5864.0000	
99	751.783	830.8902	5335.3335	7597.0000	
100	757.677	795.2430	3956.3333	6236.0000	
101	763.564	649.1313	5376.3330	7535.0000	
102	769.445	425.6851	4423.0000	6383.3330	
103	775.319	238.2399	4814.6665	6612.6665	
104	781.187	383.4614	4417.6665	6386.0000	
105	787.048	485.0810	5569.6665	7667.0000	
106	792.902	478.6176	5321.6670	7305.3330	
107	798.750	652.0707	6673.6670	8930.0000	
108	804.591	841.2747	5515.6665	7967.6670	
109	810.425	739.4792	6066.3335	8431.6660	
110	816.253	345.6862	4751.6670	6738.3340	
111	822.074	197.5582	5434.6665	7288.3330	
112	827.888	260.9065	5025.3335	6867.0000	
113	833.695	432.7760	5856.0000	7991.0000	
114	839.496	618.8955	5269.0000	7599.0000	
115	845.290	542.6815	5983.3335	8246.0000	
116	851.078	520.5510	5386.0000	7559.6670	
117	856.858	514.7183	5853.6665	8196.0000	
118	862.632	484.3026	5720.3335	7960.3330	
119	868.399	499.9875	5668.3335	7934.3340	
120	874.159	324.1063	4610.3330	6661.3330	
121	879.913	289.4689	4541.3335	6536.6670	
122	885.659	340.6645	4517.0000	6429.3340	
123	891.399	454.8599	5162.3335	7281.0000	
124	897.132	432.8887	5095.6665	7171.3330	
125	902.858	333.6829	4326.3330	6280.0000	
126	908.577	450.8098	3786.3330	5681.6670	
127	914.290	604.2698	4832.0000	7010.6665	
128	919.995	612.7305	3643.6665	5808.0000	
129	925.694	466.8577	4577.0000	6572.6670	
130	931.385	422.6511	3240.6667	5169.3335	
131	937.070	234.4446	3425.0000	5142.6665	
132	942.748	364.0720	3153.0000	4839.3335	
133	948.419	517.3907	3649.0000	5614.3330	
134	954.083	792.7422	2631.6667	4834.6665	
135	959.740	734.8438	3250.9998	5552.3335	
136	965.390	625.1117	3067.6667	5027.6665	
137	971.033	427.1542	3184.3335	4925.0000	
138	976.669	398.5299	1966.0000	3656.6665	
139	982.299	399.2394	2406.6665	4076.6665	
140	987.921	422.8735	2512.6667	4176.6670	
141	993.536	397.1949	2617.3333	4301.6665	
142	999.144	342.5163	2181.6667	3791.3335	
143	1004.745	349.6710	2797.6665	4431.0000	
144	1010.339	389.8254	2173.3335	3863.3335	
145	1015.926	388.3135	2588.3333	4293.3335	
146	1021.506	413.1348	2540.3335	4286.6670	
147	1027.078	494.6227	2756.0000	4600.3335	
148	1032.644	499.4442	2268.3335	4134.0000	
149	1038.203	503.3786	2799.6665	4685.3335	
150	1043.754	477.3124	2453.3333	4329.0000	
151	1049.298	406.2464	2801.6667	4622.3335	
152	1054.836	221.1808	1906.0000	3557.6665	
153	1060.366	258.3949	2923.3333	4640.0000	
154	1065.889	395.1210	2711.3333	4612.0000	
155	1071.404	402.8468	3115.6665	5047.0000	
156	1076.913	416.2385	2938.6665	4906.3335	
157	1082.414	414.1727	3450.0000	5431.6665	
158	1087.908	431.5240	2290.6667	4162.3335	
159	1093.395	515.8752	3554.6667	5699.6670	
160	1098.875	485.6430	3585.3333	5726.0000	
161	1104.348	443.7705	4219.6665	6324.0000	
162	1109.813	450.0565	3683.3330	5669.6665	
163	1115.271	458.8844	4429.0000	6626.0000	
164	1120.721	504.9008	3794.0000	5910.3330	
165	1126.165	596.4008	4576.6670	6846.6665	
166	1131.601	564.1528	4290.3330	6506.6670	
167	1137.030	579.9034	5106.3335	7316.6670	
168	1142.452	601.3201	4050.0000	6272.6670	
169	1147.866	592.2776	5117.0000	7310.3340	
170	1153.273	496.2343	5073.0000	7162.0000	
171	1158.672	397.1919	5464.6670	7446.3335	
172	1164.064	302.8162	4954.3335	6785.0000	
173	1169.449	297.9723	6386.0000	8249.6670	
174	1174.827	271.6282	5857.6670	7697.6670	
175	1180.197	397.4923	6833.6665	8901.3340	
176	1185.560	431.9972	6382.6665	8530.6660	
177	1190.915	386.9189	7078.6670	9225.6660	
178	1196.263	420.9252	6800.6660	9027.0000	
179	1201.603	745.8466	7540.0000	10136.3330	
180	1206.936	1002.1011	6877.6670	9775.3330	
181	1212.262	1035.3352	7865.3340	10827.0000	
182	1217.580	771.7758	7516.3330	10228.3340	
183	1222.891	683.9600	8239.0000	10904.3340	
184	1228.194	595.4781	7959.6670	10577.6670	
185	1233.489	469.0432	9058.0000	11608.6670	
186	1238.778	290.9412	8789.3330	11221.0000	
187	1244.058	391.8393	9218.6660	11810.3340	
188	1249.331	434.4026	8850.6670	11544.0000	
189	1254.597	506.6299	10448.3340	13294.3320	
190	1259.855	275.5283	9853.3330	12548.6660	
191	1265.106	325.4248	10872.3330	13698.0000	
192	1270.349	352.6543	10810.6670	13744.0000	
193	1275.584	422.2188	11759.0000	14842.3340	
194	1280.812	394.1133	11055.0000	14190.6660	
195	1286.032	555.0117	12053.3330	15430.3340	
196	1291.244	489.2107	11550.6670	14968.3340	
197	1296.449	421.1410	12813.0000	16235.6680	
198	1301.647	428.4015	12252.0000	15755.0000	
199	1306.836	514.6648	13461.6660	17124.0000	
200	1312.018	480.5905	12887.3340	16588.6660	
201	1317.193	373.3046	13666.0000	17299.6680	
202	1322.359	305.3489	13314.6660	16920.0000	
203	1327.518	638.3839	14157.6660	18105.0000	
204	1332.670	747.6674	13564.0000	17643.3340	
205	1337.813	687.4451	14774.0000	18813.6660	
206	1342.949	364.2247	13853.0000	17590.0000	
207	1348.077	276.6702	15107.0000	18777.0000	
208	1353.198	273.7817	14167.3340	17855.0000	
209	1358.311	509.2273	15705.3340	19649.0000	
210	1363.415	921.6727	14999.0000	19375.6660	
211	1368.513	1095.1202	16126.3320	20697.0000	
212	1373.602	1010.8984	15387.0000	19894.0000	
213	1378.684	1344.8181	16476.3340	21340.3340	
214	1383.757	1109.4059	15697.6660	20349.3340	
215	1388.823	497.6559	16956.6680	21019.6660	
216	1393.881	19.5749	15890.3340	19498.3340	
217	1398.932	158.1338	17018.0000	20782.3320	
218	1403.974	292.6811	16130.6660	20009.0000	
219	1409.009	771.5590	17410.3340	21747.0000	
220	1414.036	1309.7729	16210.6660	21065.0000	
221	1419.054	1737.8997	17411.6680	22678.0000	
222	1424.065	1887.6970	16557.0000	21957.0000	
223	1429.068	2669.8235	17511.3340	23677.3320	
224	1434.064	3413.0488	16653.0000	23515.3340	
225	1439.051	3938.9690	17758.0000	25106.3320	
226	1444.030	4314.5586	16793.0000	24477.0000	
227	1449.001	4600.4805	17957.3320	25887.3320	
228	1453.965	4688.7358	16646.6660	24625.0000	
229	1458.920	4720.9355	18050.0000	25961.6680	
230	1463.868	3429.7993	16652.3340	23174.0000	
231	1468.807	2262.6665	17642.0000	22897.6680	
232	1473.739	1307.8677	16400.0000	20602.0000	
233	1478.662	851.8696	17287.6660	20945.0000	
234	1483.578	462.8711	16137.0000	19316.6680	
235	1488.485	410.2053	17400.3340	20438.6680	
236	1493.385	261.2058	16376.0000	19176.6660	
237	1498.276	346.0159	17708.3320	20528.6660	
238	1503.159	300.0926	16796.3340	19522.3340	
239	1508.035	332.7134	17472.3340	20192.3340	
240	1512.902	0.0000	13895.0000	16243.6660	
241	1517.761	128.6205	15961.3340	18400.0000	
242	1522.612	337.2411	17098.0000	19706.6660	
243	1527.454	503.1964	18908.3340	21644.3340	
244	1532.289	468.1504	17841.6660	20504.0000	
245	1537.116	504.1365	19148.3340	21863.6660	
246	1541.934	420.4089	18073.3340	20770.6680	
247	1546.745	464.6787	19297.3340	22104.6680	
248	1551.547	302.2827	18456.3340	21167.0000	
249	1556.341	436.2964	19882.0000	22825.6660	
250	1561.126	301.6440	18675.0000	21583.0000	
251	1565.904	301.9912	19760.0000	22767.3340	
252	1570.673	340.0059	19373.0000	22517.3340	
253	1575.434	428.9233	20069.3340	23434.6680	
254	1580.187	352.1743	18732.6660	22153.3340	
255	1584.932	549.0918	19847.3340	23597.0000	
256	1589.668	445.0088	18211.0000	21988.6660	
257	1594.396	522.9258	18455.0000	22442.6660	
258	1599.116	391.1792	17344.3340	21332.3340	
259	1603.828	559.6560	19695.3340	24015.6660	
260	1608.531	611.5920	19094.3340	23580.6660	
261	1613.226	850.7896	20176.0000	24972.3320	
262	1617.912	945.3232	19896.3320	24858.0000	
263	1622.591	1059.1858	20431.0000	25577.3340	
264	1627.261	1125.0479	19172.0000	24455.0000	
265	1631.922	1841.6045	19700.0000	25736.3320	
266	1636.576	2750.6917	18172.0000	25119.3320	
267	1641.220	3859.7314	20232.0000	28299.3320	
268	1645.857	3686.1060	18778.0000	26682.6680	
269	1650.485	2784.4341	20387.3340	27304.0000	
270	1655.105	1847.7629	18420.0000	24313.6660	
271	1659.716	1723.0950	19878.0000	25560.6680	
272	1664.319	2249.4229	19443.3340	25566.0000	
273	1668.913	3100.4209	20407.6660	27295.0000	
274	1673.499	3309.4175	18932.0000	25942.0000	
275	1678.077	2747.0784	18806.3340	25167.6660	
276	1682.646	1661.4133	18516.6660	23706.0000	
277	1687.206	858.4758	18393.0000	22659.3340	
278	1691.759	292.5361	18299.0000	21879.3320	
279	1696.302	456.5986	20621.0000	24245.3340	
280	1700.837	212.6372	18292.6680	21581.3340	
281	1705.364	494.2466	18776.3340	22188.6660	
282	1709.882	689.1924	16761.0000	20210.3340	
283	1714.391	1063.4678	19868.6660	23534.3320	
284	1718.892	746.4111	17801.3340	20992.0000	
285	1723.385	462.0598	18192.3320	21018.6660	
286	1727.868	66.7061	14808.3340	17159.3320	
287	1732.344	231.0652	17385.3340	19798.6660	
288	1736.810	441.8113	17668.6660	20227.6680	
289	1741.268	408.8853	17499.6660	19960.6660	
290	1745.717	377.0247	14547.3340	16696.0000	
291	1750.158	493.0398	17822.3320	20237.3340	
292	1754.590	392.7791	16594.0000	18870.3340	
293	1759.014	593.0583	16968.0000	19367.0000	
294	1763.428	174.6722	13295.3330	15225.0000	
295	1767.835	350.2858	15438.3340	17492.6680	
296	1772.232	730.5655	17377.6680	19761.3340	
297	1776.621	576.3678	15448.0000	17638.3320	
298	1781.001	320.1729	13000.3330	14895.3330	
299	1785.372	345.6429	13443.0000	15324.3340	
300	1789.735	394.3840	12687.3330	14553.3320	
301	1794.089	432.2512	13523.0000	15387.3340	
302	1798.434	586.5708	15022.6660	17096.6660	
303	1802.770	606.6389	15807.3340	17995.6660	
304	1807.098	526.7913	15580.6660	17632.0000	
305	1811.416	437.4429	13737.6660	15793.3340	
306	1815.726	362.1787	12041.0000	13788.6660	
307	1820.027	347.0806	12979.3340	14803.3340	
308	1824.320	427.1050	11784.3330	13527.6680	
309	1828.603	560.1758	14226.6660	16215.0000	
310	1832.878	586.3281	13620.6670	15605.3320	
311	1837.144	400.1504	11750.6670	13519.3340	
312	1841.401	331.9697	11227.3340	12898.0000	
313	1845.649	489.5967	12010.0000	13803.3330	
314	1849.889	649.3895	14131.6660	16164.3340	
315	1854.119	662.6815	13218.6680	15128.3340	
316	1858.340	697.6403	12233.3340	14170.3340	
317	1862.553	557.0419	11028.6670	12735.3320	
318	1866.757	562.2812	10461.3330	12124.0000	
319	1870.951	266.8508	8119.6660	9437.6660	
320	1875.137	337.7542	7622.0000	8961.6670	
321	1879.314	362.4279	9158.0000	10659.6670	
322	1883.482	329.2212	6551.3330	7801.6665	
323	1887.641	158.6437	5264.0000	6301.3330	
324	1891.791	269.0656	5839.3335	6944.6660	
325	1895.932	385.2134	8057.3330	9320.3330	
326	1900.064	381.1107	5542.0000	6668.0000	
327	1904.187	559.4243	8942.6670	10350.6660	
328	1908.300	559.6577	8774.3330	10269.0000	
329	1912.405	520.5981	7808.3340	9098.6670	
330	1916.501	472.7609	8526.0000	9982.3330	
331	1920.588	475.2577	6526.3330	7728.0000	
332	1924.666	530.6943	7643.3330	8936.6670	
333	1928.734	691.2031	8783.3340	10263.6670	
334	1932.794	623.7335	8005.3330	9374.6670	
335	1936.844	373.5974	5726.6665	6802.3340	
336	1940.885	551.1262	6790.6670	8000.3330	
337	1944.917	639.3236	7258.3340	8512.6670	
338	1948.940	648.9989	7933.3330	9381.0000	
339	1952.954	624.0508	6578.9995	7731.0000	
340	1956.959	394.2461	3184.0000	4062.6665	
341	1960.955	397.2346	3154.0000	3847.3335	
342	1964.941	460.6396	4292.6670	5200.0000	
343	1968.918	483.0784	3237.6667	4031.3333	
344	1972.886	476.0447	2447.6667	3168.0000	
345	1976.845	380.5818	1591.3333	2159.3333	
346	1980.794	269.1180	120.6667	520.3333	
347	1984.735	358.6541	913.3334	1345.6666	
348	1988.666	395.9196	1139.6666	1651.6667	
349	1992.588	396.5825	695.0000	1081.3334	
350	1996.500	389.5594	-104.3333	233.3333	
351	2000.404	372.7979	531.3334	805.0000	
352	2004.298	377.9528	-241.3333	86.0000	
353	2008.182	397.9413	336.6667	632.3334	
354	2012.058	410.2632	-301.3333	7.6667	
355	2015.924	417.8350	293.0000	597.3334	
356	2019.781	413.1567	-391.3333	-104.0000	
357	2023.628	423.3795	310.0000	585.3333	
358	2027.466	434.9358	-373.0000	-75.3333	
359	2031.295	444.1584	234.0000	551.0000	
360	2035.114	408.0477	-358.6667	-122.6667	
361	2038.924	446.2651	266.3333	550.3333	
362	2042.725	440.4407	-395.6667	-97.3333	
363	2046.516	431.6163	226.3333	520.0000	
364	2050.298	403.6022	-430.0000	-129.6667	
365	2054.070	404.6352	228.3333	478.6666	
366	2057.833	406.7515	-372.6667	-64.6667	
367	2061.586	407.7637	216.6667	509.3334	
368	2065.330	401.7341	-351.3333	-87.6667	
369	2069.065	404.9337	185.6667	496.6666	
370	2072.790	407.5916	-284.3333	-37.3333	
371	2076.505	427.2122	328.0000	615.6667	
372	2080.211	430.2767	-352.6667	-65.3333	
373	2083.908	423.8358	191.3333	487.3334	
374	2087.595	408.0615	-252.6667	-0.6667	
375	2091.272	400.9540	44.0000	301.3333	
376	2094.940	394.5131	-286.0000	-60.0000	
377	2098.599	397.7393	266.3333	535.6667	
378	2102.248	401.8822	-103.3333	124.6667	
379	2105.887	415.6918	210.0000	483.3333	
380	2109.516	419.0861	-410.0000	-164.3333	
381	2113.136	424.0699	-756.3333	-428.6667	
382	2116.747	434.1370	-119.6667	125.0000	
383	2120.348	437.2042	214.3333	495.3333	
384	2123.939	432.1880	-563.3334	-289.6667	
385	2127.521	376.5298	145.3333	379.0000	
386	2131.093	396.9838	-434.6667	-184.3333	
387	2134.655	406.4586	90.0000	359.0000	
388	2138.207	410.2445	-357.0000	-108.6667	
389	2141.750	410.1691	291.6667	538.3334	
390	2145.283	420.9478	-422.3333	-154.6667	
391	2148.807	415.8099	223.0000	486.0000	
392	2152.321	423.2277	-572.6667	-327.0000	
393	2155.825	417.7731	86.0000	343.3333	
394	2159.319	415.1520	-277.6667	-34.6667	
395	2162.804	414.7807	360.3333	612.0000	
396	2166.279	412.7433	-290.3333	-22.0000	
397	2169.744	412.0887	163.0000	380.6667	
398	2173.199	430.5174	-421.6666	-150.3333	
399	2176.644	414.5294	152.0000	434.0000	
400	2180.080	393.2081	-166.6667	68.6667	
401	2183.506	392.5535	477.3333	712.6667	
402	2186.922	416.5655	-348.0000	-88.0000	
403	2190.328	445.2443	-27.6667	261.6667	
404	2193.725	445.9225	-391.0000	-100.3333	
405	2197.111	434.1679	237.0000	546.6666	
406	2200.488	410.7026	-370.3333	-128.3333	
407	2203.854	408.0563	247.6667	521.6667	
408	2207.211	409.6604	-336.0000	-63.3333	
409	2210.558	412.7064	324.0000	625.6666	
410	2213.896	416.2314	-405.3333	-154.3333	
411	2217.223	409.9650	293.0000	579.3333	
412	2220.540	409.9258	-355.6667	-70.0000	
413	2223.847	404.2819	347.3333	600.3333	
414	2227.145	402.2953	-575.3333	-323.6667	
415	2230.432	420.2254	174.3333	411.3333	
416	2233.709	446.3220	-608.6666	-311.6667	
417	2236.977	444.0021	182.0000	477.3333	
418	2240.234	439.3489	-501.3333	-210.0000	
419	2243.482	406.5290	38.0000	271.3333	
420	2246.719	397.6274	-364.3333	-87.3333	
421	2249.946	397.1843	310.0000	545.0000	
422	2253.164	397.9495	-422.6667	-173.3333	
423	2256.371	401.9022	242.3333	477.0000	
424	2259.568	404.6879	-368.6667	-100.3333	
425	2262.755	407.2098	265.3333	507.3333	
426	2265.933	412.2315	-86.3333	165.3333	
427	2269.100	397.9063	358.3333	611.6667	
428	2272.256	451.2838	-350.0000	-43.0000	
429	2275.403	428.1042	171.6667	458.3333	
430	2278.540	415.0079	-311.6667	-52.3333	
431	2281.667	406.8284	349.3333	645.6667	
432	2284.783	403.9821	-395.6667	-132.3333	
433	2287.889	402.4275	201.3333	466.6667	
434	2290.985	428.1707	-386.6667	-104.6667	
435	2294.071	431.0538	216.6667	502.0000	
436	2297.147	414.2708	-597.6666	-328.6667	
437	2300.212	412.1176	277.3333	543.6666	
438	2303.267	415.3810	-418.3333	-171.0000	
439	2306.312	430.1444	-0.3333	283.0000	
440	2309.347	426.6583	-544.0000	-264.6667	
441	2312.372	414.9584	402.3333	668.3333	
442	2315.386	415.2588	-130.6667	134.0000	
443	2318.390	410.1423	172.6667	422.0000	
444	2321.384	408.5261	-507.3333	-235.6667	
445	2324.368	411.8553	389.0000	635.0000	
446	2327.341	415.3512	-473.3333	-221.6667	
447	2330.304	420.4304	306.0000	572.3333	
448	2333.256	404.8909	-328.6667	-83.6667	
449	2336.199	404.4548	11.6667	275.0000	
450	2339.131	407.2686	-312.0000	-61.0000	
451	2342.052	408.1866	447.6667	701.0000	
452	2344.963	408.8961	-546.3334	-285.0000	
453	2347.864	409.8704	373.3333	597.6667	
454	2350.755	410.5945	-385.3333	-127.6667	
455	2353.635	429.9149	244.3333	498.6667	
456	2356.505	428.6061	-348.6667	-125.0000	
457	2359.364	429.2585	383.3333	650.6666	
458	2362.213	424.2026	-222.3333	19.3333	
459	2365.051	420.5216	227.0000	464.3333	
460	2367.879	417.2582	-114.3333	107.3333	
461	2370.697	413.6106	235.6667	498.3334	
462	2373.504	397.3796	-196.3333	15.6667	
463	2376.300	405.8153	373.6667	593.3333	
464	2379.086	410.7510	-216.3333	49.6667	
465	2381.862	412.2701	191.6667	374.0000	
466	2384.627	413.0391	-293.3333	-66.0000	
467	2387.382	420.3916	247.3333	470.0000	
468	2390.125	430.4098	-460.3334	-217.6667	
469	2392.859	421.2110	320.3333	552.3334	
470	2395.582	440.0505	-134.0000	130.3333	
471	2398.294	428.3069	516.0000	766.6667	
472	2400.996	422.5634	-599.3334	-356.3333	
473	2403.687	403.4033	264.3333	486.0000	
474	2406.368	400.5765	-399.6666	-183.0000	
475	2409.038	388.0831	441.0000	643.0000	
476	2411.697	396.8374	-306.3333	-116.6667	
477	2414.346	409.2466	331.3333	533.6666	
478	2416.984	416.8225	-382.6667	-172.6667	
479	2419.612	421.3151	176.3333	379.3333	
480	2422.228	431.4742	-369.0000	-143.6667	
481	2424.834	427.2168	257.6667	479.0000	
482	2427.430	430.2510	-427.3333	-236.6667	
483	2430.015	439.3685	174.3333	408.3333	
484	2432.589	439.2356	1253.6666	1534.6666	
485	2435.152	415.3979	276.6667	480.3334	
486	2437.705	411.8522	-622.6667	-447.3333	
487	2440.247	418.4732	131.6667	339.0000	
488	2442.778	419.2606	-415.6667	-228.0000	
489	2445.298	392.1388	76.0000	230.3333	
490	2447.808	381.4848	-480.6667	-324.6667	
491	2450.306	405.7823	390.3333	565.6667	
492	2452.794	434.0797	-349.3333	-150.6667	
493	2455.272	431.6345	341.3333	537.0000	
494	2457.738	409.5228	-555.0000	-382.0000	
495	2460.194	396.0777	306.0000	465.0000	
496	2462.638	408.7159	-291.0000	-133.0000	
497	2465.073	430.1875	428.3334	620.3333	
498	2467.496	414.0758	-410.0000	-234.6667	
499	2469.908	411.5474	484.3333	648.3333	
500	2472.309	412.1025	-262.0000	-84.0000	
501	2474.699	410.4810	78.6667	250.3333	
502	2477.079	385.7763	-399.6667	-251.6667	
503	2479.448	408.7382	286.6667	458.6667	
504	2481.805	411.3667	-369.0000	-186.0000	
505	2484.152	410.3286	202.0000	348.6667	
506	2486.488	414.2071	-400.6667	-196.0000	
507	2488.813	413.1690	259.0000	418.6667	
508	2491.127	442.8809	-613.6667	-402.3333	
509	2493.430	454.5094	231.0000	455.0000	
510	2495.722	426.8047	-232.6667	-35.3333	
511	2498.003	370.0999	2.0000	143.6667	
