resultName	chilca3-63
resultName	chilca3-63
ID	RS20200227094845_P19331194
Command	SCANANDSEARCH
User	Admin
Application	_Analyze
SerialNumber	P19331194
Power	280
Integration	900
Averages	3
AutoExposure	Off
AutoCollect	Off
QuickCollect	Off
AutoBackground	On
BaselineCorrection	On
Algorithm	Wavelet
Searched Library	All,None,None,None
MixtureComponents	2
matchThreshold	0.0
displayMatches	1
Threshold	0.80
WL Start	
WL End	
ServerVersion	3.180316
FirmwareVersion	
date	2020-02-27
time	09:48:45
scanindex	0
specpath	RS20200227094845_P19331194.xml
Search Range	200 - 2500
Synced	false
lastCalDateTime	2020-02-27 08:30:34
lastCalUser	Admin
lastCalResult	PASS
lastVerifyDateTime	2019-10-16 15:05:37
lastVerifyUser	Admin
lastVerifyResult	PASS
selectedMaterial	
result	No Match
ValidationGUID	
ValidationMatchQuality	
topMatch	
topMatchGUID	
topMatchQuality	
secondMatch	
secondMatchGUID	
secondMatchQuality	
thirdMatch	
thirdMatchGUID	
thirdMatchQuality	
fourthMatch	
fourthMatchGUID	
fourthMatchQuality	
fifthMatch	
fifthMatchGUID	
fifthMatchQuality	
signedBy	
signedDateTime	
softwareVer	1.7.0.21
memo	
batchID	
inBatch	false
batchUID	
batchCID1	
batchCIDlbl1	
batchCID2	
batchCIDlbl2	
batchCID3	
batchCIDlbl3	
batchCID4	
batchCIDlbl4	
batchCID5	
batchCIDlbl5	
signedTitle	
signedReason	
rescanned	
barcode	
topMatchContribs	
secondMatchContribs	
thirdMatchContribs	
fourthMatchContribs	
fifthMatchContribs	
ValidationMatchContribs	
Threat	
PrecursorList	
CompundName	
WindowStart4C	
MatchLibrary	
lastModified	2020/02/27 09:49
Signal2Noise	57.05
Detector TEC SetPoint	0x8000
Detector Temp	4.98
Laser Temp	25.38
OE1 Temp	30.47
OE2 Temp	34.00
Detector Gain	200
SaturationDetected	false
InterpolatedPixelList	
PeakList	 304.4	777	328.6	693	435.0	627	495.5	554	560.6	711	666.0	933	759.3	2309	797.6	918	846.8	592	953.3	503	1158.3	637	1227.0	574	1297.1	797	1305.2	720	1377.3	1590	1440.1	5601	1564.7	1627	1645.3	4637	1676.1	3161
index	Raman Shift (cm-1)	Y value (counts)	background (counts)	raw value (counts)
0	137.455	253.1379	781.3334	4115.6665	
1	143.948	267.6444	795.3334	4032.6665	
2	150.436	190.8181	873.0000	3922.0000	
3	156.918	257.9915	999.6666	4004.3335	
4	163.394	261.4978	630.6667	3527.3335	
5	169.865	288.3375	1061.3334	3873.3335	
6	176.330	235.1774	811.6667	3459.0000	
7	182.790	242.6841	1017.6666	3561.0000	
8	189.244	195.1906	662.0000	3046.3335	
9	195.693	282.0301	1013.3334	3373.0000	
10	202.136	280.2038	815.0000	3061.3335	
11	208.573	209.3765	1298.6667	3362.6665	
12	215.005	230.2166	732.6666	2706.0000	
13	221.431	167.6568	1131.3333	2990.3335	
14	227.851	98.2411	909.6666	2637.0000	
15	234.266	127.8921	1233.6667	2993.6665	
16	240.675	97.5435	797.0000	2529.6665	
17	247.078	188.8618	969.3334	2796.3335	
18	253.476	260.8463	798.3334	2700.3333	
19	259.868	327.8310	1075.0000	3047.0000	
20	266.254	277.1490	482.3334	2406.6667	
21	272.635	164.8390	1153.6666	2986.3335	
22	279.009	49.1952	893.6667	2631.3335	
23	285.378	243.8849	978.6666	2931.6667	
24	291.742	473.2414	597.0000	2800.0000	
25	298.099	716.1713	861.3333	3335.3333	
26	304.451	777.4346	491.3333	3054.6667	
27	310.797	685.6975	1138.0000	3637.6665	
28	317.137	467.4504	733.6667	3056.0000	
29	323.471	570.0487	787.9999	3173.6665	
30	329.800	692.6469	357.3333	2826.3333	
31	336.122	443.5784	1081.0000	3261.6665	
32	342.439	291.1765	724.6667	2713.6665	
33	348.750	272.7749	1014.0000	2945.3333	
34	355.055	293.0398	504.6667	2417.0000	
35	361.354	281.3809	822.0000	2671.0000	
36	367.648	240.0205	582.0000	2349.0000	
37	373.935	175.2674	482.0000	2159.0000	
38	380.216	72.8475	580.6667	2130.0000	
39	386.492	153.4277	703.6667	2308.3333	
40	392.762	272.3413	385.6667	2084.0000	
41	399.025	285.1687	748.6667	2438.3335	
42	405.283	31.3291	564.0000	1978.3334	
43	411.535	68.1562	341.0000	1770.6665	
44	417.781	210.9836	95.0000	1646.0000	
45	424.020	474.8117	630.6667	2444.3333	
46	430.254	618.6401	50.6667	2007.0000	
47	436.482	627.1351	316.0000	2279.6667	
48	442.704	459.2966	77.3333	1872.0000	
49	448.920	264.3015	372.6667	1982.0000	
50	455.129	229.0172	-17.3333	1569.3333	
51	461.333	174.3994	163.0000	1664.6667	
52	467.531	187.8652	131.0000	1687.6667	
53	473.722	181.0687	270.3333	1804.0000	
54	479.908	294.5221	-8.3333	1682.6665	
55	486.087	552.7258	-71.3333	1884.6667	
56	492.260	522.3131	-123.0000	1796.0000	
57	498.427	553.7734	276.0000	2203.0000	
58	504.588	324.9004	-51.0000	1623.6667	
59	510.743	158.6939	133.3333	1618.3333	
60	516.892	191.1542	-160.6667	1333.3333	
61	523.034	453.7329	220.0000	1939.3333	
62	529.171	309.3119	-267.3333	1270.3334	
63	535.301	207.4739	364.3333	1726.0000	
64	541.425	206.5526	-141.0000	1234.3333	
65	547.543	243.7981	269.0000	1588.6665	
66	553.655	305.6268	179.0000	1564.0000	
67	559.760	710.8723	585.3333	2338.3333	
68	565.859	673.1179	52.6667	1730.6667	
69	571.952	214.5314	456.0000	1647.6666	
70	578.039	165.5238	-152.3333	920.3334	
71	584.119	183.3969	153.6667	1273.6667	
72	590.193	190.8741	-176.6667	970.6666	
73	596.261	154.2713	277.3333	1364.3333	
74	602.323	152.7517	97.0000	1199.6667	
75	608.378	158.1490	295.6667	1247.6666	
76	614.427	217.8795	69.3333	1189.0000	
77	620.469	290.6087	402.3333	1686.6667	
78	626.505	275.7433	184.0000	1336.6666	
79	632.535	304.9613	396.3334	1640.6667	
80	638.559	483.7627	192.6667	1630.6667	
81	644.576	682.5637	684.6667	2336.3333	
82	650.587	830.6984	30.3333	1845.0000	
83	656.591	921.1665	89.3333	2009.3335	
84	662.589	781.3009	39.3333	1834.3333	
85	668.581	932.5320	225.3333	2133.6667	
86	674.566	460.0959	-258.0000	1140.0000	
87	680.544	339.3267	267.6667	1507.0000	
88	686.517	286.2244	80.0000	1228.3334	
89	692.483	265.2931	539.3334	1622.3335	
90	698.442	249.1949	-66.6667	1155.3334	
91	704.395	228.3766	200.0000	1245.0000	
92	710.341	228.2950	-24.3333	1048.3334	
93	716.281	100.8110	220.0000	1248.3334	
94	722.214	55.9936	16.0000	994.0000	
95	728.141	55.1762	288.3333	1398.6667	
96	734.061	153.0254	-9.3333	1262.6666	
97	739.975	126.5411	491.0000	1800.3334	
98	745.882	349.5412	213.3333	1799.0000	
99	751.783	1100.3971	814.6667	3215.6665	
100	757.677	2308.5867	-24.3333	3649.3335	
101	763.564	2091.6846	634.0000	4126.3335	
102	769.445	759.1152	45.3333	2240.6665	
103	775.319	450.5464	502.6667	2425.0000	
104	781.187	613.3108	150.6667	2271.3333	
105	787.048	718.4272	706.0000	2950.0000	
106	792.902	646.8768	478.6667	2669.3335	
107	798.750	917.9929	817.6667	3297.6665	
108	804.591	802.4429	276.3333	2659.0000	
109	810.425	313.7932	837.6666	2718.0000	
110	816.253	107.4767	273.6667	1872.6666	
111	822.074	121.1605	726.0000	2330.6665	
112	827.888	19.9650	243.3333	1800.6665	
113	833.695	94.2322	797.6666	2294.0000	
114	839.496	292.4998	358.3333	2150.0000	
115	845.290	592.2670	732.0000	2804.3333	
116	851.078	429.0344	517.6666	2407.6665	
117	856.858	248.6174	734.0000	2450.6667	
118	862.632	181.8669	644.0000	2301.0000	
119	868.399	224.0287	765.6666	2460.6667	
120	874.159	303.3873	340.6667	2125.6667	
121	879.913	390.9399	742.3333	2614.6665	
122	885.659	403.4930	440.0000	2324.6667	
123	891.399	398.7125	756.0000	2635.6667	
124	897.132	200.5986	559.6667	2241.0000	
125	902.858	115.0937	592.0000	2187.3335	
126	908.577	203.9218	241.3333	1925.0000	
127	914.290	337.0835	739.6666	2556.0000	
128	919.995	439.5783	93.0000	2011.3333	
129	925.694	296.0735	741.0000	2515.3335	
130	931.385	235.9016	174.3333	1888.0000	
131	937.070	145.7301	782.3333	2405.3335	
132	942.748	289.2247	253.0000	2019.0000	
133	948.419	260.3945	660.3333	2407.3333	
134	954.083	503.3942	158.0000	2145.6667	
135	959.740	406.7270	488.6667	2377.3333	
136	965.390	106.0595	337.6667	1923.3333	
137	971.033	230.6495	486.6667	2191.0000	
138	976.669	296.5730	-72.6667	1691.6667	
139	982.299	256.8296	372.3333	2091.0000	
140	987.921	168.5799	322.0000	1934.6666	
141	993.536	246.6923	313.6667	2001.3333	
142	999.144	251.4712	81.3333	1770.6665	
143	1004.745	276.9170	556.0000	2267.6665	
144	1010.339	340.6961	-36.6667	1735.6665	
145	1015.926	337.4755	417.6667	2183.6667	
146	1021.506	249.9210	285.0000	1960.3333	
147	1027.078	221.0334	514.6666	2125.0000	
148	1032.644	259.8125	181.0000	1860.0000	
149	1038.203	199.1544	441.3333	2050.0000	
150	1043.754	176.4128	140.6667	1702.3335	
151	1049.298	180.8379	358.6667	1929.0000	
152	1054.836	190.5128	-81.0000	1483.3333	
153	1060.366	213.4603	450.0000	2037.6667	
154	1065.889	275.7907	183.0000	1836.3335	
155	1071.404	369.8220	452.0000	2193.3335	
156	1076.913	511.8531	168.0000	2045.3333	
157	1082.414	523.9792	527.3333	2410.6667	
158	1087.908	321.1048	-22.0000	1652.3333	
159	1093.395	168.8973	485.0000	2001.0000	
160	1098.875	215.3563	328.6667	1885.0000	
161	1104.348	350.4258	545.3333	2222.0000	
162	1109.813	299.2367	144.3333	1773.3333	
163	1115.271	238.3811	700.6667	2272.3333	
164	1120.721	163.8589	179.3333	1680.0000	
165	1126.165	151.2134	641.0000	2115.0000	
166	1131.601	175.0679	145.6667	1679.0000	
167	1137.030	168.3391	762.0000	2233.0000	
168	1142.452	259.2771	41.3333	1664.3333	
169	1147.866	411.9086	665.0000	2460.3335	
170	1153.273	508.8730	272.3333	2184.3335	
171	1158.672	636.8373	675.3334	2735.0000	
172	1164.064	464.8018	229.3333	2136.6665	
173	1169.449	350.2341	877.3334	2682.0000	
174	1174.827	151.6660	423.0000	2041.0000	
175	1180.197	215.7487	897.6667	2603.0000	
176	1185.560	168.1721	475.3333	2138.6667	
177	1190.915	106.5953	801.6666	2409.0000	
178	1196.263	140.6852	583.0000	2230.0000	
179	1201.603	330.4414	868.3334	2710.6665	
180	1206.936	462.1981	323.6667	2303.3333	
181	1212.262	477.9917	897.0000	2902.3335	
182	1217.580	494.9294	527.0000	2548.0000	
183	1222.891	546.2349	883.0000	2971.0000	
184	1228.194	573.8737	465.3333	2596.6667	
185	1233.489	410.6400	978.6666	2965.6665	
186	1238.778	301.4066	685.0000	2581.6665	
187	1244.058	177.5071	976.6666	2768.3335	
188	1249.331	103.2734	668.6667	2405.0000	
189	1254.597	229.6310	1246.6667	3151.6670	
190	1259.855	143.6549	801.3333	2662.6667	
191	1265.106	205.0120	1261.3333	3226.3333	
192	1270.349	312.3696	959.6666	3074.3335	
193	1275.584	374.7267	1348.3334	3567.6670	
194	1280.812	313.0839	795.0000	2995.0000	
195	1286.032	448.4415	1391.0000	3768.6670	
196	1291.244	778.1671	786.3333	3549.6665	
197	1296.449	797.4062	1375.3333	4157.3330	
198	1301.647	659.6456	976.6666	3620.3330	
199	1306.836	719.8853	1501.6666	4205.0000	
200	1312.018	685.7909	1179.6666	3848.3335	
201	1317.193	282.5862	1224.3333	3468.3330	
202	1322.359	103.3829	1202.3334	3245.6670	
203	1327.518	442.1057	1391.0000	3737.6670	
204	1332.670	474.4485	1126.3333	3490.3335	
205	1337.813	288.4911	1594.0000	3778.3335	
206	1342.949	138.8666	976.0000	3017.0000	
207	1348.077	71.2422	1553.0000	3532.6665	
208	1353.198	176.2845	969.6667	3060.6665	
209	1358.311	211.9943	1771.6665	3904.6670	
210	1363.415	600.3698	1206.6667	3734.3335	
211	1368.513	1150.4120	1623.0000	4707.0000	
212	1373.602	1413.1217	1204.6666	4557.6670	
213	1378.684	1589.7097	1607.3334	5148.6665	
214	1383.757	1214.9656	1219.3334	4397.6670	
215	1388.823	435.2209	1846.0000	4256.3335	
216	1393.881	123.4778	1137.6666	3248.0000	
217	1398.932	11.4677	1706.6667	3702.0000	
218	1403.974	47.6855	1307.6666	3308.6667	
219	1409.009	287.9027	1985.0000	4195.6665	
220	1414.036	770.7870	1316.6666	3979.6665	
221	1419.054	1264.5634	1694.0000	4828.3335	
222	1424.065	1711.0059	1344.3334	4902.6665	
223	1429.068	3089.7822	1725.0000	6639.6665	
224	1434.064	5142.1455	1425.6666	8353.0000	
225	1439.051	5601.1387	1776.3333	9122.0000	
226	1444.030	5582.1299	1336.3334	8622.3330	
227	1449.001	5534.4570	1858.6667	9056.3340	
228	1453.965	5033.7822	1196.0000	7852.3330	
229	1458.920	4324.6816	1825.6667	7679.6665	
230	1463.868	3366.9138	1250.6666	6053.6665	
231	1468.807	2511.4795	1796.6667	5651.0000	
232	1473.739	1676.7102	1182.0000	4108.3330	
233	1478.662	920.0513	1655.6667	3742.6665	
234	1483.578	534.3928	1083.6667	2702.3333	
235	1488.485	306.4016	1689.0000	2997.0000	
236	1493.385	190.0759	1054.0000	2163.0000	
237	1498.276	184.5369	1767.0000	2814.6667	
238	1503.159	91.2472	1171.0000	2076.6667	
239	1508.035	87.4931	1644.0000	2508.3335	
240	1512.902	114.0716	939.0000	1792.3333	
241	1517.761	114.0675	1609.6667	2406.0000	
242	1522.612	151.6462	1279.6666	2115.0000	
243	1527.454	151.4755	1998.3334	2776.3335	
244	1532.289	167.7206	1400.6666	2157.3333	
245	1537.116	190.6250	1976.0000	2755.3333	
246	1541.934	194.2217	1315.6667	2133.0000	
247	1546.745	243.4866	1981.0000	2882.0000	
248	1551.547	310.0830	1422.0000	2424.0000	
249	1556.341	731.4558	1973.0000	3471.6665	
250	1561.126	1455.1626	1407.3333	3705.0000	
251	1565.904	1627.2012	1926.3335	4471.3335	
252	1570.673	868.9080	1622.6665	3484.6665	
253	1575.434	383.5928	1885.6665	3322.3333	
254	1580.187	217.6122	1408.6666	2703.6667	
255	1584.932	121.7135	1951.6665	3251.6670	
256	1589.668	57.9817	1242.6667	2533.6667	
257	1594.396	0.0000	1781.6667	3074.6667	
258	1599.116	71.0181	1295.0000	2719.0000	
259	1603.828	260.4914	1783.6667	3476.6665	
260	1608.531	636.4739	1556.3334	3664.0000	
261	1613.226	984.2144	1888.0000	4407.6665	
262	1617.912	1070.6223	1845.3333	4515.6670	
263	1622.591	1214.3621	1968.0000	4846.3330	
264	1627.261	1874.7708	1483.3333	5086.3335	
265	1631.922	2822.3066	1841.3333	6421.6670	
266	1636.576	3566.8430	1272.3334	6606.3330	
267	1641.220	4084.2600	2172.6665	8032.6670	
268	1645.857	4636.6738	1310.3334	7731.3340	
269	1650.485	3704.1262	1861.3333	7271.6660	
270	1655.105	2727.5803	1477.0000	5832.6665	
271	1659.716	2422.7000	2035.6665	6008.3330	
272	1664.319	2426.1531	1440.0000	5338.0000	
273	1668.913	2729.2727	2116.0000	6239.0000	
274	1673.499	3121.3928	1316.0000	5753.0000	
275	1678.077	3160.5129	1661.3333	6059.3330	
276	1682.646	1942.9668	1515.3333	4617.6665	
277	1687.206	744.2307	1815.0000	3623.3335	
278	1691.759	302.4932	1444.0000	2715.3333	
279	1696.302	139.0908	1992.3333	3005.0000	
280	1700.837	118.6353	1331.0000	2240.3333	
281	1705.364	108.5479	1874.0000	2680.0000	
282	1709.882	114.4603	1263.6666	1982.3333	
283	1714.391	138.9562	1893.6667	2529.3333	
284	1718.892	200.8684	1213.0000	1881.3333	
285	1723.385	215.5624	1962.3333	2539.3333	
286	1727.868	222.6730	1087.0000	1680.3333	
287	1732.344	249.0648	1753.3333	2329.3333	
288	1736.810	260.8848	1278.6666	1857.0000	
289	1741.268	232.0383	1693.3333	2221.6667	
290	1745.717	225.4415	1122.0000	1617.6667	
291	1750.158	237.0947	1818.0000	2329.3335	
292	1754.590	244.4984	1176.0000	1680.3333	
293	1759.014	252.3032	1722.6667	2250.3333	
294	1763.428	259.9420	886.3334	1364.3333	
295	1767.835	265.7475	1634.0000	2116.3333	
296	1772.232	282.3030	1098.0000	1572.6667	
297	1776.621	288.2128	1464.0000	1954.6667	
298	1781.001	279.7059	701.3334	1185.3334	
299	1785.372	238.8655	1499.6666	1944.6665	
300	1789.735	234.6097	697.6666	1122.0000	
301	1794.089	228.2964	1497.0000	1962.6667	
302	1798.434	236.5602	1157.0000	1592.3333	
303	1802.770	242.9698	1705.0000	2146.6665	
304	1807.098	243.4626	1238.6666	1678.3333	
305	1811.416	225.2056	1220.0000	1635.0000	
306	1815.726	214.0318	895.3334	1294.3334	
307	1820.027	221.6081	1498.3333	1900.0000	
308	1824.320	238.8358	866.6667	1240.6666	
309	1828.603	260.0358	1632.3333	2052.0000	
310	1832.878	248.5690	839.3333	1300.0000	
311	1837.144	248.6854	1366.6666	1696.3333	
312	1841.401	263.0519	946.6667	1369.0000	
313	1845.649	252.1388	1116.3334	1539.0000	
314	1849.889	247.5591	1062.3334	1457.3333	
315	1854.119	248.8126	1359.6667	1771.0000	
316	1858.340	250.3168	775.6666	1185.3334	
317	1862.553	255.8005	1060.3334	1493.6666	
318	1866.757	252.7010	643.3334	1050.0000	
319	1870.951	258.2681	944.6666	1334.0000	
320	1875.137	263.7520	225.0000	664.0000	
321	1879.314	254.4857	923.3334	1315.3333	
322	1883.482	242.2425	228.3333	609.6666	
323	1887.641	249.5176	571.6667	973.3334	
324	1891.791	238.2921	230.6667	597.6666	
325	1895.932	203.4845	993.0000	1322.3333	
326	1900.064	210.6770	317.3333	651.0000	
327	1904.187	229.8694	987.6666	1337.6666	
328	1908.300	236.3951	349.3333	713.0000	
329	1912.405	248.8079	867.0000	1215.6666	
330	1916.501	249.1436	386.6667	739.0000	
331	1920.588	251.9793	760.6667	1118.0000	
332	1924.666	253.8149	360.0000	732.0000	
333	1928.734	254.7985	1088.3333	1428.6666	
334	1932.794	254.4487	354.0000	722.0000	
335	1936.844	260.0157	803.6667	1166.3334	
336	1940.885	259.6659	333.6667	705.6666	
337	1944.917	256.6494	705.0000	1069.0000	
338	1948.940	248.5498	404.3333	754.3333	
339	1952.954	247.7833	732.0000	1095.6667	
340	1956.959	247.1212	13.6667	361.0000	
341	1960.955	250.7685	420.6667	783.0000	
342	1964.941	256.3532	190.0000	531.3333	
343	1968.918	247.8495	349.0000	723.3334	
344	1972.886	251.4903	-231.6667	126.6667	
345	1976.845	239.7044	246.0000	567.6667	
346	1980.794	244.0018	-256.0000	93.0000	
347	1984.735	246.0493	42.6667	382.6667	
348	1988.666	243.0132	-301.6667	31.0000	
349	1992.588	222.9243	361.6667	674.0000	
350	1996.500	241.9654	-400.6667	-80.6667	
351	2000.404	250.1319	290.3333	632.6666	
352	2004.298	251.6317	-409.3333	-87.0000	
353	2008.182	251.1107	251.6667	582.3333	
354	2012.058	247.7148	-405.3333	-76.6667	
355	2015.924	248.3813	223.0000	583.0000	
356	2019.781	247.7145	-458.6666	-164.3333	
357	2023.628	256.2339	254.3333	590.3334	
358	2027.466	257.8365	-436.0000	-91.0000	
359	2031.295	250.9600	180.3333	510.0000	
360	2035.114	249.6464	-455.3333	-124.6667	
361	2038.924	249.8870	235.6667	518.0000	
362	2042.725	252.0652	-492.6667	-128.6667	
363	2046.516	252.3474	172.6667	479.0000	
364	2050.298	234.2671	-494.6667	-163.3333	
365	2054.070	223.7246	196.6667	494.6667	
366	2057.833	233.1821	-384.0000	-78.3333	
367	2061.586	263.9729	151.3333	486.0000	
368	2065.330	243.0970	-400.0000	-88.0000	
369	2069.065	218.8878	166.0000	452.0000	
370	2072.790	244.0119	-337.3333	-28.0000	
371	2076.505	260.6467	287.3333	613.6667	
372	2080.211	258.0323	-372.3333	-70.3333	
373	2083.908	249.4445	176.0000	491.0000	
374	2087.595	244.1068	-303.6667	-8.0000	
375	2091.272	241.5190	13.6667	309.3333	
376	2094.940	243.3480	-330.6667	-46.3333	
377	2098.599	246.3481	236.3333	544.6667	
378	2102.248	247.0565	-164.0000	142.6667	
379	2105.887	247.9107	179.0000	498.0000	
380	2109.516	246.1820	-447.0000	-175.3333	
381	2113.136	249.2738	-735.3334	-406.6667	
382	2116.747	255.1989	-193.0000	111.0000	
383	2120.348	258.1241	166.6667	473.0000	
384	2123.939	249.0492	-575.0000	-278.0000	
385	2127.521	231.8502	114.6667	396.0000	
386	2131.093	230.2395	-452.0000	-150.6667	
387	2134.655	223.0455	97.0000	369.6667	
388	2138.207	231.0177	-400.6666	-123.3333	
389	2141.750	270.1389	251.6667	569.6666	
390	2145.283	259.9268	-458.3334	-149.0000	
391	2148.807	235.7145	198.0000	484.6667	
392	2152.321	247.5468	-598.0000	-323.0000	
393	2155.825	248.6808	57.0000	388.6667	
394	2159.319	243.2730	-289.6667	-27.6667	
395	2162.804	233.6986	330.0000	630.3334	
396	2166.279	231.4158	-289.6667	-9.3333	
397	2169.744	236.5312	117.0000	401.6667	
398	2173.199	275.4801	-433.3333	-112.0000	
399	2176.644	277.7623	140.6667	462.0000	
400	2180.080	252.8363	-212.0000	45.6667	
401	2183.506	255.1185	424.0000	714.3333	
402	2186.922	243.6090	-367.3333	-87.0000	
403	2190.328	226.2246	-38.6667	222.0000	
404	2193.725	230.5069	-395.3333	-132.6667	
405	2197.111	269.0331	209.0000	510.6666	
406	2200.488	257.1209	-421.3333	-120.0000	
407	2203.854	239.1387	210.0000	494.3333	
408	2207.211	220.8235	-351.6667	-84.6667	
409	2210.558	219.9905	310.0000	577.6667	
410	2213.896	246.4907	-432.0000	-136.3333	
411	2217.223	240.4701	283.6667	580.3333	
412	2220.540	226.8249	-356.0000	-77.0000	
413	2223.847	250.6968	321.6667	586.0000	
414	2227.145	271.8358	-627.3333	-311.3333	
415	2230.432	267.8916	157.0000	470.6667	
416	2233.709	255.4473	-619.3334	-336.6667	
417	2236.977	253.8363	171.6667	490.3333	
418	2240.234	245.7253	-522.6666	-226.3333	
419	2243.482	240.4477	-13.6667	279.0000	
420	2246.719	241.3364	-378.3333	-87.3333	
421	2249.946	246.8095	233.3333	534.0000	
422	2253.164	250.1159	-467.0000	-163.0000	
423	2256.371	276.7557	208.0000	538.6667	
424	2259.568	260.7284	-397.6666	-83.0000	
425	2262.755	228.6042	200.3333	481.0000	
426	2265.933	234.7299	-139.6667	122.6667	
427	2269.100	233.7535	335.0000	647.0000	
428	2272.256	239.0647	-338.0000	-53.3333	
429	2275.403	244.0152	153.3333	468.0000	
430	2278.540	251.2158	-354.0000	-79.3333	
431	2281.667	251.5830	293.0000	621.3334	
432	2284.783	252.4502	-420.3334	-110.3333	
433	2287.889	247.0674	181.0000	493.6667	
434	2290.985	244.8701	-385.0000	-110.3333	
435	2294.071	241.1394	195.0000	498.3334	
436	2297.147	242.4925	-595.3333	-343.0000	
437	2300.212	256.7972	261.6667	554.0000	
438	2303.267	271.4351	-450.6667	-146.3333	
439	2306.312	254.4064	-16.0000	302.6667	
440	2309.347	237.5443	-578.0000	-331.3333	
441	2312.372	231.3837	336.0000	605.0000	
442	2315.386	232.9730	-288.6667	-62.3333	
443	2318.390	264.8124	139.6667	427.3334	
444	2321.384	255.5687	-537.0000	-227.6667	
445	2324.368	226.1777	376.0000	623.6667	
446	2327.341	240.9532	-477.6666	-215.0000	
447	2330.304	248.3954	193.3333	463.6666	
448	2333.256	252.3947	-446.0000	-151.0000	
449	2336.199	254.2924	-18.0000	266.3333	
450	2339.131	252.5233	-386.0000	-93.0000	
451	2342.052	246.4209	423.3333	708.3333	
452	2344.963	244.3183	-581.6667	-297.0000	
453	2347.864	239.4883	311.3333	592.0000	
454	2350.755	234.2001	-428.0000	-184.6667	
455	2353.635	244.7358	174.6667	487.0000	
456	2356.505	244.7082	-486.3333	-236.0000	
457	2359.364	248.4863	180.3333	482.0000	
458	2362.213	256.3060	-303.3333	-65.3333	
459	2365.051	259.8967	152.0000	444.3333	
460	2367.879	246.6544	-259.0000	29.0000	
461	2370.697	242.5746	104.3333	336.3333	
462	2373.504	246.3074	-293.3333	-40.6667	
463	2376.300	243.4359	277.6667	555.3333	
464	2379.086	240.0019	-388.6667	-164.3333	
465	2381.862	240.0679	81.6667	322.0000	
466	2384.627	249.8840	-331.6667	-107.6667	
467	2387.382	272.6166	216.0000	479.0000	
468	2390.125	262.0155	-582.6667	-334.0000	
469	2392.859	245.2183	204.6667	435.6667	
470	2395.582	250.4044	-368.6667	-130.6667	
471	2398.294	252.9239	264.6667	528.3333	
472	2400.996	232.4431	-591.6667	-381.6667	
473	2403.687	229.3289	234.6667	425.0000	
474	2406.368	234.2147	-439.6667	-222.3333	
475	2409.038	238.2673	347.0000	540.6666	
476	2411.697	254.5919	-378.0000	-164.6667	
477	2414.346	249.5557	294.6667	512.6666	
478	2416.984	245.7278	-428.6667	-269.0000	
479	2419.612	246.4833	85.3333	291.0000	
480	2422.228	247.6555	-410.0000	-215.0000	
481	2424.834	249.4110	192.3333	381.0000	
482	2427.430	250.1665	-488.0000	-270.6667	
483	2430.015	237.9220	198.3333	381.3333	
484	2432.589	201.1769	1257.3334	1263.6667	
485	2435.152	254.0671	227.3333	424.0000	
486	2437.705	280.4573	-684.6667	-463.3333	
487	2440.247	260.1808	79.6667	279.0000	
488	2442.778	229.9046	-448.0000	-280.6667	
489	2445.298	265.6454	53.0000	255.0000	
490	2447.808	277.2265	-557.0000	-333.3333	
491	2450.306	257.9642	382.3333	585.3333	
492	2452.794	243.7032	-408.3333	-221.0000	
493	2455.272	241.6619	269.3333	451.0000	
494	2457.738	234.3706	-608.3334	-465.6667	
495	2460.194	237.9960	244.3333	445.3333	
496	2462.638	228.5379	-312.0000	-154.3333	
497	2465.073	236.3300	413.0000	567.6667	
498	2467.496	252.4553	-435.0000	-260.6667	
499	2469.908	242.4141	444.3333	605.0000	
500	2472.309	243.7050	-335.3333	-204.0000	
501	2474.699	244.5328	-40.6667	149.0000	
502	2477.079	244.8608	-441.6667	-290.0000	
503	2479.448	246.1262	233.0000	395.6667	
504	2481.805	245.4332	-389.0000	-220.3333	
505	2484.152	242.0945	190.0000	336.0000	
506	2486.488	243.0891	-387.6667	-230.0000	
507	2488.813	245.5003	222.3333	370.3333	
508	2491.127	256.0158	-638.0000	-466.6667	
509	2493.430	248.8020	222.0000	376.3333	
510	2495.722	276.9841	-291.0000	-102.6667	
511	2498.003	216.6454	-65.3333	62.3333	
