resultName	muna11-231
resultName	muna11-231
ID	RS20201106090838_P19331194
Command	SCANANDSEARCH
User	Admin
Application	_Analyze
SerialNumber	P19331194
Power	280
Integration	900
Averages	3
AutoExposure	Off
AutoCollect	Off
QuickCollect	Off
AutoBackground	On
BaselineCorrection	On
Algorithm	Wavelet
Searched Library	All,None,None,None
MixtureComponents	2
matchThreshold	0.0
displayMatches	1
Threshold	0.80
WL Start	
WL End	
ServerVersion	3.180316
FirmwareVersion	
date	2020-11-06
time	09:08:38
scanindex	0
specpath	RS20201106090838_P19331194.xml
Search Range	200 - 2500
Synced	false
lastCalDateTime	2020-10-28 08:17:07
lastCalUser	Admin
lastCalResult	PASS
lastVerifyDateTime	2020-11-06 08:24:10
lastVerifyUser	Admin
lastVerifyResult	PASS
selectedMaterial	
result	No Match
ValidationGUID	
ValidationMatchQuality	
topMatch	
topMatchGUID	
topMatchQuality	
secondMatch	
secondMatchGUID	
secondMatchQuality	
thirdMatch	
thirdMatchGUID	
thirdMatchQuality	
fourthMatch	
fourthMatchGUID	
fourthMatchQuality	
fifthMatch	
fifthMatchGUID	
fifthMatchQuality	
signedBy	
signedDateTime	
softwareVer	1.7.0.21
memo	
batchID	
inBatch	false
batchUID	
batchCID1	
batchCIDlbl1	
batchCID2	
batchCIDlbl2	
batchCID3	
batchCIDlbl3	
batchCID4	
batchCIDlbl4	
batchCID5	
batchCIDlbl5	
signedTitle	
signedReason	
rescanned	
barcode	
topMatchContribs	
secondMatchContribs	
thirdMatchContribs	
fourthMatchContribs	
fifthMatchContribs	
ValidationMatchContribs	
Threat	
PrecursorList	
CompundName	
WindowStart4C	
MatchLibrary	
lastModified	2020/11/06 09:13
Signal2Noise	72.73
Detector TEC SetPoint	0x8000
Detector Temp	4.99
Laser Temp	25.39
OE1 Temp	33.09
OE2 Temp	37.56
Detector Gain	200
SaturationDetected	false
InterpolatedPixelList	
PeakList	 286.8	1224	296.6	1082	335.2	934	398.1	1008	481.1	908	649.6	3105	678.4	1531	751.5	1099	804.8	793	839.9	1116	959.5	940	1093.0	825	1141.6	1107	1207.9	865	1248.9	841	1336.5	1339	1369.0	1650	1457.4	6725	1618.2	1197	1644.4	4474	1677.3	3266	1712.9	1397
index	Raman Shift (cm-1)	Y value (counts)	background (counts)	raw value (counts)
0	137.234	675.1716	11720.0000	15510.3340	
1	143.735	421.1060	12381.3330	15823.3340	
2	150.232	277.0384	12968.3340	16172.0000	
3	156.722	402.3077	13341.6660	16576.3340	
4	163.207	563.2411	13133.0000	16434.3340	
5	169.686	697.1746	14261.3340	17602.3340	
6	176.159	575.7759	13985.3340	17110.6680	
7	182.627	445.0432	14190.6660	17091.0000	
8	189.089	349.6436	13443.6670	16154.3340	
9	195.545	302.2440	14438.0000	17007.0000	
10	201.996	416.1773	14353.0000	16941.6660	
11	208.440	546.4465	15136.0000	17760.6680	
12	214.879	514.0439	14404.3340	16902.3320	
13	221.313	391.3135	15148.3320	17458.6660	
14	227.740	394.9288	15040.0000	17278.3320	
15	234.162	307.3759	15703.0000	17858.3340	
16	240.578	178.1550	14000.3320	16031.0000	
17	246.988	224.5982	14875.0000	16956.6660	
18	253.392	313.7094	13765.6680	15941.0000	
19	259.791	383.4885	14677.3340	16927.0000	
20	266.184	337.9336	13373.0000	15581.6660	
21	272.570	539.5618	14858.0000	17317.6680	
22	278.951	988.1852	14481.6670	17439.3320	
23	285.327	1223.8142	14112.6660	17355.3340	
24	291.696	1057.1063	13558.6660	16684.0000	
25	298.059	1082.3905	13858.3340	17051.3340	
26	304.417	974.0087	13413.3340	16540.3340	
27	310.768	690.9606	14492.0000	17378.3340	
28	317.114	764.1158	13207.3330	16225.6660	
29	323.454	853.8960	13571.3340	16610.3340	
30	329.788	865.6775	13122.6660	16104.3340	
31	336.116	934.1210	14102.3340	17083.3320	
32	342.438	923.2362	13471.0000	16372.0000	
33	348.754	520.6836	13661.3320	16090.6660	
34	355.064	218.4630	11882.0000	13940.0000	
35	361.368	164.5931	14031.6660	15950.6660	
36	367.666	8.5679	12230.3330	13926.0000	
37	373.958	330.0921	12026.6670	14021.0000	
38	380.244	863.6193	12506.6660	15011.6680	
39	386.524	763.1433	12902.0000	15283.6680	
40	392.798	534.6665	10740.6670	12871.0000	
41	399.066	1007.7867	11765.6670	14346.0000	
42	405.328	759.2396	10994.0000	13302.6660	
43	411.583	376.6937	8295.3330	10198.3330	
44	417.833	410.1467	8587.0000	10500.3330	
45	424.077	385.4163	9542.6670	11410.3340	
46	430.314	450.6849	6999.0000	8911.0000	
47	436.546	621.2872	5524.3335	7586.0000	
48	442.771	765.2234	4415.0000	6599.6670	
49	448.991	843.1613	7227.6670	9485.3330	
50	455.204	713.5128	5358.6670	7458.6670	
51	461.411	356.1968	4489.3335	6204.0000	
52	467.611	223.5478	4539.6665	6093.6665	
53	473.806	701.3920	6272.6665	8267.6670	
54	479.995	907.9016	4198.3335	6363.0000	
55	486.177	702.7452	2322.3335	4245.0000	
56	492.353	488.8671	4215.0000	5872.6670	
57	498.523	265.9781	4757.6665	6158.6665	
58	504.686	280.0885	5360.3335	6741.6660	
59	510.844	334.7005	2972.3335	4349.0000	
60	516.995	415.9789	3509.6665	4959.3335	
61	523.140	559.9532	4991.3335	6548.6670	
62	529.279	539.9279	3031.0000	4592.3335	
63	535.411	510.9022	4384.3335	5820.0000	
64	541.537	380.3771	2979.0000	4182.3335	
65	547.657	416.6851	4117.6665	5346.6665	
66	553.771	391.4935	7056.3330	8263.6670	
67	559.878	416.1344	7933.0000	9128.6670	
68	565.979	429.4425	5824.0000	6996.6670	
69	572.074	417.4560	4458.6670	5567.3335	
70	578.162	400.4193	1996.6667	3226.0000	
71	584.244	359.8895	1274.3333	2429.3333	
72	590.319	166.4435	2234.0000	3224.6665	
73	596.389	205.6984	4106.3330	5199.0000	
74	602.451	511.2853	5581.3335	7042.3330	
75	608.508	991.2069	5447.3335	7451.0000	
76	614.558	1298.4609	5135.3335	7509.0000	
77	620.601	1585.6470	6187.6660	8875.6670	
78	626.639	1055.8585	4899.6670	7082.3330	
79	632.669	1467.4058	4320.0000	6938.6670	
80	638.694	1914.6189	4158.3335	7248.6670	
81	644.712	2974.8318	5262.6670	9437.6670	
82	650.723	3104.7117	4371.3335	8700.6670	
83	656.728	2024.2582	2594.3335	5867.6670	
84	662.727	1327.1381	2310.3333	4911.0000	
85	668.719	1107.2421	2476.0000	4833.3335	
86	674.704	1444.6788	1326.3334	3997.6665	
87	680.683	1531.4492	1809.6667	4544.3330	
88	686.655	852.5537	3088.3333	5120.6665	
89	692.621	394.2176	3222.6665	4763.0000	
90	698.581	417.7141	1916.3335	3376.3335	
91	704.534	436.2616	2646.6667	4324.0000	
92	710.480	387.0794	2519.3335	3962.3335	
93	716.420	174.8104	2563.6667	3803.0000	
94	722.353	311.2081	2432.0000	3816.3335	
95	728.279	623.2723	2708.3335	4413.3335	
96	734.199	985.3367	2306.3333	4382.0000	
97	740.112	950.7341	3420.6665	5470.3330	
98	746.019	1034.3507	3102.3330	5230.3335	
99	751.919	1099.2297	4190.3335	6396.6670	
100	757.813	973.1091	3016.6667	5110.3335	
101	763.699	809.6742	4069.3333	5981.6670	
102	769.580	535.2382	3211.3333	4831.3330	
103	775.453	279.1368	3608.6665	4954.6670	
104	781.320	260.7012	3074.6665	4384.3335	
105	787.180	314.9733	3953.6665	5300.3330	
106	793.033	416.5795	3666.6670	5097.6670	
107	798.880	659.8519	4386.0000	6043.0000	
108	804.720	793.4584	3517.3335	5290.6670	
109	810.553	737.9951	4099.0000	5836.3330	
110	816.379	409.1998	3073.3333	4501.3335	
111	822.199	260.7369	3633.6665	4932.6665	
112	828.012	270.8466	3115.3335	4457.6665	
113	833.818	700.4464	3766.3330	5569.3335	
114	839.617	1116.0448	3196.0000	5445.6665	
115	845.410	620.9772	3641.6670	5427.3335	
116	851.195	393.2423	3208.6670	4797.6665	
117	856.974	564.0223	3551.0000	5329.0000	
118	862.746	550.8018	3298.0000	5081.0000	
119	868.512	509.4162	3342.6665	5086.0000	
120	874.270	428.7021	2644.3335	4307.0000	
121	880.022	335.1431	2840.0000	4397.6665	
122	885.766	361.2513	2483.0000	4055.3335	
123	891.504	474.3587	2831.0000	4505.0000	
124	897.235	571.1332	2638.3333	4397.6665	
125	902.959	493.5329	2431.3333	4087.0000	
126	908.676	386.3281	1901.6667	3378.6665	
127	914.386	412.3943	2503.3335	3978.0000	
128	920.090	391.6479	1708.3335	3233.3330	
129	925.786	375.6310	2364.0000	3812.6665	
130	931.475	401.6971	1569.6667	3023.6667	
131	937.158	300.5970	1996.0000	3302.3335	
132	942.833	390.5798	1467.0000	2714.3335	
133	948.502	498.6604	1825.3333	3298.6670	
134	954.163	839.1562	1187.3334	2986.0000	
135	959.818	939.6527	1578.6665	3462.6665	
136	965.465	578.1487	1313.6667	2821.0000	
137	971.106	535.8591	1464.3334	2840.6665	
138	976.739	532.6527	719.3333	2225.0000	
139	982.366	500.5713	1149.6667	2633.3335	
140	987.985	407.4780	1052.0000	2389.3333	
141	993.597	363.2803	1073.3334	2387.0000	
142	999.202	360.0827	770.0000	2094.0000	
143	1004.800	332.9684	1266.3334	2572.3333	
144	1010.392	394.6873	636.6667	2069.6667	
145	1015.975	419.7398	1092.3333	2596.0000	
146	1021.552	392.6254	977.6667	2469.3335	
147	1027.122	392.6777	1246.6666	2759.0000	
148	1032.685	436.3132	898.3333	2476.6665	
149	1038.240	385.7686	1225.6667	2769.6667	
150	1043.788	449.8070	936.3333	2634.0000	
151	1049.329	428.3457	1209.6666	2927.0000	
152	1054.863	377.8009	708.3334	2371.0000	
153	1060.390	440.6421	1410.6666	3240.0000	
154	1065.910	394.6909	1204.6667	3047.3333	
155	1071.422	391.4723	1554.6667	3422.0000	
156	1076.927	576.2533	1285.3334	3365.3335	
157	1082.425	552.1692	1767.0000	3809.0000	
158	1087.916	490.4180	1033.3334	2999.6665	
159	1093.399	825.0007	1823.6667	4110.6670	
160	1098.875	705.5828	1731.0000	3884.6665	
161	1104.344	338.0786	2155.6665	3907.6665	
162	1109.806	344.1504	1679.0000	3398.6665	
163	1115.260	600.2220	2348.3335	4285.6665	
164	1120.707	771.2955	1794.6667	3864.6670	
165	1126.147	1071.3484	2378.6667	4696.6665	
166	1131.580	1023.0693	1999.0000	4216.6670	
167	1137.005	936.7885	2692.6667	4772.0000	
168	1142.422	1106.8420	1952.6665	4150.0000	
169	1147.833	957.4900	2753.3335	4763.6665	
170	1153.236	652.1382	2483.0000	4150.3335	
171	1158.632	504.4529	2995.6665	4477.6665	
172	1164.020	304.1016	2579.0000	3823.0000	
173	1169.401	289.6274	3467.0000	4709.6665	
174	1174.775	280.8203	3090.6665	4272.6665	
175	1180.141	330.5527	3725.6665	5045.0000	
176	1185.500	406.4408	3306.0000	4816.3335	
177	1190.851	360.0787	3838.0000	5250.6665	
178	1196.195	396.1331	3612.0000	5136.0000	
179	1201.531	668.7708	4151.0000	5994.0000	
180	1206.860	865.4091	3676.6665	5762.6665	
181	1212.182	817.8430	4428.6665	6498.0000	
182	1217.496	654.8827	4105.0000	6030.0000	
183	1222.802	602.9102	4767.6665	6672.3330	
184	1228.101	578.2719	4409.6665	6321.3330	
185	1233.393	387.7736	5250.0000	7020.0000	
186	1238.677	445.9423	4968.3335	6687.0000	
187	1243.953	627.7771	5438.6665	7546.3330	
188	1249.222	840.9460	5117.6665	7487.3330	
189	1254.484	620.3600	6230.6660	8417.0000	
190	1259.737	366.1060	5809.0000	7778.3330	
191	1264.984	323.5195	6600.0000	8564.0000	
192	1270.222	432.2665	6419.6670	8529.6670	
193	1275.453	425.6794	7173.3340	9314.0000	
194	1280.677	400.7603	6599.3335	8752.3340	
195	1285.893	571.8397	7568.6670	9930.0000	
196	1291.101	473.1198	7047.6660	9366.0000	
197	1296.302	286.6840	8027.0000	10228.6660	
198	1301.495	147.9152	7637.3340	9770.0000	
199	1306.680	334.1483	8618.3330	11007.0000	
200	1311.858	636.0458	8235.0000	10995.3330	
201	1317.028	430.0665	8747.0000	11343.0000	
202	1322.190	345.0863	8571.0000	11123.6660	
203	1327.345	794.3883	9177.0000	12197.3330	
204	1332.492	1230.4596	8767.0000	12253.6660	
205	1337.631	1338.5006	9750.0000	13365.3340	
206	1342.762	808.2056	8975.6670	12081.3330	
207	1347.886	512.5784	9986.0000	12816.6660	
208	1353.002	416.9525	9290.3330	12046.0000	
209	1358.110	868.3253	10557.3330	13785.0000	
210	1363.211	1600.0294	9944.3340	13924.3320	
211	1368.304	1650.4042	10837.3340	14888.3340	
212	1373.389	1462.4438	10273.3340	14157.0000	
213	1378.466	1453.8317	11127.3340	15024.6660	
214	1383.535	1190.5543	10570.6670	14227.0000	
215	1388.597	449.9434	11572.0000	14510.0000	
216	1393.651	0.0000	10743.0000	13253.3330	
217	1398.696	84.5455	11662.0000	14259.3340	
218	1403.734	240.9492	11036.6660	13754.6660	
219	1408.765	688.0209	12140.6670	15270.0000	
220	1413.787	1214.4261	11178.6670	14798.6660	
221	1418.801	1826.6143	12078.0000	16278.0000	
222	1423.808	2104.7993	11507.6670	15953.6660	
223	1428.807	2995.6538	12258.6660	17563.3320	
224	1433.797	4145.9038	11680.6670	18076.3340	
225	1438.780	4620.8877	12482.6670	19292.3320	
226	1443.755	5180.5410	11793.3330	19101.6660	
227	1448.722	5714.8594	12769.3340	20551.0000	
228	1453.681	6309.8438	11705.6670	20021.3340	
229	1458.632	6724.5352	12870.0000	21471.3340	
230	1463.575	5061.8931	11806.0000	18615.6660	
231	1468.510	3034.2524	12670.3320	17323.3320	
232	1473.438	1888.6104	11651.3330	15029.6670	
233	1478.357	1086.4840	12445.3340	14912.0000	
234	1483.268	675.6930	11522.3340	13468.6660	
235	1488.171	454.5695	12532.6670	14148.3340	
236	1493.066	369.7775	11686.3330	13107.6660	
237	1497.953	323.3751	12816.6660	14117.0000	
238	1502.832	258.3439	12063.0000	13235.3340	
239	1507.703	277.8810	12558.0000	13696.6680	
240	1512.566	277.6666	10095.3330	11154.6670	
241	1517.421	330.8698	11571.3340	12665.3330	
242	1522.267	347.8224	12357.0000	13406.0000	
243	1527.106	386.2755	13855.0000	14883.3340	
244	1531.937	441.9784	12969.6680	14036.6660	
245	1536.759	441.4454	14070.3320	15063.0000	
246	1541.573	403.1276	13132.3340	14191.3340	
247	1546.379	393.2257	14189.6680	15299.3340	
248	1551.177	409.3253	13371.0000	14557.3340	
249	1555.967	377.8575	14536.6660	15800.6670	
250	1560.749	278.7218	13683.0000	14957.0000	
251	1565.522	271.9210	14625.0000	16001.3340	
252	1570.288	347.4528	14165.6670	15726.6660	
253	1575.045	398.4528	14737.0000	16522.0000	
254	1579.793	465.7868	13877.0000	15902.3320	
255	1584.534	627.1212	14694.3340	17054.0000	
256	1589.266	775.4572	13298.6660	15979.6660	
257	1593.991	873.7911	13649.0000	16601.3320	
258	1598.707	878.4595	12704.0000	15834.0000	
259	1603.414	824.8450	14447.3340	17726.6680	
260	1608.114	813.6477	14062.0000	17472.6660	
261	1612.805	946.5889	14847.3340	18476.6660	
262	1617.488	1197.2002	14561.6660	18527.3340	
263	1622.162	1089.4729	15001.0000	18944.6660	
264	1626.828	1120.4163	14108.6660	18169.0000	
265	1631.486	1529.0684	14637.3340	19151.6660	
266	1636.136	2356.6006	13616.6670	18971.3340	
267	1640.777	3782.8909	15066.6680	21864.6660	
268	1645.410	4473.8550	13810.0000	21316.0000	
269	1650.034	2933.7742	14901.6660	20764.6680	
270	1654.650	1202.6904	13896.3340	17925.3340	
271	1659.258	575.2744	14968.3340	18267.0000	
272	1663.857	846.8579	14239.3340	17706.6660	
273	1668.448	1678.7778	15177.0000	19373.3340	
274	1673.031	2718.3633	13998.3320	19131.3340	
275	1677.605	3265.6111	14346.6680	19924.0000	
276	1682.170	2458.8628	13951.0000	18618.6680	
277	1686.728	1374.5913	14222.6660	17669.3340	
278	1691.276	546.9874	13730.0000	16212.3340	
279	1695.817	64.3835	15179.6660	17042.6680	
280	1700.348	177.6769	13684.6680	15548.0000	
281	1704.872	710.3615	14232.6660	16434.6680	
282	1709.386	1267.3732	12976.3340	15541.3340	
283	1713.893	1397.0548	14629.0000	17129.6660	
284	1718.391	885.0699	13301.6660	15096.3330	
285	1722.880	394.4723	13679.0000	14864.3340	
286	1727.361	282.8727	11773.6670	12728.6660	
287	1731.833	218.7042	13252.0000	14010.0000	
288	1736.296	255.8282	13078.0000	13768.0000	
289	1740.751	336.9523	13218.0000	13964.0000	
290	1745.198	366.0759	11477.6670	12139.6670	
291	1749.636	375.2000	13404.0000	13994.0000	
292	1754.065	431.3248	12341.6660	12906.6680	
293	1758.486	429.3190	12949.0000	13471.3340	
294	1762.898	438.6482	10665.0000	11156.0000	
295	1767.301	471.6453	12117.0000	12600.3340	
296	1771.696	481.6417	12376.6660	12829.3340	
297	1776.082	459.5297	11902.6670	12335.6660	
298	1780.460	450.3354	10097.0000	10543.0000	
299	1784.829	420.5576	10833.3340	11228.0000	
300	1789.189	444.8641	10011.3330	10431.3330	
301	1793.540	476.6579	10918.0000	11368.6670	
302	1797.883	479.5081	11074.0000	11520.0000	
303	1802.217	435.3592	11974.3340	12368.6680	
304	1806.542	417.2092	11235.0000	11588.3340	
305	1810.859	417.5594	10653.6660	11018.3330	
306	1815.167	424.3263	9432.3330	9794.6670	
307	1819.466	431.8434	10177.0000	10542.6660	
308	1823.756	442.7848	9199.3340	9549.6670	
309	1828.038	430.8552	10905.3340	11240.0000	
310	1832.311	452.9268	9924.3330	10277.3330	
311	1836.575	468.6645	9520.0000	9885.0000	
312	1840.830	463.9853	8767.0000	9137.0000	
313	1845.076	441.5196	9413.0000	9751.3340	
314	1849.314	430.3033	10133.3330	10464.6670	
315	1853.542	435.1695	10002.0000	10292.6670	
316	1857.762	438.9519	9067.6670	9472.0000	
317	1861.973	441.9329	8625.3340	8960.6660	
318	1866.176	459.8303	7910.3335	8273.6660	
319	1870.369	457.4372	6944.3335	7345.0000	
320	1874.553	444.4608	6246.6660	6588.6670	
321	1878.729	465.4409	7305.0000	7665.0000	
322	1882.895	469.8009	5532.3335	5908.6670	
323	1887.053	456.8756	4906.6670	5287.6665	
324	1891.202	416.2850	5031.0000	5340.3335	
325	1895.342	404.4179	6618.6670	6867.0000	
326	1899.473	408.1552	5001.6670	5321.0000	
327	1903.595	416.0802	6992.6660	7318.3330	
328	1907.708	385.2346	6574.0000	6837.3335	
329	1911.812	422.3905	6365.3330	6648.6665	
330	1915.907	491.0602	6257.0000	6607.3340	
331	1919.993	465.3955	5704.0000	6027.0000	
332	1924.070	432.7317	5803.0000	6091.6665	
333	1928.138	441.1148	6867.6665	7162.0000	
334	1932.197	465.8305	5843.3335	6159.6665	
335	1936.247	458.8802	4993.6665	5329.3330	
336	1940.288	441.0132	5310.0000	5594.3335	
337	1944.319	425.8960	5807.6665	6098.0000	
338	1948.342	394.3621	5962.0000	6196.0000	
339	1952.356	427.4113	5249.3335	5513.6665	
340	1956.361	469.1273	2880.3333	3183.6665	
341	1960.356	467.9186	2903.6667	3208.6670	
342	1964.343	451.5430	3597.6665	3865.3335	
343	1968.320	433.0652	3091.0000	3429.0000	
344	1972.288	428.9709	2259.0000	2502.3335	
345	1976.247	431.8859	1648.6667	1942.3334	
346	1980.197	455.8009	333.6667	656.3333	
347	1984.138	444.2160	1046.0000	1373.0000	
348	1988.069	415.9647	1118.0000	1411.0000	
349	1991.992	443.7372	831.6667	1153.6666	
350	1995.905	464.9493	-30.3333	299.3333	
351	1999.809	454.2873	588.3333	906.6666	
352	2003.704	428.0419	-132.6667	151.0000	
353	2007.589	426.9632	335.0000	657.6666	
354	2011.466	432.5512	-292.0000	-51.0000	
355	2015.333	433.2225	289.0000	600.3333	
356	2019.191	442.6437	-399.6667	-96.3333	
357	2023.039	454.2527	298.3333	593.0000	
358	2026.879	483.8617	-399.0000	-56.3333	
359	2030.708	457.4708	209.6667	525.0000	
360	2034.529	456.0796	-401.0000	-88.0000	
361	2038.341	448.3333	252.6667	555.6666	
362	2042.143	439.0870	-402.6667	-136.0000	
363	2045.936	437.7573	199.0000	523.0000	
364	2049.719	425.1440	-411.6667	-139.3333	
365	2053.493	427.9294	209.3333	498.0000	
366	2057.258	433.5481	-360.3333	-56.6667	
367	2061.014	432.6668	205.6667	492.3333	
368	2064.760	432.2855	-365.6667	-75.6667	
369	2068.496	434.3208	191.6667	468.6667	
370	2072.224	443.4395	-311.0000	-17.0000	
371	2075.942	468.3298	330.3333	632.6667	
372	2079.650	461.7134	-357.6667	-62.3333	
373	2083.349	429.0889	221.6667	483.3333	
374	2087.039	434.4645	-255.6667	10.3333	
375	2090.719	437.9234	33.0000	324.3333	
376	2094.390	439.4862	-275.6667	-5.6667	
377	2098.051	439.1724	288.3333	561.0000	
378	2101.703	438.2960	-95.3333	125.3333	
379	2105.345	445.1697	163.6667	476.3333	
380	2108.978	455.0435	-407.6667	-141.3333	
381	2112.601	445.3900	-721.6667	-412.3333	
382	2116.215	428.9449	-133.0000	130.6667	
383	2119.819	441.3957	225.6667	484.3334	
384	2123.414	461.1797	-558.6667	-261.0000	
385	2126.999	449.0025	112.6667	429.0000	
386	2130.575	445.7266	-404.0000	-110.3333	
387	2134.141	444.9508	88.0000	384.3333	
388	2137.697	433.3415	-365.6667	-78.0000	
389	2141.244	421.6692	298.3333	575.3333	
390	2144.781	422.4969	-409.3333	-132.6667	
391	2148.309	430.5747	221.0000	512.6667	
392	2151.827	446.9717	-565.0000	-295.0000	
393	2155.336	447.0457	46.3333	359.6667	
394	2158.835	444.1197	-280.3333	7.3333	
395	2162.324	426.5270	332.0000	602.0000	
396	2165.803	427.9333	-287.3333	-16.0000	
397	2169.273	467.4460	107.3333	417.6667	
398	2172.733	453.9586	-423.0000	-126.6667	
399	2176.184	445.3047	171.6667	419.0000	
400	2179.625	450.6508	-203.6667	105.6667	
401	2183.056	457.2468	446.3333	742.0000	
402	2186.477	450.4262	-364.0000	-48.3333	
403	2189.889	431.8556	-34.0000	237.6667	
404	2193.291	440.7028	-383.6667	-103.6667	
405	2196.683	455.1273	229.3333	529.0000	
406	2200.065	439.4645	-397.3333	-108.3333	
407	2203.438	440.1823	212.3333	518.3333	
408	2206.801	421.7330	-324.0000	-51.3333	
409	2210.154	420.4454	345.0000	616.6666	
410	2213.497	409.8246	-414.6667	-153.3333	
411	2216.831	418.8703	291.3333	562.0000	
412	2220.154	455.2490	-336.6667	-29.3333	
413	2223.468	474.5968	320.6667	634.3333	
414	2226.772	449.9738	-585.3333	-294.3333	
415	2230.066	446.4341	182.6667	458.3333	
416	2233.351	444.8944	-592.0000	-291.3333	
417	2236.625	445.4173	198.0000	488.3333	
418	2239.889	443.4610	-484.6667	-192.0000	
419	2243.144	442.1088	30.0000	320.6667	
420	2246.389	445.2361	-348.3333	-50.3333	
421	2249.624	447.8843	259.6667	560.3333	
422	2252.848	445.8658	-432.0000	-133.3333	
423	2256.063	436.5972	247.3333	510.0000	
424	2259.268	440.7457	-340.3333	-33.3333	
425	2262.463	445.8357	217.0000	506.3333	
426	2265.649	448.9257	-109.6667	205.6667	
427	2268.824	434.5427	354.6667	636.3334	
428	2271.989	451.6733	-325.3333	-7.3333	
429	2275.144	441.1110	171.3333	489.3334	
430	2278.289	429.7570	-327.6667	-27.3333	
431	2281.424	429.2155	366.3333	646.3334	
432	2284.549	444.9240	-393.0000	-64.0000	
433	2287.665	442.0075	212.0000	510.3333	
434	2290.770	452.0871	-409.0000	-37.3333	
435	2293.865	451.3430	240.6667	533.0000	
436	2296.949	450.0147	-587.0000	-284.0000	
437	2300.024	433.2148	287.3333	588.0000	
438	2303.089	440.0817	-396.0000	-110.3333	
439	2306.144	446.5318	-0.3333	334.6667	
440	2309.188	440.1483	-528.0000	-217.0000	
441	2312.223	431.4003	358.0000	686.6666	
442	2315.247	396.4023	-180.0000	82.3333	
443	2318.261	429.3210	178.6667	472.3333	
444	2321.265	471.2397	-510.3333	-176.3333	
445	2324.259	457.3002	337.0000	653.6666	
446	2327.243	457.6941	-477.3333	-163.6667	
447	2330.216	442.8379	296.0000	589.6667	
448	2333.180	422.3300	-324.6667	-22.6667	
449	2336.133	411.8695	48.0000	320.3333	
450	2339.076	419.5755	-295.3333	-18.6667	
451	2342.009	442.6150	448.6667	745.0000	
452	2344.931	445.9042	-571.0000	-269.6667	
453	2347.843	447.3744	367.3333	657.0000	
454	2350.745	450.2612	-391.6667	-117.0000	
455	2353.637	501.3026	222.6667	555.3333	
456	2356.519	463.0951	-368.3333	-74.6667	
457	2359.390	444.3297	357.0000	630.6667	
458	2362.251	447.3975	-231.6667	38.0000	
459	2365.102	448.6320	219.3333	528.0000	
460	2367.942	424.3671	-146.6667	103.3333	
461	2370.772	392.4229	246.3333	463.3333	
462	2373.592	436.8120	-171.3333	89.0000	
463	2376.401	449.5345	369.3333	641.3333	
464	2379.200	456.5905	-277.3333	0.6667	
465	2381.989	471.6463	140.3333	432.3334	
466	2384.767	461.7021	-321.3333	-40.3333	
467	2387.535	444.0912	276.0000	538.3333	
468	2390.292	438.1464	-472.0000	-236.6667	
469	2393.039	422.1611	297.6667	582.3333	
470	2395.776	426.2871	-205.0000	34.0000	
471	2398.502	422.2465	458.3333	703.0000	
472	2401.218	426.8724	-581.0000	-347.6667	
473	2403.923	439.0682	245.6667	495.6667	
474	2406.618	440.5140	-400.0000	-140.3333	
475	2409.303	434.9598	401.3333	635.6666	
476	2411.977	449.7988	-315.6667	-69.6667	
477	2414.640	447.7434	337.6667	549.6666	
478	2417.293	447.3339	-414.3333	-169.0000	
479	2419.936	444.1535	153.3333	383.3333	
480	2422.568	440.4106	-353.3333	-137.3333	
481	2425.189	440.0010	235.6667	467.3333	
482	2427.801	433.3414	-427.6666	-198.6667	
483	2430.401	422.1819	236.3333	446.0000	
484	2432.991	428.4387	1349.3334	1504.3334	
485	2435.570	486.4406	247.6667	519.3333	
486	2438.139	481.0259	-660.3333	-384.6667	
487	2440.697	463.2778	120.3333	360.6667	
488	2443.245	455.1131	-454.6667	-188.0000	
489	2445.782	444.7137	64.6667	254.6667	
490	2448.308	429.1137	-502.6667	-270.3333	
491	2450.824	436.7631	404.0000	590.3334	
492	2453.329	440.8279	-387.3333	-136.3333	
493	2455.823	428.0785	324.6667	529.0000	
494	2458.307	425.8291	-549.3333	-361.3333	
495	2460.780	427.2464	294.0000	511.0000	
496	2463.243	429.4762	-275.0000	-81.6667	
497	2465.694	440.6644	446.0000	633.6666	
498	2468.135	472.8317	-406.3333	-164.3333	
499	2470.566	454.2490	436.0000	658.0000	
500	2472.986	450.3342	-291.6667	-75.0000	
501	2475.395	435.9709	58.0000	246.3333	
502	2477.793	438.9826	-405.0000	-207.0000	
503	2480.180	436.8693	264.0000	493.6667	
504	2482.557	402.3810	-328.6667	-172.0000	
505	2484.923	441.0594	213.0000	405.3334	
506	2487.278	462.4044	-359.3333	-148.6667	
507	2489.622	451.7494	240.6667	437.6667	
508	2491.956	446.4276	-596.6666	-408.0000	
509	2494.279	439.8769	294.3333	466.6667	
510	2496.591	463.1177	-219.6667	-20.3333	
511	2498.892	417.4627	7.0000	157.6667	
