resultName	chilca3-12
resultName	chilca3-12
ID	RS20191205113059_P19331194
Command	SCANANDSEARCH
User	Admin
Application	_Analyze
SerialNumber	P19331194
Power	280
Integration	900
Averages	3
AutoExposure	Off
AutoCollect	Off
QuickCollect	Off
AutoBackground	On
BaselineCorrection	On
Algorithm	Wavelet
Searched Library	All,None,None,None
MixtureComponents	2
matchThreshold	0.75
displayMatches	1
Threshold	0.80
WL Start	
WL End	
ServerVersion	3.180316
FirmwareVersion	
date	2019-12-05
time	11:30:59
scanindex	0
specpath	RS20191205113059_P19331194.xml
Search Range	200 - 2500
Synced	false
lastCalDateTime	2019-12-05 09:53:08
lastCalUser	Admin
lastCalResult	PASS
lastVerifyDateTime	2019-10-16 15:05:37
lastVerifyUser	Admin
lastVerifyResult	PASS
selectedMaterial	
result	No Match
ValidationGUID	
ValidationMatchQuality	
topMatch	
topMatchGUID	
topMatchQuality	
secondMatch	
secondMatchGUID	
secondMatchQuality	
thirdMatch	
thirdMatchGUID	
thirdMatchQuality	
fourthMatch	
fourthMatchGUID	
fourthMatchQuality	
fifthMatch	
fifthMatchGUID	
fifthMatchQuality	
signedBy	
signedDateTime	
softwareVer	1.7.0.21
memo	
batchID	
inBatch	false
batchUID	
batchCID1	
batchCIDlbl1	
batchCID2	
batchCIDlbl2	
batchCID3	
batchCIDlbl3	
batchCID4	
batchCIDlbl4	
batchCID5	
batchCIDlbl5	
signedTitle	
signedReason	
rescanned	
barcode	
topMatchContribs	
secondMatchContribs	
thirdMatchContribs	
fourthMatchContribs	
fifthMatchContribs	
ValidationMatchContribs	
Threat	
PrecursorList	
CompundName	
WindowStart4C	
MatchLibrary	
lastModified	2019/12/05 11:36
Signal2Noise	56.71
Detector TEC SetPoint	0x8000
Detector Temp	4.99
Laser Temp	25.39
OE1 Temp	37.22
OE2 Temp	41.75
Detector Gain	200
SaturationDetected	false
InterpolatedPixelList	
PeakList	 304.8	920	328.9	751	435.4	1071	488.6	927	583.8	667	658.2	1206	667.1	1132	759.4	2514	798.0	988	847.3	662	1158.6	736	1296.9	893	1309.6	795	1377.3	1545	1444.0	5534	1564.7	1641	1645.3	4768	1676.3	3267
index	Raman Shift (cm-1)	Y value (counts)	background (counts)	raw value (counts)
0	137.714	425.5580	6281.6670	8068.3340	
1	144.215	365.6721	6702.3330	8305.0000	
2	150.711	287.4521	6854.0000	8254.3330	
3	157.202	307.2342	6980.3330	8276.3340	
4	163.686	312.6803	6724.3340	7901.6670	
5	170.165	298.4615	7523.0000	8562.0000	
6	176.638	320.9084	7160.0000	8097.3330	
7	183.106	359.3556	7125.3340	7977.0000	
8	189.567	414.4696	6645.0000	7427.6660	
9	196.023	332.9177	7623.6670	8200.6670	
10	202.474	335.3658	7302.6660	7758.0000	
11	208.918	257.4784	7874.3340	8127.6665	
12	215.357	363.5934	7165.3330	7400.6665	
13	221.790	184.6517	7853.0000	7860.6665	
14	228.217	179.0890	7667.0000	7607.6670	
15	234.638	224.0927	7962.0000	7882.6670	
16	241.054	290.2628	6800.6670	6872.6670	
17	247.464	342.3497	7427.3330	7493.0000	
18	253.868	383.6034	6703.0000	6964.6660	
19	260.266	366.0238	7481.6670	7667.0000	
20	266.658	307.6112	6180.6670	6474.0000	
21	273.044	184.5641	7670.0000	7721.6670	
22	279.425	196.1839	6976.0000	7060.3340	
23	285.799	403.4692	6781.6665	7094.3330	
24	292.168	658.7556	6349.3330	6938.3330	
25	298.531	848.6018	6459.3330	7279.6665	
26	304.888	920.4475	6174.3335	7108.0000	
27	311.239	717.9609	7104.3330	7877.0000	
28	317.584	696.3640	5818.0000	6623.0000	
29	323.923	717.9312	6302.3330	7111.0000	
30	330.256	750.8308	5934.6665	6758.3330	
31	336.583	577.7303	6370.6670	7003.3330	
32	342.905	423.2978	6227.3330	6594.3340	
33	349.220	441.1980	5974.3330	6415.6660	
34	355.529	399.0981	5083.6670	5615.0000	
35	361.833	373.1547	6564.3330	6732.0000	
36	368.130	371.1272	4946.6665	5407.6670	
37	374.421	228.1159	5337.6665	5558.6670	
38	380.707	36.3539	5633.0000	5681.0000	
39	386.986	112.2593	5656.3330	5799.0000	
40	393.259	270.5600	4468.0000	4941.0000	
41	399.526	242.7660	5484.0000	5782.6670	
42	405.787	259.8259	4573.3335	4746.6665	
43	412.042	380.1983	3063.0000	3605.0000	
44	418.291	352.4042	3837.3335	4281.6665	
45	424.534	672.8931	3824.0000	4715.3330	
46	430.771	841.7992	2628.6665	3747.0000	
47	437.001	1071.3715	1781.3333	3187.3333	
48	443.226	782.2767	1817.6667	2992.6665	
49	449.444	234.1380	3199.6665	3903.3333	
50	455.656	440.6371	1740.0000	2702.6667	
51	461.862	451.8027	1766.0000	2792.3335	
52	468.062	385.9680	1685.3334	2698.3333	
53	474.256	96.6005	2619.0000	3378.3335	
54	480.443	597.2325	1236.0000	2531.6667	
55	486.624	926.8647	753.0000	2414.0000	
56	492.800	558.4648	1592.3334	2899.6667	
57	498.968	549.3959	2239.6665	3527.3335	
58	505.131	358.6595	1764.3333	2850.6667	
59	511.288	455.5899	1006.0000	2178.6667	
60	517.438	293.1873	1413.0000	2412.6667	
61	523.582	502.5470	1883.3334	3048.0000	
62	529.719	499.5733	975.6667	2093.0000	
63	535.851	313.9330	1793.3335	2680.6665	
64	541.976	483.6264	863.6666	1876.3333	
65	548.095	221.9860	2173.6667	2880.3333	
66	554.207	124.6794	3135.0000	3700.0000	
67	560.313	508.0390	3443.6667	4347.6665	
68	566.413	620.0657	2025.3333	2997.0000	
69	572.507	450.3350	1570.6667	2346.6665	
70	578.594	530.4963	434.6667	1279.0000	
71	584.675	667.1204	596.0000	1559.6665	
72	590.749	548.4110	803.0000	1630.6665	
73	596.817	257.0657	2049.0000	2576.0000	
74	602.879	158.7202	2152.6667	2572.0000	
75	608.935	150.7081	2100.3333	2502.3333	
76	614.983	252.3631	2192.3333	2686.6667	
77	621.026	378.3008	2336.0000	2985.6665	
78	627.062	347.2765	1812.0000	2393.3333	
79	633.092	484.9189	1720.3334	2520.3333	
80	639.115	635.8948	1566.3333	2548.3333	
81	645.132	737.5374	2306.3333	3421.0000	
82	651.142	920.1798	1321.3333	2649.6667	
83	657.146	1206.1552	765.3333	2410.6665	
84	663.143	1059.4641	701.6666	2231.3333	
85	669.134	1132.2759	929.6666	2520.0000	
86	675.118	685.7540	177.0000	1308.6667	
87	681.096	609.8986	818.0000	1861.6665	
88	687.068	335.3768	1053.6666	1810.6667	
89	693.032	371.7013	1322.6666	2125.0000	
90	698.991	519.6925	425.6667	1385.0000	
91	704.942	280.7972	960.3334	1703.6665	
92	710.888	285.5378	764.3333	1497.6666	
93	716.826	262.7367	804.0000	1591.6667	
94	722.758	180.4977	808.0000	1460.6666	
95	728.683	233.5922	903.6666	1772.6665	
96	734.602	278.0207	741.0000	1709.6667	
97	740.514	186.1152	1322.0000	2254.0000	
98	746.420	460.4663	1080.3334	2328.0000	
99	752.319	1271.1586	1775.0000	3888.6665	
100	758.211	2513.5178	803.0000	4214.3335	
101	764.097	2038.1268	1615.3333	4580.0000	
102	769.976	818.4027	924.6666	2698.3335	
103	775.848	552.3446	1363.0000	2899.3333	
104	781.714	705.2872	999.6666	2717.6667	
105	787.573	821.1378	1617.3333	3465.6670	
106	793.425	741.9877	1358.6666	3142.3333	
107	799.271	987.5049	1764.6667	3808.3335	
108	805.109	898.3551	1073.3334	3042.3335	
109	810.942	338.9564	1626.3334	3027.0000	
110	816.767	194.2247	944.0000	2191.0000	
111	822.586	260.4930	1408.3333	2712.6665	
112	828.397	159.7278	926.3333	2135.0000	
113	834.202	123.7741	1466.0000	2627.6665	
114	840.001	423.4872	1017.3334	2467.6665	
115	845.792	662.2006	1422.0000	3100.0000	
116	851.577	506.2473	1080.6666	2591.6667	
117	857.355	356.7603	1388.6666	2759.6665	
118	863.126	311.9403	1198.6666	2534.3333	
119	868.890	332.0308	1284.3333	2636.0000	
120	874.648	439.9276	782.6666	2256.0000	
121	880.398	496.6325	1227.3334	2766.0000	
122	886.142	557.0043	807.0000	2414.6667	
123	891.879	518.3758	1138.6667	2716.3333	
124	897.609	196.0809	921.3334	2185.3333	
125	903.332	220.4265	881.0000	2178.0000	
126	909.048	307.7721	504.0000	1897.0000	
127	914.757	428.1177	1006.3334	2528.3335	
128	920.459	516.7965	316.3333	1935.6667	
129	926.155	381.1421	903.3333	2395.6667	
130	931.843	295.1541	299.0000	1714.0000	
131	937.525	279.4997	914.0000	2322.0000	
132	943.199	341.8451	347.3333	1826.3333	
133	948.867	392.0433	662.3334	2214.6667	
134	954.528	556.2943	215.6667	1939.6665	
135	960.181	406.2122	546.0000	2127.3335	
136	965.828	192.7964	263.3333	1638.6667	
137	971.468	302.9481	439.6667	1923.3333	
138	977.100	371.4335	-126.6667	1423.6667	
139	982.726	345.2520	361.3333	1883.6667	
140	988.344	269.8600	251.3333	1681.3333	
141	993.956	345.8765	239.3333	1742.3333	
142	999.560	351.2265	-7.0000	1498.3333	
143	1005.158	376.9099	458.6667	1986.6667	
144	1010.748	417.9265	-138.6667	1427.3334	
145	1016.331	438.6097	300.3333	1884.0000	
146	1021.907	311.2929	166.3333	1619.6667	
147	1027.476	265.3095	414.3333	1818.6667	
148	1033.038	364.6592	58.0000	1558.6667	
149	1038.593	319.6746	321.3333	1769.0000	
150	1044.141	292.6901	-19.6667	1393.0000	
151	1049.681	272.7055	225.3333	1610.0000	
152	1055.215	342.7205	-200.3333	1246.3334	
153	1060.741	245.8528	380.6667	1720.6667	
154	1066.260	323.7530	60.0000	1481.0000	
155	1071.772	456.6053	368.3333	1913.6667	
156	1077.276	633.1243	36.6667	1750.0000	
157	1082.774	604.5105	402.3334	2079.3335	
158	1088.264	399.2297	-60.6667	1403.3334	
159	1093.747	226.6156	407.6667	1691.3333	
160	1099.223	336.3351	240.0000	1625.6665	
161	1104.691	446.1883	458.3333	1934.0000	
162	1110.152	366.6479	89.6667	1487.3334	
163	1115.606	379.7738	628.6666	2041.0000	
164	1121.053	251.5666	143.6667	1429.3333	
165	1126.493	255.4758	612.3333	1903.6667	
166	1131.925	231.7177	128.3333	1397.6666	
167	1137.349	234.2932	717.6667	1991.3333	
168	1142.767	361.5362	18.0000	1420.6666	
169	1148.177	504.7365	654.3333	2206.3333	
170	1153.580	617.2700	263.3333	1934.0000	
171	1158.975	736.4702	725.0000	2521.0000	
172	1164.364	575.3368	285.6667	1926.6665	
173	1169.744	432.7810	957.6667	2460.0000	
174	1175.118	257.2256	548.6666	1879.3335	
175	1180.484	278.1560	1039.0000	2409.6665	
176	1185.843	267.0254	637.3333	1996.0000	
177	1191.194	182.2277	1020.6666	2293.6667	
178	1196.538	243.7633	827.6666	2161.3333	
179	1201.874	433.2991	1143.3334	2665.6667	
180	1207.203	564.1682	644.0000	2296.3333	
181	1212.525	530.2111	1324.0000	2944.6667	
182	1217.839	586.0894	982.6666	2646.0000	
183	1223.145	595.9612	1436.3333	3111.6665	
184	1228.444	611.1663	1000.6666	2693.3333	
185	1233.736	458.1092	1627.6666	3160.0000	
186	1239.020	390.0519	1348.0000	2805.0000	
187	1244.297	242.6616	1745.0000	3047.3335	
188	1249.566	240.2707	1465.0000	2757.6665	
189	1254.828	278.4085	2247.0000	3589.3333	
190	1260.082	258.8793	1800.3333	3134.6665	
191	1265.328	284.6840	2455.6667	3827.3335	
192	1270.567	412.4883	2189.6667	3700.6667	
193	1275.799	449.9597	2738.3333	4298.3335	
194	1281.022	363.0971	2207.3335	3692.0000	
195	1286.239	591.5680	2950.3335	4675.0000	
196	1291.448	869.6177	2419.6667	4450.0000	
197	1296.649	892.5980	3198.0000	5220.3335	
198	1301.842	740.2448	2871.3333	4710.3335	
199	1307.028	750.5581	3633.0000	5451.3335	
200	1312.206	794.8713	3305.3335	5137.0000	
201	1317.377	284.0511	3615.0000	4879.3335	
202	1322.540	256.5640	3529.0000	4709.3335	
203	1327.695	519.6458	4008.3335	5379.6665	
204	1332.843	586.1608	3733.6665	5124.3335	
205	1337.982	353.6227	4517.3330	5654.6665	
206	1343.115	269.0854	3815.0000	4847.0000	
207	1348.239	128.5474	4712.3335	5583.0000	
208	1353.356	259.6769	4122.3330	5103.3335	
209	1358.465	249.4720	5249.3335	6199.3335	
210	1363.567	675.2676	4674.0000	6029.0000	
211	1368.660	1159.0627	5377.3335	7195.3330	
212	1373.746	1439.8582	4992.3335	7070.3330	
213	1378.824	1545.1990	5691.6665	7861.3330	
214	1383.894	1186.8719	5233.6665	7031.3330	
215	1388.957	447.5457	6107.0000	7151.6670	
216	1394.012	121.8853	5364.6665	6070.0000	
217	1399.059	0.0000	6211.6665	6777.0000	
218	1404.098	78.7317	5700.6665	6297.6670	
219	1409.129	312.1291	6601.3330	7384.6660	
220	1414.153	799.5293	5866.3330	7090.0000	
221	1419.169	1208.8093	6587.0000	8179.6670	
222	1424.176	1757.4227	6105.6670	8206.6670	
223	1429.176	3156.0364	6698.6670	10158.0000	
224	1434.168	5072.1812	6287.0000	11603.6670	
225	1439.153	5474.8286	6939.6670	12602.6660	
226	1444.129	5534.4800	6378.0000	12044.3340	
227	1449.097	5302.4624	7190.0000	12568.0000	
228	1454.058	4960.1104	6340.6670	11320.0000	
229	1459.011	4110.6567	7348.0000	11364.0000	
230	1463.955	3283.2031	6448.3330	9523.0000	
231	1468.892	2482.4150	7229.6670	9389.6660	
232	1473.821	1669.9637	6476.6670	7710.3340	
233	1478.742	911.7396	7195.3330	7573.3340	
234	1483.655	589.8475	6399.0000	6357.6670	
235	1488.559	289.6229	7377.6670	6938.6670	
236	1493.456	308.7313	6564.6670	6047.3335	
237	1498.345	173.4045	7687.0000	6909.6660	
238	1503.226	222.7856	6897.3330	6130.3330	
239	1508.099	249.7776	7434.3330	6572.0000	
240	1512.964	313.1861	5689.6665	5093.3335	
241	1517.821	240.7611	7300.0000	6377.0000	
242	1522.669	204.1701	7375.3330	6352.3335	
243	1527.510	179.0780	8531.6670	7373.3330	
244	1532.343	231.2369	7703.3340	6583.0000	
245	1537.167	278.7877	8645.3330	7501.0000	
246	1541.984	335.8152	7798.6670	6730.6670	
247	1546.792	324.5931	8770.6670	7682.6670	
248	1551.593	502.9534	8017.3330	7170.0000	
249	1556.385	717.5808	9057.3340	8482.6670	
250	1561.169	1538.5416	8246.6670	8551.0000	
251	1565.945	1641.1699	9069.0000	9534.0000	
252	1570.712	922.1302	8669.6670	8473.6660	
253	1575.472	343.2165	9200.0000	8486.0000	
254	1580.223	268.9683	8385.3340	7658.0000	
255	1584.967	223.8670	9190.3330	8399.3330	
256	1589.702	197.1400	8075.3335	7398.0000	
257	1594.429	167.5588	8518.0000	7872.0000	
258	1599.147	232.3106	8006.6670	7486.3330	
259	1603.858	308.5014	9162.3330	8802.0000	
260	1608.560	703.3473	8721.3330	8795.6670	
261	1613.254	939.6433	9421.6660	9791.0000	
262	1617.940	1104.9384	9182.6670	9776.0000	
263	1622.617	1231.9023	9521.3330	10300.3340	
264	1627.286	2003.1971	8684.3330	10293.3330	
265	1631.947	2885.7222	9163.6660	11682.0000	
266	1636.600	3771.0898	8278.6660	11684.3330	
267	1641.244	4159.9585	9672.6670	13466.3340	
268	1645.880	4768.4956	8538.0000	12939.3340	
269	1650.508	3655.7705	9526.0000	12724.0000	
270	1655.128	2905.7124	8538.3340	10895.6670	
271	1659.739	2449.3203	9608.3340	11418.6670	
272	1664.341	2469.9312	8909.0000	10649.3340	
273	1668.936	2656.8735	9897.3330	11734.0000	
274	1673.522	3092.1475	8675.6670	10857.0000	
275	1678.099	3266.7573	9049.0000	11314.3340	
276	1682.669	1965.0319	8739.6660	9612.6670	
277	1687.230	857.9711	9064.3330	8725.0000	
278	1691.782	417.9110	8883.0000	7998.3330	
279	1696.326	227.3514	10004.6670	8682.0000	
280	1700.862	211.1666	8588.3330	7405.3330	
281	1705.389	226.4871	9162.6660	7831.0000	
282	1709.908	251.8887	8340.3330	7030.0000	
283	1714.418	148.1229	9758.0000	8142.3330	
284	1718.920	416.6927	8437.3330	7001.6670	
285	1723.413	461.8174	8980.6670	7579.0000	
286	1727.898	443.8597	7254.3330	6033.6670	
287	1732.375	300.7427	9220.3340	7625.3340	
288	1736.842	377.6833	8483.3340	6977.6670	
289	1741.302	442.2917	8450.0000	7021.3340	
290	1745.753	385.8155	7660.6670	6253.6665	
291	1750.195	269.1732	8988.3330	7411.3340	
292	1754.629	355.4460	8156.0000	6677.6665	
293	1759.054	385.9948	8356.3340	6908.6670	
294	1763.471	356.7738	6758.0000	5499.6665	
295	1767.879	315.7609	8583.3330	7065.6670	
296	1772.278	324.6432	8102.0000	6593.3340	
297	1776.669	461.3697	7714.0000	6368.3330	
298	1781.051	510.5139	6356.6670	5186.0000	
299	1785.425	482.4076	7336.3335	6026.6665	
300	1789.790	456.1349	6300.0000	5045.0000	
301	1794.147	348.4650	7501.3335	6148.3335	
302	1798.494	265.7458	7712.6670	6245.0000	
303	1802.833	276.1106	8200.6660	6764.0000	
304	1807.164	264.0585	7630.6670	6193.3335	
305	1811.486	389.9229	6850.3330	5587.0000	
306	1815.799	524.8700	6157.6670	5041.3330	
307	1820.103	491.1528	6775.6660	5637.6670	
308	1824.399	404.2687	6394.3335	5170.3330	
309	1828.686	275.6958	7594.3330	6265.6670	
310	1832.964	328.4545	6393.0000	5141.0000	
311	1837.234	514.8797	6187.0000	5145.3330	
312	1841.495	484.3058	5928.0000	4879.6665	
313	1845.747	261.9439	6719.6660	5484.3330	
314	1849.990	212.9145	6634.0000	5385.0000	
315	1854.225	178.2185	6952.6670	5704.3335	
316	1858.451	336.8570	5725.6665	4671.3335	
317	1862.668	317.3943	5926.0000	4898.0000	
318	1866.876	451.2654	4709.3335	3861.0000	
319	1871.075	558.1157	4433.3335	3807.6665	
320	1875.266	512.3201	3988.3335	3294.6667	
321	1879.448	547.1285	4655.0000	3934.3335	
322	1883.620	682.2167	2876.6665	2456.3335	
323	1887.784	660.5493	3195.0000	2790.0000	
324	1891.940	542.5482	3198.6667	2712.6667	
325	1896.086	413.6369	4118.6665	3489.6665	
326	1900.223	357.3095	3326.6665	2783.0000	
327	1904.352	328.9820	4818.0000	4041.3335	
328	1908.471	304.0696	3941.0000	3254.0000	
329	1912.582	306.6335	4409.0000	3691.0000	
330	1916.684	369.3882	3587.3335	2968.3335	
331	1920.777	330.3083	3768.0000	3249.6665	
332	1924.861	230.2303	3877.6665	3156.3335	
333	1928.936	216.9532	4630.0000	3930.0000	
334	1933.002	363.3444	3333.6665	2814.6667	
335	1937.059	384.7343	3544.3335	3081.3335	
336	1941.107	252.4582	3257.3335	2696.6665	
337	1945.146	92.5156	4235.3330	3549.3335	
338	1949.176	176.5731	3460.6665	2893.3335	
339	1953.197	300.9628	3165.0000	2756.6667	
340	1957.209	461.1868	1307.6666	1283.6666	
341	1961.212	399.1597	2322.6665	2106.3335	
342	1965.206	345.3000	1926.6667	1721.3333	
343	1969.191	388.6299	1878.0000	1793.3333	
344	1973.167	387.5057	1012.6666	1008.6666	
345	1977.134	507.8012	733.0000	924.6666	
346	1981.092	462.9301	110.3333	397.0000	
347	1985.041	387.5601	760.6666	926.6667	
348	1988.980	334.3557	229.6667	474.0000	
349	1992.911	333.6232	590.0000	875.3334	
350	1996.832	339.0644	-208.3333	103.0000	
351	2000.744	337.3921	478.6667	795.6666	
352	2004.647	341.7197	-291.6667	37.0000	
353	2008.541	347.3818	359.0000	700.6667	
354	2012.426	352.3763	-316.0000	28.3333	
355	2016.301	347.1208	315.3333	654.0000	
356	2020.168	351.6981	-420.6667	-29.3333	
357	2024.025	355.4229	341.0000	691.0000	
358	2027.873	347.6487	-394.6667	-2.6667	
359	2031.712	329.2067	245.6667	630.3333	
360	2035.542	284.2644	-358.6667	-27.0000	
361	2039.362	289.0115	308.3333	625.6667	
362	2043.173	307.6752	-376.0000	-53.6667	
363	2046.975	321.8388	229.6667	547.3333	
364	2050.768	342.7961	-399.6667	-50.0000	
365	2054.551	359.5990	238.0000	602.6667	
366	2058.325	340.4019	-336.0000	7.6667	
367	2062.090	337.7883	249.6667	584.0000	
368	2065.846	347.5912	-341.0000	28.0000	
369	2069.592	350.5609	230.6667	540.6667	
370	2073.329	352.3639	-290.6667	85.0000	
371	2077.056	358.9668	370.3333	709.3333	
372	2080.775	305.6852	-277.3333	13.6667	
373	2084.484	313.3828	245.3333	549.0000	
374	2088.183	331.4138	-241.0000	110.3333	
375	2091.873	334.1948	79.3333	380.0000	
376	2095.554	331.3087	-290.0000	61.0000	
377	2099.226	340.1069	316.6667	651.3333	
378	2102.887	344.5926	-112.6667	247.0000	
379	2106.540	344.8908	268.0000	602.6666	
380	2110.183	346.4193	-408.6667	-31.0000	
381	2113.817	349.5762	-666.0000	-339.3333	
382	2117.442	351.5664	-145.6667	217.0000	
383	2121.056	338.9732	240.6667	604.0000	
384	2124.662	325.8801	-485.0000	-194.3333	
385	2128.258	311.6480	157.6667	475.0000	
386	2131.844	323.1453	-386.6667	-89.0000	
387	2135.421	349.9758	120.3333	469.3333	
388	2138.989	333.1385	-321.0000	9.6667	
389	2142.547	329.0197	322.6667	644.0000	
390	2146.095	331.9007	-380.6667	-42.6667	
391	2149.635	335.1151	280.6667	611.6666	
392	2153.164	353.6706	-549.3333	-192.3333	
393	2156.684	353.1517	116.6667	465.6667	
394	2160.194	346.2993	-262.3333	108.6667	
395	2163.695	334.4470	361.6667	706.0000	
396	2167.186	331.2602	-232.0000	113.0000	
397	2170.668	333.7383	197.0000	542.3334	
398	2174.140	356.2162	-379.6667	-14.0000	
399	2177.603	356.6941	209.0000	573.0000	
400	2181.055	340.0263	-146.6667	194.0000	
401	2184.499	336.0042	474.6667	831.6666	
402	2187.932	337.1697	-265.6667	40.6667	
403	2191.356	339.3144	-16.3333	348.0000	
404	2194.770	341.5016	-343.0000	-40.0000	
405	2198.175	341.8449	248.0000	631.6666	
406	2201.570	333.1991	-358.0000	-56.6667	
407	2204.955	331.1833	251.6667	604.0000	
408	2208.331	326.0425	-310.6667	36.3333	
409	2211.697	315.2000	381.3333	714.0000	
410	2215.053	313.3158	-382.3333	-51.0000	
411	2218.399	321.0984	332.3333	672.0000	
412	2221.736	335.4651	-301.6667	57.0000	
413	2225.063	357.2186	393.0000	736.3334	
414	2228.380	361.7094	-567.6667	-191.0000	
415	2231.688	358.7836	215.3333	587.3333	
416	2234.985	357.7745	-570.0000	-195.6667	
417	2238.273	343.8487	271.0000	600.3333	
418	2241.552	337.2563	-488.0000	-117.6667	
419	2244.820	332.3305	58.6667	372.6667	
420	2248.078	331.0705	-328.3333	17.3333	
421	2251.327	337.9570	336.3333	643.6667	
422	2254.566	345.0936	-415.6666	-52.6667	
423	2257.795	352.8969	283.3333	610.0000	
424	2261.014	351.0332	-322.0000	37.3333	
425	2264.223	351.5812	249.6667	573.3333	
426	2267.423	354.8791	-83.3333	257.3333	
427	2270.612	325.2140	408.6667	724.3333	
428	2273.792	320.4963	-251.6667	57.6667	
429	2276.962	321.5081	255.0000	568.6666	
430	2280.122	330.7700	-268.0000	57.3333	
431	2283.271	329.4485	397.0000	709.0000	
432	2286.411	333.2937	-380.3333	-26.3333	
433	2289.542	329.9722	261.3333	583.0000	
434	2292.662	359.3443	-343.6667	10.3333	
435	2295.772	353.0606	228.3333	604.3334	
436	2298.872	329.4431	-545.3334	-218.6667	
437	2301.962	343.1140	328.6667	668.0000	
438	2305.042	369.7850	-409.6667	-44.6667	
439	2308.113	358.7893	35.6667	388.6667	
440	2311.173	353.1263	-504.6667	-158.3333	
441	2314.223	280.1073	423.0000	695.6667	
442	2317.263	320.7548	-248.3333	64.3333	
443	2320.293	343.9024	187.3333	537.0000	
444	2323.313	347.8827	-464.0000	-130.3333	
445	2326.323	344.6053	423.6667	768.3333	
446	2329.323	338.6613	-425.3333	-99.3333	
447	2332.313	344.3006	223.6667	553.6667	
448	2335.293	343.5315	-383.0000	-41.6667	
449	2338.262	339.7129	39.6667	377.3333	
450	2341.222	340.7694	-299.3333	-19.0000	
451	2344.172	351.0758	463.0000	812.3334	
452	2347.111	334.9871	-527.6666	-175.3333	
453	2350.040	312.1558	403.6667	716.6666	
454	2352.959	315.6371	-355.3333	-46.0000	
455	2355.868	332.3431	241.0000	583.3334	
456	2358.767	330.7138	-425.3333	-114.3333	
457	2361.655	338.4307	288.0000	618.6667	
458	2364.534	345.6268	-264.0000	90.3333	
459	2367.402	343.6562	226.3333	554.3333	
460	2370.260	344.7685	-160.6667	173.3333	
461	2373.107	332.2877	154.6667	473.0000	
462	2375.945	342.2236	-193.3333	120.6667	
463	2378.772	360.9928	333.3333	674.6666	
464	2381.589	350.5120	-349.6667	-21.6667	
465	2384.396	331.0312	154.3333	460.0000	
466	2387.192	332.3212	-274.3333	25.3333	
467	2389.979	335.4238	298.6667	613.0000	
468	2392.755	338.2766	-482.6666	-188.6667	
469	2395.520	331.0229	249.3333	556.0000	
470	2398.276	341.5209	-300.0000	20.0000	
471	2401.021	349.5187	384.0000	678.0000	
472	2403.755	356.6002	-590.3333	-270.6667	
473	2406.479	362.3718	286.0000	596.3333	
474	2409.194	343.8098	-386.3333	-101.0000	
475	2411.897	325.9146	416.3334	618.3333	
476	2414.591	343.4864	-340.3333	-38.6667	
477	2417.273	342.7139	367.6667	622.6667	
478	2419.946	333.5455	-381.6667	-99.3333	
479	2422.608	294.9397	162.0000	374.3333	
480	2425.260	332.8339	-355.3333	-104.3333	
481	2427.901	338.5614	270.3333	532.3333	
482	2430.532	337.7890	-400.6667	-150.3333	
483	2433.152	346.1831	244.0000	510.6667	
484	2435.762	381.3272	888.6666	1359.0000	
485	2438.362	377.3376	301.0000	522.3333	
486	2440.951	322.5148	-622.3333	-370.3333	
487	2443.530	328.1919	135.0000	372.0000	
488	2446.098	333.7852	-364.6667	-127.3333	
489	2448.655	336.4935	99.0000	329.3333	
490	2451.202	344.6075	-471.3334	-210.6667	
491	2453.739	349.1396	436.6667	698.3333	
492	2456.265	334.0042	-330.3333	-87.3333	
493	2458.781	329.4174	373.0000	589.6667	
494	2461.286	331.2473	-534.6667	-283.0000	
495	2463.780	329.6605	344.0000	564.0000	
496	2466.264	326.4903	-287.6667	-26.6667	
497	2468.737	326.9035	482.3334	682.3333	
498	2471.200	331.8792	-363.6667	-132.0000	
499	2473.652	342.2299	517.6666	732.0000	
500	2476.094	364.6439	-318.3333	-59.3333	
501	2478.525	354.8684	41.3333	290.0000	
502	2480.945	338.4264	-391.3333	-159.6667	
503	2483.354	304.3175	303.3333	500.3333	
504	2485.754	324.4587	-303.0000	-109.3333	
505	2488.142	341.1833	236.3333	496.6667	
506	2490.520	352.7411	-322.3333	-107.0000	
507	2492.887	353.2989	220.0000	481.6667	
508	2495.243	347.7735	-575.6667	-338.0000	
509	2497.589	334.3730	320.0000	501.0000	
510	2499.924	339.2226	-221.0000	7.0000	
511	2502.248	325.7804	-6.0000	208.0000	
