resultName	muna16-39
resultName	muna16-39
ID	RS20191212120943_P19331194
Command	SCANANDSEARCH
User	Admin
Application	_Analyze
SerialNumber	P19331194
Power	280
Integration	900
Averages	3
AutoExposure	Off
AutoCollect	Off
QuickCollect	Off
AutoBackground	On
BaselineCorrection	On
Algorithm	Wavelet
Searched Library	All,None,None,None
MixtureComponents	2
matchThreshold	0.75
displayMatches	1
Threshold	0.80
WL Start	
WL End	
ServerVersion	3.180316
FirmwareVersion	
date	2019-12-12
time	12:09:43
scanindex	0
specpath	RS20191212120943_P19331194.xml
Search Range	200 - 2500
Synced	false
lastCalDateTime	2019-12-12 08:43:43
lastCalUser	Admin
lastCalResult	PASS
lastVerifyDateTime	2019-10-16 15:05:37
lastVerifyUser	Admin
lastVerifyResult	PASS
selectedMaterial	
result	No Match
ValidationGUID	
ValidationMatchQuality	
topMatch	
topMatchGUID	
topMatchQuality	
secondMatch	
secondMatchGUID	
secondMatchQuality	
thirdMatch	
thirdMatchGUID	
thirdMatchQuality	
fourthMatch	
fourthMatchGUID	
fourthMatchQuality	
fifthMatch	
fifthMatchGUID	
fifthMatchQuality	
signedBy	
signedDateTime	
softwareVer	1.7.0.21
memo	
batchID	
inBatch	false
batchUID	
batchCID1	
batchCIDlbl1	
batchCID2	
batchCIDlbl2	
batchCID3	
batchCIDlbl3	
batchCID4	
batchCIDlbl4	
batchCID5	
batchCIDlbl5	
signedTitle	
signedReason	
rescanned	
barcode	
topMatchContribs	
secondMatchContribs	
thirdMatchContribs	
fourthMatchContribs	
fifthMatchContribs	
ValidationMatchContribs	
Threat	
PrecursorList	
CompundName	
WindowStart4C	
MatchLibrary	
lastModified	2019/12/12 12:12
Signal2Noise	68.72
Detector TEC SetPoint	0x8000
Detector Temp	4.99
Laser Temp	25.37
OE1 Temp	35.12
OE2 Temp	39.50
Detector Gain	200
SaturationDetected	false
InterpolatedPixelList	
PeakList	 286.5	937	296.4	727	324.1	535	398.5	736	444.0	603	480.6	607	649.7	1741	674.4	1034	736.3	839	744.9	748	840.0	888	959.8	684	1127.1	792	1141.3	724	1207.5	609	1249.4	600	1337.2	948	1368.9	1121	1457.8	5196	1645.4	2638	1677.4	1971	1710.9	955
index	Raman Shift (cm-1)	Y value (counts)	background (counts)	raw value (counts)
0	137.923	445.1768	4501.0000	7304.3330	
1	144.410	278.8489	4920.6670	7484.6670	
2	150.891	201.5198	5209.0000	7622.6660	
3	157.367	270.5253	5403.3335	7813.0000	
4	163.837	382.1973	5042.0000	7490.3335	
5	170.302	391.5354	5767.6665	8152.3330	
6	176.762	423.2073	5438.6665	7782.0000	
7	183.215	315.2114	5492.3335	7654.6660	
8	189.664	258.8833	5079.6670	7112.6665	
9	196.106	222.5554	5842.0000	7765.6665	
10	202.544	319.8940	5627.0000	7575.0000	
11	208.975	354.2328	6140.0000	8049.3340	
12	215.401	320.5704	5530.3335	7333.0000	
13	221.822	253.4009	6048.6670	7744.6670	
14	228.236	280.7686	5992.3335	7668.6660	
15	234.646	145.1283	6343.6670	7894.6665	
16	241.049	123.1541	5303.3335	6842.6660	
17	247.447	203.8473	5737.0000	7367.3330	
18	253.839	250.2076	5165.3330	6852.3335	
19	260.226	256.9004	5709.6665	7413.6670	
20	266.607	219.2601	4637.6665	6314.3340	
21	272.982	454.9440	5912.6670	7860.6660	
22	279.352	796.2972	5423.0000	7748.0000	
23	285.716	936.9838	5206.3330	7707.6670	
24	292.074	713.3351	4718.0000	7031.3330	
25	298.426	726.6407	4780.0000	7139.6660	
26	304.773	618.6139	4453.3335	6738.0000	
27	311.114	428.9205	5353.6665	7481.6670	
28	317.449	500.0957	4334.6670	6578.3340	
29	323.779	534.7523	4580.6665	6809.0000	
30	330.102	479.0762	4247.0000	6369.6670	
31	336.420	508.0661	4844.6665	6946.3330	
32	342.732	461.7233	4629.6665	6635.0000	
33	349.039	274.7140	4504.3330	6272.6670	
34	355.339	151.7034	3621.6670	5217.0000	
35	361.634	94.4707	4859.0000	6336.0000	
36	367.923	48.6195	3644.0000	5027.6665	
37	374.205	252.1580	3755.3335	5334.3335	
38	380.483	608.0296	3996.3333	5923.0000	
39	386.754	494.5677	4133.0000	5938.0000	
40	393.019	425.4390	3163.6670	4891.3335	
41	399.278	736.3101	3939.6670	5969.3330	
42	405.532	497.1826	3246.0000	5027.6670	
43	411.779	301.7200	2077.0000	3654.3330	
44	418.021	237.2584	2358.6667	3862.6665	
45	424.257	271.2884	2501.0000	4028.6665	
46	430.487	329.6516	1472.6667	3048.3333	
47	436.710	426.0150	1158.0000	2819.6667	
48	442.928	603.3783	895.3333	2724.0000	
49	449.140	524.7773	1707.3333	3458.6665	
50	455.346	478.3686	854.3334	2539.6667	
51	461.546	255.2932	866.3333	2309.0000	
52	467.739	218.5509	750.0000	2136.3333	
53	473.927	441.1297	1160.3334	2740.6667	
54	480.109	607.0416	496.6666	2214.3333	
55	486.285	427.2870	300.3333	1809.6667	
56	492.454	307.5202	466.6667	1818.0000	
57	498.618	185.0569	935.6666	2140.6667	
58	504.775	186.2599	574.3333	1756.6666	
59	510.926	230.1299	489.6666	1692.0000	
60	517.072	290.0000	363.3333	1601.6667	
61	523.211	397.2339	742.0000	2066.0000	
62	529.344	440.8013	135.6667	1481.6667	
63	535.471	376.7020	743.3333	2003.6667	
64	541.591	281.2692	122.3333	1265.6667	
65	547.706	248.5031	957.3334	2046.3333	
66	553.814	242.0705	1402.6667	2463.6667	
67	559.917	251.6378	1827.3333	2849.6667	
68	566.013	299.6217	875.6667	1932.3334	
69	572.102	313.5626	936.0000	1992.0000	
70	578.186	367.1120	50.3333	1217.0000	
71	584.263	286.9232	323.0000	1433.3334	
72	590.334	65.7341	102.3333	1015.3334	
73	596.399	72.4728	917.6667	1886.0000	
74	602.458	367.8781	888.3333	2200.6665	
75	608.510	654.9503	1066.3334	2714.3335	
76	614.556	1033.0223	1151.6666	3226.3335	
77	620.596	1065.9904	1398.6667	3533.3330	
78	626.630	690.5306	1023.6666	2808.6665	
79	632.657	913.0709	1010.3334	3043.6667	
80	638.677	1127.6113	834.0000	3107.6670	
81	644.692	1651.8177	1518.6667	4342.3335	
82	650.700	1740.6912	775.6666	3714.0000	
83	656.702	1148.8977	495.6667	2868.0000	
84	662.697	852.1046	307.0000	2408.3333	
85	668.686	721.2937	495.6667	2453.3335	
86	674.669	1033.8158	-125.3333	2132.0000	
87	680.645	1003.0048	594.0000	2807.6665	
88	686.615	614.1943	661.6667	2473.6667	
89	692.578	351.4880	1080.6667	2512.6665	
90	698.535	376.4690	289.0000	1729.6667	
91	704.486	279.2135	623.6666	2089.3333	
92	710.430	211.6978	505.3333	1817.3333	
93	716.368	105.9113	556.0000	1750.6665	
94	722.299	228.7919	553.3334	1859.3335	
95	728.223	603.0055	691.0000	2359.6667	
96	734.141	838.8856	478.0000	2371.0000	
97	740.053	673.7660	1034.6666	2751.0000	
98	745.958	747.5471	795.3333	2565.3333	
99	751.857	676.3591	1603.6667	3304.3335	
100	757.749	528.1712	656.0000	2210.3335	
101	763.634	334.9284	1454.6666	2813.3335	
102	769.513	252.0185	770.3334	2043.6665	
103	775.385	147.1092	1193.3333	2359.3333	
104	781.251	119.8660	911.3334	2047.6667	
105	787.110	192.9740	1543.0000	2754.0000	
106	792.963	221.4154	1380.0000	2621.0000	
107	798.809	384.8564	1923.6667	3329.6665	
108	804.648	547.9647	1306.0000	2876.6667	
109	810.481	532.7439	1778.3333	3360.0000	
110	816.307	361.8564	1085.6667	2522.6667	
111	822.126	248.9691	1615.3333	2965.6667	
112	827.938	287.8314	1173.6667	2600.3333	
113	833.744	634.4863	1761.3333	3563.6665	
114	839.544	888.4745	1343.6667	3429.0000	
115	845.336	601.7964	1813.0000	3640.6670	
116	851.122	425.1178	1502.0000	3182.0000	
117	856.901	554.9730	1792.3333	3611.0000	
118	862.673	440.8283	1728.0000	3441.3335	
119	868.439	497.2354	1784.6667	3550.0000	
120	874.198	367.9867	1188.6666	2817.0000	
121	879.950	239.4099	1612.6667	3092.3333	
122	885.695	235.5000	1335.0000	2790.6667	
123	891.434	385.9233	1777.6667	3363.6667	
124	897.165	464.6794	1617.6667	3262.3330	
125	902.890	326.2463	1463.0000	2943.3333	
126	908.608	268.1465	1106.6666	2503.0000	
127	914.319	252.0464	1749.3333	3103.6667	
128	920.024	250.2793	1015.6667	2342.3333	
129	925.721	266.4292	1707.6667	3022.6667	
130	931.412	292.3290	908.6667	2313.3333	
131	937.095	222.6458	1436.0000	2657.3333	
132	942.772	194.8790	1085.0000	2252.6667	
133	948.442	325.1713	1468.0000	2760.3335	
134	954.105	548.1099	842.3334	2350.0000	
135	959.761	683.7153	1333.0000	2968.6665	
136	965.410	457.3215	1125.3334	2527.0000	
137	971.053	385.7248	1266.3333	2525.6667	
138	976.688	379.2113	506.0000	1858.3334	
139	982.316	369.1147	1029.6667	2362.6667	
140	987.937	251.6185	1049.3334	2262.6667	
141	993.552	254.4222	1091.3333	2299.0000	
142	999.159	261.2262	771.6666	2035.6667	
143	1004.759	268.5302	1338.6666	2579.3333	
144	1010.352	272.9590	777.3333	2079.0000	
145	1015.939	257.6796	1190.6666	2488.6667	
146	1021.518	254.0251	1147.6667	2443.0000	
147	1027.090	265.9957	1354.6667	2689.3335	
148	1032.655	301.0494	925.0000	2310.0000	
149	1038.213	272.2821	1336.3334	2724.6667	
150	1043.764	390.1813	977.3334	2515.6667	
151	1049.307	299.7472	1245.6666	2725.6667	
152	1054.844	264.3126	617.6667	2094.3333	
153	1060.373	276.9335	1399.6666	2913.6667	
154	1065.896	283.9926	1107.3333	2666.6665	
155	1071.411	243.0570	1419.6666	2957.6665	
156	1076.919	457.4555	1159.0000	2931.0000	
157	1082.420	368.1606	1563.0000	3242.3330	
158	1087.914	333.8665	801.0000	2442.6667	
159	1093.400	564.5718	1554.0000	3423.0000	
160	1098.880	499.6107	1472.3333	3273.0000	
161	1104.352	258.9983	1797.3333	3339.3335	
162	1109.817	277.3708	1256.0000	2792.3333	
163	1115.274	439.4108	1898.6665	3573.0000	
164	1120.725	591.7831	1322.0000	3124.6665	
165	1126.168	792.2518	1818.3333	3782.0000	
166	1131.604	685.7200	1446.3333	3264.0000	
167	1137.032	653.8549	2007.6665	3754.0000	
168	1142.453	723.9897	1188.0000	2965.0000	
169	1147.868	609.5581	1921.0000	3553.6665	
170	1153.274	386.7931	1632.3333	3012.3333	
171	1158.674	279.0280	1966.6667	3209.0000	
172	1164.066	223.8464	1495.0000	2622.3335	
173	1169.450	203.2100	2394.6665	3525.0000	
174	1174.828	197.8240	1845.6666	2974.6667	
175	1180.198	225.1007	2509.3333	3690.6670	
176	1185.560	262.3082	2057.3333	3336.6665	
177	1190.916	232.2664	2430.3333	3643.6665	
178	1196.263	273.9740	2192.3335	3512.6665	
179	1201.604	478.2656	2569.6667	4124.3330	
180	1206.937	608.8909	1979.3333	3694.6667	
181	1212.262	514.0985	2654.3333	4297.6665	
182	1217.581	377.7274	2291.0000	3812.0000	
183	1222.891	395.9019	2719.3333	4283.0000	
184	1228.194	325.7427	2323.3333	3841.3335	
185	1233.490	210.3149	2959.0000	4395.6665	
186	1238.778	264.1376	2679.3333	4099.6665	
187	1244.059	428.7932	2913.3333	4636.6665	
188	1249.333	600.3660	2649.3335	4578.3335	
189	1254.598	450.1516	3453.0000	5251.0000	
190	1259.856	266.2703	2960.3335	4593.6665	
191	1265.107	295.3890	3528.6667	5210.3330	
192	1270.350	294.5084	3297.0000	4997.0000	
193	1275.586	266.2942	3774.0000	5465.0000	
194	1280.814	255.4127	3144.3335	4843.6665	
195	1286.034	368.1989	3807.3335	5638.6670	
196	1291.247	309.7299	3250.6670	5056.6665	
197	1296.452	136.6534	3974.3330	5659.0000	
198	1301.650	111.2418	3542.6665	5253.6665	
199	1306.840	272.4979	4200.6665	6124.6665	
200	1312.022	429.4210	3847.6665	5980.3335	
201	1317.197	296.6199	4022.6667	6055.6665	
202	1322.364	265.4860	3876.6670	5911.6665	
203	1327.523	564.3978	4238.6665	6588.0000	
204	1332.674	834.9764	3879.0000	6522.6670	
205	1337.818	948.2745	4468.0000	7236.6660	
206	1342.955	614.2408	3773.6665	6220.0000	
207	1348.083	478.8734	4472.3330	6795.0000	
208	1353.204	336.1724	3854.3330	6046.0000	
209	1358.317	648.1378	4783.3335	7298.6670	
210	1363.422	1071.4368	4161.6665	7112.0000	
211	1368.520	1121.4023	4680.0000	7692.0000	
212	1373.610	945.3680	4222.0000	7069.6665	
213	1378.692	897.0258	4763.3335	7566.3330	
214	1383.766	685.0175	4322.6665	6917.3330	
215	1388.832	334.0093	4982.3335	7229.6670	
216	1393.891	0.0000	4248.3330	6165.3335	
217	1398.942	45.9497	4890.0000	6847.3330	
218	1403.984	236.6427	4380.6665	6492.6660	
219	1409.020	518.3367	5192.3330	7550.0000	
220	1414.047	884.0297	4413.6665	7101.0000	
221	1419.066	1273.8649	4932.3335	7979.3330	
222	1424.078	1631.0347	4434.0000	7808.0000	
223	1429.081	2231.5371	4957.3335	8901.6670	
224	1434.077	2997.1433	4549.0000	9208.6670	
225	1439.065	3398.8611	4963.3330	9973.6660	
226	1444.045	3827.2458	4475.6670	9863.3330	
227	1449.016	4347.6323	5132.3335	10989.3340	
228	1453.980	4848.3496	4305.6670	10612.3330	
229	1458.936	5195.9390	5075.6670	11646.0000	
230	1463.885	3968.5288	4264.0000	9523.0000	
231	1468.825	2397.1187	4927.0000	8530.6670	
232	1473.757	1513.0424	4121.3330	6757.0000	
233	1478.681	891.4862	4674.0000	6615.6670	
234	1483.597	505.9296	3999.3335	5483.0000	
235	1488.505	380.3739	4727.3330	6013.0000	
236	1493.405	244.8173	3993.0000	5070.6665	
237	1498.297	202.3984	4842.6665	5826.3330	
238	1503.181	212.9196	4155.6665	5106.3330	
239	1508.057	191.1128	4616.0000	5510.0000	
240	1512.924	222.9725	3230.0000	4121.0000	
241	1517.784	237.4989	4198.0000	5068.6665	
242	1522.635	230.3591	4263.0000	5091.6670	
243	1527.479	243.8849	5229.3335	6036.6665	
244	1532.314	315.7451	4517.6665	5362.0000	
245	1537.142	329.6639	5261.6665	6115.3330	
246	1541.961	294.0199	4523.3335	5378.0000	
247	1546.772	261.0433	5294.6665	6153.0000	
248	1551.574	300.1500	4636.6670	5573.6665	
249	1556.369	224.6271	5470.3335	6390.6670	
250	1561.155	235.6874	4741.6665	5762.3330	
251	1565.933	202.8319	5334.6670	6398.0000	
252	1570.703	245.9769	5016.0000	6198.0000	
253	1575.465	270.2064	5367.0000	6692.6670	
254	1580.219	305.4359	4705.6665	6186.0000	
255	1584.964	305.6649	5398.3330	6998.3330	
256	1589.701	401.2279	4508.6665	6323.6670	
257	1594.430	379.1230	5027.0000	6939.3330	
258	1599.150	427.3524	4385.0000	6465.0000	
259	1603.863	285.1759	5219.6665	7297.0000	
260	1608.567	305.5446	4882.3335	7084.3330	
261	1613.262	272.6693	5409.3335	7651.3330	
262	1617.949	356.7963	5336.6665	7735.6670	
263	1622.629	294.2548	5535.3335	7944.6670	
264	1627.299	369.3791	4849.6665	7407.0000	
265	1631.961	639.4427	5144.3335	8016.3330	
266	1636.615	1219.2498	4355.3335	7828.6660	
267	1641.261	2164.1848	5500.0000	9938.6670	
268	1645.898	2638.1191	4572.3335	9505.3330	
269	1650.527	1842.1079	5321.0000	9402.0000	
270	1655.147	900.7620	4519.3335	7603.0000	
271	1659.759	670.7491	5191.6670	7989.3330	
272	1664.363	773.4049	4732.6665	7577.0000	
273	1668.958	1269.7266	5372.6665	8657.3330	
274	1673.544	1777.3801	4422.6670	8159.0000	
275	1678.123	1971.3684	4534.3335	8408.6670	
276	1682.692	1430.6899	4424.6665	7702.3330	
277	1687.254	855.8666	4513.3335	7126.3330	
278	1691.806	343.3791	4320.6670	6331.3330	
279	1696.350	197.5563	5204.6665	6979.6660	
280	1700.886	323.8734	4135.6665	5964.3330	
281	1705.413	652.6498	4597.0000	6618.6665	
282	1709.932	955.0946	3696.0000	5884.3335	
283	1714.442	921.2035	4833.6665	6852.3330	
284	1718.944	567.6476	3877.6667	5407.0000	
285	1723.437	217.4427	4537.0000	5614.6670	
286	1727.921	173.9027	3080.3335	4013.0000	
287	1732.397	166.8057	4186.6670	5000.3330	
288	1736.864	161.8652	3841.0000	4573.3330	
289	1741.323	157.2581	4038.0000	4689.3335	
290	1745.773	193.3180	3016.0000	3627.0000	
291	1750.214	210.0430	4177.0000	4728.3335	
292	1754.647	262.1227	3491.3330	3997.6665	
293	1759.071	294.6072	3892.3335	4426.0000	
294	1763.486	316.8198	2491.6665	3033.0000	
295	1767.893	331.6367	3490.0000	3972.0000	
296	1772.291	364.1214	3467.6670	3977.6670	
297	1776.680	329.0987	3364.6665	3827.6665	
298	1781.061	327.8259	2258.3333	2719.0000	
299	1785.432	320.8860	2953.0000	3409.3335	
300	1789.796	321.9463	2118.6665	2579.6667	
301	1794.150	301.8954	2929.0000	3361.6665	
302	1798.495	282.4693	2985.3333	3395.3330	
303	1802.832	287.0438	3508.3330	3919.6665	
304	1807.160	299.9302	3120.0000	3551.3333	
305	1811.480	302.7752	2682.3333	3109.0000	
306	1815.790	306.0159	2156.0000	2587.3335	
307	1820.092	298.4233	2799.6667	3201.3335	
308	1824.385	300.4011	2074.3333	2513.3335	
309	1828.669	271.1730	3071.0000	3438.0000	
310	1832.944	294.4449	2356.0000	2743.6667	
311	1837.210	311.0500	2378.0000	2779.6667	
312	1841.468	317.9884	2023.3335	2429.3333	
313	1845.716	320.6300	2268.3333	2680.6667	
314	1849.956	314.6880	2495.0000	2921.6665	
315	1854.187	300.1626	2643.6665	3027.3333	
316	1858.409	300.2199	1980.6666	2398.3335	
317	1862.622	303.7095	2074.0000	2443.0000	
318	1866.826	309.1156	1575.6667	2017.3333	
319	1871.021	320.9385	1534.6667	1924.3333	
320	1875.207	316.0948	863.3334	1294.6666	
321	1879.384	317.5845	1657.3333	2065.6665	
322	1883.552	306.4921	722.6666	1137.0000	
323	1887.712	300.1469	925.3334	1313.0000	
324	1891.862	292.5523	620.6667	1041.6666	
325	1896.003	283.6895	1523.0000	1886.3333	
326	1900.135	277.7434	662.6667	1027.0000	
327	1904.258	279.3806	1659.3334	2002.0000	
328	1908.372	286.9343	1070.3334	1458.0000	
329	1912.478	299.8851	1407.0000	1767.3333	
330	1916.574	317.0907	1026.3334	1411.3334	
331	1920.661	318.2128	1121.0000	1506.0000	
332	1924.738	304.5846	880.6666	1241.6666	
333	1928.807	303.6320	1633.0000	2013.0000	
334	1932.867	303.6796	964.0000	1319.0000	
335	1936.917	315.4770	1145.3334	1526.3333	
336	1940.959	345.8580	713.6666	1125.0000	
337	1944.991	326.7387	1122.3334	1535.6666	
338	1949.014	297.6196	955.0000	1318.0000	
339	1953.028	291.1671	1163.6666	1505.0000	
340	1957.033	291.2151	232.0000	593.3334	
341	1961.029	292.4059	606.3333	966.6666	
342	1965.015	294.3884	472.6667	820.3333	
343	1968.992	288.5924	508.0000	866.3333	
344	1972.960	301.6541	-58.6667	345.0000	
345	1976.919	305.0963	334.0000	675.0000	
346	1980.869	307.5384	-226.0000	147.0000	
347	1984.809	302.3138	107.6667	470.0000	
348	1988.740	291.7560	-186.0000	159.6667	
349	1992.661	293.7864	429.6666	777.6666	
350	1996.574	307.7172	-344.0000	-2.6667	
351	2000.477	319.3402	347.3333	719.3334	
352	2004.371	322.6299	-363.0000	-1.6667	
353	2008.256	322.6697	289.3333	683.6667	
354	2012.131	306.5427	-343.3333	11.0000	
355	2015.997	298.2491	300.0000	646.0000	
356	2019.853	293.6223	-414.3333	-73.0000	
357	2023.701	300.2838	312.6667	634.6666	
358	2027.538	312.4453	-389.0000	-36.6667	
359	2031.367	306.2734	237.0000	592.6667	
360	2035.186	287.6017	-363.0000	-43.3333	
361	2038.996	313.2067	251.3333	592.6666	
362	2042.796	323.0620	-433.3333	-50.6667	
363	2046.587	311.7505	237.6667	563.0000	
364	2050.368	296.0083	-435.6667	-96.0000	
365	2054.140	294.8518	245.6667	526.0000	
366	2057.903	291.2786	-344.0000	0.6667	
367	2061.656	292.3721	227.3333	550.0000	
368	2065.399	293.9656	-340.0000	-12.6667	
369	2069.133	294.1424	246.0000	532.6667	
370	2072.858	302.7359	-297.0000	56.0000	
371	2076.573	324.8083	358.3333	683.6667	
372	2080.278	324.9177	-348.0000	15.6667	
373	2083.974	317.0964	218.0000	553.6666	
374	2087.661	279.0251	-236.3333	60.3333	
375	2091.338	294.3705	68.3333	344.6667	
376	2095.005	320.8825	-290.6667	46.0000	
377	2098.663	319.0367	268.3333	603.0000	
378	2102.311	297.5241	-186.6667	126.3333	
379	2105.949	287.6991	232.6667	515.3333	
380	2109.578	289.7699	-391.0000	-83.0000	
381	2113.198	290.9094	-684.6667	-394.6667	
382	2116.807	307.7781	-127.3333	193.3333	
383	2120.407	324.2509	210.3333	546.3334	
384	2123.998	329.7237	-545.3333	-205.0000	
385	2127.579	313.9124	137.3333	471.0000	
386	2131.150	266.9963	-379.3333	-93.3333	
387	2134.711	298.7470	120.6667	437.6667	
388	2138.263	300.4976	-356.0000	-38.0000	
389	2141.805	290.1368	312.3333	619.3334	
390	2145.337	294.7552	-388.0000	-115.6667	
391	2148.859	302.4152	266.3333	584.3334	
392	2152.372	311.0857	-572.0000	-256.3333	
393	2155.875	301.7223	142.0000	406.6667	
394	2159.368	307.4422	-257.3333	67.0000	
395	2162.852	322.3287	358.0000	673.0000	
396	2166.326	323.7152	-288.6667	44.3333	
397	2169.790	320.6317	165.0000	483.6667	
398	2173.244	291.2982	-354.6667	-66.3333	
399	2176.688	275.9647	221.3333	493.3334	
400	2180.123	271.9644	-148.3333	118.6667	
401	2183.547	291.2976	479.3333	764.6666	
402	2186.962	314.2974	-304.6667	2.6667	
403	2190.367	315.6306	4.6667	312.3333	
404	2193.762	335.2972	-373.3333	-47.0000	
405	2197.147	324.5079	268.6667	583.3333	
406	2200.522	307.9384	-385.0000	-77.6667	
407	2203.888	304.3993	253.3333	551.3333	
408	2207.243	301.0271	-325.0000	-2.0000	
409	2210.589	295.8168	354.0000	646.3333	
410	2213.924	286.2732	-382.6667	-83.3333	
411	2217.250	283.3130	323.3333	609.3333	
412	2220.565	287.4359	-301.0000	-7.3333	
413	2223.871	300.5532	371.0000	660.3333	
414	2227.167	309.7411	-557.6666	-233.0000	
415	2230.453	319.8456	197.6667	505.6667	
416	2233.728	321.2002	-576.3333	-244.6667	
417	2236.994	322.3047	241.0000	572.0000	
418	2240.250	321.9926	-488.3334	-157.0000	
419	2243.495	308.4305	10.3333	324.0000	
420	2246.731	291.1184	-337.3333	-40.6667	
421	2249.957	293.0488	312.3333	609.0000	
422	2253.172	293.7084	-401.3333	-100.3333	
423	2256.377	295.0554	280.3333	567.0000	
424	2259.573	296.9855	-312.3333	-4.6667	
425	2262.758	298.8875	262.3333	536.0000	
426	2265.933	301.2688	-98.0000	212.6667	
427	2269.098	291.7314	426.3333	711.6667	
428	2272.253	295.6308	-258.3333	14.0000	
429	2275.397	307.3987	209.3333	545.0000	
430	2278.532	311.1876	-279.6667	11.3333	
431	2281.656	308.3722	331.0000	674.6667	
432	2284.771	313.7861	-381.6667	-83.3333	
433	2287.875	310.9707	214.3333	544.3334	
434	2290.968	313.1937	-344.0000	-14.0000	
435	2294.052	307.0232	247.3333	555.0000	
436	2297.125	305.3526	-562.3333	-233.6667	
437	2300.188	297.7906	345.6667	620.0000	
438	2303.241	294.4579	-411.6667	-62.6667	
439	2306.284	295.0417	34.3333	312.3333	
440	2309.316	305.0424	-539.0000	-226.0000	
441	2312.338	308.4391	394.3333	722.3334	
442	2315.350	303.5857	-258.0000	49.6667	
443	2318.352	307.0240	173.0000	480.6666	
444	2321.343	308.9619	-466.0000	-144.3333	
445	2324.323	301.7334	412.0000	711.6667	
446	2327.294	302.3382	-446.6667	-163.0000	
447	2330.254	304.6096	218.3333	531.0000	
448	2333.204	297.4262	-368.6667	-72.6667	
449	2336.144	304.6024	24.0000	318.6667	
450	2339.073	312.0702	-330.6667	-17.6667	
451	2341.991	305.7881	425.0000	736.6667	
452	2344.900	298.2562	-557.6667	-241.0000	
453	2347.798	268.8172	387.3333	647.6666	
454	2350.685	282.9614	-385.0000	-111.3333	
455	2353.562	305.7935	219.3333	518.0000	
456	2356.429	306.9879	-420.0000	-152.0000	
457	2359.285	315.6886	254.0000	575.3333	
458	2362.130	322.6602	-232.6667	20.3333	
459	2364.966	324.8817	224.3333	549.0000	
460	2367.790	317.6037	-203.0000	84.0000	
461	2370.604	295.0851	167.3333	417.0000	
462	2373.408	289.7122	-218.6667	39.3333	
463	2376.202	292.0060	341.6667	557.3333	
464	2378.984	296.1123	-404.6667	-100.6667	
465	2381.756	311.4894	158.6667	390.3333	
466	2384.518	313.7832	-305.6667	-31.6667	
467	2387.269	314.6603	297.3333	565.3333	
468	2390.010	306.2869	-527.0000	-269.6667	
469	2392.739	299.4556	224.6667	475.3333	
470	2395.458	308.4670	-332.6667	-69.6667	
471	2398.167	309.2283	353.6667	613.6666	
472	2400.865	294.4897	-562.0000	-335.6667	
473	2403.553	298.3179	271.6667	515.3333	
474	2406.229	296.6461	-375.6667	-139.6667	
475	2408.896	280.1409	396.3333	612.0000	
476	2411.551	290.5883	-321.3333	-109.0000	
477	2414.196	293.8312	388.0000	570.0000	
478	2416.830	325.4075	-415.3333	-173.3333	
479	2419.453	327.9838	119.3333	361.3333	
480	2422.066	288.5601	-342.3333	-142.3333	
481	2424.668	264.1363	284.0000	457.0000	
482	2427.260	285.7127	-417.6667	-225.6667	
483	2429.840	312.6223	224.0000	440.3333	
484	2432.410	332.9489	789.6667	1097.3334	
485	2434.969	334.2194	274.6667	467.3334	
486	2437.517	313.1562	-643.3333	-423.6667	
487	2440.055	320.0933	149.0000	363.0000	
488	2442.581	321.9468	-393.3333	-177.3333	
489	2445.097	319.5913	53.6667	266.6667	
490	2447.602	291.4663	-481.0000	-286.0000	
491	2450.096	260.1249	446.3333	608.3333	
492	2452.580	288.4496	-360.6667	-172.0000	
493	2455.052	297.0887	319.6667	516.0000	
494	2457.514	302.7278	-541.3334	-340.3333	
495	2459.965	310.6168	289.6667	512.3334	
496	2462.405	312.6725	-277.6667	-92.3333	
497	2464.834	313.6449	437.6667	660.3333	
498	2467.252	310.9506	-388.3333	-183.0000	
499	2469.659	263.9230	483.3333	640.6667	
500	2472.056	292.5625	-309.0000	-124.0000	
501	2474.441	313.2976	22.3333	244.6667	
502	2476.816	318.7827	-432.6667	-238.0000	
503	2479.179	320.7677	262.3333	475.3333	
504	2481.532	314.5027	-329.3333	-130.3333	
505	2483.873	288.4878	244.3333	415.3333	
506	2486.204	290.4728	-349.3333	-178.3333	
507	2488.523	292.1871	259.3333	414.3333	
508	2490.832	296.7763	-572.3333	-399.0000	
509	2493.130	340.7614	261.3333	476.6667	
510	2495.416	350.4131	-277.0000	-54.0000	
511	2497.692	244.7315	-9.3333	106.0000	
