resultName	chilca7-139
resultName	chilca7-139
ID	RS20200904161829_P19331194
Command	SCANANDSEARCH
User	Admin
Application	_Analyze
SerialNumber	P19331194
Power	280
Integration	900
Averages	3
AutoExposure	Off
AutoCollect	Off
QuickCollect	Off
AutoBackground	On
BaselineCorrection	On
Algorithm	Wavelet
Searched Library	All,None,None,None
MixtureComponents	2
matchThreshold	0.0
displayMatches	1
Threshold	0.80
WL Start	
WL End	
ServerVersion	3.180316
FirmwareVersion	
date	2020-09-04
time	16:18:29
scanindex	0
specpath	RS20200904161829_P19331194.xml
Search Range	200 - 2500
Synced	false
lastCalDateTime	2020-08-20 09:29:50
lastCalUser	Admin
lastCalResult	PASS
lastVerifyDateTime	2020-09-04 13:30:42
lastVerifyUser	Admin
lastVerifyResult	PASS
selectedMaterial	
result	No Match
ValidationGUID	
ValidationMatchQuality	
topMatch	
topMatchGUID	
topMatchQuality	
secondMatch	
secondMatchGUID	
secondMatchQuality	
thirdMatch	
thirdMatchGUID	
thirdMatchQuality	
fourthMatch	
fourthMatchGUID	
fourthMatchQuality	
fifthMatch	
fifthMatchGUID	
fifthMatchQuality	
signedBy	
signedDateTime	
softwareVer	1.7.0.21
memo	
batchID	
inBatch	false
batchUID	
batchCID1	
batchCIDlbl1	
batchCID2	
batchCIDlbl2	
batchCID3	
batchCIDlbl3	
batchCID4	
batchCIDlbl4	
batchCID5	
batchCIDlbl5	
signedTitle	
signedReason	
rescanned	
barcode	
topMatchContribs	
secondMatchContribs	
thirdMatchContribs	
fourthMatchContribs	
fifthMatchContribs	
ValidationMatchContribs	
Threat	
PrecursorList	
CompundName	
WindowStart4C	
MatchLibrary	
lastModified	2020/09/04 16:24
Signal2Noise	78.08
Detector TEC SetPoint	0x8000
Detector Temp	4.98
Laser Temp	25.39
OE1 Temp	38.47
OE2 Temp	43.50
Detector Gain	200
SaturationDetected	false
InterpolatedPixelList	
PeakList	 305.0	766	322.4	646	427.8	679	435.0	671	650.8	996	761.8	1631	787.6	1072	1226.2	610	1296.6	908	1377.7	1393	1448.5	4844	1565.4	1872	1644.9	3683	1673.0	2681
index	Raman Shift (cm-1)	Y value (counts)	background (counts)	raw value (counts)
0	137.471	243.1135	504.3333	3787.3335	
1	143.961	305.6029	519.6667	3747.6665	
2	150.446	234.4264	606.3333	3645.6665	
3	156.925	263.9163	728.6667	3680.0000	
4	163.399	234.0730	340.3333	3144.3335	
5	169.867	232.2291	774.0000	3458.6665	
6	176.330	226.3860	501.3333	3062.6667	
7	182.787	175.5430	731.6666	3124.6670	
8	189.239	114.6989	371.0000	2585.6665	
9	195.685	164.5222	706.6667	2853.6667	
10	202.125	181.3455	529.0000	2575.3333	
11	208.560	174.5019	960.3334	2882.3333	
12	214.989	215.9920	405.0000	2251.0000	
13	221.413	174.6619	842.0000	2589.0000	
14	227.831	144.8474	577.6667	2226.0000	
15	234.243	189.1903	897.0000	2589.0000	
16	240.650	167.2000	504.3334	2173.6667	
17	247.051	211.5431	609.6666	2322.6667	
18	253.446	191.2191	521.0000	2213.0000	
19	259.836	237.2289	778.3333	2515.6667	
20	266.220	209.9049	174.0000	1883.3333	
21	272.598	147.5635	868.0000	2532.3333	
22	278.971	89.5555	561.3333	2185.0000	
23	285.338	214.2140	670.3334	2436.0000	
24	291.699	477.8722	269.0000	2315.6665	
25	298.054	664.5095	545.6667	2801.0000	
26	304.404	766.4803	138.3333	2517.6667	
27	310.748	679.1176	842.3334	3156.3335	
28	317.086	612.9310	425.3333	2708.3333	
29	323.418	646.4097	502.0000	2782.6665	
30	329.744	633.2220	31.6667	2263.3333	
31	336.065	425.3677	762.0000	2750.0000	
32	342.380	241.1802	402.3333	2170.3335	
33	348.689	224.3254	697.0000	2412.3333	
34	354.992	340.4709	250.6667	2046.3333	
35	361.289	430.9008	480.6666	2318.3335	
36	367.581	309.1286	230.6667	1907.6666	
37	373.866	187.3167	233.6667	1761.3333	
38	380.146	40.5052	294.3333	1647.6667	
39	386.420	98.3600	363.3333	1747.0000	
40	392.688	246.5482	113.6667	1618.0000	
41	398.949	303.4079	437.0000	1974.0000	
42	405.205	53.9340	269.3333	1532.6666	
43	411.456	104.4605	142.0000	1431.6667	
44	417.700	290.9866	-87.6667	1364.3334	
45	423.938	679.2776	363.6667	2193.3333	
46	430.170	652.5687	-106.6667	1685.6667	
47	436.396	670.8597	204.6667	2004.6667	
48	442.616	508.8173	55.0000	1682.3334	
49	448.830	427.1505	335.6667	1880.6667	
50	455.039	287.6483	-76.6667	1331.3333	
51	461.241	185.3963	84.6667	1364.3333	
52	467.437	147.6443	69.6667	1351.6666	
53	473.627	133.8478	131.0000	1394.3334	
54	479.811	133.3844	-2.0000	1265.0000	
55	485.989	394.2542	-47.6667	1484.3333	
56	492.160	409.2999	-181.6667	1357.6666	
57	498.326	443.2150	180.0000	1740.0000	
58	504.486	339.4635	-176.6667	1266.3334	
59	510.639	202.0451	143.3333	1435.6666	
60	516.787	249.8773	-201.6667	1071.0000	
61	522.928	408.5713	131.3333	1586.6667	
62	529.063	270.8488	-242.6667	1044.6667	
63	535.192	227.4594	2727.3333	3941.0000	
64	541.315	156.7366	1642.6667	2755.3333	
65	547.431	187.0142	552.6667	1665.3334	
66	553.542	247.2914	94.3333	1237.0000	
67	559.646	461.5687	356.6667	1683.3333	
68	565.744	349.1795	-87.6667	1096.3334	
69	571.835	186.6466	369.0000	1378.3334	
70	577.921	196.7316	-121.6667	862.6667	
71	584.000	201.7274	212.0000	1295.3334	
72	590.073	204.2443	-229.6667	762.3333	
73	596.140	196.6963	134.6667	1148.0000	
74	602.200	170.8358	-138.3333	903.0000	
75	608.255	166.7252	76.6667	970.0000	
76	614.302	189.3647	-141.3333	877.0000	
77	620.344	269.4792	45.6667	1260.0000	
78	626.379	267.1842	-81.3333	965.6666	
79	632.408	277.4724	242.0000	1352.0000	
80	638.431	358.5107	-20.6667	1172.6666	
81	644.447	733.8823	412.3333	1983.3333	
82	650.457	996.2541	-233.3333	1602.3333	
83	656.460	801.6258	-4.6667	1638.6667	
84	662.457	425.6640	-19.0000	1250.6667	
85	668.448	444.2748	157.0000	1407.3334	
86	674.432	311.8855	-277.0000	803.0000	
87	680.410	252.8295	222.6667	1205.6667	
88	686.381	244.4398	-195.3333	741.3333	
89	692.346	276.5276	345.6667	1305.0000	
90	698.305	345.6153	-135.3333	883.6666	
91	704.257	269.6693	12.3333	955.3334	
92	710.202	203.1606	-197.0000	675.3333	
93	716.142	66.1758	40.0000	831.3334	
94	722.074	42.0243	-154.0000	595.3333	
95	728.000	42.5396	104.3333	984.0000	
96	733.920	98.5545	-208.3333	783.3334	
97	739.833	139.9029	216.6667	1305.6666	
98	745.739	308.0891	-50.6667	1252.6666	
99	751.639	784.4365	416.6667	2256.3333	
100	757.533	1616.4512	-342.0000	2389.6667	
101	763.419	1631.3428	208.6667	2987.6667	
102	769.300	665.2346	-331.3333	1514.0000	
103	775.173	558.4598	111.0000	1882.0000	
104	781.040	928.0186	-215.0000	1958.0000	
105	786.901	1072.3469	219.3333	2555.0000	
106	792.755	860.0089	47.3333	2189.0000	
107	798.602	852.0037	251.6667	2403.6667	
108	804.442	740.6653	-226.6667	1832.3335	
109	810.276	386.3366	320.0000	2013.0000	
110	816.103	130.6745	-117.3333	1212.0000	
111	821.924	51.6793	272.0000	1625.6667	
112	827.738	68.1629	-187.0000	1139.6666	
113	833.545	129.1512	253.6667	1584.0000	
114	839.345	147.4726	-137.6667	1184.3333	
115	845.139	276.1690	210.0000	1715.6667	
116	850.926	303.1574	-10.3333	1504.0000	
117	856.706	242.1530	207.0000	1659.6665	
118	862.479	167.8158	120.0000	1497.6666	
119	868.246	279.4553	204.3333	1680.3333	
120	874.006	315.0046	-116.3333	1391.6667	
121	879.759	435.9293	368.0000	1985.6666	
122	885.505	346.8542	-25.0000	1492.3334	
123	891.245	442.4455	206.0000	1807.6665	
124	896.978	272.3709	1.3333	1421.6667	
125	902.703	130.1221	173.0000	1453.3333	
126	908.422	64.8735	-186.6667	1030.6666	
127	914.135	215.6249	266.6667	1637.0000	
128	919.840	367.7097	-322.0000	1202.6666	
129	925.538	269.1278	276.6667	1705.0000	
130	931.230	237.2126	-174.0000	1224.6667	
131	936.914	157.9639	449.3333	1771.0000	
132	942.592	212.1318	-73.3333	1241.6666	
133	948.263	302.8075	217.0000	1694.0000	
134	953.927	427.5894	-129.3333	1478.6667	
135	959.584	439.7045	153.0000	1779.3335	
136	965.234	237.1524	-96.0000	1334.0000	
137	970.877	126.7224	151.6667	1474.0000	
138	976.513	152.2924	-321.0000	996.0000	
139	982.142	224.5289	101.0000	1526.6667	
140	987.764	200.4443	-4.6667	1333.0000	
141	993.379	236.4763	-26.6667	1391.3334	
142	998.987	257.0709	-203.3333	1225.0000	
143	1004.588	299.3322	205.6667	1666.0000	
144	1010.182	282.9266	-398.6667	1035.0000	
145	1015.769	301.1882	96.0000	1537.6667	
146	1021.349	162.1158	6.3333	1298.6666	
147	1026.922	189.1272	187.3333	1476.6667	
148	1032.487	199.3884	-133.0000	1234.6666	
149	1038.046	189.3410	121.3333	1408.3334	
150	1043.597	141.0433	-193.6667	1033.0000	
151	1049.142	192.0794	26.0000	1291.6667	
152	1054.679	298.9483	-360.0000	1034.6666	
153	1060.209	304.5062	132.6667	1509.3334	
154	1065.732	344.9833	-138.3333	1266.6666	
155	1071.248	371.5296	136.6667	1565.6667	
156	1076.757	449.4087	-177.3333	1327.0000	
157	1082.258	399.0148	150.6667	1607.0000	
158	1087.753	190.2878	-222.3333	1027.6667	
159	1093.240	109.5606	151.0000	1322.6666	
160	1098.720	227.8334	-50.6667	1241.6666	
161	1104.192	351.1905	131.0000	1540.0000	
162	1109.658	264.5000	-258.3333	1071.6666	
163	1115.116	213.8096	314.6667	1601.6667	
164	1120.567	152.7858	-231.6667	1002.0000	
165	1126.010	169.4969	189.0000	1401.0000	
166	1131.447	208.8750	-325.3333	985.3333	
167	1136.876	205.7531	276.3333	1594.3335	
168	1142.298	203.6308	-379.3333	947.0000	
169	1147.712	285.5574	194.0000	1620.6665	
170	1153.120	412.1509	-255.6667	1316.0000	
171	1158.519	471.7444	213.6667	1863.3335	
172	1163.912	289.3376	-262.0000	1223.6666	
173	1169.297	307.6186	267.6667	1776.6667	
174	1174.675	213.2327	-144.0000	1275.6666	
175	1180.045	179.1437	301.3333	1702.6666	
176	1185.408	147.9651	-129.6667	1238.3333	
177	1190.764	162.1201	151.3333	1531.3334	
178	1196.112	205.6085	-22.3333	1399.0000	
179	1201.453	426.0967	173.0000	1812.6666	
180	1206.786	599.2516	-336.0000	1474.6666	
181	1212.112	555.4102	264.3333	2034.0000	
182	1217.431	536.9805	-76.0000	1668.3335	
183	1222.742	603.1602	241.0000	2066.6667	
184	1228.045	610.3397	-227.0000	1621.0000	
185	1233.341	409.7628	233.0000	1902.3333	
186	1238.630	216.5193	-11.3333	1486.6667	
187	1243.911	148.2753	254.6667	1706.3333	
188	1249.185	162.0323	-70.3333	1417.0000	
189	1254.451	223.3275	453.3333	2052.3333	
190	1259.709	96.9563	50.3333	1573.3334	
191	1264.960	220.9182	404.3333	2101.6667	
192	1270.203	311.5465	114.0000	1952.3333	
193	1275.439	367.1752	463.6666	2408.0000	
194	1280.668	276.8033	-78.6667	1825.6665	
195	1285.888	447.0990	455.6667	2580.6667	
196	1291.101	774.8112	-136.3333	2380.6667	
197	1296.307	908.2707	395.0000	3052.0000	
198	1301.505	686.3965	60.6667	2502.3335	
199	1306.695	599.8555	509.6667	2871.3333	
200	1311.877	528.9818	209.6667	2507.0000	
201	1317.052	177.5162	243.3333	2175.6667	
202	1322.219	66.7173	179.6667	1987.6667	
203	1327.379	321.9215	408.3333	2443.3333	
204	1332.531	412.3583	113.3333	2226.3335	
205	1337.675	270.1202	539.6667	2507.3333	
206	1342.811	181.2159	-109.0000	1766.6667	
207	1347.940	106.9778	479.6667	2278.0000	
208	1353.061	84.7402	-37.0000	1736.0000	
209	1358.174	203.1689	653.3334	2541.6665	
210	1363.280	456.2645	102.3333	2240.6665	
211	1368.377	872.0269	476.3333	3027.3335	
212	1373.467	1170.1221	85.0000	2931.0000	
213	1378.550	1392.9749	449.3333	3537.0000	
214	1383.624	1145.4939	109.3333	2968.3333	
215	1388.690	460.0135	700.0000	2892.3335	
216	1393.749	47.5331	-2.3333	1796.3333	
217	1398.800	0.0000	493.0000	2249.3333	
218	1403.843	45.0498	145.3333	1931.0000	
219	1408.878	272.4324	806.0000	2803.3333	
220	1413.906	701.8162	146.0000	2557.0000	
221	1418.925	1161.3677	496.6667	3346.6665	
222	1423.937	1543.5874	169.0000	3380.6670	
223	1428.940	2384.8052	518.3333	4550.6665	
224	1433.936	3919.1567	230.3333	5759.6665	
225	1438.924	4658.6323	507.3333	6737.6670	
226	1443.904	4791.4395	175.6667	6500.3330	
227	1448.876	4843.5830	669.0000	7007.3340	
228	1453.840	4540.3896	22.0000	6018.6665	
229	1458.796	3889.6108	614.6667	5876.0000	
230	1463.744	2921.4976	100.6667	4309.3335	
231	1468.685	2226.7178	584.3333	4013.6665	
232	1473.617	1426.6045	61.6667	2606.3333	
233	1478.541	805.2384	463.0000	2312.6667	
234	1483.457	408.2054	-26.3333	1352.6666	
235	1488.365	212.1732	511.3333	1620.6667	
236	1493.265	165.1396	-90.3333	898.3333	
237	1498.157	147.4873	599.3334	1521.6666	
238	1503.041	154.2879	-22.0000	866.3334	
239	1507.917	114.8040	488.0000	1305.0000	
240	1512.785	64.6535	18.3333	753.3333	
241	1517.645	50.8359	510.3333	1199.6666	
242	1522.496	93.6854	115.3333	815.6666	
243	1527.340	141.2011	754.0000	1470.0000	
244	1532.175	187.0506	144.3333	874.3334	
245	1537.002	179.1867	717.6667	1463.0000	
246	1541.822	128.2659	86.3333	836.3333	
247	1546.633	185.6800	681.3333	1544.3333	
248	1551.435	291.4275	76.0000	1100.3334	
249	1556.230	569.7377	678.6667	2069.6665	
250	1561.016	1354.3813	149.3333	2413.3333	
251	1565.795	1872.3579	584.0000	3454.3335	
252	1570.565	1153.0015	292.3333	2531.6667	
253	1575.327	468.9247	550.3334	2168.3333	
254	1580.080	228.5162	164.0000	1604.3333	
255	1584.825	294.7733	612.0000	2181.3333	
256	1589.562	262.6975	-11.6667	1588.3333	
257	1594.291	165.6219	574.0000	2139.6667	
258	1599.012	159.8790	41.0000	1663.6667	
259	1603.724	227.9617	428.3333	2201.3333	
260	1608.428	407.0427	236.0000	2234.3333	
261	1613.124	618.5202	567.3334	2807.0000	
262	1617.811	722.3314	494.0000	2867.3335	
263	1622.490	892.8089	586.3333	3160.0000	
264	1627.161	1611.9526	153.3333	3476.0000	
265	1631.823	2658.6599	487.0000	4856.6665	
266	1636.477	3482.6265	-24.6667	5148.0000	
267	1641.123	3680.1604	769.6667	6118.0000	
268	1645.760	3682.6943	29.0000	5358.0000	
269	1650.389	3071.4927	519.0000	5157.3335	
270	1655.009	2263.9561	153.0000	3904.3333	
271	1659.621	1986.4209	603.0000	3997.3335	
272	1664.225	2116.2188	79.0000	3523.6670	
273	1668.820	2508.0166	717.3333	4474.3335	
274	1673.406	2681.4805	-5.3333	3845.6665	
275	1677.985	2651.9443	266.3333	4008.3335	
276	1682.554	1587.7422	250.3333	2848.6667	
277	1687.116	619.7184	502.3333	2047.0000	
278	1691.668	202.0294	96.3333	1137.6666	
279	1696.213	133.0059	535.6667	1422.3334	
280	1700.749	77.5095	34.6667	794.0000	
281	1705.276	89.6475	601.3333	1285.0000	
282	1709.794	131.4507	-16.0000	621.6666	
283	1714.305	168.5872	476.6667	1063.6666	
284	1718.806	215.0589	-52.6667	493.0000	
285	1723.299	195.2229	718.6666	1218.6667	
286	1727.784	202.0540	-19.0000	489.0000	
287	1732.260	202.9285	510.0000	956.6666	
288	1736.727	232.4277	-0.3333	469.6667	
289	1741.186	266.2595	481.6666	979.3334	
290	1745.636	221.4244	-40.0000	406.6667	
291	1750.077	222.7564	514.0000	952.6667	
292	1754.510	228.9214	-65.0000	383.6667	
293	1758.934	237.2750	554.3333	1011.3334	
294	1763.349	242.9620	-169.3333	242.6667	
295	1767.756	247.8990	438.3333	854.0000	
296	1772.154	262.6066	-191.6667	212.3333	
297	1776.544	265.0455	393.6667	803.0000	
298	1780.924	268.2135	-280.6667	150.3333	
299	1785.296	252.8189	514.0000	905.0000	
300	1789.659	194.2580	-258.3333	71.6667	
301	1794.014	183.1047	472.6667	800.3333	
302	1798.360	192.8895	-17.6667	305.0000	
303	1802.697	219.0075	548.6667	906.3334	
304	1807.025	227.6254	111.0000	474.3333	
305	1811.344	219.5768	213.0000	565.3333	
306	1815.655	200.5281	-20.0000	310.3333	
307	1819.957	213.4795	550.3334	890.6666	
308	1824.250	227.4948	-120.6667	219.6667	
309	1828.534	244.7631	572.6667	947.6667	
310	1832.809	236.4482	-139.6667	211.3333	
311	1837.076	235.1331	418.0000	773.0000	
312	1841.333	236.1516	91.6667	389.6667	
313	1845.582	235.7663	108.6667	469.3334	
314	1849.822	234.9225	-7.0000	339.0000	
315	1854.053	227.0789	329.0000	661.0000	
316	1858.275	219.6105	-168.0000	121.6667	
317	1862.488	221.9175	218.6667	590.0000	
318	1866.692	224.3079	-121.0000	185.6667	
319	1870.888	233.5316	336.6667	668.3333	
320	1875.074	249.2552	-416.3333	-71.3333	
321	1879.251	249.9789	276.0000	619.3333	
322	1883.420	216.4496	-240.3333	63.0000	
323	1887.579	221.0089	226.3333	541.6667	
324	1891.730	220.0680	-272.3333	41.0000	
325	1895.871	210.9740	409.3333	712.0000	
326	1900.004	214.3800	-229.0000	83.0000	
327	1904.127	219.0361	300.6667	570.3334	
328	1908.241	219.3587	-364.0000	-56.3333	
329	1912.347	231.0803	227.6667	529.6667	
330	1916.443	219.5521	-241.0000	34.6667	
331	1920.530	229.3156	243.6667	526.6667	
332	1924.609	249.4123	-309.3333	-8.6667	
333	1928.678	230.4139	413.3333	695.0000	
334	1932.738	219.4157	-225.6667	49.3333	
335	1936.788	222.3341	383.3333	667.6666	
336	1940.830	224.0025	-219.6667	22.0000	
337	1944.863	227.4210	99.0000	392.3333	
338	1948.886	229.5894	-176.3333	105.3333	
339	1952.901	226.5078	274.0000	572.0000	
340	1956.906	221.2388	-203.0000	47.3333	
341	1960.902	230.3575	187.0000	468.0000	
342	1964.888	238.4552	-95.3333	210.0000	
343	1968.866	224.4983	156.0000	428.6667	
344	1972.834	226.5496	-369.6667	-74.6667	
345	1976.793	229.3577	191.3333	459.3334	
346	1980.743	230.7282	-272.3333	28.0000	
347	1984.684	231.2654	-1.6667	285.0000	
348	1988.616	225.8868	-316.6667	-68.3333	
349	1992.538	228.6950	358.3333	663.6666	
350	1996.451	242.1845	-372.3333	-93.0000	
351	2000.354	211.8207	334.0000	561.0000	
352	2004.249	210.7903	-384.6667	-131.6667	
353	2008.134	218.6765	315.6667	542.6667	
354	2012.009	221.0628	-365.3333	-99.6667	
355	2015.876	223.7824	272.3333	521.3333	
356	2019.733	227.1678	-425.3333	-194.0000	
357	2023.580	234.9001	304.0000	586.0000	
358	2027.419	239.6323	-337.3333	-99.6667	
359	2031.248	241.2812	336.6667	610.0000	
360	2035.067	227.4299	-378.6667	-135.0000	
361	2038.878	231.7296	270.3333	505.6667	
362	2042.678	245.6128	-445.0000	-184.0000	
363	2046.470	235.2043	199.0000	466.3333	
364	2050.252	212.0695	-398.6667	-174.0000	
365	2054.024	212.4464	200.3333	448.0000	
366	2057.787	218.7398	-322.6667	-110.3333	
367	2061.541	221.0332	205.6667	475.3334	
368	2065.285	222.6600	-352.3333	-101.6667	
369	2069.020	225.0159	188.6667	446.3333	
370	2072.745	225.7053	-284.6667	-65.0000	
371	2076.461	238.5269	335.3333	615.6666	
372	2080.167	237.1660	-330.6667	-80.6667	
373	2083.864	232.0297	280.6667	548.6667	
374	2087.551	231.7268	-189.3333	24.3333	
375	2091.228	232.1740	44.6667	302.6667	
376	2094.896	229.4129	-303.0000	-56.0000	
377	2098.555	220.1047	277.0000	499.3333	
378	2102.204	214.0883	-209.6667	35.6667	
379	2105.843	207.2385	237.6667	457.0000	
380	2109.473	208.8889	-398.3333	-178.0000	
381	2113.093	221.5891	-672.6666	-441.0000	
382	2116.703	246.4561	-156.0000	109.3333	
383	2120.304	248.5731	224.0000	455.3333	
384	2123.895	249.9400	-584.3333	-292.0000	
385	2127.477	218.8028	118.0000	352.6667	
386	2131.049	223.8753	-412.6667	-184.3333	
387	2134.611	225.7812	93.6667	351.0000	
388	2138.163	226.9368	-367.3333	-133.3333	
389	2141.706	223.7632	309.3333	547.0000	
390	2145.239	224.7354	-431.0000	-174.3333	
391	2148.763	215.8533	277.3333	502.6666	
392	2152.276	225.6414	-558.0000	-349.0000	
393	2155.780	226.4681	97.6667	333.3333	
394	2159.275	226.0448	-248.3333	-26.6667	
395	2162.759	214.5382	390.0000	599.3333	
396	2166.234	228.3649	-248.0000	-25.6667	
397	2169.698	233.4233	159.3333	386.6667	
398	2173.154	231.8568	-417.3333	-178.0000	
399	2176.599	231.4985	182.3333	403.6667	
400	2180.034	231.9111	-138.3333	59.0000	
401	2183.460	230.9695	446.0000	730.3333	
402	2186.876	230.0696	-312.0000	-108.6667	
403	2190.282	223.7738	-1.3333	216.3333	
404	2193.678	229.2490	-350.6667	-140.0000	
405	2197.064	246.2769	256.0000	493.6667	
406	2200.440	224.3622	-374.0000	-149.0000	
407	2203.807	225.3267	248.0000	466.6666	
408	2207.164	228.1243	-330.6667	-88.3333	
409	2210.510	229.1548	347.3333	555.3334	
410	2213.847	230.1852	-392.6667	-166.3333	
411	2217.174	226.0489	332.3333	551.0000	
412	2220.491	213.3299	-303.6667	-118.6667	
413	2223.798	222.2832	374.3333	583.0000	
414	2227.094	222.2204	-571.3333	-364.0000	
415	2230.381	220.7410	229.3333	427.3334	
416	2233.658	229.2615	-589.3333	-370.0000	
417	2236.925	234.4488	230.6667	457.6667	
418	2240.182	237.3026	-495.6667	-263.3333	
419	2243.429	244.9898	15.3333	287.3333	
420	2246.666	242.5099	-359.3333	-130.0000	
421	2249.893	236.8898	281.3333	517.6667	
422	2253.110	224.9362	-422.6667	-186.0000	
423	2256.317	216.9827	283.0000	485.6666	
424	2259.513	209.7793	-324.0000	-104.3333	
425	2262.700	211.3629	237.0000	439.3333	
426	2265.876	218.2381	-103.0000	102.6667	
427	2269.043	226.2794	364.3333	620.6667	
428	2272.199	233.9591	-308.0000	-80.3333	
429	2275.345	233.7558	218.6667	451.6667	
430	2278.481	228.8025	-311.3333	-78.6667	
431	2281.607	227.9326	347.0000	579.0000	
432	2284.723	202.0626	-371.3333	-165.0000	
433	2287.828	213.8594	225.0000	443.3333	
434	2290.924	223.4395	-380.6667	-106.3333	
435	2294.009	210.3640	232.6667	435.3334	
436	2297.083	225.9135	-563.6666	-346.3333	
437	2300.148	255.7175	284.3333	550.0000	
438	2303.203	256.7712	-407.3333	-180.0000	
439	2306.247	257.0750	-4.6667	272.3333	
440	2309.281	230.1290	-540.0000	-319.6667	
441	2312.305	221.6017	389.6667	599.0000	
442	2315.318	224.1578	-282.3333	-65.3333	
443	2318.322	227.0472	170.0000	370.0000	
444	2321.314	225.7492	-473.0000	-243.0000	
445	2324.297	222.7601	399.3333	619.6667	
446	2327.269	220.6669	-462.3334	-236.3333	
447	2330.231	214.9695	248.6667	418.6666	
448	2333.183	220.7062	-376.3333	-158.0000	
449	2336.124	251.5434	-15.3333	233.3333	
450	2339.055	235.3807	-324.0000	-92.0000	
451	2341.976	223.2179	455.3334	674.6666	
452	2344.886	223.3884	-549.6666	-330.6667	
453	2347.786	225.8036	367.3333	588.3333	
454	2350.675	222.7812	-413.0000	-167.0000	
455	2353.554	223.8800	192.6667	399.6667	
456	2356.423	209.7461	-421.0000	-228.0000	
457	2359.281	214.9506	284.3333	469.6667	
458	2362.128	224.4884	-274.3333	-69.0000	
459	2364.966	224.6928	197.0000	410.3333	
460	2367.792	227.0011	-214.0000	-32.0000	
461	2370.609	231.4852	125.0000	341.6667	
462	2373.415	237.7401	-237.3333	-35.3333	
463	2376.210	237.0784	274.0000	507.6666	
464	2378.995	237.4167	-393.0000	-191.3333	
465	2381.769	235.0049	112.0000	320.6667	
466	2384.533	230.8431	-288.3333	-90.3333	
467	2387.286	229.6813	274.3333	493.0000	
468	2390.029	230.6865	-538.6666	-359.0000	
469	2392.760	221.4229	220.6667	419.3333	
470	2395.482	222.3755	-346.3333	-149.6667	
471	2398.193	208.9115	362.6667	515.3334	
472	2400.893	213.6974	-618.3333	-416.3333	
473	2403.583	227.3533	274.6667	445.3333	
474	2406.262	230.0926	-410.3333	-205.3333	
475	2408.931	230.3111	348.3333	544.6667	
476	2411.589	234.1013	-335.0000	-170.0000	
477	2414.236	234.6949	336.0000	523.0000	
478	2416.872	228.7053	-417.0000	-243.0000	
479	2419.498	211.9656	128.3333	285.0000	
480	2422.113	223.2260	-373.0000	-205.6667	
481	2424.718	248.8196	238.0000	430.3333	
482	2427.312	258.4134	-442.0000	-240.6667	
483	2429.895	233.3404	222.6667	398.3333	
484	2432.467	201.0169	1068.0000	1135.6667	
485	2435.029	209.4725	261.6667	439.3333	
486	2437.580	236.4280	-644.6667	-494.6667	
487	2440.120	239.7169	93.0000	289.3333	
488	2442.649	233.7559	-418.3333	-256.0000	
489	2445.167	225.1558	67.6667	218.0000	
490	2447.675	215.5145	-482.0000	-342.0000	
491	2450.172	218.5278	418.0000	567.6666	
492	2452.658	221.1658	-354.3333	-216.6667	
493	2455.134	226.1305	285.0000	464.3333	
494	2457.598	232.2202	-523.6667	-400.0000	
495	2460.052	234.2266	274.0000	440.6667	
496	2462.495	234.3163	-302.6667	-148.6667	
497	2464.927	211.6561	453.6667	583.0000	
498	2467.348	216.7457	-356.3333	-271.3333	
499	2469.758	222.9188	446.3333	618.0000	
500	2472.157	234.7590	-330.3333	-186.6667	
501	2474.546	233.6606	23.3333	169.3333	
502	2476.923	230.8123	-411.6667	-287.3333	
503	2479.290	232.2973	247.6667	409.0000	
504	2481.645	220.6156	-337.0000	-210.6667	
505	2483.990	213.7673	225.3333	336.6667	
506	2486.323	225.1690	-351.0000	-223.6667	
507	2488.646	231.5706	275.6667	382.6667	
508	2490.958	266.2223	-622.0000	-456.0000	
509	2493.258	232.7073	292.3333	423.3333	
510	2495.548	213.5256	-219.3333	-109.0000	
511	2497.827	208.0106	-28.6667	74.6667	
