resultName	chilca6-118
resultName	chilca6-118
ID	RS20200904141148_P19331194
Command	SCANANDSEARCH
User	Admin
Application	_Analyze
SerialNumber	P19331194
Power	280
Integration	900
Averages	3
AutoExposure	Off
AutoCollect	Off
QuickCollect	Off
AutoBackground	On
BaselineCorrection	On
Algorithm	Wavelet
Searched Library	All,None,None,None
MixtureComponents	2
matchThreshold	0.0
displayMatches	1
Threshold	0.80
WL Start	
WL End	
ServerVersion	3.180316
FirmwareVersion	
date	2020-09-04
time	14:11:48
scanindex	0
specpath	RS20200904141148_P19331194.xml
Search Range	200 - 2500
Synced	false
lastCalDateTime	2020-08-20 09:29:50
lastCalUser	Admin
lastCalResult	PASS
lastVerifyDateTime	2020-09-04 13:30:42
lastVerifyUser	Admin
lastVerifyResult	PASS
selectedMaterial	
result	No Match
ValidationGUID	
ValidationMatchQuality	
topMatch	
topMatchGUID	
topMatchQuality	
secondMatch	
secondMatchGUID	
secondMatchQuality	
thirdMatch	
thirdMatchGUID	
thirdMatchQuality	
fourthMatch	
fourthMatchGUID	
fourthMatchQuality	
fifthMatch	
fifthMatchGUID	
fifthMatchQuality	
signedBy	
signedDateTime	
softwareVer	1.7.0.21
memo	
batchID	
inBatch	false
batchUID	
batchCID1	
batchCIDlbl1	
batchCID2	
batchCIDlbl2	
batchCID3	
batchCIDlbl3	
batchCID4	
batchCIDlbl4	
batchCID5	
batchCIDlbl5	
signedTitle	
signedReason	
rescanned	
barcode	
topMatchContribs	
secondMatchContribs	
thirdMatchContribs	
fourthMatchContribs	
fifthMatchContribs	
ValidationMatchContribs	
Threat	
PrecursorList	
CompundName	
WindowStart4C	
MatchLibrary	
lastModified	2020/09/04 14:17
Signal2Noise	51.67
Detector TEC SetPoint	0x8000
Detector Temp	4.96
Laser Temp	23.68
OE1 Temp	32.69
OE2 Temp	36.75
Detector Gain	200
SaturationDetected	false
InterpolatedPixelList	
PeakList	 304.3	683	328.6	605	435.5	593	489.2	501	563.8	651	657.3	893	666.1	854	759.4	1894	797.5	797	846.4	509	1158.1	505	1226.9	544	1293.2	709	1308.9	599	1377.4	1409	1440.1	4947	1564.9	1396	1645.3	3865	1676.1	2783
index	Raman Shift (cm-1)	Y value (counts)	background (counts)	raw value (counts)
0	137.471	281.1199	1567.0000	4362.6665	
1	143.961	272.5444	1669.6665	4359.0000	
2	150.446	213.9689	1782.6666	4315.6670	
3	156.925	146.0591	1993.6667	4361.0000	
4	163.399	203.4834	1521.3334	3848.3335	
5	169.867	185.2406	2073.3333	4284.3330	
6	176.330	176.3316	1805.0000	3909.3333	
7	182.787	212.0891	1942.0000	3984.3333	
8	189.239	185.5130	1575.6667	3493.6665	
9	195.685	190.6042	1989.0000	3814.3335	
10	202.125	220.6949	1851.3333	3609.0000	
11	208.560	226.4522	2299.0000	3964.6665	
12	214.989	204.8766	1724.3335	3270.6670	
13	221.413	172.8547	2149.0000	3623.3333	
14	227.831	98.2111	2002.6667	3354.0000	
15	234.243	87.5883	2340.3333	3686.6665	
16	240.650	130.2990	1715.0000	3109.6667	
17	247.051	130.0089	2011.3335	3411.3330	
18	253.446	228.3866	1739.6665	3243.6665	
19	259.836	237.0974	2030.0000	3548.3335	
20	266.220	291.8080	1352.6666	2931.3335	
21	272.598	133.3356	2135.3333	3572.3335	
22	278.971	66.1963	1920.3333	3307.0000	
23	285.338	226.3905	1822.3333	3386.0000	
24	291.699	436.9180	1471.0000	3262.0000	
25	298.054	621.0510	1676.6665	3681.6665	
26	304.404	683.1841	1294.0000	3391.0000	
27	310.748	617.6502	2026.0000	4087.3330	
28	317.086	425.1609	1539.0000	3449.3333	
29	323.418	471.7042	1580.3334	3506.0000	
30	329.744	604.9145	1147.0000	3174.6670	
31	336.065	376.1239	1897.0000	3664.6665	
32	342.380	271.6673	1499.0000	3131.0000	
33	348.689	207.5440	1771.3333	3308.0000	
34	354.992	212.4203	1125.3334	2635.6665	
35	361.289	254.8934	1666.0000	3176.3335	
36	367.581	276.7723	1217.0000	2718.0000	
37	373.866	160.9933	1147.0000	2515.6667	
38	380.146	39.5476	1309.6666	2540.3333	
39	386.420	75.7687	1485.6666	2736.0000	
40	392.688	207.6565	945.3334	2311.0000	
41	398.949	299.3249	1350.6666	2792.6667	
42	405.205	61.6596	1165.6667	2354.6667	
43	411.456	93.9943	713.6667	1919.6665	
44	417.700	139.6626	574.6667	1811.0000	
45	423.938	377.8234	1130.0000	2611.0000	
46	430.170	569.3174	353.3333	2032.3333	
47	436.396	592.8114	542.3333	2251.3333	
48	442.616	480.9720	255.3333	1859.0000	
49	448.830	256.2823	800.6666	2196.6665	
50	455.039	203.3474	266.3333	1627.0000	
51	461.241	175.7458	333.0000	1683.6667	
52	467.437	178.1440	319.6667	1690.3334	
53	473.627	125.7701	505.0000	1829.3334	
54	479.811	218.7295	199.6667	1623.0000	
55	485.989	501.0222	45.0000	1756.6666	
56	492.160	464.8167	32.0000	1700.6667	
57	498.326	461.1279	418.6667	2059.0000	
58	504.486	334.7729	142.3333	1631.6667	
59	510.639	203.0843	273.3333	1606.3333	
60	516.787	246.3122	-7.0000	1277.6666	
61	522.928	363.6185	413.3333	1850.0000	
62	529.063	311.1747	-93.6667	1258.3334	
63	535.192	65.7307	2510.6667	3585.0000	
64	541.315	61.6204	2300.0000	3338.0000	
65	547.431	182.5101	816.0000	1942.6667	
66	553.542	296.7329	586.0000	1794.6667	
67	559.646	604.6223	931.6667	2416.0000	
68	565.744	650.5120	287.0000	1785.0000	
69	571.835	264.1339	626.0000	1713.6667	
70	577.921	156.8846	-61.0000	904.6666	
71	584.000	180.0243	216.3333	1193.6666	
72	590.073	238.1639	-82.6667	941.3333	
73	596.140	186.2966	387.0000	1358.3334	
74	602.200	174.7624	293.6667	1252.6666	
75	608.255	67.5616	487.6667	1338.6666	
76	614.302	159.0273	308.0000	1249.6666	
77	620.344	234.0822	705.0000	1769.3333	
78	626.379	228.5604	363.3333	1373.0000	
79	632.408	263.3720	576.6667	1635.6667	
80	638.431	414.8503	334.3333	1550.3334	
81	644.447	599.3284	872.0000	2278.0000	
82	650.457	731.1401	270.6667	1814.0000	
83	656.460	892.9518	210.3333	1921.0000	
84	662.457	755.7633	128.0000	1707.0000	
85	668.448	854.4175	335.0000	1978.6666	
86	674.432	460.4050	-169.0000	1046.6666	
87	680.410	392.7259	337.6667	1451.6666	
88	686.381	296.3798	228.6667	1212.3334	
89	692.346	266.1322	708.6666	1620.3335	
90	698.305	271.1344	87.3333	1092.3333	
91	704.257	211.4223	351.6667	1245.0000	
92	710.202	185.7948	141.6667	993.3334	
93	716.142	118.4189	354.6667	1243.3333	
94	722.074	35.2927	154.0000	976.0000	
95	728.000	0.0000	488.0000	1329.0000	
96	733.920	152.7070	133.3333	1181.3334	
97	739.833	151.7475	658.0000	1759.3335	
98	745.739	281.9758	386.3333	1662.6667	
99	751.639	871.0192	1051.3334	2974.6667	
100	757.533	1894.3961	167.0000	3171.6670	
101	763.419	1758.8518	868.0000	3764.0000	
102	769.300	719.6413	279.3333	2163.0000	
103	775.173	394.7640	740.0000	2325.6667	
104	781.040	575.2206	361.0000	2154.0000	
105	786.901	629.6970	965.0000	2824.6667	
106	792.755	610.1736	745.0000	2597.3335	
107	798.602	797.3164	1228.0000	3279.6665	
108	804.442	742.1262	611.3333	2620.0000	
109	810.276	282.0540	1208.0000	2748.3335	
110	816.103	69.6478	576.0000	1895.6665	
111	821.924	66.9088	1034.3334	2343.0000	
112	827.738	84.0440	579.3333	1908.0000	
113	833.545	116.9847	1135.6666	2411.0000	
114	839.345	260.9255	744.0000	2221.3333	
115	845.139	509.3665	1194.0000	2905.6665	
116	850.926	395.8076	871.6666	2455.6665	
117	856.706	211.2207	1188.6666	2588.3335	
118	862.479	103.6332	1162.6667	2455.0000	
119	868.246	168.8688	1203.3333	2550.6667	
120	874.006	291.9711	728.3333	2202.3333	
121	879.759	358.4839	1111.0000	2648.0000	
122	885.505	343.9966	849.3333	2368.3333	
123	891.245	335.8427	1263.6666	2771.0000	
124	896.978	146.0219	1114.3334	2428.3333	
125	902.703	134.0293	1028.0000	2332.6665	
126	908.422	200.7035	663.0000	2037.0000	
127	914.135	251.3776	1303.6666	2731.0000	
128	919.840	408.3850	527.3333	2114.3333	
129	925.538	249.3925	1282.0000	2712.6667	
130	931.230	214.3998	577.3333	1975.6665	
131	936.914	179.7404	1097.6667	2464.0000	
132	942.592	227.4148	715.6666	2132.3335	
133	948.263	228.2062	1123.6666	2549.3333	
134	953.927	386.6284	575.6667	2156.0000	
135	959.584	341.7172	993.6667	2525.3333	
136	965.234	84.8058	867.0000	2138.0000	
137	970.877	172.9019	1021.3334	2373.0000	
138	976.513	285.6644	295.6667	1752.6665	
139	982.142	261.0940	767.0000	2192.0000	
140	987.764	163.2377	803.0000	2112.0000	
141	993.379	218.3928	861.0000	2225.0000	
142	998.987	239.5479	575.0000	1960.0000	
143	1004.588	161.3697	1125.0000	2431.6665	
144	1010.182	287.1915	523.6667	1956.0000	
145	1015.769	293.3469	965.6666	2404.0000	
146	1021.349	181.8354	862.0000	2188.6667	
147	1026.922	201.6572	1031.3334	2377.6667	
148	1032.487	234.1455	682.0000	2060.6667	
149	1038.046	189.1348	976.3334	2302.0000	
150	1043.597	163.4576	675.6667	1967.6667	
151	1049.142	175.4054	979.6667	2208.6665	
152	1054.679	212.4371	307.6667	1632.6667	
153	1060.209	197.7417	992.0000	2264.3333	
154	1065.732	213.8295	733.0000	2055.6665	
155	1071.248	327.0684	978.0000	2404.6667	
156	1076.757	436.3072	748.6667	2275.3335	
157	1082.258	406.5724	1100.6666	2589.0000	
158	1087.753	277.5044	391.6667	1742.3335	
159	1093.240	119.7695	1030.0000	2214.3333	
160	1098.720	201.0349	901.0000	2158.0000	
161	1104.192	304.4612	1209.3333	2552.6667	
162	1109.658	218.1130	746.6666	2007.3333	
163	1115.116	178.1817	1389.0000	2655.3333	
164	1120.567	119.7502	759.6666	1921.3335	
165	1126.010	139.3451	1196.3334	2384.0000	
166	1131.447	163.6071	755.3333	1973.6667	
167	1136.876	181.5353	1377.0000	2619.6665	
168	1142.298	254.7966	527.0000	1849.3333	
169	1147.712	334.4541	1208.6666	2628.0000	
170	1153.120	405.7782	909.3334	2417.3335	
171	1158.519	505.4358	1274.6666	2899.6667	
172	1163.912	389.0930	773.0000	2299.0000	
173	1169.297	270.0264	1542.3333	2956.3335	
174	1174.675	190.5430	1078.0000	2365.6667	
175	1180.045	176.9520	1558.0000	2904.0000	
176	1185.408	148.4879	1126.3334	2445.0000	
177	1190.764	105.3573	1468.0000	2744.6667	
178	1196.112	127.8930	1216.0000	2516.3333	
179	1201.453	287.4291	1504.0000	2965.0000	
180	1206.786	353.9649	1021.0000	2549.6665	
181	1212.112	379.9086	1590.6667	3151.3335	
182	1217.431	451.2080	1198.0000	2825.3335	
183	1222.742	454.8099	1572.0000	3213.3335	
184	1228.045	544.0766	1135.3334	2876.3333	
185	1233.341	399.6427	1687.6666	3298.6665	
186	1238.630	247.2088	1430.0000	2903.0000	
187	1243.911	163.4416	1674.6667	3078.3335	
188	1249.185	161.6744	1282.3333	2698.6665	
189	1254.451	164.0279	2005.6667	3459.3335	
190	1259.709	102.7148	1544.6667	2972.0000	
191	1264.960	162.7347	1987.0000	3509.3330	
192	1270.203	234.7551	1746.6667	3376.0000	
193	1275.439	300.4423	2116.3333	3846.3335	
194	1280.668	226.4624	1525.3334	3216.3335	
195	1285.888	377.1491	2131.0000	4007.6665	
196	1291.101	708.8303	1527.3334	3783.0000	
197	1296.307	698.5613	2153.3333	4400.0000	
198	1301.505	576.6255	1779.3335	3905.3335	
199	1306.695	594.0228	2332.3333	4477.0000	
200	1311.877	599.0885	1925.0000	4076.0000	
201	1317.052	270.6252	2016.6665	3819.6670	
202	1322.219	125.4946	1949.0000	3587.3335	
203	1327.379	349.7796	2190.3333	4020.6670	
204	1332.531	397.8812	1919.0000	3782.0000	
205	1337.675	256.0109	2412.0000	4131.0000	
206	1342.811	148.1407	1679.0000	3288.0000	
207	1347.940	52.2704	2355.0000	3866.0000	
208	1353.061	155.0672	1746.0000	3357.6670	
209	1358.174	185.1966	2613.3333	4253.0000	
210	1363.280	494.3260	1978.6667	3925.3330	
211	1368.377	960.1224	2410.3335	4820.6665	
212	1373.467	1191.5854	2011.6665	4651.3330	
213	1378.550	1409.2120	2416.0000	5279.0000	
214	1383.624	1058.8387	2043.3333	4561.6665	
215	1388.690	439.4653	2667.6665	4572.3330	
216	1393.749	92.7582	1936.0000	3499.6665	
217	1398.800	34.3483	2453.6667	3956.3335	
218	1403.843	16.1760	2052.0000	3510.0000	
219	1408.878	250.0035	2766.3333	4431.6665	
220	1413.906	664.1636	1999.6667	4052.6665	
221	1418.925	1020.1747	2464.6667	4857.6670	
222	1423.937	1464.8517	2061.0000	4882.6665	
223	1428.940	2594.5293	2461.3333	6396.6670	
224	1433.936	4443.9272	2070.0000	7823.6660	
225	1438.924	4946.8032	2453.0000	8679.3330	
226	1443.904	4921.6792	2051.3335	8222.3330	
227	1448.876	4893.8896	2563.3333	8676.3330	
228	1453.840	4566.7661	1818.3333	7574.0000	
229	1458.796	3928.3896	2524.3335	7564.0000	
230	1463.744	3075.3481	1860.0000	5969.0000	
231	1468.685	2324.9736	2406.6667	5687.6670	
232	1473.617	1559.2643	1778.3333	4216.0000	
233	1478.541	889.0678	2198.6667	3898.0000	
234	1483.457	454.5388	1663.3333	2860.0000	
235	1488.365	221.6757	2255.3333	3151.0000	
236	1493.265	157.1459	1623.3333	2386.3333	
237	1498.157	135.6020	2330.6667	3023.3335	
238	1503.041	93.9964	1705.0000	2314.0000	
239	1507.917	85.9913	2224.3335	2794.3333	
240	1512.785	93.4863	1303.6667	1902.0000	
241	1517.645	96.3985	1954.6667	2451.6665	
242	1522.496	128.8102	1830.6667	2340.0000	
243	1527.340	99.0553	2609.6665	3061.6665	
244	1532.175	157.4674	1980.6666	2406.0000	
245	1537.002	205.6808	2567.3333	3092.6667	
246	1541.822	191.9968	1922.0000	2464.0000	
247	1546.633	180.6464	2590.3333	3151.3335	
248	1551.435	289.9636	2009.6667	2710.3333	
249	1556.230	537.6235	2685.6667	3695.3335	
250	1561.016	1140.6171	2064.0000	3738.0000	
251	1565.795	1395.6100	2576.3335	4566.6665	
252	1570.565	815.2695	2328.0000	3799.3335	
253	1575.327	308.8388	2587.6665	3601.3335	
254	1580.080	147.0742	2072.6665	2973.3335	
255	1584.825	96.6432	2642.3335	3541.3335	
256	1589.562	48.8786	1910.6667	2810.6667	
257	1594.291	16.4474	2482.0000	3398.3335	
258	1599.012	51.0168	1895.0000	2894.6667	
259	1603.724	204.4464	2480.0000	3700.6665	
260	1608.428	548.1679	2227.3333	3823.3335	
261	1613.124	761.2037	2629.0000	4499.0000	
262	1617.811	857.9078	2597.0000	4624.6665	
263	1622.490	1001.6110	2686.3333	4918.6665	
264	1627.161	1526.3134	2162.3333	4980.3330	
265	1631.823	2250.4824	2541.3333	6119.3330	
266	1636.477	2981.8481	1880.0000	6204.6670	
267	1641.123	3410.9585	2820.0000	7586.6670	
268	1645.760	3865.4023	1967.0000	7201.0000	
269	1650.389	3076.8833	2644.6665	7021.6670	
270	1655.009	2372.3623	2050.6667	5654.6670	
271	1659.621	2111.8418	2621.0000	5896.0000	
272	1664.225	2113.6558	2117.0000	5325.3335	
273	1668.820	2467.1357	2764.6667	6258.0000	
274	1673.406	2703.2827	1990.6665	5651.6665	
275	1677.985	2783.0952	2192.0000	5864.3335	
276	1682.554	1730.2408	2127.0000	4678.0000	
277	1687.116	763.6068	2268.3333	3768.0000	
278	1691.668	281.6395	1948.3334	2881.3335	
279	1696.213	106.3395	2640.0000	3313.0000	
280	1700.749	61.0754	1887.3335	2443.0000	
281	1705.276	55.3005	2417.3335	2883.0000	
282	1709.794	81.8591	1675.3333	2083.3333	
283	1714.305	102.0847	2465.6667	2790.6667	
284	1718.806	176.5603	1776.0000	2111.0000	
285	1723.299	192.7454	2477.6665	2785.6667	
286	1727.784	217.3470	1437.0000	1806.0000	
287	1732.260	215.9868	2150.3335	2441.6667	
288	1736.727	196.0590	1799.6667	2067.3335	
289	1741.186	196.4636	2177.0000	2413.0000	
290	1745.636	200.2021	1351.0000	1638.6667	
291	1750.077	201.3569	2240.0000	2506.0000	
292	1754.510	205.0950	1594.6666	1845.3335	
293	1758.934	217.9767	2168.6667	2434.6667	
294	1763.349	259.9414	1079.6666	1379.0000	
295	1767.756	277.5730	1845.0000	2153.3333	
296	1772.154	258.8710	1522.0000	1803.0000	
297	1776.544	228.5457	1811.3333	2066.6665	
298	1780.924	226.5541	950.0000	1208.0000	
299	1785.296	221.8956	1679.6667	1937.6667	
300	1789.659	267.9031	877.3334	1186.0000	
301	1794.014	254.2615	1623.6667	1929.0000	
302	1798.360	164.6292	1395.6666	1604.0000	
303	1802.697	124.9963	2060.3335	2221.6665	
304	1807.025	194.0305	1574.6667	1797.6665	
305	1811.344	221.0651	1463.0000	1705.6667	
306	1815.655	225.1825	1049.6666	1296.3334	
307	1819.957	217.8833	1720.6667	1930.0000	
308	1824.250	234.9626	983.3334	1242.3333	
309	1828.534	191.9384	1896.6667	2080.6667	
310	1832.809	203.1643	1183.6666	1366.0000	
311	1837.076	203.4943	1454.6666	1670.3333	
312	1841.333	201.2202	1082.3333	1290.3334	
313	1845.582	194.6525	1226.6667	1435.6666	
314	1849.822	187.9389	1373.0000	1536.0000	
315	1854.053	201.9752	1534.6667	1755.6665	
316	1858.275	201.5952	972.0000	1199.3334	
317	1862.488	233.2865	1206.6666	1486.3333	
318	1866.692	227.6445	838.3333	1096.3333	
319	1870.888	251.0026	968.3333	1262.0000	
320	1875.074	267.6938	268.6667	584.6667	
321	1879.251	260.7185	1006.3333	1321.0000	
322	1883.420	232.4922	310.6667	613.6667	
323	1887.579	218.7061	639.3333	929.6667	
324	1891.730	204.6284	250.6667	520.6667	
325	1895.871	206.9826	1010.6666	1283.6667	
326	1900.004	200.2953	265.3333	533.6667	
327	1904.127	122.3160	1068.6667	1256.6666	
328	1908.241	184.0038	439.3333	686.6667	
329	1912.347	204.5186	896.3333	1160.0000	
330	1916.443	207.2852	511.6667	759.0000	
331	1920.530	211.4476	788.3334	1051.6666	
332	1924.609	214.2136	355.0000	593.3334	
333	1928.678	225.5916	1104.6666	1371.0000	
334	1932.738	247.4695	399.0000	688.3334	
335	1936.788	227.3475	804.3333	1074.6667	
336	1940.830	209.5587	327.0000	580.6666	
337	1944.863	201.7700	736.3334	948.3333	
338	1948.886	212.7313	512.6667	777.3334	
339	1952.901	220.5259	828.6666	1086.3333	
340	1956.906	230.6544	35.3333	337.3333	
341	1960.902	238.4888	423.0000	670.6666	
342	1964.888	238.4064	208.0000	517.6667	
343	1968.866	212.3112	378.0000	667.3333	
344	1972.834	193.8401	-108.0000	146.6667	
345	1976.793	191.8409	297.3333	552.6667	
346	1980.743	211.9667	-230.6667	59.6667	
347	1984.684	209.3008	71.3333	369.0000	
348	1988.616	212.2599	-200.3333	32.3333	
349	1992.538	207.5655	404.0000	715.6666	
350	1996.451	216.7384	-309.6667	-16.6667	
351	2000.354	214.5704	350.6667	610.3334	
352	2004.249	236.2982	-399.6667	-89.0000	
353	2008.134	256.1302	235.3333	568.0000	
354	2012.009	206.9622	-375.0000	-89.3333	
355	2015.876	201.1275	253.0000	535.0000	
356	2019.733	217.2929	-451.6667	-151.3333	
357	2023.580	236.6445	360.0000	678.0000	
358	2027.419	206.9962	-106.3333	180.3333	
359	2031.248	174.3477	854.6667	1107.0000	
360	2035.067	189.0329	-345.3333	-80.0000	
361	2038.878	207.7341	215.0000	492.6667	
362	2042.678	218.1853	-421.6667	-157.3333	
363	2046.470	249.0530	177.3333	492.3333	
364	2050.252	220.4760	-456.3333	-163.0000	
365	2054.024	216.6222	183.0000	475.3333	
366	2057.787	213.6018	-367.6667	-70.0000	
367	2061.541	200.3314	216.3333	485.3333	
368	2065.285	208.3943	-367.6667	-92.0000	
369	2069.020	256.4572	122.3333	444.6666	
370	2072.745	210.1868	-344.0000	-69.3333	
371	2076.461	206.5571	359.3333	597.0000	
372	2080.167	205.9012	-228.0000	51.6667	
373	2083.864	190.1258	880.6667	1126.6666	
374	2087.551	166.1840	409.6667	634.0000	
375	2091.228	196.5754	80.0000	337.0000	
376	2094.896	224.8000	-297.3333	-22.6667	
377	2098.555	224.1467	257.3333	528.6666	
378	2102.204	228.7435	-232.0000	115.0000	
379	2105.843	226.7151	205.6667	468.6666	
380	2109.473	220.1870	-415.6667	-114.0000	
381	2113.093	226.4248	-710.6666	-419.3333	
382	2116.703	228.6627	-193.6667	116.3333	
383	2120.304	214.4005	193.6667	472.6667	
384	2123.895	214.9717	-587.0000	-309.6667	
385	2127.477	197.1671	110.0000	378.0000	
386	2131.049	195.4547	-440.0000	-178.3333	
387	2134.611	201.8257	68.3333	319.3333	
388	2138.163	214.0298	-411.6667	-139.3333	
389	2141.706	218.1398	266.6667	535.3333	
390	2145.239	218.9998	-470.6667	-178.6667	
391	2148.763	209.6098	230.3333	494.3333	
392	2152.276	216.4826	-596.3334	-358.6667	
393	2155.780	226.0404	91.6667	362.3333	
394	2159.275	219.9523	-324.0000	-25.3333	
395	2162.759	191.0309	344.0000	582.6666	
396	2166.234	207.1931	-269.3333	-13.0000	
397	2169.698	226.0687	115.0000	401.0000	
398	2173.154	220.5276	-423.3333	-144.6667	
399	2176.599	216.9866	187.6667	468.3333	
400	2180.034	211.1539	-168.3333	66.6667	
401	2183.460	222.4878	418.3334	691.0000	
402	2186.876	218.7801	-343.0000	-54.6667	
403	2190.282	214.7391	-46.0000	219.3333	
404	2193.678	214.8645	-410.3333	-144.6667	
405	2197.064	225.9150	217.6667	516.0000	
406	2200.440	215.8283	-411.3334	-141.6667	
407	2203.807	210.9780	228.6667	486.6667	
408	2207.164	213.0027	-380.3333	-72.3333	
409	2210.510	212.1850	332.0000	582.3333	
410	2213.847	201.4506	-407.6666	-129.6667	
411	2217.174	201.9662	306.3333	563.0000	
412	2220.491	201.4819	-379.3333	-112.3333	
413	2223.798	206.9238	380.3333	634.6667	
414	2227.094	207.8611	-479.0000	-238.3333	
415	2230.381	236.7568	288.3333	583.0000	
416	2233.658	235.1733	-616.6667	-310.3333	
417	2236.925	226.8815	194.6667	482.6667	
418	2240.182	227.0272	-523.6667	-249.3333	
419	2243.429	225.4229	-28.3333	283.0000	
420	2246.666	219.4019	-426.0000	-140.6667	
421	2249.893	196.1436	274.6667	535.3334	
422	2253.110	188.7185	-407.6666	-160.3333	
423	2256.317	196.6268	236.0000	509.0000	
424	2259.513	198.0352	-360.3333	-134.0000	
425	2262.700	228.9280	162.0000	448.6667	
426	2265.876	246.8208	-158.6667	143.3333	
427	2269.043	231.6515	342.3333	637.0000	
428	2272.199	187.7628	-290.3333	-41.0000	
429	2275.345	188.4373	207.3333	458.6667	
430	2278.481	225.4451	-340.3333	-50.6667	
431	2281.607	215.3279	303.6667	593.6666	
432	2284.723	198.7941	-401.0000	-135.3333	
433	2287.828	209.9686	196.3333	444.0000	
434	2290.924	250.6713	-403.3333	-93.6667	
435	2294.009	229.8769	213.0000	502.6667	
436	2297.083	213.5207	-557.6667	-315.6667	
437	2300.148	214.3670	245.3333	536.3333	
438	2303.203	214.8591	-451.3333	-138.3333	
439	2306.247	200.5387	1.0000	242.3333	
440	2309.281	194.5520	-582.0000	-332.3333	
441	2312.305	196.2437	348.0000	578.3333	
442	2315.318	231.8520	-293.3333	-7.6667	
443	2318.322	233.5437	132.6667	418.3334	
444	2321.314	227.9016	-530.3333	-252.0000	
445	2324.297	209.7106	356.6667	583.6667	
446	2327.269	212.9362	-483.3333	-212.3333	
447	2330.231	210.5784	198.3333	475.0000	
448	2333.183	179.9340	-399.6667	-171.6667	
449	2336.124	183.8359	21.6667	251.3333	
450	2339.055	203.2378	-385.3333	-107.6667	
451	2341.976	208.2438	414.6667	650.3333	
452	2344.886	210.4793	-587.6667	-343.3333	
453	2347.786	218.1158	343.0000	617.3333	
454	2350.675	214.9399	-446.3333	-196.0000	
455	2353.554	234.7937	172.6667	445.3333	
456	2356.423	234.1014	-500.6666	-196.3333	
457	2359.281	228.0646	232.6667	482.3333	
458	2362.128	227.2778	-296.3333	-29.3333	
459	2364.966	209.9910	194.3333	446.0000	
460	2367.792	199.5370	-242.3333	-0.3333	
461	2370.609	209.2381	133.6667	369.0000	
462	2373.415	229.4390	-282.6667	-23.3333	
463	2376.210	221.3901	274.3333	519.3333	
464	2378.995	198.0077	-389.6667	-174.3333	
465	2381.769	207.2920	106.3333	324.6667	
466	2384.533	207.9722	-358.6667	-70.0000	
467	2387.286	188.8607	248.3333	435.6667	
468	2390.029	225.1457	-563.6667	-346.3333	
469	2392.760	237.9772	201.3333	439.6667	
470	2395.482	236.7535	-369.6667	-133.0000	
471	2398.193	214.5299	329.3333	522.6667	
472	2400.893	214.9729	-615.6667	-377.0000	
473	2403.583	188.3940	234.0000	421.3333	
474	2406.262	176.1484	-427.0000	-252.0000	
475	2408.931	181.1528	346.3333	514.6667	
476	2411.589	200.9997	-389.3333	-200.3333	
477	2414.236	246.4531	303.3333	537.3333	
478	2416.872	228.7397	-473.0000	-232.3333	
479	2419.498	220.9430	85.6667	276.6667	
480	2422.113	228.5838	-415.0000	-217.3333	
481	2424.718	235.2454	205.3333	397.0000	
482	2427.312	259.3029	-496.0000	-251.0000	
483	2429.895	245.2561	205.0000	382.3333	
484	2432.467	225.2093	1027.0000	1391.3334	
485	2435.029	154.5991	260.3333	394.0000	
486	2437.580	189.2389	-657.3333	-494.3334	
487	2440.120	231.8786	59.6667	260.0000	
488	2442.649	208.1852	-459.3334	-288.0000	
489	2445.167	203.0196	46.6667	192.0000	
490	2447.675	196.7886	-531.3333	-358.6667	
491	2450.172	202.8499	403.3333	557.0000	
492	2452.658	207.4109	-409.3334	-243.6667	
493	2455.134	208.1029	292.6667	446.6667	
494	2457.598	221.9615	-598.3333	-423.0000	
495	2460.052	235.9868	250.3333	439.0000	
496	2462.495	216.3455	-342.0000	-173.6667	
497	2464.927	214.5375	424.0000	580.0000	
498	2467.348	215.5628	-442.0000	-265.6667	
499	2469.758	216.2548	435.6666	598.3334	
500	2472.157	220.4473	-320.3333	-150.6667	
501	2474.546	223.3766	-5.3333	180.0000	
502	2476.923	217.8477	-469.6667	-282.3333	
503	2479.290	181.0062	253.3333	380.3333	
504	2481.645	215.0815	-359.0000	-199.0000	
505	2483.990	217.8234	211.0000	372.6667	
506	2486.323	213.5653	-380.6667	-224.3333	
507	2488.646	208.9739	227.6667	378.3333	
508	2490.958	203.3824	-620.3333	-476.3333	
509	2493.258	213.4576	251.0000	392.6667	
510	2495.548	269.1995	-327.0000	-119.3333	
511	2497.827	181.2747	-54.0000	64.6667	
