resultName	muna13-52
resultName	muna13-52
ID	RS20200227124248_P19331194
Command	SCANANDSEARCH
User	Admin
Application	_Analyze
SerialNumber	P19331194
Power	280
Integration	900
Averages	3
AutoExposure	Off
AutoCollect	Off
QuickCollect	Off
AutoBackground	On
BaselineCorrection	On
Algorithm	Wavelet
Searched Library	All,None,None,None
MixtureComponents	2
matchThreshold	0.0
displayMatches	1
Threshold	0.80
WL Start	
WL End	
ServerVersion	3.180316
FirmwareVersion	
date	2020-02-27
time	12:42:48
scanindex	0
specpath	RS20200227124248_P19331194.xml
Search Range	200 - 2500
Synced	false
lastCalDateTime	2020-02-27 08:30:34
lastCalUser	Admin
lastCalResult	PASS
lastVerifyDateTime	2019-10-16 15:05:37
lastVerifyUser	Admin
lastVerifyResult	PASS
selectedMaterial	
result	No Match
ValidationGUID	
ValidationMatchQuality	
topMatch	
topMatchGUID	
topMatchQuality	
secondMatch	
secondMatchGUID	
secondMatchQuality	
thirdMatch	
thirdMatchGUID	
thirdMatchQuality	
fourthMatch	
fourthMatchGUID	
fourthMatchQuality	
fifthMatch	
fifthMatchGUID	
fifthMatchQuality	
signedBy	
signedDateTime	
softwareVer	1.7.0.21
memo	
batchID	
inBatch	false
batchUID	
batchCID1	
batchCIDlbl1	
batchCID2	
batchCIDlbl2	
batchCID3	
batchCIDlbl3	
batchCID4	
batchCIDlbl4	
batchCID5	
batchCIDlbl5	
signedTitle	
signedReason	
rescanned	
barcode	
topMatchContribs	
secondMatchContribs	
thirdMatchContribs	
fourthMatchContribs	
fifthMatchContribs	
ValidationMatchContribs	
Threat	
PrecursorList	
CompundName	
WindowStart4C	
MatchLibrary	
lastModified	2020/02/27 12:45
Signal2Noise	34.79
Detector TEC SetPoint	0x8000
Detector Temp	4.95
Laser Temp	24.52
OE1 Temp	31.97
OE2 Temp	35.50
Detector Gain	200
SaturationDetected	false
InterpolatedPixelList	
PeakList	 296.8	572	442.4	517	510.4	366	650.1	1675	672.3	511	755.8	422	804.7	490	857.0	391	958.9	564	1126.3	381	1146.6	366	1212.1	681	1287.2	336	1333.1	450	1378.1	924	1453.5	3526	1641.9	2897	1672.6	2607	1713.8	503
index	Raman Shift (cm-1)	Y value (counts)	background (counts)	raw value (counts)
0	137.455	476.6477	3122.6665	5738.0000	
1	143.948	339.6645	3284.6670	5691.0000	
2	150.436	187.6816	3529.3335	5711.6665	
3	156.918	205.3659	3677.6665	5805.6665	
4	163.394	224.3832	3294.0000	5369.0000	
5	169.865	293.7338	3883.0000	5955.3335	
6	176.330	150.7511	3614.6665	5472.0000	
7	182.790	144.7683	3687.0000	5466.3335	
8	189.244	49.4520	3320.3330	4932.3330	
9	195.693	76.1362	3860.6665	5427.3335	
10	202.136	141.1531	3702.0000	5261.6665	
11	208.573	217.1703	4168.3335	5732.0000	
12	215.005	298.5214	3512.6665	5085.6670	
13	221.431	198.7592	3996.0000	5433.6665	
14	227.851	204.9213	3908.6665	5310.3335	
15	234.266	154.2929	4252.3335	5609.0000	
16	240.675	63.9990	3426.3330	4698.3335	
17	247.078	126.7039	3796.3333	5136.6665	
18	253.476	145.7430	3411.6667	4776.6670	
19	259.868	191.1144	3768.6670	5184.6665	
20	266.254	132.4875	2927.6665	4290.6670	
21	272.635	213.5068	3946.6665	5416.6670	
22	279.009	407.5262	3596.6665	5286.6670	
23	285.378	488.2120	3469.0000	5265.6670	
24	291.742	539.2313	2980.3333	4854.0000	
25	298.099	571.9960	3171.3335	5105.0000	
26	304.451	466.4280	2805.6665	4661.0000	
27	310.797	293.5261	3601.3335	5311.0000	
28	317.137	313.3319	2892.0000	4659.0000	
29	323.471	326.6494	3017.0000	4761.0000	
30	329.800	352.9669	2608.3335	4342.3335	
31	336.122	368.9514	3317.6665	5031.3335	
32	342.439	341.6013	2993.3335	4643.3330	
33	348.750	200.9192	3137.3335	4610.3335	
34	355.055	149.9037	2308.6665	3694.3335	
35	361.354	113.2595	3182.3335	4485.6665	
36	367.648	0.0823	2416.0000	3575.6670	
37	373.935	90.7287	2364.0000	3609.6665	
38	380.216	327.3755	2564.0000	4041.6665	
39	386.492	172.6892	2772.3335	4090.6667	
40	392.762	187.6693	2016.6665	3345.3333	
41	399.025	302.1354	2592.3333	4029.3330	
42	405.283	257.9356	2189.3333	3576.0000	
43	411.535	155.2354	1405.0000	2642.3335	
44	417.781	157.1184	1402.6666	2650.6667	
45	424.020	160.1369	1854.3334	3093.6665	
46	430.254	259.2388	921.3333	2291.0000	
47	436.482	426.5905	912.0000	2446.0000	
48	442.704	517.2756	557.0000	2178.6667	
49	448.920	322.2470	1218.0000	2652.0000	
50	455.129	265.2289	550.3333	1920.6665	
51	461.333	143.5444	573.3333	1815.3333	
52	467.531	67.1932	533.3333	1692.3333	
53	473.722	189.6409	860.0000	2127.0000	
54	479.908	339.4218	367.6667	1770.0000	
55	486.087	280.8694	149.0000	1478.3333	
56	492.260	243.9745	285.3333	1553.3333	
57	498.427	172.5157	692.3334	1858.0000	
58	504.588	332.0570	403.6667	1698.0000	
59	510.743	365.5982	393.0000	1690.0000	
60	516.892	236.4727	146.0000	1283.0000	
61	523.034	189.2685	643.3333	1699.3333	
62	529.171	165.0641	41.3333	1039.3333	
63	535.301	163.1933	674.3334	1636.6667	
64	541.425	141.8223	69.0000	952.0000	
65	547.543	175.6181	722.3333	1614.6667	
66	553.655	167.2472	1023.3334	1888.3333	
67	559.760	180.3764	1487.0000	2331.3335	
68	565.859	206.8389	691.3333	1528.3334	
69	571.952	166.2866	849.3333	1634.0000	
70	578.039	164.7528	68.0000	845.3334	
71	584.119	131.3966	299.3333	1047.3334	
72	590.193	98.7068	12.6667	732.0000	
73	596.261	128.3407	668.3334	1445.0000	
74	602.323	186.9747	757.6667	1620.6667	
75	608.378	359.9420	927.6666	1991.3334	
76	614.427	563.5758	863.6667	2158.6667	
77	620.469	604.8638	1280.6667	2627.3333	
78	626.505	562.8513	909.3334	2125.6665	
79	632.535	639.1722	956.3334	2357.6667	
80	638.559	905.9929	726.0000	2404.3333	
81	644.576	1381.4805	1399.3334	3563.3335	
82	650.587	1674.9681	711.3333	3179.0000	
83	656.591	1226.4554	440.6667	2470.0000	
84	662.589	762.6094	333.6667	1909.3333	
85	668.581	503.2496	495.3333	1796.6665	
86	674.566	511.2231	-57.6667	1236.6667	
87	680.544	457.5298	505.3333	1731.0000	
88	686.517	307.8367	661.3334	1722.3333	
89	692.483	184.5382	1032.6666	1965.3334	
90	698.442	146.1564	314.0000	1205.3334	
91	704.395	143.4677	677.0000	1570.6667	
92	710.341	95.2399	501.0000	1340.3334	
93	716.281	92.8882	645.0000	1463.3334	
94	722.214	121.3700	526.6667	1461.0000	
95	728.141	293.9352	757.3333	1898.6667	
96	734.061	401.1670	502.6666	1785.6667	
97	739.975	365.3986	1148.6666	2430.3333	
98	745.882	397.7617	833.3334	2173.3335	
99	751.783	378.9360	1652.3333	3005.6665	
100	757.677	422.4440	722.6666	2151.6667	
101	763.564	252.5126	1561.3333	2827.3333	
102	769.445	203.5809	902.6666	2126.6665	
103	775.319	67.3163	1287.6666	2382.3333	
104	781.187	191.3847	995.6667	2221.3333	
105	787.048	252.9664	1666.0000	2950.3333	
106	792.902	249.5898	1478.0000	2671.6667	
107	798.750	315.4627	2088.3335	3429.3330	
108	804.591	489.7117	1405.3334	2917.6667	
109	810.425	446.5858	1941.0000	3412.3335	
110	816.253	207.7928	1209.0000	2443.6667	
111	822.074	0.0000	1770.0000	2799.0000	
112	827.888	65.0120	1296.6666	2401.6667	
113	833.695	162.4538	1934.0000	3136.3333	
114	839.496	390.8961	1476.0000	2906.6667	
115	845.290	305.0044	1980.6667	3325.3330	
116	851.078	322.6968	1671.3333	2932.3335	
117	856.858	390.9524	1968.6666	3401.6665	
118	862.632	365.7919	1868.0000	3278.3335	
119	868.399	309.1457	1925.3333	3273.0000	
120	874.159	209.5283	1367.3333	2606.3335	
121	879.913	172.2498	1656.3333	2909.0000	
122	885.659	127.4715	1463.6666	2631.6667	
123	891.399	155.3596	1941.0000	3136.0000	
124	897.132	173.4980	1788.0000	3042.0000	
125	902.858	173.5210	1571.6667	2746.0000	
126	908.577	186.9606	1202.0000	2427.6667	
127	914.290	329.9833	1903.0000	3271.6665	
128	919.995	340.3396	1104.6666	2483.6665	
129	925.694	212.0294	1826.6665	3077.3333	
130	931.385	202.7188	1067.0000	2308.3333	
131	937.070	97.4084	1499.3334	2635.3333	
132	942.748	154.3478	1143.0000	2273.3333	
133	948.419	221.9219	1546.3334	2810.3333	
134	954.083	504.8638	931.6666	2470.6665	
135	959.740	564.4725	1387.3333	2978.0000	
136	965.390	328.4133	1223.6666	2570.3333	
137	971.033	170.7365	1382.3333	2565.0000	
138	976.669	158.7262	572.3334	1736.6667	
139	982.299	182.7159	1034.3333	2216.3333	
140	987.921	232.0497	1083.0000	2300.3333	
141	993.536	180.3624	1138.0000	2312.6667	
142	999.144	158.0083	818.0001	1979.3335	
143	1004.745	156.7377	1393.0000	2541.6667	
144	1010.339	170.3002	816.6666	2008.3335	
145	1015.926	191.2792	1230.6666	2452.3333	
146	1021.506	221.5920	1145.3333	2406.3335	
147	1027.078	254.9044	1367.6666	2671.0000	
148	1032.644	264.8837	966.6666	2289.0000	
149	1038.203	229.4704	1320.3333	2613.0000	
150	1043.754	225.7238	986.0000	2280.6667	
151	1049.298	189.9771	1225.3333	2490.0000	
152	1054.836	68.5638	567.3333	1716.3333	
153	1060.366	64.9653	1341.3333	2490.3333	
154	1065.889	146.4591	1052.0000	2295.6667	
155	1071.404	198.0854	1372.0000	2669.6667	
156	1076.913	248.0451	1097.0000	2447.0000	
157	1082.414	202.9773	1515.0000	2776.6665	
158	1087.908	216.9931	772.3333	1985.6667	
159	1093.395	312.5503	1487.0000	2914.3333	
160	1098.875	288.6075	1406.6667	2814.3333	
161	1104.348	158.5257	1749.6667	3021.3333	
162	1109.813	220.2728	1251.3334	2497.6665	
163	1115.271	295.3534	1835.3333	3230.0000	
164	1120.721	300.9334	1260.0000	2653.3333	
165	1126.165	380.6855	1779.3333	3230.6665	
166	1131.601	326.4376	1381.6666	2757.0000	
167	1137.030	297.1893	2007.3334	3331.6665	
168	1142.452	327.6081	1169.3334	2502.3335	
169	1147.866	365.9883	1858.3333	3212.6670	
170	1153.273	238.3679	1573.0000	2782.6667	
171	1158.672	178.7475	1938.6667	3071.6665	
172	1164.064	117.4610	1451.0000	2505.6665	
173	1169.449	98.6613	2320.6667	3363.6670	
174	1174.827	109.2778	1820.0000	2842.3333	
175	1180.197	158.5107	2421.0000	3544.0000	
176	1185.560	196.6756	2013.3335	3193.0000	
177	1190.915	221.5076	2339.0000	3562.0000	
178	1196.263	246.3396	2095.6665	3362.0000	
179	1201.603	392.5042	2476.6667	3907.6665	
180	1206.936	604.0024	1932.6667	3593.6665	
181	1212.262	680.9173	2572.0000	4308.3335	
182	1217.580	537.0451	2231.3333	3815.6670	
183	1222.891	397.0532	2632.3335	4083.3333	
184	1228.194	371.0615	2241.6667	3673.3330	
185	1233.489	204.5883	2908.0000	4195.0000	
186	1238.778	95.1148	2627.3333	3826.6665	
187	1244.058	184.3081	2841.6667	4152.0000	
188	1249.331	230.8349	2576.6665	3955.3335	
189	1254.597	224.1687	3377.0000	4794.3335	
190	1259.855	105.5026	2904.0000	4248.0000	
191	1265.106	93.5036	3480.6665	4858.0000	
192	1270.349	196.5041	3165.0000	4690.6665	
193	1275.584	154.5051	3642.0000	5171.0000	
194	1280.812	252.5058	2990.6667	4663.0000	
195	1286.032	335.5065	3675.3335	5476.0000	
196	1291.244	292.1343	3115.3335	4930.0000	
197	1296.449	284.1377	3801.6665	5638.0000	
198	1301.647	254.4740	3411.6665	5248.0000	
199	1306.836	283.1432	4043.3335	5938.0000	
200	1312.018	253.4798	3687.3335	5582.0000	
201	1317.193	142.1528	3847.6665	5639.3335	
202	1322.359	169.1582	3713.3335	5540.3335	
203	1327.518	333.9492	4055.3335	6041.0000	
204	1332.670	449.7542	3701.3330	5803.6665	
205	1337.813	410.7804	4269.3335	6330.3340	
206	1342.949	195.4723	3572.3335	5415.6665	
207	1348.077	92.1651	4313.0000	6050.6665	
208	1353.198	85.1914	3643.0000	5371.3335	
209	1358.311	215.2168	4567.6670	6423.6665	
210	1363.415	611.2430	3919.0000	6168.6665	
211	1368.513	651.2693	4489.3335	6776.6670	
212	1373.602	674.6291	4029.3335	6337.6670	
213	1378.684	924.0927	4533.3330	7100.3330	
214	1383.757	887.2229	4061.6670	6601.0000	
215	1388.823	336.6865	4714.3335	6712.3330	
216	1393.881	7.8162	3998.6670	5677.0000	
217	1398.932	13.4874	4609.0000	6293.6660	
218	1403.974	148.8391	4119.6665	5919.0000	
219	1409.009	443.5222	4914.3335	6987.6660	
220	1414.036	951.5411	4124.0000	6684.6670	
221	1419.054	1168.9010	4657.3335	7413.6660	
222	1424.065	1345.2633	4207.3335	7118.3335	
223	1429.068	1974.6243	4613.3335	8132.0000	
224	1434.064	2594.9526	4279.3335	8381.6660	
225	1439.051	3027.4287	4677.0000	9176.3340	
226	1444.030	3285.5693	4178.0000	8900.0000	
227	1449.001	3445.0449	4837.0000	9683.0000	
228	1453.965	3525.5190	4038.3335	8929.3330	
229	1458.920	3423.1675	4766.3335	9486.3330	
230	1463.868	2583.1494	4040.6667	7852.0000	
231	1468.807	1625.4651	4621.6665	7406.6670	
232	1473.739	981.4479	3895.0000	5967.3335	
233	1478.662	545.8527	4385.6665	5964.0000	
234	1483.578	261.9243	3767.0000	5003.0000	
235	1488.485	171.9960	4466.6670	5554.3335	
236	1493.385	137.7346	3738.6665	4733.6665	
237	1498.276	115.8925	4551.6670	5481.3335	
238	1503.159	123.5235	3867.3335	4767.6665	
239	1508.035	113.1599	4277.6665	5137.0000	
240	1512.902	55.1287	3231.3335	4002.0000	
241	1517.761	109.0989	4053.3330	4847.3335	
242	1522.612	186.7343	4039.0000	4880.0000	
243	1527.454	177.3699	4902.3335	5703.3335	
244	1532.289	182.3397	4260.0000	5035.3335	
245	1537.116	192.5896	4934.3335	5720.3335	
246	1541.934	202.3660	4206.0000	5045.3335	
247	1546.745	186.4766	4962.3335	5785.3330	
248	1551.547	174.0037	4378.3335	5239.0000	
249	1556.341	115.0435	5097.3335	5945.6665	
250	1561.126	109.5842	4440.0000	5355.3335	
251	1565.904	124.9570	4976.3335	5966.0000	
252	1570.673	132.9980	4717.6670	5774.3335	
253	1575.434	135.1164	4990.6665	6140.6670	
254	1580.187	208.2343	4390.0000	5704.3330	
255	1584.932	247.3527	5011.3330	6456.0000	
256	1589.668	313.4711	4150.0000	5752.0000	
257	1594.396	313.5895	4701.0000	6394.3330	
258	1599.116	328.0405	4129.3335	5928.3330	
259	1603.828	378.5344	4845.6670	6802.6670	
260	1608.531	417.6839	4594.6665	6667.0000	
261	1613.226	578.9748	5070.6670	7344.6670	
262	1617.912	765.2659	4975.3330	7476.0000	
263	1622.591	760.5571	5128.6665	7665.0000	
264	1627.261	908.5142	4515.6665	7240.3330	
265	1631.922	1430.4806	4822.0000	8088.6670	
266	1636.576	2284.2930	4127.3335	8250.0000	
267	1641.220	2897.4316	5163.3335	9903.0000	
268	1645.857	2723.2349	4367.6665	8937.0000	
269	1650.485	2054.2012	4990.0000	8832.3330	
270	1655.105	1603.4996	4293.6670	7627.3330	
271	1659.716	1537.7999	4945.3335	8155.3335	
272	1664.319	1927.7657	4465.3335	8007.3330	
273	1668.913	2515.3994	5109.3330	9181.0000	
274	1673.499	2607.3657	4171.3335	8277.0000	
275	1678.077	2064.3311	4392.6665	7897.3330	
276	1682.646	1162.9668	4186.0000	6731.3330	
277	1687.206	536.2619	4443.3335	6291.0000	
278	1691.759	205.2229	4164.6670	5610.3330	
279	1696.302	38.1855	4986.6670	6194.3330	
280	1700.837	34.1650	4071.3330	5217.0000	
281	1705.364	255.5537	4460.0000	5726.6670	
282	1709.882	404.9413	3770.3335	5086.0000	
283	1714.391	502.9970	4654.0000	5967.3335	
284	1718.892	309.0529	3849.6665	4868.6665	
285	1723.385	189.6899	4321.0000	5159.3330	
286	1727.868	100.3271	3216.6665	3904.3330	
287	1732.344	131.1538	4166.3335	4815.6670	
288	1736.810	71.9901	3826.3335	4376.6665	
289	1741.268	92.4939	4016.6665	4553.6670	
290	1745.717	127.7475	3187.6665	3728.0000	
291	1750.158	164.7095	4217.3335	4713.6665	
292	1754.590	204.5455	3445.0000	3977.0000	
293	1759.014	219.0580	3848.6665	4351.6670	
294	1763.428	222.7786	2608.6667	3192.6665	
295	1767.835	230.9990	3736.3335	4201.3335	
296	1772.232	248.0543	3394.6670	3873.3330	
297	1776.621	212.2851	3447.6665	3915.3335	
298	1781.001	191.0149	2375.3335	2826.3333	
299	1785.372	175.1617	3096.3335	3519.3330	
300	1789.735	178.8926	2288.6667	2737.6667	
301	1794.089	185.9612	3205.3335	3641.3335	
302	1798.434	221.1554	3096.6665	3581.0000	
303	1802.770	196.6822	3792.6670	4246.0000	
304	1807.098	164.7097	3237.3335	3607.0000	
305	1811.416	171.2369	2896.6667	3342.0000	
306	1815.726	153.9310	2382.3333	2773.3333	
307	1820.027	175.0626	3018.6667	3385.3335	
308	1824.320	218.5691	2378.6667	2813.0000	
309	1828.603	217.6996	3337.3330	3774.6665	
310	1832.878	212.9133	2479.0000	2899.3333	
311	1837.144	210.7104	2648.0000	3077.6665	
312	1841.401	206.0912	2290.0000	2693.0000	
313	1845.649	197.2827	2650.3333	3066.6667	
314	1849.889	188.3076	2771.3333	3161.0000	
315	1854.119	189.7490	2920.3335	3310.3335	
316	1858.340	190.8577	2249.6665	2648.0000	
317	1862.553	194.4776	2343.6667	2732.3335	
318	1866.757	191.2640	1759.3335	2130.3335	
319	1870.951	194.5507	1764.3335	2162.6667	
320	1875.137	199.5038	1115.3334	1479.3333	
321	1879.314	204.4570	1814.6667	2196.6667	
322	1883.482	193.2404	862.0000	1233.0000	
323	1887.641	156.5235	1136.3334	1465.6666	
324	1891.791	176.4731	887.6666	1232.0000	
325	1895.932	180.8617	1688.3333	2034.6666	
326	1900.064	208.5834	962.0000	1333.6666	
327	1904.187	197.3053	1909.6667	2267.6667	
328	1908.300	183.4435	1318.6667	1656.0000	
329	1912.405	193.9475	1709.3335	2050.3333	
330	1916.501	184.9935	1245.0000	1575.6665	
331	1920.588	195.0398	1451.6666	1774.0000	
332	1924.666	218.9196	1169.3333	1529.6667	
333	1928.734	212.3901	1967.0000	2336.3333	
334	1932.794	200.4022	1139.0000	1475.6666	
335	1936.844	169.9771	1444.0000	1747.6667	
336	1940.885	180.8852	1030.3333	1342.3334	
337	1944.917	194.1265	1487.0000	1809.6667	
338	1948.940	219.0345	1169.3334	1514.3334	
339	1952.954	199.2759	1267.0000	1589.6667	
340	1956.959	193.9545	370.6667	653.6667	
341	1960.955	198.8155	751.6666	1083.3333	
342	1964.941	210.6558	531.3333	888.6667	
343	1968.918	196.4686	645.0000	922.3333	
344	1972.886	202.1803	2.3333	323.0000	
345	1976.845	185.0209	340.3333	629.6666	
346	1980.794	181.2367	-178.3333	94.3333	
347	1984.735	185.9108	131.3333	429.6667	
348	1988.666	186.7092	-151.3333	90.6667	
349	1992.588	181.9016	388.3333	701.6667	
350	1996.500	191.7276	-350.6667	-96.3333	
351	2000.404	195.0686	358.6667	631.6667	
352	2004.298	204.7014	-398.6667	-105.0000	
353	2008.182	205.7091	262.3333	540.6667	
354	2012.058	206.5918	-385.3333	-107.3333	
355	2015.924	207.5996	253.3333	555.3334	
356	2019.781	194.7746	-452.6667	-185.0000	
357	2023.628	191.6835	303.0000	566.3333	
358	2027.466	194.5924	-403.3333	-129.3333	
359	2031.295	188.0847	241.6667	483.0000	
360	2035.114	179.8265	-394.3333	-127.0000	
361	2038.924	166.0489	288.0000	513.3333	
362	2042.725	171.3547	-406.6667	-177.6667	
363	2046.516	192.5771	202.0000	457.0000	
364	2050.298	194.3302	-411.3333	-173.0000	
365	2054.070	197.1082	210.6667	482.6667	
366	2057.833	201.3027	-383.0000	-120.6667	
367	2061.586	197.4141	216.6667	498.3333	
368	2065.330	199.3795	-366.6667	-96.0000	
369	2069.065	214.0531	198.6667	467.3333	
370	2072.790	265.4145	-363.6667	-12.3333	
371	2076.505	212.3624	332.3333	626.0000	
372	2080.211	188.4685	-335.6667	-80.3333	
373	2083.908	192.9133	196.3333	474.6667	
374	2087.595	186.5248	-274.0000	-12.6667	
375	2091.272	190.6362	39.3333	300.3333	
376	2094.940	156.4144	-272.0000	-49.6667	
377	2098.599	162.7889	286.6667	511.3333	
378	2102.248	195.1634	-153.3333	119.3333	
379	2105.887	200.6214	200.3333	444.0000	
380	2109.516	196.5798	-399.3333	-128.3333	
381	2113.136	180.2741	-692.6666	-462.3334	
382	2116.747	189.9686	-173.0000	67.3333	
383	2120.348	209.7462	178.6667	452.3333	
384	2123.939	215.1906	-507.3333	-272.6667	
385	2127.521	206.5414	117.3333	410.3333	
386	2131.093	203.5711	-424.6667	-161.3333	
387	2134.655	154.7674	107.0000	321.6667	
388	2138.207	174.6298	-352.3333	-117.6667	
389	2141.750	186.3167	282.6667	527.0000	
390	2145.283	228.3369	-426.0000	-141.6667	
391	2148.807	220.0238	223.6667	497.6667	
392	2152.321	180.2700	-564.0000	-340.0000	
393	2155.825	186.4387	111.0000	331.3333	
394	2159.319	194.1075	-254.0000	0.0000	
395	2162.804	196.9221	357.3333	576.0000	
396	2166.279	197.2369	-271.0000	-20.0000	
397	2169.744	195.1759	148.0000	386.6667	
398	2173.199	189.4068	-382.0000	-141.0000	
399	2176.644	173.7625	221.3333	441.3333	
400	2180.080	186.3683	-161.3333	73.3333	
401	2183.506	211.7240	441.0000	704.6667	
402	2186.922	212.6631	-353.6667	-99.3333	
403	2190.328	208.6231	-56.3333	239.3333	
404	2193.725	203.4578	-367.0000	-120.3333	
405	2197.111	204.9630	246.0000	510.3333	
406	2200.488	171.2990	-367.3333	-134.0000	
407	2203.854	181.1557	259.6667	481.0000	
408	2207.211	191.1792	-345.6667	-69.0000	
409	2210.558	196.6405	365.3333	599.3333	
410	2213.896	194.7686	-401.6667	-135.6667	
411	2217.223	195.8966	306.6667	542.6667	
412	2220.540	191.7742	-344.6667	-82.6667	
413	2223.847	191.5668	370.6667	602.0000	
414	2227.145	187.3039	-549.6666	-307.3333	
415	2230.432	183.9576	222.3333	430.3334	
416	2233.709	182.9447	-591.0000	-342.0000	
417	2236.977	184.0776	222.3333	444.3333	
418	2240.234	197.8355	-498.3334	-281.3333	
419	2243.482	241.9059	-32.0000	260.3333	
420	2246.719	206.2267	-362.3333	-104.6667	
421	2249.946	196.7941	292.6667	529.0000	
422	2253.164	199.3407	-410.3333	-163.6667	
423	2256.371	198.2831	251.3333	508.6666	
424	2259.568	197.3297	-340.3333	-123.3333	
425	2262.755	193.8394	209.6667	457.0000	
426	2265.933	196.1824	-109.3333	123.3333	
427	2269.100	182.6630	386.0000	619.3334	
428	2272.256	176.3157	-303.6667	-87.3333	
429	2275.403	175.5146	220.0000	436.3334	
430	2278.540	181.0467	-292.0000	-69.3333	
431	2281.667	207.5788	351.6667	601.6667	
432	2284.783	189.7776	-393.0000	-160.0000	
433	2287.889	150.6432	238.6667	433.3333	
434	2290.985	195.4497	-362.6667	-130.6667	
435	2294.071	195.5885	235.6667	471.3333	
436	2297.147	193.9766	-562.3333	-360.0000	
437	2300.212	223.8991	261.3333	526.3334	
438	2303.267	227.2382	-432.6667	-163.0000	
439	2306.312	196.2439	3.3333	243.3333	
440	2309.347	171.9163	-564.3334	-347.3333	
441	2312.372	194.8101	373.3333	614.0000	
442	2315.386	212.7039	-279.0000	-19.6667	
443	2318.390	218.9310	141.0000	407.3333	
444	2321.384	203.1586	-505.0000	-253.6667	
445	2324.368	179.9415	409.3333	631.0000	
446	2327.341	178.1411	-464.0000	-238.6667	
447	2330.304	181.7573	231.3333	440.3333	
448	2333.256	176.6207	-394.6667	-155.6667	
449	2336.199	178.4893	8.6667	239.6667	
450	2339.131	186.3579	-345.3333	-111.0000	
451	2342.052	189.7681	413.0000	654.6667	
452	2344.963	191.6363	-540.0000	-330.0000	
453	2347.864	192.4296	336.6667	596.0000	
454	2350.755	192.5145	-402.3333	-168.3333	
455	2353.635	207.7346	211.6667	454.6667	
456	2356.505	213.6725	-490.6667	-243.0000	
457	2359.364	208.5269	232.3333	481.0000	
458	2362.213	190.3812	-264.0000	-46.0000	
459	2365.051	198.2148	227.3333	399.6667	
460	2367.879	213.7575	-212.3333	22.6667	
461	2370.697	206.7470	136.0000	361.0000	
462	2373.504	171.0698	-233.3333	-47.0000	
463	2376.300	162.0592	322.3333	496.6667	
464	2379.086	179.2987	-374.6667	-202.6667	
465	2381.862	187.9548	105.6667	321.6667	
466	2384.627	190.9443	-303.0000	-111.0000	
467	2387.382	196.6837	270.6667	467.6666	
468	2390.125	226.3390	-546.0000	-322.3333	
469	2392.859	195.7304	239.6667	436.6667	
470	2395.582	195.7172	-306.3333	-142.6667	
471	2398.294	202.1206	343.3333	566.3333	
472	2400.996	208.5241	-601.0000	-409.3333	
473	2403.687	204.2383	251.0000	461.0000	
474	2406.368	189.7442	-415.0000	-238.3333	
475	2409.038	157.8541	378.6667	521.0000	
476	2411.697	184.5617	-346.3333	-188.0000	
477	2414.346	205.2176	343.6667	521.6667	
478	2416.984	200.5402	-410.6667	-238.3333	
479	2419.612	178.5294	133.3333	282.6667	
480	2422.228	167.8520	-383.3333	-245.6667	
481	2424.834	192.1746	219.3333	380.3333	
482	2427.430	206.8305	-444.0000	-269.3333	
483	2430.015	212.1531	202.6667	381.6667	
484	2432.589	216.9759	1141.3334	1395.3334	
485	2435.152	215.8525	255.0000	383.6667	
486	2437.705	196.7292	-638.3333	-468.6666	
487	2440.247	192.5642	112.0000	273.0000	
488	2442.778	195.9408	-443.0000	-279.0000	
489	2445.298	187.5253	83.3333	186.3333	
490	2447.808	177.1654	-510.0000	-335.3333	
491	2450.306	180.0828	415.3333	522.6666	
492	2452.794	196.0001	-378.6667	-233.0000	
493	2455.272	196.1918	305.3333	468.6667	
494	2457.738	185.5085	-548.0000	-414.3333	
495	2460.194	190.3460	287.6667	417.0000	
496	2462.638	196.9335	-279.6667	-117.3333	
497	2465.073	191.2710	456.3333	582.0000	
498	2467.496	181.1085	-409.3333	-252.3333	
499	2469.908	159.2794	485.6667	589.3333	
500	2472.309	175.0339	-329.3333	-210.6667	
501	2474.699	231.0760	2.6667	176.6667	
502	2477.079	211.4513	-431.3333	-277.6667	
503	2479.448	197.4934	280.3333	402.3334	
504	2481.805	196.7021	-353.0000	-182.6667	
505	2484.152	197.4108	236.0000	346.0000	
506	2486.488	208.2862	-347.0000	-199.3333	
507	2488.813	209.9949	214.0000	362.6667	
508	2491.127	202.0370	-615.0000	-475.0000	
509	2493.430	185.5165	272.6667	400.3333	
510	2495.722	199.4544	-254.3333	-118.3333	
511	2498.003	155.4964	-29.6667	61.6667	
