resultName	chilca0-19
resultName	chilca0-19
ID	RS20191213122506_P19331194
Command	SCANANDSEARCH
User	Admin
Application	_Analyze
SerialNumber	P19331194
Power	280
Integration	900
Averages	3
AutoExposure	Off
AutoCollect	Off
QuickCollect	Off
AutoBackground	On
BaselineCorrection	On
Algorithm	Wavelet
Searched Library	All,None,None,None
MixtureComponents	2
matchThreshold	0.75
displayMatches	1
Threshold	0.80
WL Start	
WL End	
ServerVersion	3.180316
FirmwareVersion	
date	2019-12-13
time	12:25:06
scanindex	0
specpath	RS20191213122506_P19331194.xml
Search Range	200 - 2500
Synced	false
lastCalDateTime	2019-12-13 10:05:29
lastCalUser	Admin
lastCalResult	PASS
lastVerifyDateTime	2019-10-16 15:05:37
lastVerifyUser	Admin
lastVerifyResult	PASS
selectedMaterial	
result	No Match
ValidationGUID	
ValidationMatchQuality	
topMatch	
topMatchGUID	
topMatchQuality	
secondMatch	
secondMatchGUID	
secondMatchQuality	
thirdMatch	
thirdMatchGUID	
thirdMatchQuality	
fourthMatch	
fourthMatchGUID	
fourthMatchQuality	
fifthMatch	
fifthMatchGUID	
fifthMatchQuality	
signedBy	
signedDateTime	
softwareVer	1.7.0.21
memo	
batchID	
inBatch	false
batchUID	
batchCID1	
batchCIDlbl1	
batchCID2	
batchCIDlbl2	
batchCID3	
batchCIDlbl3	
batchCID4	
batchCIDlbl4	
batchCID5	
batchCIDlbl5	
signedTitle	
signedReason	
rescanned	
barcode	
topMatchContribs	
secondMatchContribs	
thirdMatchContribs	
fourthMatchContribs	
fifthMatchContribs	
ValidationMatchContribs	
Threat	
PrecursorList	
CompundName	
WindowStart4C	
MatchLibrary	
lastModified	2019/12/13 12:25
Signal2Noise	48.32
Detector TEC SetPoint	0x8000
Detector Temp	4.96
Laser Temp	24.79
OE1 Temp	36.00
OE2 Temp	39.81
Detector Gain	200
SaturationDetected	false
InterpolatedPixelList	
PeakList	 305.4	1202	328.7	928	432.2	953	489.3	808	560.9	830	658.0	1175	760.0	3730	797.6	1372	1078.1	765	1158.4	881	1224.0	674	1292.9	1024	1305.5	812	1377.3	1848	1440.2	6349	1565.2	1893	1614.9	2033	1645.0	4900	1676.4	3979
index	Raman Shift (cm-1)	Y value (counts)	background (counts)	raw value (counts)
0	137.589	349.3094	44945.0000	48082.3320	
1	144.103	276.3444	47992.0000	50916.6641	
2	150.611	280.0550	49900.6641	52689.3359	
3	157.114	333.4219	50118.3359	52820.6719	
4	163.610	325.4529	50506.0000	53060.6641	
5	170.101	321.1558	53691.0000	56101.6641	
6	176.586	391.5226	53156.3359	55497.6641	
7	183.065	367.8896	51719.6719	53897.6641	
8	189.538	392.9285	50651.3359	52714.6641	
9	196.005	275.9672	54900.3359	56707.0000	
10	202.467	273.0100	54406.6680	56070.6719	
11	208.922	276.7010	55386.6719	56914.6641	
12	215.372	308.0797	54242.0000	55661.6680	
13	221.815	145.7984	55895.3281	57084.0000	
14	228.253	160.5584	57048.3320	58170.3359	
15	234.685	235.4900	57014.3281	58227.6641	
16	241.111	277.4195	51187.3359	52472.0000	
17	247.531	261.0190	54241.3359	55479.0000	
18	253.945	323.9523	50063.3359	51414.3359	
19	260.353	350.8878	53033.0000	54427.3359	
20	266.755	277.4022	48028.0000	49449.6641	
21	273.151	143.1122	54354.0000	55593.3359	
22	279.541	161.0692	51794.6641	53088.3320	
23	285.925	404.3543	49229.3359	50802.6641	
24	292.303	649.3115	48322.6680	50177.3281	
25	298.675	1017.1760	46888.3320	49154.3320	
26	305.041	1202.0366	47282.6641	49777.0000	
27	311.401	1000.2255	49732.0000	52068.0000	
28	317.754	791.5867	43847.6680	46032.6641	
29	324.102	837.3816	45709.6641	47905.0000	
30	330.444	927.5006	46091.0000	48341.0000	
31	336.780	579.2875	45216.3320	47082.6641	
32	343.109	435.4105	45993.3320	47680.3320	
33	349.433	438.8654	42633.3320	44288.3320	
34	355.750	449.6524	38634.3320	40264.6641	
35	362.061	334.7144	47637.3359	49136.0000	
36	368.366	359.9743	38048.3359	39549.0000	
37	374.665	150.8031	40013.0000	41254.3320	
38	380.958	2.7158	41752.6680	42828.6680	
39	387.245	124.6284	41888.0000	43068.6680	
40	393.526	390.5410	34586.3320	36015.6680	
41	399.800	277.8951	39615.0000	40922.6641	
42	406.068	120.5891	34600.0000	35741.3320	
43	412.330	258.9510	23888.0000	25158.6680	
44	418.586	344.9771	29833.3320	31181.0000	
45	424.835	874.8577	27332.3320	29244.0000	
46	431.079	953.0703	21374.0000	23398.0000	
47	437.316	923.2830	13191.3340	15219.6660	
48	443.547	655.4985	13526.0000	15320.6670	
49	449.771	384.1666	21906.6680	23477.3340	
50	455.990	302.4948	14518.3320	16053.3340	
51	462.202	279.2561	12910.6670	14436.6660	
52	468.408	274.0602	12105.3330	13720.3340	
53	474.607	240.0022	17895.3340	19326.6660	
54	480.801	429.3611	9885.3330	11707.3330	
55	486.988	807.9700	6248.6670	8483.3340	
56	493.168	643.8181	12100.6670	14188.6660	
57	499.343	665.4220	14520.0000	16613.6660	
58	505.511	364.6948	14047.3320	15824.3340	
59	511.672	198.2958	6890.6670	8485.3330	
60	517.828	263.5667	10940.6660	12584.6660	
61	523.977	633.5278	12521.6660	14486.0000	
62	530.119	427.1541	8651.0000	10359.3330	
63	536.255	325.0313	10488.0000	12015.3340	
64	542.385	374.6585	6999.0000	8595.0000	
65	548.509	262.3685	13042.0000	14436.6660	
66	554.626	456.2455	21740.6680	23101.6660	
67	560.736	830.2887	22061.3340	23924.6660	
68	566.840	553.2517	15107.6660	16644.3340	
69	572.938	248.6839	9035.3330	10228.6660	
70	579.030	214.2201	4110.6665	5235.3330	
71	585.114	246.0727	2868.6667	3998.3333	
72	591.193	225.0086	6341.0000	7419.6670	
73	597.265	170.4706	12309.3340	13308.6660	
74	603.330	188.8495	15116.3340	16151.3340	
75	609.389	207.3122	13871.3330	14781.0000	
76	615.442	298.5238	15705.3340	16783.6660	
77	621.488	381.7015	15518.6660	16803.3320	
78	627.527	364.2509	12705.3320	13752.0000	
79	633.560	429.1336	10135.0000	11381.3330	
80	639.586	603.3501	10716.0000	12154.0000	
81	645.606	738.5676	13273.6660	14864.3340	
82	651.620	1010.7829	10503.6660	12384.0000	
83	657.626	1175.3318	5419.0000	7481.3335	
84	663.626	970.8820	5014.3330	6889.6670	
85	669.620	912.4086	5308.6670	7094.6670	
86	675.607	545.2691	2841.0000	4229.0000	
87	681.587	551.7964	4371.3335	5735.0000	
88	687.561	371.6576	8450.0000	9602.6670	
89	693.528	402.5142	7285.0000	8467.6670	
90	699.489	496.3701	4108.6670	5384.3335	
91	705.443	384.3690	6528.3330	7702.3330	
92	711.390	330.7060	6433.6665	7555.3330	
93	717.331	215.5988	5377.6665	6441.3330	
94	723.265	53.1580	6410.0000	7368.3330	
95	729.192	120.7176	5356.0000	6439.0000	
96	735.113	117.6102	5985.0000	7122.0000	
97	741.026	271.5018	7498.6670	8846.6660	
98	746.934	671.3553	7370.0000	9163.0000	
99	752.834	1857.5862	9405.3330	12440.0000	
100	758.728	3729.8167	7229.0000	12191.3330	
101	764.615	3092.4592	9346.6670	13706.6680	
102	770.495	1177.4337	7908.3330	10388.3340	
103	776.369	755.0744	7985.0000	10077.6670	
104	782.236	907.0493	7931.0000	10210.6670	
105	788.096	1209.5156	9341.6660	11944.0000	
106	793.949	1141.3140	9188.0000	11742.3330	
107	799.795	1371.7795	10908.6670	13713.6660	
108	805.635	917.9125	9357.0000	11728.3330	
109	811.468	375.8359	9639.3330	11457.0000	
110	817.294	212.5917	7927.6670	9509.6660	
111	823.113	224.1812	9064.0000	10690.6670	
112	828.925	125.2214	8787.6660	10332.6670	
113	834.731	191.3264	9716.0000	11180.6670	
114	840.530	357.7656	9112.3330	10859.3340	
115	846.322	525.3704	10177.6660	12077.0000	
116	852.107	401.6418	9133.3340	10893.6670	
117	857.885	246.8156	10157.6660	11775.6660	
118	863.656	190.3225	9825.3330	11399.3330	
119	869.420	292.6898	9787.0000	11463.6670	
120	875.177	365.8708	7943.6660	9709.0000	
121	880.928	571.9493	8172.6670	10149.6660	
122	886.672	623.6967	8306.0000	10340.3330	
123	892.408	688.1110	9615.3330	11719.6670	
124	898.138	320.8564	9351.3340	11094.0000	
125	903.861	205.6744	7481.0000	9106.6670	
126	909.576	275.9912	7481.3330	9076.6670	
127	915.285	396.6415	8866.0000	10679.0000	
128	920.987	580.4586	7219.0000	9214.0000	
129	926.682	373.2756	8324.0000	10110.0000	
130	932.370	242.7596	6060.0000	7713.6670	
131	938.051	191.2427	6235.0000	7835.3330	
132	943.724	264.3936	6369.3330	8041.0000	
133	949.391	367.3480	6799.3330	8594.0000	
134	955.051	522.8050	5238.0000	7198.0000	
135	960.704	446.9300	6568.6660	8462.6670	
136	966.349	170.3854	6223.3330	7850.6660	
137	971.988	279.4123	6059.0000	7803.0000	
138	977.619	327.1052	4253.0000	6052.3330	
139	983.244	282.7986	5068.3335	6831.0000	
140	988.861	232.5515	5505.3330	7212.0000	
141	994.471	437.4827	5621.6665	7528.6670	
142	1000.074	390.7457	5046.6670	6902.3330	
143	1005.670	340.3438	5955.3335	7756.0000	
144	1011.259	370.9418	5294.0000	7120.6670	
145	1016.841	444.8723	5394.0000	7290.0000	
146	1022.416	284.8034	5504.6665	7236.0000	
147	1027.983	321.7339	5489.6665	7253.3330	
148	1033.543	318.9987	4852.3335	6608.6670	
149	1039.096	299.9383	5639.3330	7367.6660	
150	1044.642	220.5454	4950.6670	6590.6670	
151	1050.181	241.8196	5331.0000	6983.3340	
152	1055.713	293.0928	3866.6665	5561.3335	
153	1061.237	259.0994	5389.0000	7039.3335	
154	1066.754	336.0464	5093.3330	6821.6670	
155	1072.264	564.1974	5397.6665	7340.3340	
156	1077.766	765.0142	5301.3330	7431.0000	
157	1083.262	724.0325	5620.6665	7696.3330	
158	1088.750	343.0513	4083.3335	5765.0000	
159	1094.231	195.0706	6032.0000	7552.6670	
160	1099.704	303.7556	6222.3340	7838.6670	
161	1105.171	523.0303	7072.6670	8885.6670	
162	1110.630	381.8885	6340.6660	8012.0000	
163	1116.081	358.4117	7352.6670	9000.0000	
164	1121.526	257.6033	6588.6670	8078.6670	
165	1126.963	226.1512	7667.0000	9193.6660	
166	1132.392	226.1987	7473.6660	8993.6670	
167	1137.815	233.0801	8151.3330	9672.6670	
168	1143.230	372.7927	6987.3340	8648.3330	
169	1148.637	567.6886	8385.0000	10257.6670	
170	1154.037	745.2498	8555.3330	10622.3330	
171	1159.430	881.1439	8751.3340	10971.0000	
172	1164.816	561.0405	8499.0000	10415.3340	
173	1170.194	353.0985	10549.0000	12274.0000	
174	1175.565	264.4076	9792.6670	11426.3340	
175	1180.928	210.6180	11420.3330	13055.0000	
176	1186.284	186.7355	10790.6670	12409.0000	
177	1191.632	178.6863	11555.0000	13179.6660	
178	1196.973	322.3038	11333.3340	13116.0000	
179	1202.307	421.9235	12496.6660	14393.3340	
180	1207.633	491.2050	11564.0000	13544.3320	
181	1212.951	500.9730	12815.6660	14824.6660	
182	1218.262	527.1813	12437.3320	14478.6680	
183	1223.566	673.9076	13383.0000	15592.0000	
184	1228.862	660.9695	13262.3340	15479.3340	
185	1234.151	546.9602	14580.3340	16708.0000	
186	1239.432	382.6189	14365.6660	16353.6660	
187	1244.705	323.9438	14607.0000	16561.0000	
188	1249.971	204.6028	14639.0000	16498.3340	
189	1255.230	266.0746	16763.3320	18727.6680	
190	1260.481	177.8746	15951.0000	17870.6660	
191	1265.724	286.3465	17531.6660	19603.3340	
192	1270.960	387.1484	17521.0000	19737.0000	
193	1276.188	499.6203	18776.6660	21148.6680	
194	1281.409	493.4222	17929.0000	20338.3340	
195	1286.622	708.5579	19254.6660	21922.6660	
196	1291.827	1024.1733	18955.6660	21998.0000	
197	1297.025	988.4691	20567.3340	23568.6680	
198	1302.215	746.0994	20019.6660	22773.3340	
199	1307.397	811.7296	21563.3320	24377.3340	
200	1312.572	746.6899	21102.3340	23846.0000	
201	1317.739	330.3965	22274.0000	24569.3340	
202	1322.899	115.4348	21945.6660	23994.0000	
203	1328.051	541.3505	23159.3320	25586.6680	
204	1333.195	585.9118	22604.0000	25055.6680	
205	1338.331	375.6688	24339.6660	26589.3320	
206	1343.460	194.7612	23390.3320	25467.3320	
207	1348.581	116.1841	25194.0000	27200.6641	
208	1353.694	219.9448	24251.3340	26370.0000	
209	1358.800	324.7051	26410.0000	28641.6680	
210	1363.898	935.7963	25691.6680	28542.6680	
211	1368.988	1496.2227	27385.0000	30804.6680	
212	1374.070	1707.9810	26653.0000	30292.6680	
213	1379.145	1847.7441	28276.6680	32080.0000	
214	1384.211	1239.8433	27339.6680	30559.0000	
215	1389.270	482.2781	29109.6641	31595.3320	
216	1394.322	111.3771	27849.3320	29988.0000	
217	1399.365	18.8959	29584.3340	31639.6641	
218	1404.401	0.0000	28382.3320	30395.0000	
219	1409.428	344.7671	30047.0000	32380.6680	
220	1414.448	992.8651	28665.6680	31623.6680	
221	1419.460	1497.3958	30282.3320	33716.0000	
222	1424.464	2139.2595	29156.3320	33203.0000	
223	1429.461	3814.7903	30509.3320	36202.6680	
224	1434.449	5949.5645	29327.0000	37106.6641	
225	1439.430	6348.6421	30831.6641	38960.6680	
226	1444.403	6189.0444	29587.0000	37506.6680	
227	1449.367	5988.7832	31049.0000	38718.6680	
228	1454.324	5492.1860	29496.6680	36620.0000	
229	1459.273	4570.5210	31267.3340	37352.3320	
230	1464.214	3438.5247	29227.0000	34063.3320	
231	1469.147	2528.5281	30455.6660	34265.3320	
232	1474.073	1578.5313	28820.0000	31563.0000	
233	1478.990	927.4249	30013.0000	32004.0000	
234	1483.899	529.3179	28323.0000	29815.0000	
235	1488.800	322.8799	30293.3320	31478.0000	
236	1493.693	242.4420	28830.3320	29833.6680	
237	1498.579	178.5923	30720.6641	31601.6641	
238	1503.456	157.3997	29429.3340	30238.6660	
239	1508.325	142.7319	29426.0000	30174.3320	
240	1513.187	176.7296	23964.6660	24731.0000	
241	1518.040	168.7288	28276.3320	28995.0000	
242	1522.885	178.3106	30043.0000	30735.3359	
243	1527.722	219.4753	32368.6641	33086.3359	
244	1532.551	263.2220	30998.0000	31646.3320	
245	1537.372	268.7408	32614.6641	33362.0000	
246	1542.185	215.1973	31346.0000	32077.3320	
247	1546.990	225.9092	32921.6641	33716.3359	
248	1551.787	411.0269	31809.0000	32842.3320	
249	1556.575	757.3521	33770.3320	35242.0000	
250	1561.356	1703.6716	31996.6660	34506.6641	
251	1566.128	1892.6663	33560.6641	36351.6680	
252	1570.893	1028.6479	32861.6680	34880.6641	
253	1575.649	513.3189	33852.3320	35418.6680	
254	1580.397	313.6468	31928.6680	33358.0000	
255	1585.137	245.3091	33261.0000	34684.6641	
256	1589.868	71.3121	30789.0000	32101.3359	
257	1594.592	57.9752	30642.3320	32004.0000	
258	1599.307	96.6336	29957.3359	31420.3320	
259	1604.014	578.8903	33133.3320	35166.0000	
260	1608.713	1477.4983	32095.6680	35060.6641	
261	1613.404	2033.0378	33520.6680	37110.3320	
262	1618.086	1673.9128	32845.0000	36144.6680	
263	1622.760	1657.7834	33441.0000	36793.6680	
264	1627.426	2595.9866	31496.0000	35856.0000	
265	1632.084	3725.4402	31896.0000	37423.6680	
266	1636.734	4220.9058	29988.6641	36024.3320	
267	1641.375	4586.7153	32431.6680	38845.3320	
268	1646.008	4900.2002	30486.0000	37225.3359	
269	1650.632	3609.7869	32211.6641	37563.3320	
270	1655.249	2544.0378	29504.6680	33693.3320	
271	1659.856	2223.2966	31517.0000	35287.6680	
272	1664.456	2186.5471	30606.0000	34242.6641	
273	1669.048	2840.1418	31561.3320	35754.3359	
274	1673.631	3577.3928	29287.6680	34120.6680	
275	1678.205	3979.3113	29090.6680	34228.3320	
276	1682.772	2287.5696	28288.6680	31637.3359	
277	1687.329	873.7476	28178.6680	30002.0000	
278	1691.879	292.2642	28266.0000	29396.3359	
279	1696.420	106.7769	30525.3320	31358.6680	
280	1700.953	161.6876	27089.6660	27881.0000	
281	1705.478	152.7227	27393.3320	28067.3320	
282	1709.994	210.0919	25471.6680	26094.6680	
283	1714.501	228.7950	28566.0000	29099.3320	
284	1719.000	279.8326	25485.0000	25961.0000	
285	1723.491	261.6942	25307.6680	25735.6680	
286	1727.973	298.2225	21569.6660	21997.0000	
287	1732.447	335.5023	25127.3320	25593.3320	
288	1736.912	335.6396	24282.3340	24699.6680	
289	1741.369	325.1100	23307.6660	23755.3340	
290	1745.818	314.4970	20945.6660	21323.0000	
291	1750.257	319.8837	23821.3340	24223.6660	
292	1754.689	283.4373	22133.0000	22486.3340	
293	1759.112	321.7207	21604.6660	21951.6680	
294	1763.526	366.6711	18149.0000	18558.3340	
295	1767.932	363.2874	20819.3340	21248.3320	
296	1772.329	341.5716	21422.3340	21779.3340	
297	1776.718	353.7359	18884.0000	19258.0000	
298	1781.098	370.2323	16316.3340	16711.6660	
299	1785.470	354.3141	16812.3320	17210.6660	
300	1789.833	336.5615	15659.3340	16041.3320	
301	1794.187	307.8233	16832.0000	17241.6680	
302	1798.533	247.9973	18027.6680	18323.0000	
303	1802.870	294.6718	18188.6680	18529.0000	
304	1807.199	323.6823	17364.3320	17732.0000	
305	1811.519	316.0229	15215.0000	15573.3340	
306	1815.830	304.0314	13605.6660	13950.3340	
307	1820.133	302.3710	14289.0000	14630.3330	
308	1824.427	314.7550	13578.0000	13918.0000	
309	1828.712	315.2206	15150.0000	15452.3320	
310	1832.989	324.0617	13688.6660	14040.6660	
311	1837.257	359.0471	12230.3340	12618.6660	
312	1841.516	347.0346	12027.3340	12405.0000	
313	1845.767	323.3268	12748.0000	13101.0000	
314	1850.009	319.1603	13489.3320	13845.3320	
315	1854.242	302.7022	12922.6670	13290.0000	
316	1858.467	274.3689	11458.3330	11780.0000	
317	1862.682	288.8721	10649.0000	10987.3330	
318	1866.889	354.3753	9253.3340	9659.3330	
319	1871.088	356.8795	7943.6670	8354.3330	
320	1875.277	350.0502	7442.3335	7848.3330	
321	1879.458	329.8879	8016.0000	8404.0000	
322	1883.630	316.6067	5629.6665	6016.3335	
323	1887.793	318.0994	5329.6665	5745.0000	
324	1891.947	316.1132	5497.3330	5853.3335	
325	1896.093	312.4214	6817.3340	7227.0000	
326	1900.230	312.1674	5368.3335	5751.3330	
327	1904.358	309.3506	7426.6670	7824.0000	
328	1908.477	293.9298	6722.3330	7083.3330	
329	1912.587	310.9154	6310.6670	6709.3330	
330	1916.688	324.6447	5991.0000	6313.3330	
331	1920.781	351.3746	5407.0000	5816.3335	
332	1924.864	352.0198	5723.3335	6131.3330	
333	1928.939	326.7693	6328.3335	6709.3330	
334	1933.005	311.1859	5191.3330	5560.6665	
335	1937.062	310.8522	4582.0000	4963.0000	
336	1941.110	303.3517	4795.6665	5119.0000	
337	1945.149	303.9344	5339.0000	5711.6665	
338	1949.179	305.6840	4812.0000	5144.3335	
339	1953.200	332.5998	4098.6670	4475.0000	
340	1957.212	343.0164	2042.3333	2434.3335	
341	1961.216	343.1606	2623.3335	3007.3335	
342	1965.210	342.8047	2564.3335	2952.0000	
343	1969.195	323.1867	2275.6667	2654.0000	
344	1973.172	284.3918	1344.6666	1687.3333	
345	1977.139	308.4460	1007.0000	1377.6666	
346	1981.098	317.9794	216.3333	617.3334	
347	1985.047	314.0336	815.3334	1192.6666	
348	1988.987	313.5238	508.3334	880.3334	
349	1992.919	324.5361	602.0000	1004.6666	
350	1996.841	328.7411	-176.6667	221.6667	
351	2000.754	328.4100	462.0000	854.3334	
352	2004.658	331.6205	-259.3333	123.6667	
353	2008.553	360.2685	304.6667	738.3333	
354	2012.439	331.3332	-322.0000	84.0000	
355	2016.316	306.6478	290.0000	660.0000	
356	2020.184	308.5474	-399.0000	-6.3333	
357	2024.043	313.3191	311.6667	673.3333	
358	2027.892	315.1743	-390.6667	28.0000	
359	2031.733	310.0293	221.0000	602.6666	
360	2035.564	309.5513	-378.6667	-27.6667	
361	2039.386	330.4884	251.6667	647.6667	
362	2043.199	338.0714	-426.3334	0.0000	
363	2047.003	338.3419	183.6667	568.6667	
364	2050.798	330.3385	-447.6667	-42.6667	
365	2054.583	317.2728	189.6667	569.6667	
366	2058.360	307.7905	-355.3333	7.6667	
367	2062.127	310.0373	210.3333	576.3334	
368	2065.885	308.0966	-341.6667	41.6667	
369	2069.634	316.1975	210.3333	538.3334	
370	2073.373	327.5068	-315.3333	63.6667	
371	2077.103	335.4534	327.6667	711.0000	
372	2080.824	321.3417	-342.3333	4.0000	
373	2084.536	314.3427	166.3333	548.0000	
374	2088.238	314.7186	-232.3333	86.3333	
375	2091.932	310.0529	17.0000	365.6667	
376	2095.615	310.4294	-302.0000	45.3333	
377	2099.290	330.7901	260.6667	626.3334	
378	2102.955	343.9006	-195.0000	184.0000	
379	2106.611	347.6778	186.3333	569.3333	
380	2110.258	332.1210	-433.3333	-65.6667	
381	2113.895	282.1535	-699.0000	-383.0000	
382	2117.523	320.5193	-146.0000	206.6667	
383	2121.142	329.8850	192.3333	553.3333	
384	2124.751	331.5841	-554.3333	-196.0000	
385	2128.351	320.8539	93.3333	462.6667	
386	2131.942	316.0338	-419.0000	-66.3333	
387	2135.523	308.2136	105.0000	425.6667	
388	2139.095	308.0608	-381.0000	-26.3333	
389	2142.657	309.2788	298.3333	638.3333	
390	2146.210	312.1635	-418.3333	-77.6667	
391	2149.754	312.9648	211.3333	591.0000	
392	2153.288	319.2354	-589.0000	-256.0000	
393	2156.812	326.1832	87.3333	409.3333	
394	2160.327	342.2976	-277.3333	78.3333	
395	2163.833	355.1620	319.0000	687.3333	
396	2167.330	329.0256	-263.0000	79.0000	
397	2170.816	315.2946	138.6667	432.0000	
398	2174.293	317.2303	-381.6667	-29.0000	
399	2177.761	310.1660	199.6667	517.0000	
400	2181.220	288.1017	-174.0000	119.3333	
401	2184.668	316.7039	450.3333	770.3333	
402	2188.108	327.8896	-323.0000	10.6667	
403	2191.537	328.8253	-0.6667	294.6667	
404	2194.958	329.5952	-393.0000	-25.0000	
405	2198.368	327.0161	243.6667	559.6666	
406	2201.769	308.3499	-396.0000	-67.0000	
407	2205.161	307.9015	248.6667	540.3334	
408	2208.543	312.5366	-331.6667	16.3333	
409	2211.915	323.5870	337.3333	668.3333	
410	2215.278	335.7208	-416.3333	-52.0000	
411	2218.631	318.3546	283.3333	634.0000	
412	2221.974	293.3219	-344.3333	-15.0000	
413	2225.308	329.0522	325.3333	677.6667	
414	2228.632	342.0197	-602.3333	-239.6667	
415	2231.947	338.4037	152.6667	517.6667	
416	2235.252	330.2880	-582.3334	-236.6667	
417	2238.547	296.5887	210.0000	519.3333	
418	2241.833	323.5562	-496.0000	-162.3333	
419	2245.109	331.8570	-1.6667	337.6667	
420	2248.375	318.0742	-349.3333	-3.0000	
421	2251.631	305.9354	293.3333	590.6667	
422	2254.878	300.4635	-432.0000	-123.3333	
423	2258.115	307.5123	234.3333	520.3333	
424	2261.343	319.6026	-328.3333	-8.6667	
425	2264.560	329.5407	196.0000	524.6666	
426	2267.768	360.1456	-147.3333	211.0000	
427	2270.966	352.1650	320.3333	682.0000	
428	2274.154	327.8816	-331.6667	5.6667	
429	2277.333	310.1001	180.6667	501.3333	
430	2280.502	295.6518	-316.0000	-8.6667	
431	2283.661	308.8702	346.6667	668.3333	
432	2286.810	332.7554	-392.6667	-46.0000	
433	2289.949	344.3072	179.3333	538.6667	
434	2293.079	343.2198	-400.0000	-53.0000	
435	2296.198	317.2895	219.0000	544.6667	
436	2299.308	310.1923	-575.3333	-249.0000	
437	2302.408	307.3558	289.0000	577.6666	
438	2305.498	308.4359	-424.0000	-102.0000	
439	2308.579	311.7452	16.6667	326.6667	
440	2311.649	321.2630	-540.6667	-234.6667	
441	2314.709	326.9289	326.6667	677.0000	
442	2317.760	325.5115	-299.3333	24.0000	
443	2320.801	318.0108	116.3333	442.3333	
444	2323.832	299.1769	-479.3333	-185.6667	
445	2326.853	319.7560	337.6667	651.3334	
446	2329.864	329.0851	-476.0000	-142.3333	
447	2332.865	337.3308	184.3333	475.0000	
448	2335.855	347.0412	-423.0000	-71.3333	
449	2338.837	339.8839	-22.3333	322.0000	
450	2341.808	318.8099	-344.0000	-43.0000	
451	2344.769	318.9859	397.0000	733.0000	
452	2347.720	307.0784	-564.3333	-253.3333	
453	2350.661	304.0114	339.0000	647.3333	
454	2353.592	285.2777	-405.0000	-115.0000	
455	2356.513	305.1375	178.0000	475.6667	
456	2359.424	318.0764	-479.6667	-145.6667	
457	2362.325	321.1921	218.0000	504.3334	
458	2365.216	322.3080	-307.6667	12.6667	
459	2368.097	326.3403	191.0000	485.0000	
460	2370.968	346.9553	-237.3333	85.0000	
461	2373.829	337.5960	73.3333	396.0000	
462	2376.680	325.2369	-244.3333	44.0000	
463	2379.520	322.5650	290.0000	560.6667	
464	2382.351	328.7057	-405.3333	-124.3333	
465	2385.171	333.4090	74.0000	373.3333	
466	2387.982	331.3831	-307.0000	-43.0000	
467	2390.782	324.9405	269.3333	537.3334	
468	2393.572	319.2485	-564.6667	-316.3333	
469	2396.352	304.7255	195.3333	444.3333	
470	2399.121	299.8862	-331.0000	-114.3333	
471	2401.881	299.2136	292.0000	533.3333	
472	2404.630	302.5406	-574.0000	-358.3333	
473	2407.369	311.3314	247.0000	480.0000	
474	2410.098	316.7263	-433.6667	-185.3333	
475	2412.817	318.3296	326.6667	563.0000	
476	2415.526	332.9991	-380.6667	-130.6667	
477	2418.224	330.5508	313.6667	515.0000	
478	2420.912	332.5191	-458.3334	-206.6667	
479	2423.590	335.5709	103.0000	318.3333	
480	2426.258	336.2058	-414.0000	-170.6667	
481	2428.915	328.0909	215.3333	426.6667	
482	2431.562	322.1426	-477.0000	-242.6667	
483	2434.199	319.0276	212.3333	383.0000	
484	2436.826	310.5791	1052.3334	1259.6667	
485	2439.442	314.9721	240.3333	427.0000	
486	2442.048	319.4484	-642.0000	-453.6667	
487	2444.644	328.5081	75.3333	268.3333	
488	2447.229	330.0681	-435.6667	-212.6667	
489	2449.804	322.9801	63.6667	232.0000	
490	2452.368	307.9263	-494.0000	-317.6667	
491	2454.923	309.2671	410.0000	565.6667	
492	2457.467	337.0242	-375.0000	-173.0000	
493	2460.000	329.2004	244.3333	457.0000	
494	2462.523	315.0432	-564.6667	-385.6667	
495	2465.036	317.5527	251.0000	432.0000	
496	2467.539	331.3955	-302.3333	-108.0000	
497	2470.031	316.6550	395.6667	613.0000	
498	2472.512	308.4145	-402.6667	-259.0000	
499	2474.983	303.0907	448.6667	609.6667	
500	2477.444	303.6006	-325.3333	-166.0000	
501	2479.894	333.7810	-3.3333	190.6667	
502	2482.334	333.0657	-468.6667	-266.6667	
503	2484.763	331.5796	219.0000	413.6667	
504	2487.182	332.2600	-383.6667	-177.3333	
505	2489.590	327.8364	206.3333	350.0000	
506	2491.988	322.5169	-373.6667	-156.3333	
507	2494.375	323.1974	218.0000	392.0000	
508	2496.752	326.8779	-617.6666	-435.3333	
509	2499.119	329.5584	225.6667	410.0000	
510	2501.475	354.9056	-282.6667	-73.6667	
511	2503.820	262.5861	-55.3333	60.6667	
