resultName	muna8-34
resultName	muna8-34
ID	RS20191213123427_P19331194
Command	SCANANDSEARCH
User	Admin
Application	_Analyze
SerialNumber	P19331194
Power	280
Integration	900
Averages	3
AutoExposure	Off
AutoCollect	Off
QuickCollect	Off
AutoBackground	On
BaselineCorrection	On
Algorithm	Wavelet
Searched Library	All,None,None,None
MixtureComponents	2
matchThreshold	0.75
displayMatches	1
Threshold	0.80
WL Start	
WL End	
ServerVersion	3.180316
FirmwareVersion	
date	2019-12-13
time	12:34:27
scanindex	0
specpath	RS20191213123427_P19331194.xml
Search Range	200 - 2500
Synced	false
lastCalDateTime	2019-12-13 10:05:29
lastCalUser	Admin
lastCalResult	PASS
lastVerifyDateTime	2019-10-16 15:05:37
lastVerifyUser	Admin
lastVerifyResult	PASS
selectedMaterial	
result	No Match
ValidationGUID	
ValidationMatchQuality	
topMatch	
topMatchGUID	
topMatchQuality	
secondMatch	
secondMatchGUID	
secondMatchQuality	
thirdMatch	
thirdMatchGUID	
thirdMatchQuality	
fourthMatch	
fourthMatchGUID	
fourthMatchQuality	
fifthMatch	
fifthMatchGUID	
fifthMatchQuality	
signedBy	
signedDateTime	
softwareVer	1.7.0.21
memo	
batchID	
inBatch	false
batchUID	
batchCID1	
batchCIDlbl1	
batchCID2	
batchCIDlbl2	
batchCID3	
batchCIDlbl3	
batchCID4	
batchCIDlbl4	
batchCID5	
batchCIDlbl5	
signedTitle	
signedReason	
rescanned	
barcode	
topMatchContribs	
secondMatchContribs	
thirdMatchContribs	
fourthMatchContribs	
fifthMatchContribs	
ValidationMatchContribs	
Threat	
PrecursorList	
CompundName	
WindowStart4C	
MatchLibrary	
lastModified	2019/12/13 12:36
Signal2Noise	20.67
Detector TEC SetPoint	0x8000
Detector Temp	5.03
Laser Temp	25.38
OE1 Temp	36.19
OE2 Temp	40.12
Detector Gain	200
SaturationDetected	false
InterpolatedPixelList	
PeakList	 287.3	496	297.2	468	324.9	392	335.0	372	399.2	397	444.5	342	481.4	342	646.5	1006	679.5	564	746.7	422	805.7	346	840.7	408	960.2	380	1093.2	343	1142.4	439	1209.0	360	1334.2	443	1365.7	514	1377.2	467	1457.9	1944	1644.4	1131	1677.5	863	1710.4	459
index	Raman Shift (cm-1)	Y value (counts)	background (counts)	raw value (counts)
0	137.589	230.8216	9278.6670	10629.0000	
1	144.103	170.4384	9988.3330	11242.0000	
2	150.611	166.7203	10449.3340	11663.0000	
3	157.114	236.0032	10632.6670	11879.3330	
4	163.610	194.9530	10340.6670	11510.0000	
5	170.101	217.9029	11365.0000	12521.0000	
6	176.586	204.1858	10977.6670	12083.6670	
7	183.065	240.1356	10790.3330	11896.0000	
8	189.538	115.0854	10366.0000	11310.3340	
9	196.005	160.0343	11558.0000	12511.0000	
10	202.467	143.3172	11343.6670	12243.6670	
11	208.922	250.2661	11801.0000	12771.6660	
12	215.372	242.8829	11131.0000	12058.0000	
13	221.815	197.2458	11748.3340	12607.0000	
14	228.253	169.7687	11943.3330	12748.6660	
15	234.685	169.7297	12135.3340	12945.6670	
16	241.111	135.6916	10546.3330	11327.6670	
17	247.531	149.9856	11385.3330	12186.0000	
18	253.945	146.2796	10339.6660	11141.6660	
19	260.353	176.5736	11146.0000	11983.3330	
20	266.755	144.5346	9580.6670	10391.0000	
21	273.151	223.4550	11629.3330	12536.6660	
22	279.541	469.3765	10761.6660	11933.0000	
23	285.925	496.2969	10287.0000	11503.3340	
24	292.303	447.8835	9691.0000	10877.0000	
25	298.675	468.3796	9500.0000	10724.0000	
26	305.041	402.5428	9322.6670	10498.3340	
27	311.401	277.7059	10472.3330	11540.6670	
28	317.754	320.4293	8820.0000	9953.6670	
29	324.102	391.6661	9189.0000	10376.3340	
30	330.444	347.5689	9078.3330	10204.0000	
31	336.780	371.8047	9460.3340	10592.6670	
32	343.109	330.7086	9366.0000	10439.6670	
33	349.433	169.2784	8788.0000	9682.6670	
34	355.750	136.5152	7558.0000	8402.3340	
35	362.061	62.1277	9858.0000	10605.3340	
36	368.366	125.6518	7475.3335	8205.0000	
37	374.665	187.5158	7849.3330	8709.6670	
38	380.958	340.1280	8319.3340	9335.3330	
39	387.245	242.4092	8475.0000	9396.3330	
40	393.526	217.0233	6693.3330	7592.3330	
41	399.800	397.0810	8049.0000	9128.6670	
42	406.068	243.8038	6754.3340	7681.3330	
43	412.330	165.5289	4429.3330	5278.6665	
44	418.586	173.2532	5413.0000	6270.6670	
45	424.835	198.0334	5168.3335	6046.6665	
46	431.079	176.1479	3564.0000	4416.3335	
47	437.316	238.5956	2451.6665	3362.3335	
48	443.547	342.3760	2157.6667	3168.0000	
49	449.771	284.8468	3735.3335	4690.0000	
50	455.990	253.0450	2159.3333	3072.3335	
51	462.202	199.2427	1991.3333	2840.6667	
52	468.408	135.1070	1816.0000	2591.3333	
53	474.607	278.5179	2736.6667	3641.3335	
54	480.801	342.2618	1359.0000	2313.3333	
55	486.988	289.3394	866.3334	1753.6667	
56	493.168	185.1229	1498.0000	2262.0000	
57	499.343	160.7657	2192.3333	2915.0000	
58	505.511	158.9917	1836.3333	2524.0000	
59	511.672	177.4678	1100.6666	1815.0000	
60	517.828	193.4022	1365.6667	2056.6665	
61	523.977	207.0643	1813.0000	2541.6667	
62	530.119	206.9347	930.3334	1621.3333	
63	536.255	223.0552	1632.3333	2329.3333	
64	542.385	179.5090	747.6667	1373.6666	
65	548.509	191.6298	2225.6665	2847.6667	
66	554.626	123.4166	3783.0000	4320.6665	
67	560.736	146.8700	4235.6670	4780.6665	
68	566.840	190.3241	2522.6667	3099.0000	
69	572.938	200.4373	1918.6667	2469.6667	
70	579.030	229.1840	548.3334	1165.3333	
71	585.114	191.6017	653.0000	1243.6667	
72	591.193	92.3523	800.6667	1303.3333	
73	597.265	107.7920	2411.3333	2954.3333	
74	603.330	236.2317	2976.0000	3672.3335	
75	609.389	369.0044	3016.3335	3870.3335	
76	615.442	474.1110	3806.6665	4790.6670	
77	621.488	478.2413	3952.0000	4950.3335	
78	627.527	353.5338	3218.6670	4100.6665	
79	633.560	529.8279	2703.6665	3770.3335	
80	639.586	696.1212	2746.3333	3987.6670	
81	645.606	1005.7470	3945.0000	5504.3330	
82	651.620	960.0403	2907.6667	4429.6665	
83	657.626	694.3339	1552.3333	2817.0000	
84	663.626	483.6270	1248.3334	2310.6667	
85	669.620	414.8107	1469.0000	2454.6667	
86	675.607	521.3276	535.3334	1619.6667	
87	681.587	563.8445	1485.0000	2604.0000	
88	687.561	283.6946	2820.3333	3651.3330	
89	693.528	186.9742	2850.3333	3572.3330	
90	699.489	192.0876	1526.0000	2235.0000	
91	705.443	199.7934	2376.3333	3138.3335	
92	711.390	166.4633	2335.6665	3002.0000	
93	717.331	101.2265	2076.0000	2675.6665	
94	723.265	160.3239	2485.3333	3142.6670	
95	729.192	320.7535	2124.6667	2941.0000	
96	735.113	408.1840	2372.3335	3274.6670	
97	741.026	399.2811	3228.6665	4120.6670	
98	746.934	422.1868	3144.6665	4054.3330	
99	752.834	398.8495	4578.0000	5467.3330	
100	758.728	363.5126	3238.0000	4095.0000	
101	764.615	266.2381	4617.6670	5373.6665	
102	770.495	222.2981	3727.0000	4435.3335	
103	776.369	125.6906	4017.3335	4625.3335	
104	782.236	114.4164	3984.3335	4577.3335	
105	788.096	135.8142	5044.0000	5657.0000	
106	793.949	184.8786	5068.3335	5729.0000	
107	799.795	272.2770	6376.0000	7122.6670	
108	805.635	346.0084	5384.6665	6203.6670	
109	811.468	285.3069	5750.3335	6518.0000	
110	817.294	185.2729	4620.0000	5255.6670	
111	823.113	182.6556	5440.6670	6098.3335	
112	828.925	168.8444	5198.6670	5845.6670	
113	834.731	267.6106	6050.6665	6845.3340	
114	840.530	408.4592	5658.6665	6606.3335	
115	846.322	228.3087	6605.6660	7385.3335	
116	852.107	205.2406	5846.3335	6533.6670	
117	857.885	251.9988	6710.6670	7533.0000	
118	863.656	208.5083	6509.6670	7295.3340	
119	869.420	193.7720	6625.6660	7398.0000	
120	875.177	173.8929	5227.3335	5960.0000	
121	880.928	193.1197	5568.3330	6321.3330	
122	886.672	198.3468	5611.3335	6362.6670	
123	892.408	265.5736	6951.6670	7780.0000	
124	898.138	316.1345	6791.0000	7664.6670	
125	903.861	217.8593	5470.6670	6238.6665	
126	909.576	180.9184	5515.6670	6198.3335	
127	915.285	174.9775	6784.6670	7516.3330	
128	920.987	173.1198	5638.3335	6350.6670	
129	926.682	173.5123	6700.0000	7414.6670	
130	932.370	160.9879	4847.0000	5492.6665	
131	938.051	173.8801	5100.6665	5804.3335	
132	943.724	181.2724	5385.3330	6018.0000	
133	949.391	238.9893	5941.0000	6677.6670	
134	955.051	342.5800	4575.0000	5413.3335	
135	960.704	379.5041	6026.3335	6899.6670	
136	966.349	234.0956	5912.3330	6638.3340	
137	971.988	228.8875	5880.0000	6545.6670	
138	977.619	272.4300	3991.0000	4761.3330	
139	983.244	185.7643	4932.6670	5619.3330	
140	988.861	169.0430	5531.0000	6200.0000	
141	994.471	178.4674	5786.0000	6448.0000	
142	1000.074	184.4125	5203.0000	5920.6670	
143	1005.670	176.5869	6245.6670	6942.0000	
144	1011.259	168.5737	5780.6665	6448.0000	
145	1016.841	178.0814	5954.0000	6672.0000	
146	1022.416	170.2558	6125.6670	6843.3335	
147	1027.983	178.4305	6112.6665	6819.3335	
148	1033.543	214.7717	5466.3330	6243.6670	
149	1039.096	194.8208	6439.6665	7170.6670	
150	1044.642	226.5782	5780.3335	6597.6670	
151	1050.181	236.1479	6159.6665	7000.6660	
152	1055.713	152.7186	4522.6665	5294.3330	
153	1061.237	198.4604	6188.6660	7014.6670	
154	1066.754	185.4866	5838.0000	6665.6670	
155	1072.264	150.1321	6247.6670	7044.6660	
156	1077.766	270.4475	6238.3330	7160.3340	
157	1083.262	235.4271	6478.0000	7356.3340	
158	1088.750	208.7398	4567.3335	5410.3335	
159	1094.231	343.3864	6553.3330	7522.3330	
160	1099.704	212.3660	6753.3340	7582.6670	
161	1105.171	130.4669	7537.3330	8270.0000	
162	1110.630	173.7073	6445.6660	7206.6665	
163	1116.081	262.9479	7206.0000	8041.3340	
164	1121.526	376.8540	6250.0000	7184.3330	
165	1126.963	416.6871	7135.6660	8092.6670	
166	1132.392	380.1844	6907.6670	7811.0000	
167	1137.815	374.6827	7409.6670	8290.3330	
168	1143.230	438.8480	6053.0000	6980.6660	
169	1148.637	344.1276	7210.6670	8030.0000	
170	1154.037	262.0741	7256.3330	7980.0000	
171	1159.430	220.0197	7231.0000	7899.0000	
172	1164.816	163.7156	6689.6670	7241.0000	
173	1170.194	162.3328	8375.0000	8965.0000	
174	1175.565	145.8665	7443.3330	8026.3330	
175	1180.928	143.0925	8746.6670	9292.0000	
176	1186.284	168.6004	8054.3340	8675.0000	
177	1191.632	192.6089	8446.0000	9112.3330	
178	1196.973	182.2005	8170.6670	8812.3330	
179	1202.307	208.3755	8980.6670	9672.3330	
180	1207.633	359.9681	7979.6660	8833.3330	
181	1212.951	344.5565	8963.0000	9806.3330	
182	1218.262	286.0278	8455.6660	9241.6670	
183	1223.566	240.0090	9067.6670	9822.0000	
184	1228.862	213.0745	8730.0000	9488.0000	
185	1234.151	160.1206	9682.3330	10365.6670	
186	1239.432	164.4154	9317.0000	10017.0000	
187	1244.705	298.7113	9395.6660	10242.3330	
188	1249.971	282.6731	9194.3340	10037.3340	
189	1255.230	293.3521	10619.0000	11481.0000	
190	1260.481	166.0310	9878.3330	10621.3330	
191	1265.724	160.5435	10828.0000	11555.0000	
192	1270.960	177.3889	10591.3330	11362.3330	
193	1276.188	163.2341	11349.0000	12091.3340	
194	1281.409	176.7457	10443.6670	11230.6660	
195	1286.622	216.0916	11240.6670	12075.3330	
196	1291.827	202.5115	10676.6660	11511.6660	
197	1297.025	168.1165	11739.6660	12561.6680	
198	1302.215	128.0507	11109.6670	11913.0000	
199	1307.397	192.9867	12022.0000	12911.6660	
200	1312.572	206.5900	11465.6670	12390.3340	
201	1317.739	216.3108	11943.3330	12893.0000	
202	1322.899	185.0317	11617.3330	12551.0000	
203	1328.051	278.0658	12212.0000	13246.6660	
204	1333.195	443.4152	11581.6660	12790.6660	
205	1338.331	420.4004	12515.0000	13707.0000	
206	1343.460	272.0516	11591.0000	12640.6660	
207	1348.581	173.0388	12613.6660	13570.3340	
208	1353.694	167.3561	11694.0000	12651.0000	
209	1358.800	335.0074	12934.3340	14065.0000	
210	1363.898	513.9926	12211.0000	13526.6660	
211	1368.988	468.6459	13053.0000	14329.3340	
212	1374.070	453.6311	12334.6660	13602.0000	
213	1379.145	467.2214	13135.6680	14422.0000	
214	1384.211	292.4816	12428.0000	13545.0000	
215	1389.270	186.7398	13383.3340	14400.0000	
216	1394.322	0.0000	12400.0000	13235.3340	
217	1399.365	56.4057	13324.0000	14213.0000	
218	1404.401	177.2630	12463.6660	13462.3340	
219	1409.428	217.7843	13550.0000	14578.0000	
220	1414.448	421.6416	12425.6660	13646.3340	
221	1419.460	612.2939	13258.3320	14658.6660	
222	1424.464	648.2820	12508.3320	13933.6680	
223	1429.461	955.5981	13186.3340	14908.0000	
224	1434.449	1246.0135	12497.0000	14490.3340	
225	1439.430	1370.7305	13236.3340	15334.3340	
226	1444.403	1515.7815	12462.0000	14685.0000	
227	1449.367	1685.1665	13300.0000	15672.3340	
228	1454.324	1880.5497	12139.0000	14686.6660	
229	1459.273	1944.1996	13176.0000	15748.3340	
230	1464.214	1392.5155	11958.0000	13939.6680	
231	1469.147	832.1615	12684.0000	14066.3320	
232	1474.073	561.4781	11520.6670	12593.3340	
233	1478.990	353.2174	12213.0000	13043.3320	
234	1483.899	224.9589	11213.0000	11881.0000	
235	1488.800	196.3680	12252.3330	12857.6680	
236	1493.693	138.7728	11330.3340	11844.0000	
237	1498.579	147.2399	12390.6660	12888.3340	
238	1503.456	160.4160	11547.6670	12014.0000	
239	1508.325	177.3331	11803.3330	12306.6660	
240	1513.187	185.0005	9056.0000	9547.3330	
241	1518.040	172.5020	10921.3330	11372.3340	
242	1522.885	144.7511	11722.0000	12128.3330	
243	1527.722	158.6674	13151.0000	13554.3320	
244	1532.551	184.7513	12260.3340	12653.6660	
245	1537.372	189.9633	13263.0000	13704.6660	
246	1542.185	173.9950	12392.3340	12804.0000	
247	1546.990	162.6102	13407.3340	13829.0000	
248	1551.787	162.3083	12654.3340	13091.6660	
249	1556.575	196.8481	13777.3340	14310.0000	
250	1561.356	192.8040	12845.0000	13319.0000	
251	1566.128	188.5930	13637.6680	14213.6660	
252	1570.893	155.4655	13343.3340	13897.0000	
253	1575.649	186.3080	13862.0000	14510.3320	
254	1580.397	136.4845	12776.6660	13429.6660	
255	1585.137	230.3260	13686.6680	14488.0000	
256	1589.868	261.5035	12386.6660	13273.6660	
257	1594.592	276.3470	12791.3320	13747.6660	
258	1599.307	249.8556	12134.3330	13118.6660	
259	1604.014	268.6250	13671.6660	14738.3340	
260	1608.713	236.5199	13170.6660	14251.0000	
261	1613.404	284.8014	14036.3340	15190.3340	
262	1618.086	333.0828	13898.0000	15125.6660	
263	1622.760	339.3641	14143.0000	15402.3320	
264	1627.426	382.3133	13086.3340	14414.0000	
265	1632.084	446.2757	13417.3340	14822.3320	
266	1636.734	737.5001	12201.0000	13900.6660	
267	1641.375	1059.6090	13876.0000	15901.6660	
268	1646.008	1130.7189	12707.6670	14808.3340	
269	1650.632	658.3295	13820.0000	15414.6660	
270	1655.249	284.2748	12192.0000	13379.0000	
271	1659.856	190.2207	13355.0000	14414.3340	
272	1664.456	332.8322	12896.6660	14065.0000	
273	1669.048	507.7756	13692.3340	15002.0000	
274	1673.631	794.7216	12208.3340	13771.3340	
275	1678.205	862.9999	12125.3330	13723.0000	
276	1682.772	578.2794	11866.3330	13145.6680	
277	1687.329	372.1179	11859.6660	12893.6660	
278	1691.879	154.6252	11841.6660	12619.0000	
279	1696.420	21.7968	13435.6680	14041.0000	
280	1700.953	168.6876	11511.0000	12231.0000	
281	1705.478	313.7836	11852.6670	12660.6660	
282	1709.994	458.8807	10568.6670	11464.6670	
283	1714.501	426.9772	12598.6660	13405.6660	
284	1719.000	186.7406	11028.0000	11537.6670	
285	1723.491	199.0531	11320.3340	11805.3330	
286	1727.973	149.1168	8959.0000	9340.0000	
287	1732.447	190.0090	11019.0000	11407.3340	
288	1736.912	153.6211	10799.3340	11137.3330	
289	1741.369	137.6519	10537.0000	10830.6670	
290	1745.818	160.6817	8808.0000	9108.0000	
291	1750.257	177.1286	10914.3330	11176.0000	
292	1754.689	200.8248	9873.3330	10208.6660	
293	1759.112	187.6561	10016.6660	10281.3340	
294	1763.526	215.5891	7654.3330	7918.6670	
295	1767.932	248.8141	9384.3340	9685.0000	
296	1772.329	262.7273	10119.0000	10421.0000	
297	1776.718	264.2373	8887.3330	9192.6660	
298	1781.098	261.7483	7129.0000	7433.6670	
299	1785.470	239.2583	7694.3330	7978.3330	
300	1789.833	205.3106	6832.0000	7070.6665	
301	1794.187	198.8210	7859.3330	8104.0000	
302	1798.533	185.0497	8646.0000	8945.0000	
303	1802.870	136.4871	9305.6660	9499.3340	
304	1807.199	164.0898	8901.6660	9125.0000	
305	1811.519	214.8594	7549.3330	7845.3330	
306	1815.830	213.2958	6512.3330	6804.6665	
307	1820.133	205.8159	7281.0000	7574.0000	
308	1824.427	162.2205	6584.6670	6810.0000	
309	1828.712	210.5647	8078.0000	8352.3340	
310	1832.989	216.6572	7205.3340	7496.6670	
311	1837.257	217.2501	6368.3330	6644.3330	
312	1841.516	216.5930	6125.6670	6408.3330	
313	1845.767	211.1711	6700.0000	6979.3330	
314	1850.009	179.7493	7677.6670	7928.0000	
315	1854.242	179.9954	7387.6660	7640.6670	
316	1858.467	181.3226	6464.6670	6726.3330	
317	1862.682	180.2828	6007.3335	6259.6670	
318	1866.889	182.4928	5228.3335	5488.3335	
319	1871.088	228.7865	4247.0000	4554.3335	
320	1875.277	218.4136	3687.3330	3985.3335	
321	1879.458	212.3738	4628.3330	4921.3335	
322	1883.630	202.6440	2930.6665	3203.0000	
323	1887.793	202.9299	2663.3335	2973.3333	
324	1891.947	194.8825	2750.0000	3030.6667	
325	1896.093	191.5027	4096.0000	4370.6665	
326	1900.230	193.1231	2800.6665	3084.3335	
327	1904.358	182.7430	4665.6670	4929.3330	
328	1908.477	168.6142	4275.6670	4489.3335	
329	1912.587	174.4955	4074.0000	4343.6665	
330	1916.688	186.8414	3956.3335	4201.0000	
331	1920.781	192.6872	3321.6670	3581.6665	
332	1924.864	194.4498	3660.6665	3916.6665	
333	1928.939	219.2979	4498.0000	4784.0000	
334	1933.005	214.4791	3670.0000	3966.0000	
335	1937.062	198.3270	3037.3335	3299.0000	
336	1941.110	189.6749	3061.6665	3340.6665	
337	1945.149	154.6897	3685.6665	3905.0000	
338	1949.179	195.2040	3632.0000	3891.3333	
339	1953.200	198.7189	3142.3335	3404.6670	
340	1957.212	204.4832	1336.6667	1621.3333	
341	1961.216	205.5827	1632.6667	1879.3335	
342	1965.210	204.2863	1799.0000	2075.6667	
343	1969.195	201.9264	1450.6667	1723.0000	
344	1973.172	200.1039	768.3333	1048.3333	
345	1977.139	197.6040	743.0000	1007.3333	
346	1981.098	197.9375	-41.0000	241.0000	
347	1985.047	194.9376	400.6667	675.0000	
348	1988.987	206.7711	189.3333	482.6667	
349	1992.919	223.9792	522.3333	833.6666	
350	1996.841	203.6729	-262.3333	24.6667	
351	2000.754	157.5126	414.6667	654.0000	
352	2004.658	167.3523	-280.0000	-32.3333	
353	2008.553	203.8587	332.3333	615.0000	
354	2012.439	207.0317	-326.0000	-41.6667	
355	2016.316	208.1423	287.3333	595.3334	
356	2020.184	205.7111	-385.0000	-105.0000	
357	2024.043	168.4077	330.3333	571.6666	
358	2027.892	216.7710	-357.3333	-69.0000	
359	2031.733	204.8634	238.6667	548.3333	
360	2035.564	175.4972	-330.3333	-86.0000	
361	2039.386	191.1573	313.0000	545.6667	
362	2043.199	212.9841	-378.3333	-100.6667	
363	2047.003	214.3942	234.3333	511.3333	
364	2050.798	201.6370	-416.6667	-150.0000	
365	2054.583	180.0132	228.6667	473.6667	
366	2058.360	187.9728	-305.0000	-62.6667	
367	2062.127	189.3490	212.6667	512.0000	
368	2065.885	189.3919	-290.0000	-65.0000	
369	2069.634	199.0806	205.0000	455.3334	
370	2073.373	225.2276	-305.3333	-15.3333	
371	2077.103	200.8926	358.6667	619.6666	
372	2080.824	146.1665	-267.6667	-62.3333	
373	2084.536	169.1897	240.6667	467.6667	
374	2088.238	208.5462	-251.3333	13.6667	
375	2091.932	224.5694	26.0000	305.6667	
376	2095.615	212.2592	-270.0000	-4.0000	
377	2099.290	209.1092	293.0000	555.0000	
378	2102.955	202.9592	-178.3333	76.6667	
379	2106.611	191.8925	271.0000	482.0000	
380	2110.258	192.7423	-380.0000	-120.0000	
381	2113.895	197.6450	-674.3334	-409.6667	
382	2117.523	189.7976	-105.0000	118.6667	
383	2121.142	191.4502	235.6667	472.6667	
384	2124.751	178.2695	-495.6667	-273.6667	
385	2128.351	173.8310	172.0000	392.3333	
386	2131.942	183.4679	-364.6667	-146.6667	
387	2135.523	187.8757	134.3333	391.3333	
388	2139.095	187.9294	-329.6667	-105.3333	
389	2142.657	189.5064	331.3333	569.6666	
390	2146.210	224.7710	-417.6667	-124.3333	
391	2149.754	224.1189	246.0000	511.6667	
392	2153.288	216.5150	-575.0000	-268.0000	
393	2156.812	203.0388	108.6667	354.3333	
394	2160.327	202.6459	-249.3333	4.6667	
395	2163.833	199.5029	379.0000	640.0000	
396	2167.330	192.8599	-218.0000	20.6667	
397	2170.816	194.8582	158.3333	413.6667	
398	2174.293	179.8566	-379.0000	-150.0000	
399	2177.761	191.8549	228.0000	443.3334	
400	2181.220	211.1866	-158.3333	98.0000	
401	2184.668	200.2683	449.6666	709.0000	
402	2188.108	195.6832	-271.0000	-46.3333	
403	2191.537	197.6816	18.0000	251.3333	
404	2194.958	192.8467	-334.0000	-104.0000	
405	2198.368	198.0210	261.6667	488.6667	
406	2201.769	196.5126	-354.3333	-93.0000	
407	2205.161	177.9035	276.0000	486.3333	
408	2208.543	186.3775	-280.3333	-96.3333	
409	2211.915	229.6800	363.6667	621.0000	
410	2215.278	184.5660	-372.0000	-161.3333	
411	2218.631	185.4518	340.0000	535.3333	
412	2221.974	191.0045	-303.0000	-64.3333	
413	2225.308	197.8573	417.3333	612.6667	
414	2228.632	194.6156	-537.3334	-310.6667	
415	2231.947	190.9780	228.3333	441.6667	
416	2235.252	191.7154	-542.0000	-337.0000	
417	2238.547	199.8903	242.0000	481.6667	
418	2241.833	196.6486	-469.0000	-238.6667	
419	2245.109	218.9069	31.3333	290.3333	
420	2248.375	213.9984	-342.3333	-59.6667	
421	2251.631	205.5843	303.3333	530.0000	
422	2254.878	205.4203	-431.0000	-170.0000	
423	2258.115	182.1729	276.0000	502.0000	
424	2261.343	186.8423	-296.3333	-89.0000	
425	2264.560	194.7621	222.3333	477.0000	
426	2267.768	198.3485	-85.3333	150.0000	
427	2270.966	197.2610	391.3333	644.6667	
428	2274.154	194.9572	-277.3333	-60.0000	
429	2277.333	190.8103	211.6667	476.3333	
430	2280.502	190.5799	-309.3333	-90.0000	
431	2283.661	193.2664	380.6667	618.3333	
432	2286.810	214.7027	-392.0000	-132.6667	
433	2289.949	203.1391	219.0000	467.0000	
434	2293.079	199.1668	-359.3333	-115.3333	
435	2296.198	199.0643	245.6667	496.3333	
436	2299.308	190.2952	-556.6667	-341.0000	
437	2302.408	186.1689	293.3333	540.6667	
438	2305.498	187.4593	-369.0000	-160.3333	
439	2308.579	192.5831	47.6667	276.6667	
440	2311.649	223.8734	-510.3333	-251.3333	
441	2314.709	196.0332	419.3333	649.0000	
442	2317.760	171.1931	-145.0000	58.3333	
443	2320.801	179.3529	212.0000	422.0000	
444	2323.832	188.5128	-442.3334	-224.6667	
445	2326.853	210.1579	405.3333	644.0000	
446	2329.864	205.2197	-427.0000	-177.6667	
447	2332.865	202.1981	357.0000	554.6666	
448	2335.855	194.0644	-329.0000	-82.3333	
449	2338.837	193.5126	43.0000	267.0000	
450	2341.808	200.1275	-321.3333	-89.0000	
451	2344.769	203.1590	449.0000	711.3333	
452	2347.720	195.3571	-503.3334	-285.0000	
453	2350.661	187.5646	387.0000	617.6667	
454	2353.592	188.0222	-345.6667	-142.3333	
455	2356.513	192.3104	267.0000	500.0000	
456	2359.424	195.1893	-371.3333	-149.3333	
457	2362.325	202.9516	398.0000	610.6666	
458	2365.216	220.5265	-233.0000	11.6667	
459	2368.097	216.5180	224.6667	463.0000	
460	2370.968	181.1763	-116.0000	84.6667	
461	2373.829	187.5000	227.0000	425.6667	
462	2376.680	196.9903	-186.6667	22.3333	
463	2379.520	196.3974	386.3333	610.0000	
464	2382.351	193.7211	-208.3333	-16.0000	
465	2385.171	197.4615	178.3333	372.0000	
466	2387.982	186.2851	-271.0000	-87.6667	
467	2390.782	184.6922	308.0000	486.0000	
468	2393.572	201.0992	-464.0000	-273.3333	
469	2396.352	199.1245	313.6667	529.0000	
470	2399.121	198.4166	-164.0000	11.3333	
471	2401.881	198.7712	486.0000	698.6666	
472	2404.630	195.2299	-531.3334	-388.6667	
473	2407.369	191.7222	260.6667	489.3333	
474	2410.098	189.1103	-351.3333	-189.6667	
475	2412.817	185.0401	412.3333	611.0000	
476	2415.526	189.3356	-291.6667	-135.3333	
477	2418.224	204.7451	360.3333	551.6666	
478	2420.912	215.1548	-401.6667	-201.0000	
479	2423.590	194.8976	180.6667	360.0000	
480	2426.258	192.6405	-341.0000	-165.0000	
481	2428.915	196.2792	300.0000	452.0000	
482	2431.562	204.4596	-424.6667	-239.0000	
483	2434.199	210.2025	230.6667	421.0000	
484	2436.826	338.6122	934.0000	1251.6666	
485	2439.442	226.0331	294.6667	498.0000	
486	2442.048	162.7873	-577.0000	-438.6667	
487	2444.644	168.8749	165.0000	307.6667	
488	2447.229	186.2958	-380.6667	-222.3333	
489	2449.804	206.1176	92.3333	269.0000	
490	2452.368	192.4642	-472.0000	-306.0000	
491	2454.923	192.0444	434.6666	582.6667	
492	2457.467	195.5415	-333.0000	-156.3333	
493	2460.000	203.3973	350.6667	517.6666	
494	2462.523	206.0865	-516.0000	-340.6667	
495	2465.036	205.5256	305.3333	474.0000	
496	2467.539	197.8814	-271.6667	-113.3333	
497	2470.031	186.1122	477.0000	589.0000	
498	2472.512	182.6555	-378.0000	-189.0000	
499	2474.983	172.6155	542.0000	667.0000	
500	2477.444	184.0543	-234.3333	-110.0000	
501	2479.894	188.2547	89.0000	234.6667	
502	2482.334	188.0385	-374.6667	-234.6667	
503	2484.763	200.2389	321.0000	466.6667	
504	2487.182	205.5226	-308.3333	-181.0000	
505	2489.590	215.5563	221.6667	420.0000	
506	2491.988	214.2568	-373.3333	-208.3333	
507	2494.375	204.8739	250.0000	439.6666	
508	2496.752	202.3243	-519.3333	-393.3333	
509	2499.119	201.3580	269.0000	433.6667	
510	2501.475	199.3084	-218.3333	-59.6667	
511	2503.820	162.3422	24.6667	147.3333	
