resultName	muna15-21
resultName	muna15-21
ID	RS20191212123616_P19331194
Command	SCANANDSEARCH
User	Admin
Application	_Analyze
SerialNumber	P19331194
Power	280
Integration	900
Averages	3
AutoExposure	Off
AutoCollect	Off
QuickCollect	Off
AutoBackground	On
BaselineCorrection	On
Algorithm	Wavelet
Searched Library	All,None,None,None
MixtureComponents	2
matchThreshold	0.75
displayMatches	1
Threshold	0.80
WL Start	
WL End	
ServerVersion	3.180316
FirmwareVersion	
date	2019-12-12
time	12:36:16
scanindex	0
specpath	RS20191212123616_P19331194.xml
Search Range	200 - 2500
Synced	false
lastCalDateTime	2019-12-12 08:43:43
lastCalUser	Admin
lastCalResult	PASS
lastVerifyDateTime	2019-10-16 15:05:37
lastVerifyUser	Admin
lastVerifyResult	PASS
selectedMaterial	
result	No Match
ValidationGUID	
ValidationMatchQuality	
topMatch	
topMatchGUID	
topMatchQuality	
secondMatch	
secondMatchGUID	
secondMatchQuality	
thirdMatch	
thirdMatchGUID	
thirdMatchQuality	
fourthMatch	
fourthMatchGUID	
fourthMatchQuality	
fifthMatch	
fifthMatchGUID	
fifthMatchQuality	
signedBy	
signedDateTime	
softwareVer	1.7.0.21
memo	
batchID	
inBatch	false
batchUID	
batchCID1	
batchCIDlbl1	
batchCID2	
batchCIDlbl2	
batchCID3	
batchCIDlbl3	
batchCID4	
batchCIDlbl4	
batchCID5	
batchCIDlbl5	
signedTitle	
signedReason	
rescanned	
barcode	
topMatchContribs	
secondMatchContribs	
thirdMatchContribs	
fourthMatchContribs	
fifthMatchContribs	
ValidationMatchContribs	
Threat	
PrecursorList	
CompundName	
WindowStart4C	
MatchLibrary	
lastModified	2019/12/12 12:39
Signal2Noise	58.78
Detector TEC SetPoint	0x8000
Detector Temp	4.99
Laser Temp	25.39
OE1 Temp	35.56
OE2 Temp	39.62
Detector Gain	200
SaturationDetected	false
InterpolatedPixelList	
PeakList	 297.2	936	340.2	642	398.8	684	442.6	784	650.0	2963	672.6	892	756.2	847	803.8	836	959.3	1025	1212.0	1041	1335.7	738	1377.5	1490	1453.6	5662	1642.2	4546	1673.1	3950	1714.0	872
index	Raman Shift (cm-1)	Y value (counts)	background (counts)	raw value (counts)
0	137.923	495.3961	40652.6680	44906.0000	
1	144.410	404.0793	43818.0000	47880.6641	
2	150.891	313.7702	45924.3320	49797.3359	
3	157.367	315.4455	47049.0000	50824.3281	
4	163.837	367.4721	47121.3320	50849.3359	
5	170.302	368.1513	50379.0000	54008.3320	
6	176.762	442.1703	49995.3359	53599.3359	
7	183.215	282.1933	49579.6641	52924.3359	
8	189.664	124.5366	48188.0000	51275.6641	
9	196.106	225.5595	51563.0000	54652.3359	
10	202.544	238.5666	51388.6719	54391.6641	
11	208.975	305.2615	52978.6641	55949.0000	
12	215.401	442.2688	51621.6719	54629.6641	
13	221.822	386.8386	53317.3281	56205.0000	
14	228.236	340.1701	54102.6680	56865.6641	
15	234.646	227.9407	55154.3281	57807.3359	
16	241.049	116.6839	49727.6719	52271.6641	
17	247.447	213.4503	52415.3359	55058.3359	
18	253.839	249.5412	48734.6680	51416.0000	
19	260.226	305.6321	51288.3359	54028.0000	
20	266.607	271.7268	47054.0000	49762.0000	
21	272.982	399.6900	52263.0000	55132.6641	
22	279.352	641.6530	50596.3359	53741.6641	
23	285.716	825.6239	48756.6641	52119.6641	
24	292.074	908.5872	47488.0000	50967.6641	
25	298.426	935.9559	46965.0000	50503.6641	
26	304.773	807.6610	46770.0000	50212.0000	
27	311.114	500.0303	49229.0000	52395.0000	
28	317.449	512.4836	44468.0000	47698.3359	
29	323.779	635.0077	46017.0000	49304.6641	
30	330.102	574.5359	46130.6680	49292.6641	
31	336.420	570.4077	46355.6641	49448.3359	
32	342.732	642.2679	46388.0000	49487.3359	
33	349.039	240.4602	44473.6680	47106.0000	
34	355.339	277.9923	39890.3320	42495.0000	
35	361.634	211.4151	48018.3320	50472.0000	
36	367.923	0.0000	40040.6680	42217.0000	
37	374.205	326.1991	40957.3359	43435.0000	
38	380.483	509.3981	42213.6680	44849.6641	
39	386.754	439.9370	42917.3320	45459.0000	
40	393.019	306.8001	35859.3359	38243.0000	
41	399.278	684.2291	39781.0000	42507.6641	
42	405.532	478.3299	35571.6641	38058.0000	
43	411.779	274.0068	25770.0000	27893.6680	
44	418.021	306.5163	29411.0000	31656.6641	
45	424.257	288.2385	28291.0000	30425.6660	
46	430.487	388.6257	22260.0000	24510.0000	
47	436.710	675.1785	14896.3340	17394.0000	
48	442.928	784.3992	13775.3340	16343.3340	
49	449.140	618.5453	21539.6660	23919.6660	
50	455.346	338.0405	15405.0000	17465.6660	
51	461.546	113.2018	13570.3340	15367.3320	
52	467.739	99.3670	12513.0000	14257.3340	
53	473.927	420.8953	17995.6660	20019.6680	
54	480.109	504.0868	10963.6670	13029.0000	
55	486.285	514.1982	6946.0000	9020.3340	
56	492.454	508.6964	12026.6660	13997.3340	
57	498.618	455.2007	14394.3320	16161.6680	
58	504.775	493.3719	14704.6660	16602.0000	
59	510.926	489.6257	7929.6665	9810.3330	
60	517.072	400.3793	11000.3340	12710.0000	
61	523.211	315.0605	13210.3340	14792.6660	
62	529.344	340.7435	9278.0000	10844.0000	
63	535.471	226.4256	11209.3330	12619.0000	
64	541.591	151.7737	7790.6670	9083.6670	
65	547.706	348.4568	13487.3320	14935.0000	
66	553.814	530.4680	23123.0000	24710.6641	
67	559.917	439.8229	25024.6641	26479.6680	
68	566.013	471.1680	18123.6660	19568.0000	
69	572.102	281.2628	11627.0000	12802.3340	
70	578.186	281.1480	5629.3330	6808.0000	
71	584.263	199.3167	3552.0000	4723.0000	
72	590.334	155.9864	7244.6670	8254.3330	
73	596.399	168.9832	14248.0000	15441.3340	
74	602.458	371.4809	18819.6660	20257.6680	
75	608.510	662.6405	18260.0000	20031.3320	
76	614.556	1155.4717	20445.0000	22751.3340	
77	620.596	1156.2472	21153.6680	23473.6660	
78	626.630	1129.9705	17878.6660	19979.3320	
79	632.657	1305.0267	14498.6660	16988.3340	
80	638.677	1733.9115	15140.6680	18069.6660	
81	644.692	2549.1343	18799.3340	22554.0000	
82	650.700	2963.3555	15978.0000	20157.3320	
83	656.702	2186.5789	8944.3330	12357.3340	
84	662.697	1273.8002	7871.6660	10382.3330	
85	668.686	877.9124	8192.3330	10279.0000	
86	674.669	891.6908	4858.0000	6930.3330	
87	680.645	869.4703	6782.0000	8804.0000	
88	686.615	508.9159	13572.6670	15206.0000	
89	692.578	288.6168	12398.0000	13801.3320	
90	698.535	276.8199	7738.6670	9079.0000	
91	704.486	271.7673	11588.6670	13035.3340	
92	710.430	230.3930	11807.0000	13144.0000	
93	716.368	171.1249	10263.6660	11496.3340	
94	722.299	164.6064	12243.0000	13626.0000	
95	728.223	484.0468	10567.6660	12326.0000	
96	734.141	650.6531	11787.3330	13872.6670	
97	740.053	594.7598	14651.6680	16620.3340	
98	745.958	684.6689	14959.0000	17070.0000	
99	751.857	742.0460	18794.0000	21017.6660	
100	757.749	847.0912	15515.6660	17899.6660	
101	763.634	590.8363	19238.6680	21376.3340	
102	769.513	349.2497	17108.6660	19014.6660	
103	775.385	176.3291	17033.6660	18776.6660	
104	781.251	423.7400	17024.0000	19024.3320	
105	787.110	443.1392	19632.0000	21652.6660	
106	792.963	448.1206	19447.0000	21381.3340	
107	798.809	542.0188	22952.3340	25056.0000	
108	804.648	836.0024	20445.0000	22837.6680	
109	810.481	623.5035	20620.0000	22808.3340	
110	816.307	219.0029	17459.6680	19251.6660	
111	822.126	43.8401	19189.3340	20814.3340	
112	827.938	133.4305	18851.6660	20443.3340	
113	833.744	338.9559	20266.0000	22217.0000	
114	839.544	635.3977	19329.0000	21582.0000	
115	845.336	486.1729	20907.0000	23013.0000	
116	851.122	498.6149	18967.0000	21016.3320	
117	856.901	619.2715	20588.6660	22845.6660	
118	862.673	450.2635	19851.6660	21948.6680	
119	868.439	381.5202	19820.0000	21840.0000	
120	874.198	310.1760	16392.6660	18346.6660	
121	879.950	221.6743	15934.6660	17788.3340	
122	885.695	271.7538	16238.3330	18045.0000	
123	891.434	369.0008	18242.0000	20219.3340	
124	897.165	333.4972	17988.6660	19918.6660	
125	902.890	230.1822	14745.6680	16555.3320	
126	908.608	382.4557	14484.0000	16293.3340	
127	914.319	536.2262	16712.3340	18794.0000	
128	920.024	550.5831	14303.6660	16382.6680	
129	925.721	353.2698	15801.6660	17657.3340	
130	931.412	263.2903	12094.3330	13979.3340	
131	937.095	161.6441	11554.0000	13193.0000	
132	942.772	190.6650	11843.3340	13494.3340	
133	948.442	421.0010	12568.0000	14445.3340	
134	954.105	912.9349	9995.3330	12338.6680	
135	959.761	1025.1998	11752.6670	14182.3340	
136	965.410	588.7994	11237.6670	13205.0000	
137	971.053	433.5700	10918.6670	12718.3320	
138	976.688	349.4058	8028.3330	9708.3340	
139	982.316	361.8443	8688.3330	10376.6670	
140	987.937	328.8355	9250.6670	10942.0000	
141	993.552	288.3417	9523.3340	11092.3340	
142	999.159	259.4316	8534.3330	10162.6670	
143	1004.759	244.2712	9612.0000	11199.0000	
144	1010.352	260.2780	8866.3330	10502.6670	
145	1015.939	327.4507	8961.3330	10680.0000	
146	1021.518	326.2913	9122.6660	10855.3340	
147	1027.090	501.1299	9246.3330	11169.0000	
148	1032.655	498.2193	8495.0000	10463.3340	
149	1038.213	437.2018	9865.3330	11761.6670	
150	1043.764	413.9345	9079.6670	11032.0000	
151	1049.307	265.1665	9926.0000	11697.6660	
152	1054.844	138.5662	7791.6670	9460.0000	
153	1060.373	223.6159	10107.3340	11886.6660	
154	1065.896	338.5337	10041.3340	12010.0000	
155	1071.411	373.1522	10773.0000	12733.6660	
156	1076.919	381.7705	10883.3340	12929.3340	
157	1082.420	366.8000	11698.6660	13703.6660	
158	1087.914	382.2457	8901.3330	10801.6670	
159	1093.400	496.3578	12376.6670	14561.6660	
160	1098.880	429.7202	12920.0000	15053.3320	
161	1104.352	275.0116	14657.3340	16631.0000	
162	1109.817	344.0400	13562.6660	15503.0000	
163	1115.274	415.3177	15077.6670	17236.0000	
164	1120.725	494.1789	13957.0000	16027.0000	
165	1126.168	589.8726	15818.3340	18048.6660	
166	1131.604	623.7361	15909.0000	18136.3340	
167	1137.032	544.2433	17186.0000	19233.0000	
168	1142.453	581.1049	15694.0000	17812.3340	
169	1147.868	548.0294	17937.0000	20087.3340	
170	1153.274	412.7672	18770.3320	20659.6660	
171	1158.674	313.4206	19051.0000	20814.3340	
172	1164.066	201.7406	18570.0000	20195.0000	
173	1169.450	198.9291	22128.6680	23768.3340	
174	1174.828	189.7829	21118.6680	22766.6660	
175	1180.198	255.7271	23830.6660	25574.0000	
176	1185.560	354.7940	23077.3340	24983.3320	
177	1190.916	308.5274	24594.3340	26452.6680	
178	1196.263	420.5957	24232.6660	26279.6680	
179	1201.604	648.9912	26495.6680	28817.3320	
180	1206.937	929.3903	25263.3340	27911.6641	
181	1212.262	1041.4325	27419.3320	30202.3320	
182	1217.581	795.4637	26976.0000	29520.6641	
183	1222.891	621.3798	28766.0000	31164.3359	
184	1228.194	562.9506	28931.6680	31299.3320	
185	1233.490	387.9933	31399.3359	33641.0000	
186	1238.778	167.7060	31174.6660	33245.0000	
187	1244.059	282.7428	31830.3359	34064.6641	
188	1249.333	510.1249	31620.6641	34131.3320	
189	1254.598	374.3412	35902.6680	38354.3359	
190	1259.856	222.2213	34654.0000	37030.3320	
191	1265.107	226.4411	37487.6641	39945.0000	
192	1270.350	292.9892	37842.3320	40443.0000	
193	1275.586	337.2052	40307.0000	43028.6680	
194	1280.814	313.7533	39188.0000	41963.0000	
195	1286.034	505.9733	41480.6641	44524.6680	
196	1291.247	506.9148	41197.3320	44343.0000	
197	1296.452	365.5636	44156.0000	47226.3320	
198	1301.650	410.2162	43080.0000	46261.0000	
199	1306.840	431.1971	46031.6680	49299.6641	
200	1312.022	469.1834	45035.3359	48407.3320	
201	1317.197	350.0072	47571.0000	50858.6641	
202	1322.364	188.8349	46568.6641	49730.0000	
203	1327.523	556.9948	48873.0000	52408.6719	
204	1332.674	722.2875	47686.3320	51402.6641	
205	1337.818	737.5043	50690.6641	54427.6680	
206	1342.955	358.7133	48951.3320	52315.0000	
207	1348.083	211.2545	51962.3359	55184.0000	
208	1353.204	210.1353	50156.3281	53382.3281	
209	1358.317	373.3484	53694.6680	57089.3359	
210	1363.422	1021.2256	52633.0000	56681.0000	
211	1368.520	1212.1062	55523.0000	59767.3359	
212	1373.610	1202.3237	54030.6641	58270.6719	
213	1378.692	1489.8324	56920.3359	61469.3281	
214	1383.766	1412.6965	54945.6680	59439.0000	
215	1388.832	421.5529	58038.0000	61561.6641	
216	1393.891	26.0857	56017.6641	59167.3359	
217	1398.942	8.2547	58892.6641	62032.0000	
218	1403.984	153.2707	56658.3359	59916.6641	
219	1409.020	765.9745	59465.6641	63310.6719	
220	1414.047	1497.6577	57071.6680	61622.3359	
221	1419.066	1978.8451	60137.6719	65141.0000	
222	1424.078	2206.7078	58048.3359	63251.0000	
223	1429.081	3026.5708	60562.3359	66556.3359	
224	1434.077	4127.3643	58247.6641	65286.3281	
225	1439.065	4722.9795	61132.0000	68714.6719	
226	1444.045	5149.9165	58841.3281	66799.3281	
227	1449.016	5529.8574	61634.6680	69921.0000	
228	1453.980	5662.1338	58788.0000	67155.0000	
229	1458.936	5492.4814	62118.6641	70205.3359	
230	1463.885	4267.8223	58524.0000	65275.3359	
231	1468.825	2633.8279	60808.6719	65815.3359	
232	1473.757	1562.1749	57687.6641	61512.0000	
233	1478.681	954.6115	60036.0000	63154.3359	
234	1483.597	440.7106	57095.0000	59601.0000	
235	1488.505	386.8102	60387.6719	62741.3359	
236	1493.405	191.9176	58153.6641	60214.0000	
237	1498.297	232.3786	61253.3359	63282.3359	
238	1503.181	258.4555	59502.3281	61499.3359	
239	1508.057	147.0631	60418.3359	62250.6719	
240	1512.924	142.6715	49070.0000	50844.6641	
241	1517.784	51.9555	56119.0000	57749.6680	
242	1522.635	250.9030	60482.6641	62259.0000	
243	1527.479	352.1747	64991.0000	66815.3281	
244	1532.314	409.7919	62707.3359	64536.0000	
245	1537.142	380.0744	65749.0000	67548.3281	
246	1541.961	335.8029	63697.0000	65390.6641	
247	1546.772	298.5294	66459.3359	68291.0000	
248	1551.574	276.5919	64668.3320	66535.0000	
249	1556.369	247.3546	68401.3281	70337.3359	
250	1561.155	211.4425	65458.6641	67457.3359	
251	1565.933	152.8586	68237.6641	70276.3281	
252	1570.703	268.2897	67299.6641	69552.3359	
253	1575.465	281.5465	69422.0000	71832.0000	
254	1580.219	332.8102	65876.6641	68482.0000	
255	1584.964	438.4025	68526.0000	71381.0000	
256	1589.701	538.3322	64323.3359	67422.3359	
257	1594.430	617.5939	63472.6680	66795.0000	
258	1599.150	689.1901	61438.3320	64976.3320	
259	1603.863	633.0424	68399.6641	72055.0000	
260	1608.567	845.6659	66641.3359	70628.6719	
261	1613.262	960.9425	69724.3359	73893.6641	
262	1617.949	1100.2350	68776.6641	73152.0000	
263	1622.629	1159.8558	70463.3281	74965.0000	
264	1627.299	1372.1337	67196.0000	71976.6641	
265	1631.961	2101.3923	68411.0000	73952.6719	
266	1636.615	3413.0693	64580.0000	71433.0000	
267	1641.261	4546.1240	69563.6641	77556.6641	
268	1645.898	4508.1738	66366.3359	74328.3359	
269	1650.527	3280.8350	70395.0000	77041.3359	
270	1655.147	2447.1602	65030.6641	70755.0000	
271	1659.759	2160.1489	69153.0000	74502.0000	
272	1664.363	2773.8018	68140.6719	74015.0000	
273	1668.958	3583.4629	70286.0000	76881.6641	
274	1673.544	3950.1230	66860.0000	73734.0000	
275	1678.123	3386.7769	66350.3359	72572.6641	
276	1682.692	2111.1123	65274.0000	70132.3359	
277	1687.254	1136.9838	64536.3359	68305.3281	
278	1691.806	397.8712	65096.0000	68010.6641	
279	1696.350	71.4147	71350.6719	73823.6641	
280	1700.886	165.7003	64752.3359	67229.6641	
281	1705.413	412.4308	65480.0000	68042.3281	
282	1709.932	769.8409	60728.6641	63486.6719	
283	1714.442	871.8986	69350.0000	72048.3359	
284	1718.944	660.6202	63347.0000	65672.3281	
285	1723.437	318.2194	63057.3320	64939.6641	
286	1727.921	105.8107	53491.6719	55061.0000	
287	1732.397	185.3454	61998.6680	63529.6719	
288	1736.864	175.5353	62791.3281	64264.6719	
289	1741.323	217.1393	60769.0000	62268.3359	
290	1745.773	249.7423	53826.6641	55118.0000	
291	1750.214	287.6813	62141.3359	63549.0000	
292	1754.647	345.2871	59657.3281	60971.3281	
293	1759.071	383.3157	59122.6641	60484.0000	
294	1763.486	324.5940	49366.0000	50598.0000	
295	1767.893	356.6223	55605.3359	56812.0000	
296	1772.291	394.6496	61774.6641	63072.3359	
297	1776.680	346.2238	54325.0000	55492.6641	
298	1781.061	309.8065	48118.6641	49240.0000	
299	1785.432	317.7128	48168.3320	49287.6641	
300	1789.796	313.6233	47239.3320	48344.6641	
301	1794.150	331.3092	48533.3320	49630.0000	
302	1798.495	356.2690	54461.3281	55630.0000	
303	1802.832	371.3968	54947.0000	56041.6641	
304	1807.160	384.6076	55345.3359	56497.6641	
305	1811.480	372.1548	48963.0000	50067.3359	
306	1815.790	272.0296	44246.3320	45237.3320	
307	1820.092	218.9083	45744.0000	46668.6680	
308	1824.385	292.0111	44276.3359	45199.3359	
309	1828.669	369.5001	50082.0000	51119.3359	
310	1832.944	333.3161	48991.6641	50050.3281	
311	1837.210	276.4686	41871.6680	42797.6641	
312	1841.468	305.6236	41682.3359	42628.3320	
313	1845.716	339.4957	44074.0000	45045.3320	
314	1849.956	419.3660	50044.3359	51216.6641	
315	1854.187	414.3193	47152.6641	48127.6680	
316	1858.409	381.2726	44453.3320	45505.3320	
317	1862.622	363.6572	40124.0000	41041.0000	
318	1866.826	389.7095	37945.0000	38951.0000	
319	1871.021	272.2625	29655.3340	30455.6680	
320	1875.207	297.4814	30153.6680	30937.3320	
321	1879.384	323.5337	33011.0000	33876.3359	
322	1883.552	282.3438	24853.0000	25601.6680	
323	1887.712	171.7386	20172.3340	20787.0000	
324	1891.862	269.4705	23242.0000	23931.0000	
325	1896.003	322.8719	28931.0000	29762.3320	
326	1900.135	319.7732	22267.6660	22918.3320	
327	1904.258	382.1751	32321.0000	33132.0000	
328	1908.372	359.9095	33098.3320	33962.0000	
329	1912.478	330.6629	28592.0000	29265.6680	
330	1916.574	319.9174	31494.6680	32313.6680	
331	1920.661	348.3390	24543.3320	25178.0000	
332	1924.738	360.7619	29371.0000	30170.6680	
333	1928.807	360.9693	31157.3320	31923.6660	
334	1932.867	360.6784	29548.3320	30396.0000	
335	1936.917	360.8863	21128.3340	21689.0000	
336	1940.959	352.5944	25946.6641	26670.3359	
337	1944.991	404.3858	27543.0000	28235.3320	
338	1949.014	423.0939	29243.0000	29982.6680	
339	1953.028	422.6345	23727.6660	24420.6660	
340	1957.033	257.3422	12465.3320	12974.3330	
341	1961.029	289.9025	12631.6660	13102.0000	
342	1965.015	325.8802	16342.6660	16927.0000	
343	1968.992	337.6566	12698.6670	13174.6660	
344	1972.960	370.9584	10907.3330	11433.6660	
345	1976.919	341.6200	5696.0000	6149.6665	
346	1980.869	269.6983	1796.6667	2151.3333	
347	1984.809	299.7764	4299.0000	4656.6665	
348	1988.740	310.1052	5593.0000	6057.6665	
349	1992.661	277.3977	1992.6667	2290.6665	
350	1996.574	346.3932	855.3334	1197.6667	
351	2000.477	354.4705	1278.3334	1626.6667	
352	2004.371	351.6101	406.0000	775.3333	
353	2008.256	344.6248	603.3333	937.6666	
354	2012.131	335.2021	-34.3333	291.0000	
355	2015.997	330.5293	445.6666	773.0000	
356	2019.853	320.8558	-258.3333	46.0000	
357	2023.701	330.6442	431.3333	738.6666	
358	2027.538	346.4327	-219.6667	96.6667	
359	2031.367	349.3876	330.6667	655.3333	
360	2035.186	345.3426	-243.0000	58.6667	
361	2038.996	348.3416	389.0000	653.0000	
362	2042.796	363.3406	-293.3333	30.0000	
363	2046.587	341.1729	294.6667	597.6667	
364	2050.368	325.5963	-322.6667	-21.6667	
365	2054.140	332.0447	262.6667	573.6666	
366	2057.903	327.4306	-268.6667	60.6667	
367	2061.656	311.9832	304.0000	593.6667	
368	2065.399	315.9525	-227.0000	66.0000	
369	2069.133	316.9217	255.6667	549.0000	
370	2072.858	325.8909	-213.6667	88.0000	
371	2076.573	346.7227	381.6667	719.6667	
372	2080.278	348.0639	-230.3333	48.3333	
373	2083.974	345.7014	256.6667	561.3333	
374	2087.661	345.9013	-176.6667	128.0000	
375	2091.338	340.5805	91.0000	388.6667	
376	2095.005	311.4471	-213.3333	55.0000	
377	2098.663	341.4184	308.0000	606.6667	
378	2102.311	343.0563	-152.3333	196.0000	
379	2105.949	340.6942	252.0000	515.0000	
380	2109.578	340.3331	-367.3333	-74.6667	
381	2113.198	333.9582	-660.3333	-369.6667	
382	2116.807	323.5834	-46.0000	232.6667	
383	2120.407	336.0418	263.6667	531.3333	
384	2123.998	343.2503	-467.3333	-154.0000	
385	2127.579	328.7334	222.6667	521.0000	
386	2131.150	328.1221	-378.0000	-77.0000	
387	2134.711	328.1566	166.0000	433.6667	
388	2138.263	341.2320	-223.0000	74.6667	
389	2141.805	357.7963	349.3333	660.6667	
390	2145.337	324.3606	-345.6667	-70.6667	
391	2148.859	309.2581	280.3333	537.3333	
392	2152.372	336.5733	-522.6666	-257.0000	
393	2155.875	344.7575	110.0000	385.0000	
394	2159.368	344.2751	-257.0000	59.3333	
395	2162.852	335.2926	368.0000	623.3334	
396	2166.326	322.5596	-198.3333	57.6667	
397	2169.790	319.0615	166.3333	410.0000	
398	2173.244	329.3135	-348.0000	-78.0000	
399	2176.688	344.8362	183.0000	482.3334	
400	2180.123	341.3382	-136.6667	151.3333	
401	2183.547	347.5692	483.6667	758.3333	
402	2186.962	363.3212	-277.0000	41.0000	
403	2190.367	356.1565	-10.3333	304.0000	
404	2193.762	347.4089	-314.0000	-26.3333	
405	2197.147	347.1900	305.3333	630.6667	
406	2200.522	330.4654	-307.3333	1.6667	
407	2203.888	281.4535	295.0000	553.3333	
408	2207.243	307.1082	-211.3333	71.0000	
409	2210.589	319.9279	404.3333	700.6667	
410	2213.924	327.0810	-364.3333	-84.3333	
411	2217.250	336.5673	301.0000	612.6667	
412	2220.565	339.9709	-321.3333	-20.6667	
413	2223.871	351.8973	337.0000	661.0000	
414	2227.167	339.3978	-539.0000	-255.6667	
415	2230.453	335.5650	192.0000	486.6666	
416	2233.728	337.4822	-524.6667	-273.3333	
417	2236.994	346.0660	232.0000	541.3334	
418	2240.250	344.7332	-332.6667	-41.0000	
419	2243.495	337.4004	105.6667	435.3333	
420	2246.731	296.7337	-222.0000	24.6667	
421	2249.957	333.0368	298.6667	579.3333	
422	2253.172	358.6733	-399.3334	-95.3333	
423	2256.377	367.6430	235.0000	545.6667	
424	2259.573	343.2796	-289.6667	-5.6667	
425	2262.758	341.7933	431.6667	712.3334	
426	2265.933	330.8903	128.3333	362.6667	
427	2269.098	316.6846	429.0000	721.3333	
428	2272.253	318.0704	-247.3333	17.0000	
429	2275.397	320.7973	224.3333	475.3333	
430	2278.532	329.0868	-262.6667	30.6667	
431	2281.656	337.8762	459.3333	745.6667	
432	2284.771	344.6656	-325.0000	-17.3333	
433	2287.875	335.1217	196.6667	493.0000	
434	2290.968	343.4288	-281.3333	49.3333	
435	2294.052	335.7073	302.6667	561.0000	
436	2297.125	333.5060	-552.0000	-265.6667	
437	2300.188	325.9277	314.6667	594.0000	
438	2303.241	324.4120	-331.0000	-53.6667	
439	2306.284	332.5629	81.3333	366.3333	
440	2309.316	339.7973	-387.0000	-86.0000	
441	2312.338	340.5017	611.0000	890.0000	
442	2315.350	351.4561	296.0000	598.0000	
443	2318.352	361.8272	293.3333	605.0000	
444	2321.343	358.5308	-460.0000	-152.3333	
445	2324.323	335.6428	405.6667	689.6667	
446	2327.294	308.4216	-295.6667	-39.6667	
447	2330.254	311.5336	687.0000	945.3333	
448	2333.204	317.0284	-67.3333	212.0000	
449	2336.144	326.2867	117.0000	386.3333	
450	2339.073	331.5450	-149.6667	160.6667	
451	2341.991	336.1366	563.0000	851.6667	
452	2344.900	337.7291	-525.6666	-232.0000	
453	2347.798	336.3332	418.0000	699.0000	
454	2350.685	335.8332	-252.0000	58.0000	
455	2353.562	348.5947	447.6667	730.0001	
456	2356.429	341.8232	-19.6667	287.3333	
457	2359.285	336.9483	856.0000	1115.0000	
458	2362.130	337.0735	-32.3333	257.6667	
459	2364.966	319.9488	339.3333	601.6667	
460	2367.790	304.4061	193.0000	439.6667	
461	2370.604	337.6558	682.0000	960.0000	
462	2373.408	345.8222	26.3333	344.0000	
463	2376.202	351.5718	740.6666	959.0000	
464	2378.984	353.4882	406.0000	729.0000	
465	2381.756	352.1545	374.0000	667.3333	
466	2384.518	339.0709	-202.0000	63.0000	
467	2387.269	334.2373	340.0000	622.6667	
468	2390.010	334.4882	-98.0000	140.3333	
469	2392.739	321.8673	750.3334	1016.6667	
470	2395.458	328.3830	500.6666	759.0000	
471	2398.167	333.1278	1017.6666	1295.3333	
472	2400.865	328.5392	-474.6666	-219.6667	
473	2403.553	312.1217	328.3333	506.0000	
474	2406.229	318.5166	-279.0000	-26.3333	
475	2408.896	322.9740	711.0000	958.3333	
476	2411.551	334.1518	-78.3333	137.6667	
477	2414.196	342.2833	426.3333	659.0000	
478	2416.830	346.8316	-167.6667	28.0000	
479	2419.453	348.7131	380.0000	653.0000	
480	2422.066	347.5114	-169.6667	57.6667	
481	2424.668	331.8096	418.3333	651.6667	
482	2427.260	325.8578	-354.6667	-170.6667	
483	2429.840	327.5727	282.0000	485.3333	
484	2432.410	321.6199	1125.3333	1322.0000	
485	2434.969	326.8311	492.0000	682.0000	
486	2437.517	336.2089	-476.0000	-271.0000	
487	2440.055	361.6702	294.6667	522.0000	
488	2442.581	372.4647	-282.0000	-47.0000	
489	2445.097	356.3026	141.6667	358.6667	
490	2447.602	310.3586	-339.6667	-154.3333	
491	2450.096	322.0730	507.3334	684.0000	
492	2452.580	336.9541	-199.0000	50.6667	
493	2455.052	339.9049	560.0000	729.0000	
494	2457.514	342.5223	-431.0000	-193.6667	
495	2459.965	314.6397	394.0000	572.0000	
496	2462.405	311.3404	-217.0000	-71.3333	
497	2464.834	320.2079	487.6667	674.6667	
498	2467.252	333.0753	-233.3333	-55.6667	
499	2469.659	335.6927	550.6666	753.6666	
500	2472.056	336.3933	-45.3333	141.3333	
501	2474.441	329.9922	247.6667	426.3333	
502	2476.816	338.6745	-225.6667	-44.0000	
503	2479.179	345.6067	435.3333	605.3334	
504	2481.532	371.1223	-301.3333	-84.0000	
505	2483.873	357.1378	186.6667	389.0000	
506	2486.204	296.1534	-267.6667	-127.3333	
507	2488.523	331.1690	334.6667	509.0000	
508	2490.832	335.8513	-479.3333	-301.3333	
509	2493.130	355.5335	379.0000	575.6667	
510	2495.416	354.8824	-74.6667	120.3333	
511	2497.692	286.8980	212.0000	338.0000	
