resultName	muna8-227
resultName	muna8-227
ID	RS20201106110049_P19331194
Command	SCANANDSEARCH
User	Admin
Application	_Analyze
SerialNumber	P19331194
Power	280
Integration	900
Averages	3
AutoExposure	Off
AutoCollect	Off
QuickCollect	Off
AutoBackground	On
BaselineCorrection	On
Algorithm	Wavelet
Searched Library	All,None,None,None
MixtureComponents	2
matchThreshold	0.0
displayMatches	1
Threshold	0.80
WL Start	
WL End	
ServerVersion	3.180316
FirmwareVersion	
date	2020-11-06
time	11:00:49
scanindex	0
specpath	RS20201106110049_P19331194.xml
Search Range	200 - 2500
Synced	false
lastCalDateTime	2020-10-28 08:17:07
lastCalUser	Admin
lastCalResult	PASS
lastVerifyDateTime	2020-11-06 08:24:10
lastVerifyUser	Admin
lastVerifyResult	PASS
selectedMaterial	
result	No Match
ValidationGUID	
ValidationMatchQuality	
topMatch	
topMatchGUID	
topMatchQuality	
secondMatch	
secondMatchGUID	
secondMatchQuality	
thirdMatch	
thirdMatchGUID	
thirdMatchQuality	
fourthMatch	
fourthMatchGUID	
fourthMatchQuality	
fifthMatch	
fifthMatchGUID	
fifthMatchQuality	
signedBy	
signedDateTime	
softwareVer	1.7.0.21
memo	
batchID	
inBatch	false
batchUID	
batchCID1	
batchCIDlbl1	
batchCID2	
batchCIDlbl2	
batchCID3	
batchCIDlbl3	
batchCID4	
batchCIDlbl4	
batchCID5	
batchCIDlbl5	
signedTitle	
signedReason	
rescanned	
barcode	
topMatchContribs	
secondMatchContribs	
thirdMatchContribs	
fourthMatchContribs	
fifthMatchContribs	
ValidationMatchContribs	
Threat	
PrecursorList	
CompundName	
WindowStart4C	
MatchLibrary	
lastModified	2020/11/06 11:01
Signal2Noise	54.40
Detector TEC SetPoint	0x8000
Detector Temp	4.95
Laser Temp	20.86
OE1 Temp	38.22
OE2 Temp	41.94
Detector Gain	200
SaturationDetected	false
InterpolatedPixelList	
PeakList	 286.7	778	323.3	527	398.8	546	449.1	431	481.6	419	650.0	1140	679.8	890	736.6	765	749.0	605	840.3	729	866.9	438	960.6	505	1127.1	619	1141.4	523	1207.6	459	1249.8	496	1337.5	802	1368.6	874	1457.8	4360	1645.4	2115	1676.9	1465	1709.9	723
index	Raman Shift (cm-1)	Y value (counts)	background (counts)	raw value (counts)
0	137.234	353.3079	4468.0000	6956.0000	
1	143.735	259.7770	4829.3335	7160.3330	
2	150.232	217.5807	5010.6665	7236.0000	
3	156.722	245.0498	5250.3335	7439.6665	
4	163.207	294.8525	4965.0000	7140.6660	
5	169.686	331.9896	5668.6665	7818.0000	
6	176.159	305.1257	5348.0000	7407.0000	
7	182.627	204.5959	5610.3335	7505.3340	
8	189.089	189.0649	5070.0000	6886.0000	
9	195.545	138.8680	5705.3335	7407.6670	
10	201.996	104.0042	5563.3330	7167.3330	
11	208.440	211.4738	6137.0000	7785.0000	
12	214.879	277.9435	5507.0000	7158.0000	
13	221.313	251.2577	6103.3335	7703.6660	
14	227.740	207.4979	5885.6665	7411.0000	
15	234.162	174.6397	6275.6670	7779.6670	
16	240.578	121.1148	5475.0000	6937.0000	
17	246.988	53.5899	5896.0000	7302.0000	
18	253.392	123.3982	5394.6670	6882.0000	
19	259.791	298.8738	5943.3335	7617.6670	
20	266.184	264.0165	5083.3330	6734.3340	
21	272.570	311.8220	6137.6665	7864.0000	
22	278.951	610.2943	5744.0000	7796.3330	
23	285.327	778.1003	5768.6670	8016.3330	
24	291.696	653.5735	5268.6670	7419.3330	
25	298.059	612.0248	5615.6665	7755.0000	
26	304.417	503.4753	5267.0000	7328.0000	
27	310.768	388.5926	6089.3335	8065.6670	
28	317.114	418.0151	5222.3335	7269.0000	
29	323.454	527.1801	5512.6665	7631.0000	
30	329.788	362.3447	5125.0000	7041.0000	
31	336.116	393.8423	5811.3335	7721.3330	
32	342.438	376.0074	5497.6665	7352.3330	
33	348.754	180.8384	5680.3335	7302.3330	
34	355.064	78.3370	4843.6670	6325.6670	
35	361.368	189.7827	5762.0000	7307.6670	
36	367.666	58.5042	4843.3335	6220.3330	
37	373.958	162.6288	4931.3335	6404.0000	
38	380.244	362.0865	5105.3335	6769.0000	
39	386.524	362.2116	5223.0000	6878.3340	
40	392.798	310.6685	4340.6665	5936.0000	
41	399.066	545.9502	5055.0000	6870.3340	
42	405.328	429.5646	4545.3330	6229.0000	
43	411.583	259.1792	3436.6665	4934.6670	
44	417.833	215.1266	3705.6665	5144.3330	
45	424.077	190.2754	4023.3335	5425.0000	
46	430.314	216.2577	3002.3333	4381.6670	
47	436.546	255.2397	2316.3333	3758.6665	
48	442.771	383.3887	2125.6665	3684.0000	
49	448.991	431.3931	3392.0000	4995.6670	
50	455.204	403.5944	2259.6665	3818.3335	
51	461.411	259.4624	2135.0000	3532.3335	
52	467.611	132.6635	2111.0000	3364.3335	
53	473.806	267.1613	2956.0000	4318.0000	
54	479.995	418.9922	1771.3335	3259.3333	
55	486.177	355.8236	1059.6666	2458.6665	
56	492.353	271.8591	1837.0000	3118.3333	
57	498.523	173.9525	2363.0000	3528.3335	
58	504.686	96.0458	2204.6665	3274.0000	
59	510.844	159.2223	1366.6666	2406.0000	
60	516.995	246.5654	1591.0000	2774.6665	
61	523.140	280.2069	2220.0000	3421.3335	
62	529.279	290.4523	1306.0000	2523.6667	
63	535.411	290.5728	2107.0000	3351.6670	
64	541.537	182.1306	1220.3334	2275.6667	
65	547.657	202.1051	2095.0000	3143.6665	
66	553.771	229.7463	2912.3335	4025.0000	
67	559.878	248.9709	3343.3335	4364.0000	
68	565.979	255.6955	2221.0000	3323.0000	
69	572.074	249.2085	1923.0000	2984.6665	
70	578.162	229.7317	713.6666	1789.3335	
71	584.244	180.1413	636.3333	1715.6667	
72	590.319	74.7597	917.0000	1857.3335	
73	596.389	109.5680	1934.6667	2948.0000	
74	602.451	266.0432	2048.0000	3256.0000	
75	608.508	534.8517	2077.6667	3592.6665	
76	614.558	827.3276	1899.0000	3744.6670	
77	620.601	987.4783	2209.3335	4243.0000	
78	626.639	536.6425	1746.6667	3356.6665	
79	632.669	638.4739	1750.3333	3489.3335	
80	638.694	770.6382	1564.6665	3463.0000	
81	644.712	1048.1355	2222.3335	4425.3335	
82	650.723	1140.2999	1439.6666	3762.0000	
83	656.728	861.1310	940.3334	3010.6667	
84	662.727	585.2949	895.6667	2717.3333	
85	668.719	551.5161	1082.3334	2859.6667	
86	674.704	762.4036	362.0000	2339.6667	
87	680.683	889.9576	928.6666	3023.3333	
88	686.655	665.1785	1118.3333	2977.6667	
89	692.621	351.7429	1459.0000	2982.0000	
90	698.581	252.0577	598.0000	1956.3335	
91	704.534	266.7862	1052.6667	2468.3335	
92	710.480	201.2572	894.6666	2199.3335	
93	716.420	102.7597	962.6666	2151.3333	
94	722.353	121.5958	849.0000	2039.0000	
95	728.279	496.7652	1057.6667	2605.3335	
96	734.199	764.9346	784.3334	2582.6667	
97	740.112	560.4371	1381.0000	2957.3333	
98	746.019	604.9442	1056.0000	2653.0000	
99	751.919	605.1819	1751.6665	3348.0000	
100	757.813	298.7528	811.3333	2100.3333	
101	763.699	158.1536	1531.3334	2683.0000	
102	769.580	122.8462	923.0000	2034.0000	
103	775.453	120.2471	1328.3334	2443.3333	
104	781.320	116.9818	986.3334	2042.6667	
105	787.180	139.6684	1545.3335	2699.6665	
106	793.033	178.6471	1321.6666	2526.3333	
107	798.880	312.9586	1724.3335	3074.6665	
108	804.720	471.9372	1122.0000	2642.6665	
109	810.553	476.7326	1701.6667	3263.0000	
110	816.379	280.1948	1072.6666	2473.3333	
111	822.199	208.3235	1567.3333	2932.0000	
112	828.012	276.9431	1090.6667	2570.6667	
113	833.818	442.2249	1626.6666	3306.3335	
114	839.617	728.5068	1160.0000	3160.3335	
115	845.410	514.4547	1585.0000	3405.6665	
116	851.195	370.7370	1307.3334	3018.6667	
117	856.974	437.6012	1566.6666	3353.0000	
118	862.746	368.4652	1457.3334	3182.6665	
119	868.512	438.3218	1529.0000	3319.6670	
120	874.270	363.2762	1060.3334	2767.0000	
121	880.022	192.1714	1486.3334	2998.6667	
122	885.766	232.7332	1099.3334	2629.0000	
123	891.504	272.6284	1481.6667	3028.0000	
124	897.235	292.8571	1317.0000	2860.3333	
125	902.959	357.6701	1269.3333	2848.6667	
126	908.676	201.4826	924.6666	2319.0000	
127	914.386	172.6287	1463.0000	2799.6667	
128	920.090	179.4412	770.3334	2085.0000	
129	925.786	197.2539	1448.3333	2752.0000	
130	931.475	223.7333	827.3334	2128.6667	
131	937.158	169.2124	1412.6666	2630.6665	
132	942.833	181.3584	905.0000	2106.3333	
133	948.502	218.9862	1265.0000	2497.6667	
134	954.163	302.4494	804.3334	2111.3335	
135	959.818	505.2456	1155.6666	2656.3333	
136	965.465	408.7081	928.3333	2323.3333	
137	971.106	279.2817	1126.6667	2307.3335	
138	976.739	276.8138	477.0000	1731.6667	
139	982.366	248.1375	995.3333	2275.0000	
140	987.985	242.7852	911.3334	2118.6667	
141	993.597	235.2047	954.0000	2179.6667	
142	999.202	230.3740	701.6667	1917.6667	
143	1004.800	222.2933	1179.3333	2461.0000	
144	1010.392	198.6292	603.6667	1824.0000	
145	1015.975	129.8819	1087.3334	2247.0000	
146	1021.552	177.8016	995.6666	2211.3335	
147	1027.122	205.3875	1188.0000	2439.3335	
148	1032.685	250.6402	848.0000	2140.6667	
149	1038.240	252.9185	1181.6666	2469.0000	
150	1043.788	262.9256	827.6666	2215.0000	
151	1049.329	233.6201	1090.6666	2468.3335	
152	1054.863	229.7527	561.0000	1900.0000	
153	1060.390	247.3108	1235.6666	2680.6667	
154	1065.910	206.9435	959.6666	2402.0000	
155	1071.422	238.0207	1327.6666	2716.3335	
156	1076.927	297.7644	999.6666	2577.6667	
157	1082.425	290.4214	1375.0000	2949.3333	
158	1087.916	211.0788	733.3334	2232.0000	
159	1093.399	431.4024	1421.6666	3144.3330	
160	1098.875	446.3934	1204.6666	2946.0000	
161	1104.344	221.1671	1514.6666	3022.0000	
162	1109.806	218.3313	1038.6666	2528.6667	
163	1115.260	314.8287	1645.0000	3217.0000	
164	1120.707	462.9928	1069.0000	2774.6665	
165	1126.147	619.4860	1555.9999	3384.6665	
166	1131.580	511.6460	1146.6666	2834.0000	
167	1137.005	507.4723	1702.6667	3352.3335	
168	1142.422	522.6321	1008.3334	2639.6667	
169	1147.833	489.6918	1705.6667	3277.3335	
170	1153.236	304.7515	1297.0000	2657.0000	
171	1158.632	229.8108	1744.0000	3002.3333	
172	1164.020	139.5373	1309.0000	2450.3333	
173	1169.401	132.1265	2003.6667	3143.3330	
174	1174.775	130.7163	1520.0000	2664.0000	
175	1180.141	237.8096	2021.3333	3284.0000	
176	1185.500	232.4485	1593.6667	2876.0000	
177	1190.851	205.7958	1958.3333	3230.3335	
178	1196.195	214.0180	1773.3335	3026.0000	
179	1201.531	336.8653	2064.0000	3532.3335	
180	1206.860	458.5454	1513.0001	3129.6665	
181	1212.182	411.7378	2169.6665	3761.3330	
182	1217.496	295.6109	1787.3335	3277.0000	
183	1222.802	300.4629	2191.0000	3707.6665	
184	1228.101	219.3142	1797.0000	3254.6665	
185	1233.393	179.9516	2361.6667	3811.0000	
186	1238.677	192.9220	2037.6666	3448.3335	
187	1243.953	324.2263	2362.0000	4017.6670	
188	1249.222	496.1961	2033.6667	3892.3333	
189	1254.484	427.7708	2713.6667	4521.6670	
190	1259.737	229.6783	2267.3333	3895.0000	
191	1264.984	234.2527	2763.6667	4413.6670	
192	1270.222	230.4937	2499.3335	4163.3335	
193	1275.453	219.0681	2895.3333	4565.6665	
194	1280.677	175.9761	2315.3333	3960.3335	
195	1285.893	295.2168	2993.0000	4775.0000	
196	1291.101	237.1062	2374.3333	4127.6665	
197	1296.302	94.4005	3019.3333	4675.0000	
198	1301.495	88.6944	2613.6667	4308.6665	
199	1306.680	151.9892	3207.3330	5010.6670	
200	1311.858	323.9502	2843.6665	4864.0000	
201	1317.028	310.9368	2951.6667	4987.0000	
202	1322.190	227.2566	2850.0000	4829.6665	
203	1327.345	434.4060	3145.0000	5345.6665	
204	1332.492	644.3809	2824.6667	5254.3335	
205	1337.631	802.0657	3376.6665	5969.6665	
206	1342.762	620.4172	2639.6665	5056.6665	
207	1347.886	423.4353	3367.0000	5592.6665	
208	1353.002	279.4538	2768.0000	4855.3335	
209	1358.110	537.8057	3633.3330	5984.6670	
210	1363.211	818.1567	3032.0000	5669.3335	
211	1368.304	873.5089	3498.0000	6196.3340	
212	1373.389	765.8596	3058.6665	5655.0000	
213	1378.466	690.0613	3551.3335	6067.0000	
214	1383.535	614.5963	3136.3335	5571.6665	
215	1388.597	281.1321	3786.6667	5883.6670	
216	1393.651	0.0000	3096.3333	4907.3330	
217	1398.696	15.3497	3692.0000	5500.3335	
218	1403.734	145.9242	3253.6665	5157.0000	
219	1408.765	448.1652	3986.6670	6156.6665	
220	1413.787	722.0736	3234.6665	5643.0000	
221	1418.801	1045.9464	3726.6665	6435.0000	
222	1423.808	1338.8191	3293.0000	6270.3330	
223	1428.807	1785.6921	3743.6665	7144.0000	
224	1433.797	2370.3428	3351.6665	7298.3330	
225	1438.780	2681.9087	3778.0000	7998.0000	
226	1443.755	3030.4746	3353.3335	7883.6670	
227	1448.722	3512.0400	3933.3335	8907.0000	
228	1453.681	3937.2725	3148.3335	8509.0000	
229	1458.632	4359.9365	3919.3335	9635.3330	
230	1463.575	3520.6021	3206.3335	8015.6670	
231	1468.510	2259.2651	3774.0000	7254.6665	
232	1473.438	1299.2628	3166.0000	5619.3330	
233	1478.357	855.1927	3631.0000	5584.3330	
234	1483.268	464.4552	3041.0000	4547.6665	
235	1488.171	341.7187	3690.0000	5018.0000	
236	1493.066	257.6486	2975.0000	4163.0000	
237	1497.953	144.9836	3818.0000	4851.6670	
238	1502.832	159.4599	3127.6670	4140.6670	
239	1507.703	155.6674	3586.0000	4565.0000	
240	1512.566	144.2920	2638.0000	3559.3335	
241	1517.421	156.9162	3388.3335	4340.0000	
242	1522.267	164.9576	3259.3333	4157.0000	
243	1527.106	206.1649	4054.0000	4962.6665	
244	1531.937	238.7055	3379.3335	4290.3330	
245	1536.759	255.7567	4038.6667	4963.6670	
246	1541.573	237.1549	3306.0000	4241.6665	
247	1546.379	256.8877	3994.6665	4981.6670	
248	1551.177	251.5367	3382.0000	4360.3335	
249	1555.967	221.1496	4056.6667	5094.3335	
250	1560.749	158.8466	3424.3335	4455.6665	
251	1565.522	170.7096	3980.0000	5094.6665	
252	1570.288	176.0729	3653.0000	4835.3330	
253	1575.045	202.7399	3954.0000	5246.6665	
254	1579.793	252.0753	3399.6665	4825.3335	
255	1584.534	285.7416	3956.6667	5499.6665	
256	1589.266	252.4098	3157.6665	4751.0000	
257	1593.991	227.7443	3674.6665	5327.0000	
258	1598.707	226.0778	3046.0000	4780.3335	
259	1603.414	231.0428	3729.0000	5568.6670	
260	1608.114	212.4757	3474.6665	5366.3335	
261	1612.805	215.3031	3919.6665	5878.6665	
262	1617.488	238.4650	3797.0000	5843.6670	
263	1622.162	287.9591	3979.0000	6139.6665	
264	1626.828	368.1205	3410.6665	5716.0000	
265	1631.486	517.6531	3790.3335	6287.6670	
266	1636.136	936.1500	3140.3335	6079.6670	
267	1640.777	1631.8575	4050.6667	7710.0000	
268	1645.410	2114.8979	3130.6665	7297.3330	
269	1650.034	1692.1241	3800.0000	7514.6660	
270	1654.650	894.3514	3317.3335	6205.0000	
271	1659.258	667.2449	3832.6670	6464.0000	
272	1663.857	747.1385	3241.6665	5923.6665	
273	1668.448	1062.3652	3905.0000	6873.0000	
274	1673.031	1355.5918	3093.3335	6325.3330	
275	1677.605	1465.1530	3397.0000	6709.3340	
276	1682.170	1198.0464	3192.3335	6208.3335	
277	1686.728	694.9702	3496.0000	5942.0000	
278	1691.276	348.8944	3076.3333	5109.3335	
279	1695.817	315.4860	3671.6665	5604.3335	
280	1700.348	313.8448	2903.0000	4781.6670	
281	1704.872	575.6193	3444.0000	5480.0000	
282	1709.386	723.0607	2750.0000	4829.0000	
283	1713.893	704.5023	3407.6667	5363.6670	
284	1718.391	406.2780	2707.0000	4260.3335	
285	1722.880	207.4494	3360.0000	4627.6670	
286	1727.361	123.6208	2382.3335	3479.3330	
287	1731.833	33.6619	3156.0000	4066.6670	
288	1736.296	98.4201	2640.6667	3545.6665	
289	1740.751	146.1783	3031.3335	3913.6670	
290	1745.198	113.8525	2318.3335	3076.3335	
291	1749.636	184.2779	3060.3333	3824.3333	
292	1754.065	205.4930	2397.6667	3111.6665	
293	1758.486	237.1071	2984.6665	3690.3335	
294	1762.898	252.0131	1895.0000	2649.0000	
295	1767.301	261.1272	2710.6665	3394.0000	
296	1771.696	262.9091	2162.6667	2874.3333	
297	1776.082	259.7683	2562.3335	3178.0000	
298	1780.460	271.8777	1675.6667	2310.3333	
299	1784.829	260.2372	2440.0000	3062.3333	
300	1789.189	217.6802	1664.0000	2231.6667	
301	1793.540	224.5249	2424.3333	2991.3333	
302	1797.883	229.1778	2030.3335	2596.3333	
303	1802.217	237.7474	2598.6667	3168.0000	
304	1806.542	233.2341	2110.6667	2660.6667	
305	1810.859	204.4705	2069.3333	2582.0000	
306	1815.167	219.7066	1690.0000	2209.3333	
307	1819.466	234.5263	2256.6667	2799.6665	
308	1823.756	246.7868	1576.0000	2079.3335	
309	1828.038	248.4341	2355.3335	2892.0000	
310	1832.311	254.3313	1567.3335	2070.3335	
311	1836.575	260.7284	2011.0000	2535.0000	
312	1840.830	252.2081	1586.6667	2088.0000	
313	1845.076	228.0984	1737.0000	2215.6665	
314	1849.314	251.6557	1653.0000	2156.6667	
315	1853.542	262.8795	1950.6665	2467.0000	
316	1857.762	244.7693	1365.0000	1864.6667	
317	1861.973	236.1607	1640.3334	2125.6665	
318	1866.176	236.2609	1206.3334	1665.6665	
319	1870.369	241.9858	1426.3334	1939.6667	
320	1874.553	237.6693	721.6667	1191.3334	
321	1878.729	227.9778	1443.6666	1893.0000	
322	1882.895	224.9615	709.3333	1173.3334	
323	1887.053	212.0620	1016.6667	1450.6666	
324	1891.202	224.9128	654.6666	1040.3334	
325	1895.342	230.9028	1367.0000	1853.3333	
326	1899.473	247.5592	623.6667	1075.6666	
327	1903.595	248.7990	1348.0000	1801.0000	
328	1907.708	237.7065	729.0000	1176.3334	
329	1911.812	232.5921	1178.6666	1613.6667	
330	1915.907	234.5676	709.6666	1145.6666	
331	1919.993	237.2099	1080.6666	1491.0000	
332	1924.070	246.7689	617.6666	1062.6667	
333	1928.138	253.7166	1356.0000	1791.3335	
334	1932.197	260.3311	606.0000	1070.0000	
335	1936.247	239.6120	1058.3334	1470.0000	
336	1940.288	231.8930	561.3334	958.6666	
337	1944.319	239.7366	959.6667	1356.0000	
338	1948.342	248.7885	664.3334	1065.3334	
339	1952.356	253.9863	1004.3334	1423.0000	
340	1956.361	243.3506	222.0000	604.3334	
341	1960.356	228.0256	646.3333	1008.6667	
342	1964.343	230.9506	455.3333	815.0000	
343	1968.320	229.7335	618.3333	982.0000	
344	1972.288	232.9505	33.3333	390.0000	
345	1976.247	236.1594	390.0000	762.0000	
346	1980.197	233.9517	-150.0000	232.6667	
347	1984.138	205.2022	221.0000	552.0000	
348	1988.069	234.6202	-111.0000	248.0000	
349	1991.992	245.9523	428.0000	807.0000	
350	1995.905	256.6171	-324.0000	32.3333	
351	1999.809	257.3052	368.6667	753.6666	
352	2003.704	252.4100	-360.0000	6.0000	
353	2007.589	252.0981	269.0000	634.0000	
354	2011.466	205.7863	-366.0000	-48.0000	
355	2015.333	234.4744	275.3333	621.3333	
356	2019.191	250.1618	-439.6667	-78.6667	
357	2023.039	255.2450	272.3333	661.0000	
358	2026.879	246.2450	-388.3333	-38.0000	
359	2030.708	246.0783	236.0000	587.3333	
360	2034.529	246.8286	-378.6667	-66.6667	
361	2038.341	246.8010	243.0000	618.0000	
362	2042.143	244.0234	-388.6667	-48.3333	
363	2045.936	244.9125	192.3333	533.0000	
364	2049.719	234.5081	-416.6666	-126.3333	
365	2053.493	236.2637	190.6667	558.6667	
366	2057.258	230.0194	-342.0000	-19.6667	
367	2061.014	223.7751	247.0000	555.0000	
368	2064.760	225.5308	-343.6667	-28.0000	
369	2068.496	224.2864	216.6667	528.0000	
370	2072.224	234.7088	-270.6667	4.3333	
371	2075.942	255.8759	331.3333	662.3334	
372	2079.650	252.4108	-339.3333	-12.6667	
373	2083.349	223.8835	221.3333	519.3333	
374	2087.039	254.0230	-262.0000	66.0000	
375	2090.719	287.1625	30.6667	391.6667	
376	2094.390	227.9686	-279.0000	22.6667	
377	2098.051	214.2737	285.6667	574.6667	
378	2101.703	220.2453	-164.0000	132.0000	
379	2105.345	235.2169	211.3333	523.3333	
380	2108.978	250.1884	-400.6667	-72.6667	
381	2112.601	251.5670	-686.6667	-349.3333	
382	2116.215	240.9455	-151.6667	159.6667	
383	2119.819	239.9907	203.0000	540.3333	
384	2123.414	244.7860	-533.3333	-251.3333	
385	2126.999	237.0829	123.3333	453.3333	
386	2130.575	238.8276	-422.6666	-95.6667	
387	2134.141	233.3223	131.3333	436.0000	
388	2137.697	231.8172	-347.3333	-30.6667	
389	2141.244	232.2411	313.6667	615.3333	
390	2144.781	238.4150	-410.6667	-95.3333	
391	2148.309	247.1721	254.6667	578.3333	
392	2151.827	250.1314	-590.0000	-272.3333	
393	2155.336	242.2784	96.3333	411.3333	
394	2158.835	242.5921	-253.6667	71.0000	
395	2162.324	214.0724	375.3333	656.0000	
396	2165.803	236.1366	-223.6667	56.3333	
397	2169.273	247.8544	129.6667	482.3333	
398	2172.733	248.0305	-403.0000	-106.6667	
399	2176.184	238.6650	195.3333	475.0000	
400	2179.625	255.7579	-186.3333	135.0000	
401	2183.056	254.9340	469.6667	790.0000	
402	2186.477	243.8602	-335.0000	-38.3333	
403	2189.889	238.2863	-13.3333	312.6667	
404	2193.291	234.7120	-347.6667	-54.3333	
405	2196.683	232.8187	269.0000	566.3333	
406	2200.065	226.8445	-354.6667	-73.0000	
407	2203.438	232.2616	258.6667	571.3333	
408	2206.801	237.5328	-325.3333	-36.3333	
409	2210.154	245.0077	360.3333	673.3334	
410	2213.497	243.4409	-415.0000	-73.0000	
411	2216.831	225.8741	326.3333	620.0000	
412	2220.154	228.9747	-334.0000	-37.3333	
413	2223.468	246.3836	357.3333	689.6667	
414	2226.772	243.7481	-546.3333	-254.0000	
415	2230.066	239.4460	189.3333	500.6667	
416	2233.351	237.1439	-561.6667	-266.3333	
417	2236.625	253.3417	236.6667	561.0000	
418	2239.889	252.1854	-516.6667	-179.3333	
419	2243.144	249.8832	31.6667	345.6667	
420	2246.389	248.3510	-338.3333	-27.6667	
421	2249.624	249.7546	276.6667	644.0000	
422	2252.848	237.9082	-397.0000	-84.0000	
423	2256.063	225.6450	270.3333	569.6666	
424	2259.268	227.3821	-336.6667	-37.0000	
425	2262.463	245.6739	203.3333	523.6667	
426	2265.649	251.3825	-104.0000	196.3333	
427	2268.824	245.2103	375.0000	717.0000	
428	2271.989	240.8832	-288.3333	24.6667	
429	2275.144	224.7366	238.0000	536.3333	
430	2278.289	230.2567	-297.6667	7.6667	
431	2281.424	233.0268	338.3333	689.0000	
432	2284.549	226.1303	-352.0000	-65.0000	
433	2287.665	216.1504	242.0000	537.3333	
434	2290.770	223.3709	-344.0000	-60.3333	
435	2293.865	243.7749	252.6667	569.3334	
436	2296.949	263.8457	-580.0000	-242.6667	
437	2300.024	289.1561	262.3333	625.0000	
438	2303.089	253.4664	-422.3334	-95.3333	
439	2306.144	238.5267	42.0000	331.0000	
440	2309.188	238.5041	-513.3334	-194.6667	
441	2312.223	236.4521	364.6667	678.3333	
442	2315.247	235.0043	-255.3333	57.0000	
443	2318.261	235.9731	147.0000	469.0000	
444	2321.265	232.7127	-447.0000	-174.3333	
445	2324.259	233.3846	411.0000	725.3334	
446	2327.243	239.3899	-440.6667	-140.0000	
447	2330.216	242.7285	206.3333	521.3333	
448	2333.180	237.4084	-373.6667	-86.6667	
449	2336.133	238.5275	-5.6667	312.3333	
450	2339.076	240.8966	-331.3333	-24.0000	
451	2342.009	238.6824	440.3333	751.6666	
452	2344.931	228.5517	-541.3334	-253.6667	
453	2347.843	236.1111	387.0000	681.3334	
454	2350.745	242.6706	-399.0000	-69.0000	
455	2353.637	248.6743	226.6667	502.6666	
456	2356.519	240.9698	-467.3333	-167.6667	
457	2359.390	238.3321	259.6667	540.3333	
458	2362.251	234.9443	-278.0000	20.0000	
459	2365.102	215.8898	266.6667	524.3334	
460	2367.942	238.5011	-201.0000	77.3333	
461	2370.772	243.4964	120.3333	405.0000	
462	2373.592	246.2832	-212.3333	68.3333	
463	2376.401	249.0908	311.3333	593.6667	
464	2379.200	251.5027	-377.3333	-119.3333	
465	2381.989	253.3938	75.0000	412.0000	
466	2384.767	250.0139	-296.3333	-46.0000	
467	2387.535	234.3215	283.6667	579.0000	
468	2390.292	236.2132	-507.3333	-276.0000	
469	2393.039	238.9419	221.3333	488.0000	
470	2395.776	246.1227	-323.0000	-52.0000	
471	2398.502	246.6579	354.0000	615.3333	
472	2401.218	254.5890	-592.3334	-327.6667	
473	2403.923	243.1693	293.0000	562.0000	
474	2406.618	217.2705	-346.0000	-134.6667	
475	2409.303	234.5382	383.3333	607.0000	
476	2411.977	250.0926	-334.6667	-108.6667	
477	2414.640	238.5952	336.0000	579.0000	
478	2417.293	208.7641	-391.0000	-195.6667	
479	2419.936	223.0999	134.3333	349.3333	
480	2422.568	229.7689	-374.0000	-147.0000	
481	2425.189	226.1045	263.3333	492.0000	
482	2427.801	275.6071	-429.6667	-179.3333	
483	2430.401	274.7761	218.6667	467.0000	
484	2432.991	271.7787	1058.6666	1465.3334	
485	2435.570	274.1507	251.3333	498.0000	
486	2438.139	239.6060	-661.0000	-401.3333	
487	2440.697	244.7279	111.3333	356.3333	
488	2443.245	247.9329	-441.6667	-186.0000	
489	2445.782	248.1586	74.3333	328.6667	
490	2448.308	228.9590	-489.3334	-256.3333	
491	2450.824	219.7001	433.0000	623.3333	
492	2453.329	222.4415	-355.3333	-121.0000	
493	2455.823	224.5765	337.0000	547.6666	
494	2458.307	230.8782	-525.3333	-308.0000	
495	2460.780	233.1800	289.6667	521.0000	
496	2463.243	234.5650	-280.6667	-81.0000	
497	2465.694	234.7001	462.3333	684.0000	
498	2468.135	236.8351	-385.0000	-170.6667	
499	2470.566	240.9494	468.3333	691.6667	
500	2472.986	240.4386	-354.6667	-124.0000	
501	2475.395	215.6483	54.0000	243.3333	
502	2477.793	239.2749	-442.6666	-229.6667	
503	2480.180	245.4848	247.0000	483.0000	
504	2482.557	241.6946	-361.3333	-167.3333	
505	2484.923	241.3629	204.3333	438.3333	
506	2487.278	241.8644	-333.3333	-135.3333	
507	2489.622	242.1576	227.3333	455.0000	
508	2491.956	242.1175	-561.6667	-355.6667	
509	2494.279	240.7439	275.0000	505.3333	
510	2496.591	232.6204	-215.3333	-8.6667	
511	2498.892	241.9137	-43.3333	172.6667	
