resultName	muna15-10
resultName	muna15-10
ID	RS20191212122132_P19331194
Command	SCANANDSEARCH
User	Admin
Application	_Analyze
SerialNumber	P19331194
Power	280
Integration	900
Averages	3
AutoExposure	Off
AutoCollect	Off
QuickCollect	Off
AutoBackground	On
BaselineCorrection	On
Algorithm	Wavelet
Searched Library	All,None,None,None
MixtureComponents	2
matchThreshold	0.75
displayMatches	1
Threshold	0.80
WL Start	
WL End	
ServerVersion	3.180316
FirmwareVersion	
date	2019-12-12
time	12:21:32
scanindex	0
specpath	RS20191212122132_P19331194.xml
Search Range	200 - 2500
Synced	false
lastCalDateTime	2019-12-12 08:43:43
lastCalUser	Admin
lastCalResult	PASS
lastVerifyDateTime	2019-10-16 15:05:37
lastVerifyUser	Admin
lastVerifyResult	PASS
selectedMaterial	
result	No Match
ValidationGUID	
ValidationMatchQuality	
topMatch	
topMatchGUID	
topMatchQuality	
secondMatch	
secondMatchGUID	
secondMatchQuality	
thirdMatch	
thirdMatchGUID	
thirdMatchQuality	
fourthMatch	
fourthMatchGUID	
fourthMatchQuality	
fifthMatch	
fifthMatchGUID	
fifthMatchQuality	
signedBy	
signedDateTime	
softwareVer	1.7.0.21
memo	
batchID	
inBatch	false
batchUID	
batchCID1	
batchCIDlbl1	
batchCID2	
batchCIDlbl2	
batchCID3	
batchCIDlbl3	
batchCID4	
batchCIDlbl4	
batchCID5	
batchCIDlbl5	
signedTitle	
signedReason	
rescanned	
barcode	
topMatchContribs	
secondMatchContribs	
thirdMatchContribs	
fourthMatchContribs	
fifthMatchContribs	
ValidationMatchContribs	
Threat	
PrecursorList	
CompundName	
WindowStart4C	
MatchLibrary	
lastModified	2019/12/12 12:23
Signal2Noise	71.35
Detector TEC SetPoint	0x8000
Detector Temp	4.97
Laser Temp	25.42
OE1 Temp	34.56
OE2 Temp	37.69
Detector Gain	200
SaturationDetected	false
InterpolatedPixelList	
PeakList	 297.5	926	398.3	858	555.9	886	649.9	2657	751.9	932	804.2	887	959.4	1044	1212.0	1184	1333.4	872	1378.0	1537	1457.5	5137	1642.3	4203	1673.0	3692	1714.5	1238	1738.1	699	1773.0	1002	1806.2	916	1854.3	865	1948.5	887
index	Raman Shift (cm-1)	Y value (counts)	background (counts)	raw value (counts)
0	137.923	736.7495	21956.3340	26192.0000	
1	144.410	608.8516	23633.6660	27654.0000	
2	150.891	521.6157	24691.6680	28537.3320	
3	157.367	517.3895	24869.3320	28623.3359	
4	163.837	612.1518	24829.6680	28591.0000	
5	170.302	648.2538	26737.0000	30447.0000	
6	176.762	540.3539	26356.6680	29871.3340	
7	183.215	342.4580	25667.6641	28897.0000	
8	189.664	349.2239	25013.0000	28161.6680	
9	196.106	356.6560	27395.3340	30464.0000	
10	202.544	497.0922	27097.0000	30218.6680	
11	208.975	565.5223	27741.0000	30843.6641	
12	215.401	599.9601	26915.3320	29965.0000	
13	221.822	541.4707	27935.6680	30863.0000	
14	228.236	530.9520	28614.0000	31447.0000	
15	234.646	552.0247	28760.3359	31604.0000	
16	241.049	248.4351	25437.3340	27967.0000	
17	247.447	428.8417	27269.6680	29969.3320	
18	253.839	316.5897	25054.6641	27631.6680	
19	260.226	499.6584	26593.3359	29343.0000	
20	266.607	381.0709	23727.0000	26347.6680	
21	272.982	629.8308	27475.0000	30374.6680	
22	279.352	876.9244	26122.3320	29299.3340	
23	285.716	898.6825	24717.0000	27946.0000	
24	292.074	879.1064	24084.6680	27324.3320	
25	298.426	925.8365	23479.0000	26793.0000	
26	304.773	791.5647	23636.3340	26843.6680	
27	311.114	652.9569	25338.3320	28434.6641	
28	317.449	515.0514	22117.3340	25128.3340	
29	323.779	723.5350	23102.6660	26249.0000	
30	330.102	691.0187	23357.3320	26398.0000	
31	336.420	783.8344	23274.6660	26335.0000	
32	342.732	745.3180	23668.3320	26617.0000	
33	349.039	587.1318	21961.3340	24678.6660	
34	355.339	349.9494	19501.3340	21908.3340	
35	361.634	581.3721	24772.6641	27313.3320	
36	367.923	225.4550	19338.3340	21448.0000	
37	374.205	324.5972	20272.0000	22437.3320	
38	380.483	768.4093	21204.0000	23769.6680	
39	386.754	718.2175	21282.6660	23754.6660	
40	393.019	703.8193	17153.0000	19279.0000	
41	399.278	857.9529	19825.3320	22347.3340	
42	405.532	688.2078	17007.6680	19313.6680	
43	411.779	462.8815	11346.0000	13198.3340	
44	418.021	509.1384	14145.3340	16141.0000	
45	424.257	494.5192	13215.3340	15217.3340	
46	430.487	530.6500	9794.6660	11722.6660	
47	436.710	592.1152	6260.3330	8269.3340	
48	442.928	688.9120	6084.6670	8154.3340	
49	449.140	668.1564	10247.3330	12373.3340	
50	455.346	604.4237	6456.3330	8394.3330	
51	461.546	297.0247	5797.3335	7394.0000	
52	467.739	425.1263	5369.3330	6908.6670	
53	473.927	593.3380	8199.6670	10025.0000	
54	480.109	603.7177	4335.6665	6137.6670	
55	486.285	527.1796	2688.0000	4332.0000	
56	492.454	567.9792	5327.3335	7017.6670	
57	498.618	587.8880	6583.3330	8214.0000	
58	504.775	621.2969	6305.6670	8045.6665	
59	510.926	581.9557	3091.3335	4681.3335	
60	517.072	512.1981	4789.0000	6249.3330	
61	523.211	560.3113	5754.0000	7289.6670	
62	529.344	482.9246	3658.3330	5019.6665	
63	535.471	514.0378	4861.3335	6205.6670	
64	541.591	365.4840	3034.0000	4181.6665	
65	547.706	487.9297	6383.6670	7605.6660	
66	553.814	886.0429	11034.6670	12606.6660	
67	559.917	884.4901	11589.6670	13112.0000	
68	566.013	731.2702	7632.6660	8953.6660	
69	572.102	447.6923	4776.0000	5800.0000	
70	578.186	440.3510	1981.6667	3002.6665	
71	584.263	302.2546	1521.0000	2411.3335	
72	590.334	342.4910	3030.6667	3968.6665	
73	596.399	493.3737	6534.6670	7660.0000	
74	602.458	784.5902	8341.3340	9794.3340	
75	608.510	925.8058	7869.3340	9500.0000	
76	614.556	1193.6893	9154.0000	11089.0000	
77	620.596	1259.1646	9285.0000	11495.0000	
78	626.630	1238.8975	7544.3330	9401.0000	
79	632.657	1248.2136	6019.3330	8059.3330	
80	638.677	1587.2784	6335.3340	8734.6660	
81	644.692	2277.6792	8234.3330	11344.3330	
82	650.700	2656.7463	6464.3330	9973.6670	
83	656.702	1798.4784	3311.3335	5982.6670	
84	662.697	1193.2109	2920.0000	5006.3330	
85	668.686	859.9869	3180.0000	4902.0000	
86	674.669	796.3461	1581.0000	3226.0000	
87	680.645	827.4553	2786.3333	4435.6670	
88	686.615	723.9799	5557.0000	7049.6660	
89	692.578	452.0245	5077.6665	6281.6670	
90	698.535	457.9010	2805.0000	3950.0000	
91	704.486	453.6129	4541.6665	5778.3330	
92	710.430	455.9227	4581.3330	5768.3335	
93	716.368	306.3216	3925.6665	5014.6670	
94	722.299	352.3871	4838.6665	6025.3335	
95	728.223	618.1197	4120.3330	5624.3335	
96	734.141	768.8510	4658.3330	6364.6660	
97	740.053	790.9178	6075.3330	7855.3340	
98	745.958	766.2250	6067.0000	7850.6670	
99	751.857	931.9449	8097.3340	10090.0000	
100	757.749	878.6665	6185.0000	8167.6670	
101	763.634	748.5036	8212.0000	10074.3330	
102	769.513	535.0082	6920.3335	8579.0000	
103	775.385	405.1799	7060.6670	8599.3340	
104	781.251	525.0175	6990.3330	8658.6660	
105	787.110	627.7326	8338.3330	10170.3340	
106	792.963	635.0303	8187.6670	9825.6670	
107	798.809	795.2448	9899.0000	11815.6670	
108	804.648	886.5428	8441.0000	10441.6670	
109	810.481	838.2704	8684.6660	10633.6660	
110	816.307	467.9984	7032.6665	8608.0000	
111	822.126	278.3923	8040.3330	9422.6660	
112	827.938	308.0577	7657.6670	9090.0000	
113	833.744	519.7463	8484.3330	10124.0000	
114	839.544	771.4340	7840.0000	9727.0000	
115	845.336	706.1225	8706.3330	10523.6670	
116	851.122	696.2472	7665.6670	9436.0000	
117	856.901	687.9230	8528.6660	10355.3330	
118	862.673	674.5780	8069.6670	9928.3340	
119	868.439	628.5699	7995.0000	9731.6660	
120	874.198	529.6439	6310.3340	7954.0000	
121	879.950	382.8184	6404.3335	7895.6670	
122	885.695	472.9913	6284.3335	7860.3330	
123	891.434	535.1656	7324.6660	8957.3330	
124	897.165	519.0051	7004.0000	8675.6660	
125	902.890	535.3442	5527.6665	7091.3330	
126	908.608	578.3497	5359.3330	6853.0000	
127	914.319	729.5217	6477.3330	8251.3330	
128	920.024	694.6941	5084.3335	6807.6670	
129	925.721	529.0328	5964.6665	7512.3330	
130	931.412	544.8716	4164.0000	5718.6665	
131	937.095	360.5435	4338.0000	5679.6665	
132	942.772	485.5495	4205.3335	5533.0000	
133	948.442	612.7035	4526.6665	6106.0000	
134	954.105	939.3181	3328.0000	5204.3335	
135	959.761	1043.5986	4162.3335	6113.3330	
136	965.410	796.8806	3789.0000	5463.6665	
137	971.053	558.8176	3733.6665	5154.6670	
138	976.688	550.0864	2318.6667	3715.3330	
139	982.316	538.4397	2916.3335	4277.6665	
140	987.937	573.9755	3011.0000	4412.3335	
141	993.552	507.1083	3041.6667	4360.0000	
142	999.159	431.3247	2565.0000	3823.3335	
143	1004.759	421.2073	3208.6667	4472.6670	
144	1010.352	466.7565	2572.6667	3898.0000	
145	1015.939	505.9727	2886.6665	4267.0000	
146	1021.518	548.8551	2905.0000	4344.0000	
147	1027.090	633.7380	3027.3333	4567.0000	
148	1032.655	616.6211	2660.0000	4206.3335	
149	1038.213	583.3582	3258.6665	4774.3330	
150	1043.764	568.5122	2827.3333	4379.0000	
151	1049.307	499.7497	3233.3330	4699.3335	
152	1054.844	350.2369	2316.3335	3647.6667	
153	1060.373	468.7939	3472.6665	4945.0000	
154	1065.896	530.5718	3253.0000	4833.3330	
155	1071.411	525.7567	3690.0000	5283.3335	
156	1076.919	545.1071	3685.3335	5302.6665	
157	1082.420	524.3925	4101.6665	5717.0000	
158	1087.914	569.1780	2923.6667	4470.6665	
159	1093.400	679.1298	4527.6665	6354.3330	
160	1098.880	626.7487	4711.0000	6506.0000	
161	1104.352	457.2181	5479.0000	7100.6670	
162	1109.817	539.8082	4847.3330	6466.0000	
163	1115.274	628.3984	5826.3330	7630.3330	
164	1120.725	655.4893	5192.0000	7028.6670	
165	1126.168	692.2677	6217.0000	8126.6670	
166	1131.604	713.0460	6149.0000	7966.0000	
167	1137.032	732.7408	6907.0000	8736.0000	
168	1142.453	716.1021	5978.6670	7797.0000	
169	1147.868	725.4288	7354.3330	9241.3330	
170	1153.274	587.9214	7572.6670	9221.6670	
171	1158.674	517.5806	7818.6670	9388.0000	
172	1164.066	444.9077	7584.3340	9024.6670	
173	1169.450	420.7573	9547.6670	11058.6670	
174	1174.828	389.5237	8889.0000	10317.6660	
175	1180.198	443.0605	10541.6670	12139.3330	
176	1185.560	544.7621	10004.6660	11757.3330	
177	1190.916	549.1301	10796.0000	12606.3340	
178	1196.263	609.1627	10703.0000	12626.6660	
179	1201.604	856.1975	11866.0000	14090.0000	
180	1206.937	1030.2307	11014.6670	13466.0000	
181	1212.262	1184.2852	12418.3340	15052.3320	
182	1217.581	938.9014	12118.6660	14515.0000	
183	1222.891	805.7559	13169.6660	15424.6660	
184	1228.194	770.8599	13119.3320	15470.0000	
185	1233.490	597.8987	14610.0000	16800.3340	
186	1238.778	359.6848	14434.6680	16452.0000	
187	1244.059	531.8069	14716.0000	16970.6660	
188	1249.333	587.9277	14879.0000	17255.0000	
189	1254.598	577.1956	17150.0000	19608.6660	
190	1259.856	403.7983	16447.3340	18826.0000	
191	1265.107	401.0679	18114.6660	20584.0000	
192	1270.350	518.0037	18316.6660	20996.3340	
193	1275.586	495.9375	19758.0000	22509.0000	
194	1280.814	456.2051	18989.0000	21793.6660	
195	1286.034	650.1418	20458.3320	23550.3320	
196	1291.247	650.0507	20279.3320	23493.6660	
197	1296.452	548.0811	22090.0000	25289.3320	
198	1301.650	564.1152	21549.3340	24851.6680	
199	1306.840	622.1476	23327.6660	26775.0000	
200	1312.022	572.1808	22797.6660	26282.0000	
201	1317.197	471.6375	24218.0000	27653.6680	
202	1322.364	311.7556	23835.0000	27162.6641	
203	1327.523	740.7166	25111.3340	28885.3340	
204	1332.674	872.2745	24515.3340	28454.3320	
205	1337.818	863.6251	26343.6641	30306.3340	
206	1342.955	480.3022	25359.6680	28971.3359	
207	1348.083	440.9810	27180.3320	30785.0000	
208	1353.204	370.3203	26149.3359	29715.6641	
209	1358.317	593.3389	28398.3320	32220.0000	
210	1363.422	1051.0161	27710.3340	32022.0000	
211	1368.520	1256.3607	29408.3320	33957.6641	
212	1373.610	1186.0430	28629.3320	33140.6680	
213	1378.692	1537.0382	30319.6660	35217.0000	
214	1383.766	1392.3694	29276.3320	34064.0000	
215	1388.832	746.3671	31129.3320	35306.0000	
216	1393.891	252.0310	29861.6641	33579.0000	
217	1398.942	250.7241	31703.0000	35450.3320	
218	1403.984	369.1888	30412.3359	34264.3320	
219	1409.020	911.6609	32213.6680	36594.3359	
220	1414.047	1505.1248	30830.6680	35791.0000	
221	1419.066	1920.8896	32628.0000	38000.0000	
222	1424.078	2075.9902	31465.6641	36988.6680	
223	1429.081	2906.4153	32925.6680	39275.0000	
224	1434.077	3754.4482	31732.0000	38889.6680	
225	1439.065	4377.3906	33351.6680	41103.3320	
226	1444.045	4683.6733	32133.3320	40162.3320	
227	1449.016	5096.2842	33738.0000	42150.6641	
228	1453.980	5015.5679	32156.6680	40459.6680	
229	1458.936	5136.7261	34016.0000	42346.6680	
230	1463.885	3838.2134	31896.6660	38835.3320	
231	1468.825	2528.0420	33279.3320	38814.3359	
232	1473.757	1605.5298	31432.0000	35951.0000	
233	1478.681	1013.1577	32851.3320	36695.3320	
234	1483.597	581.7891	31129.6660	34459.6680	
235	1488.505	524.7480	33279.0000	36469.3320	
236	1493.405	429.0437	31811.0000	34823.0000	
237	1498.297	417.7539	33877.0000	36813.3320	
238	1503.181	358.0770	32643.0000	35476.3320	
239	1508.057	479.8708	32538.0000	35456.6641	
240	1512.924	0.0000	26580.6680	28983.0000	
241	1517.784	227.4613	31488.3320	34081.6641	
242	1522.635	419.5910	33772.6680	36521.6680	
243	1527.479	628.0486	36473.6680	39394.6641	
244	1532.314	653.5138	35086.6680	37996.6680	
245	1537.142	740.7451	37030.3320	40054.3359	
246	1541.961	594.8364	35749.0000	38709.6680	
247	1546.772	598.9277	37609.3320	40656.6641	
248	1551.574	491.6924	36629.0000	39651.6680	
249	1556.369	464.9517	38972.3359	42078.0000	
250	1561.155	385.5518	37073.6680	40209.6680	
251	1565.933	453.4790	38916.0000	42229.6641	
252	1570.703	457.7466	38424.3320	41852.0000	
253	1575.465	508.1963	39520.0000	43142.6680	
254	1580.219	471.3120	37355.3320	41085.6641	
255	1584.964	543.7656	39037.3320	42984.6680	
256	1589.701	556.8794	36313.0000	40418.0000	
257	1594.430	568.9932	36131.0000	40392.6641	
258	1599.150	504.4468	35518.6680	39860.3359	
259	1603.863	718.5342	39236.6641	43974.6680	
260	1608.567	760.0403	38062.6641	42967.3320	
261	1613.262	914.5149	40059.3359	45197.6641	
262	1617.949	1057.9995	39533.3359	44894.3359	
263	1622.629	1143.1455	40386.3359	45911.6680	
264	1627.299	1257.2891	38274.0000	43992.6641	
265	1631.961	1943.2336	38843.6680	45291.0000	
266	1636.615	2953.3701	36813.0000	44272.0000	
267	1641.261	4203.1182	40012.3320	48735.3359	
268	1645.898	3992.8633	38277.3359	46804.3359	
269	1650.527	3258.1816	40341.6680	48046.3320	
270	1655.147	2166.1721	37181.0000	43706.0000	
271	1659.759	2070.8264	40006.6680	46348.6680	
272	1664.363	2560.8169	39317.6641	46062.0000	
273	1668.958	3367.7998	40716.3359	48180.0000	
274	1673.544	3691.7900	37977.6680	45677.6680	
275	1678.123	3032.1125	37931.3320	44884.0000	
276	1682.692	1883.7593	37103.3359	42820.0000	
277	1687.254	926.5457	37153.0000	41783.6680	
278	1691.806	469.6562	37970.3359	42015.3320	
279	1696.350	571.7727	41171.3320	45189.6641	
280	1700.886	420.6987	36884.0000	40656.6680	
281	1705.413	674.7139	37171.6680	41027.6680	
282	1709.932	798.7334	35284.6641	39094.0000	
283	1714.442	1237.7485	39923.0000	44000.6680	
284	1718.944	868.4316	35981.0000	39518.6680	
285	1723.437	683.4600	35392.0000	38651.0000	
286	1727.921	11.8242	30569.3320	33063.0000	
287	1732.397	443.3137	36251.6680	39055.6641	
288	1736.864	699.3496	35459.6641	38441.3320	
289	1741.323	473.0457	33957.3320	36634.3320	
290	1745.773	253.7412	31071.0000	33450.3320	
291	1750.214	690.7771	35541.3320	38279.3359	
292	1754.647	737.4730	33605.0000	36311.3359	
293	1759.071	709.8756	32430.0000	35058.3320	
294	1763.486	307.6179	27857.0000	30032.6680	
295	1767.893	582.3563	32508.3320	34908.3320	
296	1772.291	1001.7648	34243.0000	37012.0000	
297	1776.680	642.1321	29823.3359	32193.0000	
298	1781.061	510.5033	26210.6680	28409.0000	
299	1785.432	438.8798	26813.3320	28900.3359	
300	1789.796	470.5808	25713.3320	27792.3340	
301	1794.150	509.3857	27839.0000	29942.6680	
302	1798.495	710.2650	30885.6680	33217.3320	
303	1802.832	723.7483	31152.3320	33437.6680	
304	1807.160	915.9191	30488.0000	32949.0000	
305	1811.480	563.3201	26499.3320	28591.3320	
306	1815.790	439.3844	24151.6680	26103.3320	
307	1820.092	436.1204	25165.3320	27097.3320	
308	1824.385	549.2714	24943.6660	26949.6680	
309	1828.669	703.4481	27847.3320	29983.0000	
310	1832.944	577.7073	25834.3359	27993.6680	
311	1837.210	412.8005	22506.3340	24302.3320	
312	1841.468	491.9791	22928.0000	24778.6680	
313	1845.716	561.6470	25001.0000	26889.0000	
314	1849.956	817.3169	26933.3320	29044.6660	
315	1854.187	865.3188	25580.3320	27707.3320	
316	1858.409	751.3211	23223.0000	25203.6660	
317	1862.622	641.0422	21354.0000	23157.6660	
318	1866.826	655.4299	18764.6680	20516.0000	
319	1871.021	433.0477	15545.3330	16849.0000	
320	1875.207	499.7688	15579.0000	17019.6660	
321	1879.384	457.5109	16263.0000	17775.6660	
322	1883.552	305.2385	11602.0000	12758.0000	
323	1887.712	204.9897	10622.0000	11621.6670	
324	1891.862	423.7393	11980.6670	13143.0000	
325	1896.003	536.0918	14357.0000	15743.3330	
326	1900.135	540.1113	12278.6670	13349.3340	
327	1904.258	736.7954	16924.6680	18388.0000	
328	1908.372	699.7354	16465.6660	17996.6680	
329	1912.478	623.3312	15158.6670	16435.3340	
330	1916.574	592.2097	15030.3330	16448.3340	
331	1920.661	623.0877	13074.3340	14155.6680	
332	1924.738	628.7987	15237.3340	16621.0000	
333	1928.807	731.3680	15962.3330	17339.6660	
334	1932.867	717.6878	14073.3330	15396.6660	
335	1936.917	464.6746	11440.6670	12470.6670	
336	1940.959	650.6633	13074.0000	14249.6680	
337	1944.991	869.9811	14490.3340	15845.0000	
338	1949.014	886.9668	13753.3340	15084.6660	
339	1953.028	735.2886	10868.3330	12007.6670	
340	1957.033	484.3596	5782.0000	6404.0000	
341	1961.029	544.3601	6883.3330	7700.0000	
342	1965.015	570.6109	7256.3330	8070.6670	
343	1968.992	477.6934	5863.6665	6548.0000	
344	1972.960	524.0195	4293.0000	4953.3335	
345	1976.919	378.1543	2257.6667	2715.3333	
346	1980.869	422.1645	884.3334	1282.0000	
347	1984.809	478.9662	2086.0000	2565.0000	
348	1988.740	536.0597	1796.3333	2321.3333	
349	1992.661	526.0488	999.0000	1368.6666	
350	1996.574	528.4414	102.0000	509.0000	
351	2000.477	532.5376	720.0000	1075.3333	
352	2004.371	531.8838	-102.6667	268.3333	
353	2008.256	536.6461	410.3333	782.0000	
354	2012.131	551.7422	-266.6667	116.0000	
355	2015.997	552.5043	309.3333	688.6666	
356	2019.853	547.5997	-401.3333	-31.0000	
357	2023.701	532.5021	360.0000	701.3334	
358	2027.538	533.5704	-319.0000	11.3333	
359	2031.367	543.1395	266.6667	598.3333	
360	2035.186	543.5410	-306.0000	4.6667	
361	2038.996	553.4999	318.0000	642.0000	
362	2042.796	561.5421	-394.6667	-22.3333	
363	2046.587	558.1675	245.0000	562.0000	
364	2050.368	523.5738	-395.0000	-66.6667	
365	2054.140	523.5151	214.6667	568.6667	
366	2057.903	510.9355	-309.3333	4.6667	
367	2061.656	491.5436	268.0000	562.6667	
368	2065.399	517.8182	-306.6667	14.3333	
369	2069.133	522.0929	210.3333	535.6667	
370	2072.858	523.8467	-298.6667	109.0000	
371	2076.573	538.4208	356.3333	675.3333	
372	2080.278	540.8672	-282.0000	24.6667	
373	2083.974	544.4572	224.0000	562.0000	
374	2087.661	541.5264	-230.0000	79.0000	
375	2091.338	531.0123	48.6667	387.3333	
376	2095.005	523.9982	-260.3333	32.6667	
377	2098.663	516.4281	310.6667	604.6667	
378	2102.311	520.0248	-132.6667	146.3333	
379	2105.949	529.0381	246.6667	560.6667	
380	2109.578	527.6337	-372.0000	-59.0000	
381	2113.198	555.0850	-695.3333	-359.6667	
382	2116.807	547.3697	-140.6667	202.0000	
383	2120.407	526.8210	241.0000	544.0000	
384	2123.998	547.6890	-520.3334	-198.6667	
385	2127.579	535.0123	138.3333	485.3333	
386	2131.150	537.8219	-388.6667	-65.6667	
387	2134.711	538.2150	110.0000	437.3334	
388	2138.263	514.7756	-332.0000	16.6667	
389	2141.805	473.5537	334.0000	595.0000	
390	2145.337	478.7487	-374.0000	-106.6667	
391	2148.859	514.9436	253.0000	557.6667	
392	2152.372	542.7084	-579.6667	-269.0000	
393	2155.875	542.9362	83.6667	424.6667	
394	2159.368	540.3307	-224.3333	63.3333	
395	2162.852	538.8918	357.3333	672.0000	
396	2166.326	539.2863	-254.0000	63.6667	
397	2169.790	552.0770	145.0000	476.6667	
398	2173.244	544.2009	-366.6667	-41.6667	
399	2176.688	522.3249	193.0000	497.3333	
400	2180.123	536.1156	-185.3333	134.0000	
401	2183.547	548.8230	441.3333	791.0000	
402	2186.962	547.6137	-314.3333	16.3333	
403	2190.367	546.4876	-3.3333	330.0000	
404	2193.762	542.9451	-362.0000	-14.6667	
405	2197.147	534.9291	262.0000	585.6666	
406	2200.522	482.5593	-338.6667	-43.6667	
407	2203.888	490.9363	252.0000	556.3334	
408	2207.243	497.9805	-298.6667	13.6667	
409	2210.589	544.8890	333.0000	692.0000	
410	2213.924	537.4642	-406.6667	-47.3333	
411	2217.250	531.3729	309.6667	651.0000	
412	2220.565	531.6157	-335.6667	10.0000	
413	2223.871	541.9922	350.0000	683.6667	
414	2227.167	536.2327	-572.6667	-259.0000	
415	2230.453	537.8897	162.0000	502.6667	
416	2233.728	539.2968	-576.3334	-250.3333	
417	2236.994	535.2872	231.3333	574.0000	
418	2240.250	534.6943	-454.3333	-132.6667	
419	2243.495	541.5181	37.0000	364.0000	
420	2246.731	540.9241	-348.6667	15.6667	
421	2249.957	533.3267	266.6667	593.0000	
422	2253.172	533.1460	-422.0000	-98.6667	
423	2256.377	521.9653	254.6667	564.0000	
424	2259.573	535.9507	-319.6667	-12.0000	
425	2262.758	542.9646	257.3333	620.6666	
426	2265.933	542.1452	-78.3333	223.3333	
427	2269.098	513.4326	385.6667	709.6667	
428	2272.253	514.9050	-291.0000	17.6667	
429	2275.397	519.8931	212.0000	521.3333	
430	2278.532	519.0478	-288.6667	10.0000	
431	2281.656	529.8690	357.6667	713.0000	
432	2284.771	530.3363	-365.0000	-48.3333	
433	2287.875	527.4909	185.0000	549.0000	
434	2290.968	550.8351	-328.6667	-9.3333	
435	2294.052	549.4150	222.0000	563.6667	
436	2297.125	542.9925	-579.3333	-244.3333	
437	2300.188	531.2123	287.3333	572.6667	
438	2303.241	533.0988	-433.3333	-83.6667	
439	2306.284	528.9853	21.3333	336.6667	
440	2309.316	528.8717	-510.6667	-197.3333	
441	2312.338	518.6435	465.0000	738.0000	
442	2315.350	524.8319	-144.0000	195.3333	
443	2318.352	529.8119	192.3333	471.6667	
444	2321.343	531.6689	-484.3333	-153.6667	
445	2324.323	537.5013	371.0000	661.3333	
446	2327.294	540.2920	-432.0000	-102.0000	
447	2330.254	527.3327	304.3333	600.3334	
448	2333.204	517.9571	-343.6667	-51.6667	
449	2336.144	536.0817	37.3333	360.3333	
450	2339.073	530.6438	-307.6667	20.6667	
451	2341.991	529.1227	467.0000	751.3334	
452	2344.900	526.4329	-558.0000	-230.6667	
453	2347.798	524.6860	372.3333	682.0000	
454	2350.685	521.4388	-352.3333	-42.0000	
455	2353.562	535.7120	244.3333	592.0000	
456	2356.429	497.6677	-307.6667	-44.0000	
457	2359.285	510.0263	377.6667	654.0000	
458	2362.130	561.0516	-217.0000	110.6667	
459	2364.966	532.4104	257.6667	557.0000	
460	2367.790	531.6837	-115.3333	163.3333	
461	2370.604	535.2698	214.6667	550.3333	
462	2373.408	537.1058	-157.3333	124.6667	
463	2376.202	544.6085	395.0000	701.3334	
464	2378.984	561.4445	-219.6667	101.6667	
465	2381.756	545.6138	161.6667	485.0000	
466	2384.518	526.4498	-289.0000	-6.3333	
467	2387.269	532.9525	306.0000	593.3333	
468	2390.010	550.8738	-418.6666	-113.6667	
469	2392.739	534.6216	346.0000	648.3333	
470	2395.458	539.0887	-135.0000	184.0000	
471	2398.167	539.8476	480.3333	776.3334	
472	2400.865	489.5851	-539.0000	-300.6667	
473	2403.553	502.0609	285.6667	529.0000	
474	2406.229	514.2032	-371.0000	-89.3333	
475	2408.896	512.1790	434.3333	656.0000	
476	2411.551	542.5964	-267.0000	-21.6667	
477	2414.196	510.1050	356.3333	561.6667	
478	2416.830	535.1970	-311.0000	-120.6667	
479	2419.453	553.9557	156.0000	446.0000	
480	2422.066	566.4645	-318.3333	-85.0000	
481	2424.668	567.1398	243.0000	520.6667	
482	2427.260	545.8152	-400.3333	-162.6667	
483	2429.840	542.1572	237.0000	470.3334	
484	2432.410	484.7496	1041.3334	1041.0000	
485	2434.969	489.6489	291.0000	537.3333	
486	2437.517	493.2980	-585.6666	-364.0000	
487	2440.055	558.7805	150.3333	388.6667	
488	2442.581	556.2634	-386.3333	-110.3333	
489	2445.097	506.6756	102.3333	283.6667	
490	2447.602	536.9730	-477.3334	-244.3333	
491	2450.096	534.2307	404.3333	640.0000	
492	2452.580	529.9873	-318.3333	-91.6667	
493	2455.052	531.7014	365.6667	570.3333	
494	2457.514	547.0822	-538.6666	-297.6667	
495	2459.965	543.6296	287.6667	539.3333	
496	2462.405	533.8439	-279.3333	-54.3333	
497	2464.834	490.5580	471.0000	651.3333	
498	2467.252	514.6055	-366.3333	-163.3333	
499	2469.659	526.9863	483.0000	697.0000	
500	2472.056	554.2015	-261.3333	12.6667	
501	2474.441	555.5866	64.3333	275.6667	
502	2476.816	549.6801	-410.3333	-150.3333	
503	2479.179	534.1902	281.0000	501.6667	
504	2481.532	523.9921	-327.3333	-135.6667	
505	2483.873	520.9605	190.3333	441.6667	
506	2486.204	514.0956	-344.0000	-164.6667	
507	2488.523	519.5225	264.3333	474.0000	
508	2490.832	530.1160	-549.3333	-384.0000	
509	2493.130	561.8345	262.6667	512.6667	
510	2495.416	558.5529	-219.6667	27.3333	
511	2497.692	489.2714	17.3333	195.3333	
