resultName	chilca7-23
resultName	chilca7-23
ID	RS20191213113342_P19331194
Command	SCANANDSEARCH
User	Admin
Application	_Analyze
SerialNumber	P19331194
Power	280
Integration	900
Averages	3
AutoExposure	Off
AutoCollect	Off
QuickCollect	Off
AutoBackground	On
BaselineCorrection	On
Algorithm	Wavelet
Searched Library	All,None,None,None
MixtureComponents	2
matchThreshold	0.75
displayMatches	1
Threshold	0.80
WL Start	
WL End	
ServerVersion	3.180316
FirmwareVersion	
date	2019-12-13
time	11:33:42
scanindex	0
specpath	RS20191213113342_P19331194.xml
Search Range	200 - 2500
Synced	false
lastCalDateTime	2019-12-13 10:05:29
lastCalUser	Admin
lastCalResult	PASS
lastVerifyDateTime	2019-10-16 15:05:37
lastVerifyUser	Admin
lastVerifyResult	PASS
selectedMaterial	
result	No Match
ValidationGUID	
ValidationMatchQuality	
topMatch	
topMatchGUID	
topMatchQuality	
secondMatch	
secondMatchGUID	
secondMatchQuality	
thirdMatch	
thirdMatchGUID	
thirdMatchQuality	
fourthMatch	
fourthMatchGUID	
fourthMatchQuality	
fifthMatch	
fifthMatchGUID	
fifthMatchQuality	
signedBy	
signedDateTime	
softwareVer	1.7.0.21
memo	
batchID	
inBatch	false
batchUID	
batchCID1	
batchCIDlbl1	
batchCID2	
batchCIDlbl2	
batchCID3	
batchCIDlbl3	
batchCID4	
batchCIDlbl4	
batchCID5	
batchCIDlbl5	
signedTitle	
signedReason	
rescanned	
barcode	
topMatchContribs	
secondMatchContribs	
thirdMatchContribs	
fourthMatchContribs	
fifthMatchContribs	
ValidationMatchContribs	
Threat	
PrecursorList	
CompundName	
WindowStart4C	
MatchLibrary	
lastModified	2019/12/13 11:35
Signal2Noise	53.50
Detector TEC SetPoint	0x8000
Detector Temp	4.96
Laser Temp	25.36
OE1 Temp	35.72
OE2 Temp	39.88
Detector Gain	200
SaturationDetected	false
InterpolatedPixelList	
PeakList	 305.6	740	328.3	585	427.6	641	560.3	519	651.3	953	760.5	1950	788.9	1148	882.0	573	956.3	508	1159.6	511	1218.1	522	1296.9	844	1377.8	1309	1444.5	4485	1565.9	1530	1584.5	585	1641.5	3474	1676.0	2435
index	Raman Shift (cm-1)	Y value (counts)	background (counts)	raw value (counts)
0	137.589	244.7299	11273.3340	14422.6660	
1	144.103	266.8400	12034.6660	15110.6660	
2	150.611	149.9482	12514.3340	15378.0000	
3	157.114	198.0582	12691.6660	15508.0000	
4	163.610	209.1653	12436.6670	15168.6660	
5	170.101	256.2754	13610.6670	16294.3340	
6	176.586	174.3826	13193.3340	15699.6660	
7	183.065	276.1586	12969.0000	15481.6660	
8	189.538	167.6008	12434.6660	14743.3320	
9	196.005	182.3776	13778.6660	16006.6670	
10	202.467	229.4847	13435.3340	15615.0000	
11	208.922	116.2608	14164.0000	16135.0000	
12	215.372	194.0379	13331.3320	15284.6670	
13	221.815	141.6384	14079.3340	15931.0000	
14	228.253	158.6592	14172.3330	15985.0000	
15	234.685	152.5059	14391.3320	16196.3340	
16	241.111	130.3487	12638.0000	14419.3330	
17	247.531	96.1935	13544.0000	15289.6660	
18	253.945	161.3732	12348.0000	14157.3340	
19	260.353	284.2189	13303.3320	15234.0000	
20	266.755	192.0617	11613.3330	13450.3320	
21	273.151	125.2986	13757.0000	15546.6680	
22	279.541	105.5324	12816.0000	14605.3340	
23	285.925	198.4333	12335.6670	14237.3340	
24	292.303	446.0012	11746.6670	13915.3340	
25	298.675	626.4446	11668.6660	14044.3340	
26	305.041	740.2190	11400.3340	13916.3340	
27	311.401	660.9953	12551.0000	15014.3340	
28	317.754	553.8964	10719.3340	13113.0000	
29	324.102	529.3108	11312.6660	13641.3340	
30	330.444	585.0554	10995.0000	13339.0000	
31	336.780	360.8018	11336.0000	13415.3340	
32	343.109	258.8812	11243.3330	13180.3340	
33	349.433	230.2926	10690.3330	12558.3330	
34	355.750	314.0380	9280.0000	11191.3330	
35	362.061	440.0970	11736.0000	13723.0000	
36	368.366	249.3867	9150.3330	10905.6660	
37	374.665	142.0708	9682.3340	11300.3330	
38	380.958	77.0888	10132.3340	11655.3330	
39	387.245	93.1078	10275.0000	11784.0000	
40	393.526	159.1269	8242.3330	9787.3340	
41	399.800	195.7430	9786.3330	11337.6670	
42	406.068	84.0251	8330.6670	9740.0000	
43	412.330	191.8917	5670.0000	7017.6665	
44	418.586	374.5912	6905.6670	8545.0000	
45	424.835	640.9493	6711.0000	8599.0000	
46	431.079	628.3066	4846.3335	6704.0000	
47	437.316	616.9976	3161.0000	4989.6665	
48	443.547	455.0215	3075.3335	4724.3330	
49	449.771	343.8571	5251.3330	6779.3330	
50	455.990	147.5340	3236.6665	4559.0000	
51	462.202	152.0439	2944.6665	4250.0000	
52	468.408	161.3872	2733.0000	4062.6665	
53	474.607	174.0225	4173.3335	5486.0000	
54	480.801	207.5328	2142.6667	3411.3330	
55	486.988	364.3973	1315.0000	2821.6665	
56	493.168	420.8573	2560.6667	4110.3330	
57	499.343	438.9138	3349.0000	4904.6665	
58	505.511	292.6371	2999.6665	4397.0000	
59	511.672	166.6935	1559.3333	2818.6667	
60	517.828	210.7496	2236.3333	3527.6665	
61	523.977	436.9128	2861.3333	4351.0000	
62	530.119	242.0758	1656.0000	2923.0000	
63	536.255	184.9055	2513.6667	3695.6667	
64	542.385	170.4016	1361.0000	2500.6665	
65	548.509	219.5647	3119.3335	4209.3335	
66	554.626	318.7275	5019.3335	6251.6665	
67	560.736	519.2238	5375.6665	6780.6660	
68	566.840	342.3874	3345.3330	4545.6665	
69	572.938	147.0265	2290.0000	3284.0000	
70	579.030	136.7800	752.3333	1714.0000	
71	585.114	145.4600	760.3333	1785.0000	
72	591.193	149.4733	1212.6666	2154.3333	
73	597.265	174.3369	2939.3333	3952.0000	
74	603.330	173.2836	3409.6665	4462.6670	
75	609.389	170.6472	3244.0000	4183.6665	
76	615.442	205.4270	3592.3335	4644.0000	
77	621.488	251.3581	3723.3333	4905.0000	
78	627.527	252.3643	2881.6667	3943.6665	
79	633.560	287.6204	2504.0000	3592.0000	
80	639.586	399.2098	2439.6665	3680.3330	
81	645.606	766.8829	3390.0000	4997.3335	
82	651.620	952.5555	2243.0000	4035.0000	
83	657.626	587.8951	1211.6666	2638.0000	
84	663.626	397.4846	1069.6667	2303.6667	
85	669.620	434.0054	1292.3334	2559.6667	
86	675.607	247.6096	370.3333	1382.3334	
87	681.587	213.4639	1110.3333	2051.6667	
88	687.561	183.6513	1816.6667	2691.6667	
89	693.528	232.4443	1937.0000	2802.3335	
90	699.489	299.7370	823.0000	1791.6665	
91	705.443	272.0997	1495.0000	2485.3333	
92	711.390	216.7439	1350.6666	2227.0000	
93	717.331	100.1344	1225.3333	2033.6667	
94	723.265	22.8578	1323.6666	2103.3333	
95	729.192	10.9150	1295.0000	2111.3333	
96	735.113	43.6386	1250.6667	2148.3333	
97	741.026	138.0295	1909.3333	2950.0000	
98	746.934	294.8570	1645.0000	2883.3335	
99	752.834	825.4479	2569.3335	4388.0000	
100	758.728	1949.7065	1440.6666	4433.3330	
101	764.615	1718.2085	2417.6667	5202.6665	
102	770.495	646.0439	1650.6667	3387.3330	
103	776.369	549.5464	2067.0000	3731.0000	
104	782.236	1034.7161	1768.6665	3941.6670	
105	788.096	1147.7830	2464.6667	4765.0000	
106	793.949	921.8508	2271.6667	4360.3335	
107	799.795	902.5849	2922.0000	5005.6665	
108	805.635	737.9860	2185.6667	4119.0000	
109	811.468	283.5330	2678.3335	4141.3335	
110	817.294	67.4128	1882.6666	3113.6665	
111	823.113	48.9601	2487.3333	3684.0000	
112	828.925	6.9059	2063.6667	3212.0000	
113	834.731	17.0491	2638.6665	3778.6665	
114	840.530	69.5255	2209.0000	3383.0000	
115	846.322	279.0015	2739.3333	4104.3330	
116	852.107	293.3738	2314.3333	3707.6665	
117	857.885	252.1238	2751.3335	4084.0000	
118	863.656	259.0200	2587.0000	3842.0000	
119	869.420	332.6076	2620.3333	4049.6670	
120	875.177	337.8746	1938.6665	3385.0000	
121	880.928	572.7475	2342.0000	4028.6670	
122	886.672	545.6199	2040.0000	3705.0000	
123	892.408	446.1598	2629.6665	4200.6670	
124	898.138	181.3654	2392.6667	3704.3335	
125	903.861	53.3412	2014.3333	3196.3335	
126	909.576	137.6501	1796.3335	2962.6667	
127	915.285	273.2921	2442.0000	3840.6665	
128	920.987	330.9347	1638.3333	3093.0000	
129	926.682	232.5772	2365.6665	3720.3335	
130	932.370	184.8860	1400.6666	2706.0000	
131	938.051	172.1949	1906.0000	3197.0000	
132	943.724	204.1707	1568.3333	2889.6667	
133	949.391	278.1372	1918.0000	3319.6665	
134	955.051	507.5484	1222.0000	2847.0000	
135	960.704	485.6259	1783.6667	3380.6665	
136	966.349	294.3710	1508.3333	2908.0000	
137	971.988	114.6500	1669.0000	2882.0000	
138	977.619	118.2626	790.3333	2000.0000	
139	983.244	164.8751	1397.3334	2588.0000	
140	988.861	201.6952	1341.0000	2680.3333	
141	994.471	202.3695	1456.6666	2714.3333	
142	1000.074	225.8773	1070.0000	2363.0000	
143	1005.670	254.2181	1672.0000	2992.6665	
144	1011.259	279.8927	1044.0000	2389.6667	
145	1016.841	269.9004	1443.3333	2778.3333	
146	1022.416	140.2413	1389.6666	2594.3333	
147	1027.983	147.5824	1545.6667	2757.0000	
148	1033.543	182.7568	1179.3334	2465.3333	
149	1039.096	179.3227	1531.0000	2760.0000	
150	1044.642	187.0555	1120.6666	2377.6667	
151	1050.181	213.2879	1396.3334	2683.0000	
152	1055.713	209.1862	733.0000	2019.0000	
153	1061.237	198.2147	1522.0000	2799.3333	
154	1066.754	193.5259	1240.6666	2523.6667	
155	1072.264	238.3688	1536.6667	2864.0000	
156	1077.766	272.5454	1297.3334	2658.3335	
157	1083.262	270.7134	1612.6667	2995.3335	
158	1088.750	247.5480	841.0000	2147.3333	
159	1094.231	209.8831	1727.3333	2881.6667	
160	1099.704	224.7177	1604.6666	2854.0000	
161	1105.171	228.6131	2049.6667	3285.6670	
162	1110.630	232.9370	1507.6667	2743.0000	
163	1116.081	230.5943	2175.6667	3403.6665	
164	1121.526	134.9184	1585.0000	2712.3333	
165	1126.963	87.5100	2179.6667	3264.0000	
166	1132.392	118.1018	1791.3334	2910.6667	
167	1137.815	135.0269	2360.3333	3501.0000	
168	1143.230	224.9526	1579.3333	2814.3333	
169	1148.637	289.9412	2420.0000	3738.6665	
170	1154.037	436.5967	2116.0000	3600.0000	
171	1159.430	510.5855	2501.6667	4078.3335	
172	1164.816	421.2407	2055.3335	3561.3335	
173	1170.194	330.1864	3058.3335	4491.0000	
174	1175.565	205.4657	2492.6667	3818.3335	
175	1180.928	137.4932	3265.0000	4550.6670	
176	1186.284	134.5906	2764.0000	4056.0000	
177	1191.632	124.1048	3215.0000	4451.0000	
178	1196.973	177.2022	2992.6665	4348.6665	
179	1202.307	391.7168	3425.3330	5006.3335	
180	1207.633	507.5640	2815.0000	4522.3335	
181	1212.951	445.4052	3595.3335	5245.6665	
182	1218.262	522.1379	3177.6665	4901.0000	
183	1223.566	487.6012	3684.6665	5384.3335	
184	1228.862	443.0635	3307.3335	4973.3330	
185	1234.151	220.5526	4032.3335	5493.6665	
186	1239.432	147.5424	3708.6665	5096.3335	
187	1244.705	141.6982	3994.3330	5386.6665	
188	1249.971	146.4371	3755.0000	5138.3335	
189	1255.230	176.0482	4710.0000	6219.3335	
190	1260.481	105.7422	4157.3330	5635.3330	
191	1265.724	215.1034	4869.3335	6495.6670	
192	1270.960	327.1302	4618.0000	6395.3330	
193	1276.188	393.8242	5214.6670	7097.6665	
194	1281.409	279.1853	4571.6670	6379.0000	
195	1286.622	510.8794	5349.3335	7427.3330	
196	1291.827	809.5871	4784.3335	7210.6670	
197	1297.025	843.9458	5650.3330	8120.0000	
198	1302.215	613.3040	5179.6670	7427.6670	
199	1307.397	567.6632	5978.3335	8189.6670	
200	1312.572	502.0219	5606.0000	7760.6670	
201	1317.739	199.1707	5906.3335	7748.0000	
202	1322.899	76.3196	5812.6670	7521.3330	
203	1328.051	346.9853	6286.6665	8245.0000	
204	1333.195	352.0331	5918.0000	7876.6670	
205	1338.331	239.3016	6690.6670	8546.6660	
206	1343.460	147.5718	5927.0000	7701.3330	
207	1348.581	109.1751	6825.3330	8571.3330	
208	1353.694	97.1109	6149.3335	7893.3330	
209	1358.800	193.0483	7244.3335	9094.3340	
210	1363.898	468.9841	6646.6670	8782.6670	
211	1368.988	913.2534	7334.0000	9924.3330	
212	1374.070	1109.8567	6859.0000	9656.0000	
213	1379.145	1309.2932	7546.6670	10567.0000	
214	1384.211	958.7307	7050.6670	9744.3340	
215	1389.270	393.1682	7902.3330	10054.3340	
216	1394.322	29.6054	7114.0000	8926.3340	
217	1399.365	0.0000	7910.0000	9702.0000	
218	1404.401	124.4718	7294.6665	9201.3340	
219	1409.428	383.6081	8209.0000	10365.0000	
220	1414.448	819.0792	7392.0000	9973.6670	
221	1419.460	1216.1104	8070.3330	11033.6670	
222	1424.464	1560.8059	7518.6670	10811.3330	
223	1429.461	2554.1699	8107.3330	12377.9990	
224	1434.449	4019.7795	7557.6670	13264.3340	
225	1439.430	4371.3340	8244.0000	14270.0000	
226	1444.403	4485.2227	7621.0000	13728.6660	
227	1449.367	4449.4463	8376.0000	14415.6680	
228	1454.324	4123.0010	7473.0000	13154.0000	
229	1459.273	3422.8118	8390.0000	13291.0000	
230	1464.214	2504.2888	7472.3335	11375.0000	
231	1469.147	1774.4329	8213.3330	11306.3330	
232	1474.073	1138.9104	7329.0000	9706.6670	
233	1478.990	652.5008	7982.6670	9802.0000	
234	1483.899	349.0933	7168.0000	8612.0000	
235	1488.800	193.3502	8064.6670	9281.0000	
236	1493.693	124.6085	7257.3340	8333.0000	
237	1498.579	160.6633	8213.3330	9285.0000	
238	1503.456	85.6654	7450.3330	8413.3330	
239	1508.325	92.4012	7826.0000	8770.3330	
240	1513.187	62.0544	6073.6670	6909.6670	
241	1518.040	87.4572	7538.3330	8426.6670	
242	1522.885	109.9429	7733.3330	8619.0000	
243	1527.722	133.0126	8809.3330	9692.6670	
244	1532.551	159.5401	8004.3340	8837.3340	
245	1537.372	137.6321	8859.0000	9753.6670	
246	1542.185	128.0413	8016.6670	8962.3330	
247	1546.990	80.1185	8940.6670	9899.0000	
248	1551.787	162.5284	8199.0000	9300.3330	
249	1556.575	463.5458	9139.3330	10626.3330	
250	1561.356	1147.2283	8278.3340	10533.6660	
251	1566.128	1529.5796	9018.0000	11740.3330	
252	1570.893	825.2626	8649.0000	10751.6670	
253	1575.649	498.4256	9072.6670	10914.6660	
254	1580.397	457.5914	8260.3330	10127.6670	
255	1585.137	584.7534	8953.6670	11014.3330	
256	1589.868	492.9178	7879.6665	9914.6660	
257	1594.592	334.7492	8303.0000	10246.0000	
258	1599.307	210.5792	7711.6670	9596.6670	
259	1604.014	183.3109	8827.0000	10767.6660	
260	1608.713	352.6465	8382.0000	10544.3340	
261	1613.404	516.6567	9063.0000	11410.0000	
262	1618.086	635.3337	8824.6670	11311.0000	
263	1622.760	757.3438	9046.6670	11675.6660	
264	1627.426	1454.6885	8240.0000	11587.0000	
265	1632.084	2485.5593	8619.3340	12998.0000	
266	1636.734	3144.6594	7724.6670	12744.6660	
267	1641.375	3473.6287	8892.0000	14221.6660	
268	1646.008	3396.2673	7881.3340	13114.3340	
269	1650.632	2554.1199	8711.3340	13012.3340	
270	1655.249	1856.3064	7728.3340	11241.6660	
271	1659.856	1621.4939	8611.6660	11800.3330	
272	1664.456	1742.3479	7969.6670	11189.3330	
273	1669.048	2078.5344	8679.0000	12145.0000	
274	1673.631	2341.7209	7543.0000	11182.3340	
275	1678.205	2434.9084	7721.3330	11364.0000	
276	1682.772	1336.7593	7461.0000	9915.6670	
277	1687.329	494.4168	7583.3330	9113.0000	
278	1691.879	140.0740	7328.0000	8420.6670	
279	1696.420	41.7305	8325.0000	9236.6660	
280	1700.953	32.8196	7013.0000	7845.3335	
281	1705.478	74.7962	7479.0000	8264.6660	
282	1709.994	98.7742	6531.6670	7252.6670	
283	1714.501	135.7513	7754.3330	8423.6660	
284	1719.000	211.0628	6536.6665	7192.6670	
285	1723.491	205.3174	7032.3340	7657.3330	
286	1727.973	197.2411	5510.6665	6071.3330	
287	1732.447	230.6548	6863.6660	7456.0000	
288	1736.912	235.6011	6262.0000	6850.6670	
289	1741.369	220.7963	6374.3340	6936.3335	
290	1745.818	216.4084	5334.3335	5918.6665	
291	1750.257	216.6045	6550.0000	7078.6670	
292	1754.689	224.5502	5681.0000	6220.3335	
293	1759.112	225.9167	5954.0000	6485.0000	
294	1763.526	223.7832	4491.6665	5004.3335	
295	1767.932	215.6492	5667.0000	6155.3330	
296	1772.329	222.1828	5422.6665	5887.6670	
297	1776.718	226.8763	5132.0000	5619.0000	
298	1781.098	227.2364	3945.0000	4455.6670	
299	1785.470	206.3881	4679.0000	5113.6665	
300	1789.833	211.0814	3798.6665	4221.0000	
301	1794.187	203.7724	4641.3335	5136.6670	
302	1798.533	205.6005	4645.3330	5068.6665	
303	1802.870	212.6784	5102.0000	5530.0000	
304	1807.199	184.0899	4578.6665	4980.0000	
305	1811.519	174.5014	4076.0000	4460.6670	
306	1815.830	181.5794	3455.6665	3840.3335	
307	1820.133	194.3239	4027.6665	4418.0000	
308	1824.427	215.9935	3374.6665	3771.0000	
309	1828.712	278.3649	4281.3330	4738.0000	
310	1832.989	240.7359	3349.6670	3823.6665	
311	1837.257	217.2733	3452.6665	3812.6665	
312	1841.516	204.2280	3085.6665	3463.0000	
313	1845.767	204.5418	3379.6670	3734.3330	
314	1850.009	209.6057	3427.3330	3841.0000	
315	1854.242	211.1490	3563.0000	3925.6665	
316	1858.467	210.6930	2755.6667	3154.6665	
317	1862.682	216.6330	2858.6665	3228.6670	
318	1866.889	220.3648	2206.6665	2606.6667	
319	1871.088	219.3882	2186.3333	2560.6667	
320	1875.277	211.8281	1536.0000	1920.0000	
321	1879.458	207.6013	2239.6665	2582.0000	
322	1883.630	194.2678	1180.0000	1525.9999	
323	1887.793	202.3359	1401.6666	1735.3333	
324	1891.947	212.4030	1144.0000	1487.3334	
325	1896.093	222.9642	1972.6667	2321.6667	
326	1900.230	222.7757	1126.3334	1481.3333	
327	1904.358	212.0872	2048.0000	2376.3335	
328	1908.477	178.9818	1435.0000	1725.3333	
329	1912.587	203.4171	1750.3335	2025.3333	
330	1916.688	216.3662	1257.6666	1599.0001	
331	1920.781	218.2322	1503.0000	1804.3333	
332	1924.864	214.0148	1157.6667	1489.3334	
333	1928.939	214.6787	1882.3335	2154.3335	
334	1933.005	213.5092	1061.0000	1375.0000	
335	1937.062	215.7565	1371.0000	1666.0000	
336	1941.110	236.2538	940.6667	1258.6667	
337	1945.149	228.8550	1381.0000	1701.6665	
338	1949.179	217.7481	1023.3334	1318.3334	
339	1953.200	211.4120	1240.6666	1497.0000	
340	1957.212	213.6590	273.6667	579.0000	
341	1961.216	215.5230	757.0000	1046.0000	
342	1965.210	210.6371	526.3334	797.0000	
343	1969.195	198.0520	596.3333	882.0000	
344	1973.172	194.0278	42.0000	298.6667	
345	1977.139	197.0349	341.6667	600.3333	
346	1981.098	194.6046	-185.0000	77.0000	
347	1985.047	200.2159	180.6667	398.3333	
348	1988.987	206.4523	-158.3333	118.6667	
349	1992.919	207.7575	398.0000	655.6667	
350	1996.841	244.5678	-347.0000	-60.6667	
351	2000.754	225.1492	321.6667	614.3334	
352	2004.658	198.0639	-347.3333	-108.6667	
353	2008.553	207.6452	268.0000	515.6667	
354	2012.439	230.2265	-382.3333	-112.6667	
355	2016.316	221.4745	251.0000	511.3333	
356	2020.184	207.7226	-450.0000	-204.0000	
357	2024.043	193.5104	296.0000	526.6667	
358	2027.892	197.9648	-408.3333	-174.3333	
359	2031.733	215.0859	205.0000	455.0000	
360	2035.564	232.8738	-419.6667	-153.0000	
361	2039.386	242.2341	229.3333	505.3333	
362	2043.199	227.5946	-424.3334	-163.0000	
363	2047.003	212.7049	187.0000	411.3333	
364	2050.798	202.3039	-468.3333	-190.0000	
365	2054.583	203.5009	189.3333	411.0000	
366	2058.360	204.8228	-385.6667	-137.6667	
367	2062.127	207.2281	200.6667	433.6667	
368	2065.885	211.9667	-374.6667	-97.0000	
369	2069.634	209.6220	179.3333	404.3333	
370	2073.373	203.1106	-341.3333	-79.6667	
371	2077.103	211.4350	333.6667	552.0000	
372	2080.824	212.4354	-356.0000	-119.6667	
373	2084.536	213.3488	169.6667	402.0000	
374	2088.238	217.0330	-273.0000	-27.3333	
375	2091.932	210.5506	34.3333	272.3333	
376	2095.615	207.3179	-314.6667	-58.6667	
377	2099.290	203.5036	271.6667	483.0000	
378	2102.955	199.2726	-202.6667	35.0000	
379	2106.611	201.3749	203.6667	428.0000	
380	2110.258	206.7275	-449.6666	-209.0000	
381	2113.895	217.8259	-685.3334	-464.0000	
382	2117.523	238.5077	-160.3333	100.3333	
383	2121.142	234.7727	170.6667	423.6667	
384	2124.751	212.7045	-568.3333	-341.3333	
385	2128.351	202.0600	144.6667	366.0000	
386	2131.942	202.0305	-434.6667	-226.6667	
387	2135.523	201.8343	83.6667	328.3333	
388	2139.095	187.8879	-377.6667	-182.6667	
389	2142.657	197.0147	299.0000	503.3333	
390	2146.210	211.1625	-424.6666	-182.0000	
391	2149.754	210.9560	251.3333	464.0000	
392	2153.288	216.0310	-548.6667	-366.6667	
393	2156.812	245.7747	67.3333	314.6667	
394	2160.327	214.2685	-279.6667	-61.3333	
395	2163.833	211.4290	337.3333	555.3334	
396	2167.330	210.2556	-263.3333	-91.3333	
397	2170.816	215.9160	140.3333	366.6667	
398	2174.293	212.5762	-426.3333	-185.3333	
399	2177.761	207.6532	204.6667	406.6667	
400	2181.220	208.0426	-193.3333	34.6667	
401	2184.668	209.1404	426.3333	638.3334	
402	2188.108	217.1340	-328.6667	-91.0000	
403	2191.537	222.2110	-19.3333	202.6667	
404	2194.958	231.5383	-421.3333	-156.0000	
405	2198.368	235.4517	207.0000	444.6667	
406	2201.769	221.4439	-429.6667	-149.3333	
407	2205.161	210.4517	223.3333	459.0000	
408	2208.543	200.7096	-367.3333	-123.6667	
409	2211.915	197.9641	364.3333	552.0000	
410	2215.278	199.8228	-425.0000	-189.6667	
411	2218.631	197.3690	315.0000	531.6666	
412	2221.974	187.5609	-332.6667	-127.6667	
413	2225.308	207.2866	349.3333	565.6667	
414	2228.632	236.5765	-600.3333	-353.3333	
415	2231.947	216.3666	168.3333	417.0000	
416	2235.252	189.8234	-593.3333	-390.3333	
417	2238.547	199.4468	188.3333	402.3333	
418	2241.833	234.7368	-524.6666	-274.0000	
419	2245.109	229.0269	-18.6667	227.6667	
420	2248.375	197.3171	-359.3333	-143.3333	
421	2251.631	200.1225	283.3333	501.6667	
422	2254.878	226.9280	-453.3334	-208.6667	
423	2258.115	228.0667	241.0000	486.3334	
424	2261.343	244.8720	-378.3333	-116.6667	
425	2264.560	244.9434	164.0000	425.0000	
426	2267.768	203.0147	-126.3333	92.0000	
427	2270.966	200.3671	364.0000	588.0000	
428	2274.154	209.2847	-312.0000	-80.3333	
429	2277.333	205.6195	171.6667	409.6667	
430	2280.502	197.2875	-321.0000	-100.0000	
431	2283.661	191.2890	341.0000	556.6667	
432	2286.810	203.1237	-406.6667	-200.0000	
433	2289.949	234.6251	195.0000	455.3333	
434	2293.079	212.6075	-379.6667	-149.6667	
435	2296.198	213.7336	224.0000	427.3333	
436	2299.308	222.1515	-580.6667	-339.0000	
437	2302.408	211.2034	281.0000	511.6666	
438	2305.498	205.9221	-446.6667	-221.3333	
439	2308.579	200.6407	4.3333	217.0000	
440	2311.649	205.7764	-557.3333	-331.0000	
441	2314.709	211.3601	366.0000	581.6667	
442	2317.760	215.7773	-305.0000	-59.3333	
443	2320.801	215.9443	146.6667	378.0000	
444	2323.832	216.8618	-502.3333	-262.0000	
445	2326.853	216.5353	378.0000	590.6666	
446	2329.864	214.4586	-487.0000	-241.3333	
447	2332.865	212.1113	175.0000	397.0000	
448	2335.855	201.6893	-419.3334	-195.3333	
449	2338.837	195.5142	8.0000	218.0000	
450	2341.808	200.1723	-361.0000	-151.3333	
451	2344.769	206.4971	433.0000	654.6667	
452	2347.720	210.2381	-556.3333	-347.6667	
453	2350.661	208.9288	335.0000	561.6667	
454	2353.592	207.2862	-402.6667	-186.6667	
455	2356.513	218.9777	186.0000	360.6667	
456	2359.424	229.4146	-502.6667	-272.6667	
457	2362.325	240.1538	224.6667	465.3333	
458	2365.216	238.8931	-311.6667	-72.3333	
459	2368.097	220.2990	207.3333	428.0000	
460	2370.968	179.3715	-209.6667	-30.0000	
461	2373.829	189.7536	108.6667	296.6667	
462	2376.680	218.1357	-261.0000	-46.6667	
463	2379.520	216.6011	279.0000	512.6667	
464	2382.351	217.2332	-398.6667	-222.6667	
465	2385.171	219.2820	100.0000	319.0000	
466	2387.982	220.6640	-324.6667	-116.0000	
467	2390.782	160.3794	266.0000	412.3333	
468	2393.572	202.0950	-558.3334	-372.3333	
469	2396.352	224.3558	181.3333	397.0000	
470	2399.121	218.9637	-368.0000	-151.6667	
471	2401.881	212.1967	312.3333	511.3333	
472	2404.630	216.5335	-605.6667	-423.6667	
473	2407.369	232.1016	228.0000	441.3333	
474	2410.098	232.0864	-428.0000	-218.0000	
475	2412.817	214.4044	312.6667	501.6666	
476	2415.526	202.7133	-341.6667	-176.6667	
477	2418.224	206.6008	306.6667	461.6667	
478	2420.912	210.2384	-429.0000	-242.6667	
479	2423.590	203.2925	82.3333	237.0000	
480	2426.258	203.2633	-402.6667	-251.6667	
481	2428.915	218.5674	192.6667	355.3333	
482	2431.562	237.8717	-480.0000	-301.6667	
483	2434.199	226.5092	213.0000	376.3333	
484	2436.826	161.8135	1156.6666	1023.3334	
485	2439.442	163.3324	229.6667	417.0000	
486	2442.048	212.1014	-658.6667	-496.0000	
487	2444.644	213.6204	96.0000	250.6667	
488	2447.229	229.5562	-422.3333	-265.6667	
489	2449.804	231.6914	30.3333	207.0000	
490	2452.368	222.0739	-507.3333	-374.3333	
491	2454.923	220.1708	358.3333	530.6666	
492	2457.467	215.2672	-373.3333	-216.6667	
493	2460.000	188.2325	291.3333	419.6667	
494	2462.523	218.8644	-597.0000	-439.3334	
495	2465.036	230.2464	253.3333	425.0000	
496	2467.539	224.7950	-314.3333	-153.0000	
497	2470.031	226.0936	399.6667	580.0000	
498	2472.512	197.0589	-419.6667	-289.0000	
499	2474.983	206.8575	442.0000	568.6667	
500	2477.444	212.3233	-345.3333	-183.3333	
501	2479.894	212.6371	-0.3333	137.0000	
502	2482.334	216.9507	-465.6666	-318.3333	
503	2484.763	213.3479	242.3333	392.0000	
504	2487.182	199.6616	-365.0000	-245.0000	
505	2489.590	192.9754	204.6667	361.3333	
506	2491.988	193.2891	-337.3333	-246.0000	
507	2494.375	197.6862	213.0000	334.6667	
508	2496.752	210.9999	-636.6667	-487.6666	
509	2499.119	218.0637	265.0000	383.0000	
510	2501.475	241.4607	-293.3333	-124.0000	
511	2503.820	221.1078	-78.3333	70.3333	
