resultName	muna8-205
resultName	muna8-205
ID	RS20201106104000_P19331194
Command	SCANANDSEARCH
User	Admin
Application	_Analyze
SerialNumber	P19331194
Power	280
Integration	900
Averages	3
AutoExposure	Off
AutoCollect	Off
QuickCollect	Off
AutoBackground	On
BaselineCorrection	On
Algorithm	Wavelet
Searched Library	All,None,None,None
MixtureComponents	2
matchThreshold	0.0
displayMatches	1
Threshold	0.80
WL Start	
WL End	
ServerVersion	3.180316
FirmwareVersion	
date	2020-11-06
time	10:40:00
scanindex	0
specpath	RS20201106104000_P19331194.xml
Search Range	200 - 2500
Synced	false
lastCalDateTime	2020-10-28 08:17:07
lastCalUser	Admin
lastCalResult	PASS
lastVerifyDateTime	2020-11-06 08:24:10
lastVerifyUser	Admin
lastVerifyResult	PASS
selectedMaterial	
result	No Match
ValidationGUID	
ValidationMatchQuality	
topMatch	
topMatchGUID	
topMatchQuality	
secondMatch	
secondMatchGUID	
secondMatchQuality	
thirdMatch	
thirdMatchGUID	
thirdMatchQuality	
fourthMatch	
fourthMatchGUID	
fourthMatchQuality	
fifthMatch	
fifthMatchGUID	
fifthMatchQuality	
signedBy	
signedDateTime	
softwareVer	1.7.0.21
memo	
batchID	
inBatch	false
batchUID	
batchCID1	
batchCIDlbl1	
batchCID2	
batchCIDlbl2	
batchCID3	
batchCIDlbl3	
batchCID4	
batchCIDlbl4	
batchCID5	
batchCIDlbl5	
signedTitle	
signedReason	
rescanned	
barcode	
topMatchContribs	
secondMatchContribs	
thirdMatchContribs	
fourthMatchContribs	
fifthMatchContribs	
ValidationMatchContribs	
Threat	
PrecursorList	
CompundName	
WindowStart4C	
MatchLibrary	
lastModified	2020/11/06 10:43
Signal2Noise	45.44
Detector TEC SetPoint	0x8000
Detector Temp	4.94
Laser Temp	25.37
OE1 Temp	37.94
OE2 Temp	42.12
Detector Gain	200
SaturationDetected	false
InterpolatedPixelList	
PeakList	 286.7	778	323.4	481	399.4	555	443.8	458	481.3	447	650.1	1176	679.5	921	736.5	775	840.5	718	867.2	492	960.1	503	1093.4	476	1127.0	668	1141.3	585	1207.7	462	1249.7	516	1337.4	748	1368.4	856	1457.8	4008	1645.4	2033	1676.9	1413	1709.9	751
index	Raman Shift (cm-1)	Y value (counts)	background (counts)	raw value (counts)
0	137.234	372.3346	6534.0000	8649.3340	
1	143.735	305.5736	7004.6660	8991.0000	
2	150.232	203.1448	7282.6670	9104.3330	
3	156.722	246.0514	7611.3335	9413.6670	
4	163.207	338.6239	7335.3330	9168.0000	
5	169.686	304.5300	8158.0000	9894.3340	
6	176.159	256.7691	7858.0000	9484.3340	
7	182.627	269.3412	8121.6660	9698.3330	
8	189.089	222.9142	7502.3330	8970.3340	
9	195.545	217.8193	8272.3330	9673.0000	
10	201.996	178.0584	8059.3330	9358.0000	
11	208.440	234.6295	8823.3340	10116.3330	
12	214.879	263.2036	8124.3330	9383.6670	
13	221.313	316.1326	8773.0000	10055.0000	
14	227.740	225.5110	8515.3340	9670.3330	
15	234.162	188.3310	9068.6670	10171.3330	
16	240.578	180.9005	8021.0000	9158.6670	
17	246.988	168.3032	8510.0000	9636.3330	
18	253.392	195.7890	7847.0000	9022.6660	
19	259.791	222.5257	8614.0000	9829.0000	
20	266.184	218.9274	7576.6670	8800.6660	
21	272.570	308.9849	8775.6670	10118.3330	
22	278.951	648.7094	8303.0000	10014.0000	
23	285.327	778.0999	8288.6670	10157.6670	
24	291.696	670.4904	7795.3330	9585.3330	
25	298.059	631.5923	8185.0000	9964.0000	
26	304.417	539.3611	7751.0000	9465.6670	
27	310.768	401.7961	8699.6670	10304.6670	
28	317.114	426.6318	7658.0000	9325.0000	
29	323.454	480.5945	8090.6660	9778.3340	
30	329.788	400.2207	7575.6665	9149.6660	
31	336.116	403.1820	8344.0000	9887.6660	
32	342.438	385.8116	7937.6660	9430.6670	
33	348.754	260.7723	8119.3330	9454.0000	
34	355.064	175.0671	7092.3330	8308.0000	
35	361.368	129.6080	8331.6670	9459.6660	
36	367.666	93.3942	7140.6670	8202.0000	
37	373.958	152.5866	7264.6660	8381.0000	
38	380.244	453.1112	7379.0000	8791.6670	
39	386.524	315.6356	7643.3330	8914.3330	
40	392.798	335.4932	6408.0000	7694.6660	
41	399.066	555.3488	7291.6660	8793.0000	
42	405.328	478.8696	6616.6665	8036.3340	
43	411.583	290.0562	5193.3335	6419.0000	
44	417.833	239.9095	5504.3335	6674.6660	
45	424.077	165.3353	5918.0000	7009.6660	
46	430.314	259.0946	4554.3335	5735.6665	
47	436.546	397.8538	3464.6665	4780.6665	
48	442.771	457.9458	3158.3335	4530.3330	
49	448.991	455.0992	4849.0000	6223.6670	
50	455.204	400.0544	3512.0000	4820.3335	
51	461.411	291.3426	3239.3335	4427.6665	
52	467.611	158.6318	3140.6665	4185.0000	
53	473.806	297.0730	4285.0000	5448.6665	
54	479.995	446.5150	2727.3333	4021.3335	
55	486.177	403.6230	1702.0000	2934.0000	
56	492.353	274.9352	2810.3333	3886.3335	
57	498.523	180.1749	3420.6667	4384.0000	
58	504.686	175.5816	3355.3335	4256.0000	
59	510.844	212.9883	2024.0000	3000.3333	
60	516.995	230.8950	2499.6667	3422.6665	
61	523.140	329.4841	3272.3335	4313.6665	
62	529.279	363.7401	2106.3335	3164.3335	
63	535.411	337.3291	3066.6667	4080.6665	
64	541.537	212.5852	1966.3333	2838.0000	
65	547.657	205.5078	3057.3333	3904.3335	
66	553.771	174.4302	4346.6665	5145.0000	
67	559.878	206.2692	4875.0000	5621.0000	
68	565.979	270.2749	3476.3335	4335.3335	
69	572.074	334.4221	2750.6667	3687.0000	
70	578.162	366.2282	1166.6666	2154.0000	
71	584.244	249.2559	873.6666	1873.0000	
72	590.319	115.4499	1462.6666	2253.6667	
73	596.389	90.8034	2807.0000	3619.6667	
74	602.451	250.8234	3122.0000	4141.0000	
75	608.508	454.8432	3177.3335	4446.6665	
76	614.558	732.1971	3002.3333	4595.3335	
77	620.601	872.3565	3336.6665	5095.6665	
78	626.639	523.4224	2707.0000	4140.6665	
79	632.669	637.4885	2583.6665	4155.0000	
80	638.694	742.2212	2418.3333	4118.0000	
81	644.712	1011.2872	3203.3335	5195.6670	
82	650.723	1176.3528	2273.6667	4454.6665	
83	656.728	890.0857	1491.0000	3409.3335	
84	662.727	581.8184	1408.3334	3042.0000	
85	668.719	570.4894	1599.0000	3211.3330	
86	674.704	770.8280	713.3333	2516.0000	
87	680.683	920.8324	1267.0000	3209.6665	
88	686.655	612.5040	1776.0000	3400.3333	
89	692.621	329.0157	2031.3333	3348.0000	
90	698.581	271.5270	996.3333	2231.3333	
91	704.534	279.8345	1628.6665	2855.6667	
92	710.480	236.1137	1424.3333	2575.3333	
93	716.420	115.8969	1465.3334	2473.3333	
94	722.353	156.3468	1382.6667	2408.3333	
95	728.279	556.1305	1531.3333	2934.0000	
96	734.199	775.2471	1293.0000	2892.0000	
97	740.112	675.0302	1909.6666	3385.6665	
98	746.019	635.1714	1645.3333	3053.0000	
99	751.919	588.8177	2412.3335	3767.6670	
100	757.813	320.1306	1364.6666	2445.3333	
101	763.699	187.1086	2175.3333	3121.6665	
102	769.580	164.4202	1483.0000	2405.3333	
103	775.453	143.7319	1909.0000	2809.3335	
104	781.320	150.0432	1534.6666	2400.3335	
105	787.180	170.5778	2167.0000	3100.0000	
106	793.033	206.4460	1936.6665	2912.6667	
107	798.880	358.6469	2416.0000	3551.3330	
108	804.720	477.8484	1777.0000	3038.6665	
109	810.553	492.9520	2340.0000	3649.3335	
110	816.379	313.7214	1667.6667	2830.3333	
111	822.199	249.4916	2191.0000	3322.0000	
112	828.012	277.6850	1717.3333	2918.6667	
113	833.818	520.9428	2272.0000	3749.0000	
114	839.617	717.8673	1845.6667	3552.0000	
115	845.410	592.4585	2193.6667	3807.0000	
116	851.195	448.3837	1907.0000	3408.6670	
117	856.974	454.3057	2241.3333	3755.0000	
118	862.746	395.5610	2128.6667	3589.6665	
119	868.512	491.8986	2173.6667	3725.6665	
120	874.270	352.0273	1686.0000	3088.6665	
121	880.022	250.2201	2073.6665	3351.0000	
122	885.766	202.0791	1706.6667	2912.3335	
123	891.504	360.2715	2083.0000	3423.3335	
124	897.235	407.7972	1924.6667	3289.0000	
125	902.959	370.7898	1854.0000	3158.0000	
126	908.676	214.4487	1513.6667	2638.0000	
127	914.386	211.4413	2082.6667	3180.6667	
128	920.090	204.4335	1364.6667	2432.3333	
129	925.786	245.0925	2027.6667	3112.6665	
130	931.475	271.7520	1359.6666	2448.0000	
131	937.158	275.0775	1900.0000	2968.3333	
132	942.833	197.4032	1429.6666	2397.0000	
133	948.502	246.2632	1835.3333	2845.0000	
134	954.163	345.5401	1286.3333	2387.0000	
135	959.818	503.1504	1728.0000	2978.0000	
136	965.465	361.4279	1490.3333	2590.3335	
137	971.106	287.2529	1714.6665	2674.3333	
138	976.739	285.7446	984.3333	2009.6667	
139	982.366	281.2359	1492.6666	2536.6667	
140	987.985	280.0005	1452.3334	2434.0000	
141	993.597	274.1053	1508.0000	2554.3333	
142	999.202	263.7727	1257.0000	2250.3333	
143	1004.800	239.8774	1776.6667	2822.6665	
144	1010.392	206.0659	1176.0000	2143.3335	
145	1015.975	207.1705	1612.6667	2587.0000	
146	1021.552	237.1921	1544.0000	2556.3333	
147	1027.122	242.2134	1808.0000	2812.6667	
148	1032.685	262.5684	1437.6666	2487.3333	
149	1038.240	238.5095	1791.6667	2809.6667	
150	1043.788	284.3669	1419.3334	2536.6667	
151	1049.329	276.8909	1693.6667	2836.0000	
152	1054.863	259.2484	1095.6666	2187.3335	
153	1060.390	282.5347	1872.3333	3056.6665	
154	1065.910	217.3248	1620.3334	2763.3335	
155	1071.422	232.6307	1907.0000	3090.3335	
156	1076.927	299.1870	1658.6665	2926.0000	
157	1082.425	337.0779	2042.3333	3345.0000	
158	1087.916	267.6354	1298.3334	2529.0000	
159	1093.399	475.5264	2056.0000	3492.0000	
160	1098.875	462.4174	1922.0000	3342.3335	
161	1104.344	248.1132	2274.0000	3465.6665	
162	1109.806	248.2017	1770.6667	2943.6667	
163	1115.260	360.6237	2370.6667	3637.3335	
164	1120.707	502.3787	1749.0000	3138.6667	
165	1126.147	667.6768	2292.3333	3816.3330	
166	1131.580	594.3087	1860.0000	3279.6665	
167	1137.005	512.6073	2512.0000	3819.0000	
168	1142.422	585.2395	1753.3333	3102.0000	
169	1147.833	559.3888	2474.0000	3772.3335	
170	1153.236	298.2046	2134.0000	3146.6665	
171	1158.632	222.0205	2590.0000	3502.0000	
172	1164.020	219.5033	2077.6665	2962.6665	
173	1169.401	149.6593	2864.3335	3683.3335	
174	1174.775	187.4821	2393.0000	3210.6665	
175	1180.141	238.0720	2951.6665	3872.6665	
176	1185.500	248.7230	2478.0000	3444.3335	
177	1190.851	224.9575	2912.6667	3857.0000	
178	1196.195	235.7751	2635.6665	3625.6665	
179	1201.531	338.3425	3026.0000	4142.3330	
180	1206.860	462.2438	2464.0000	3728.0000	
181	1212.182	450.2402	3110.6667	4380.3330	
182	1217.496	322.4286	2728.6665	3880.3335	
183	1222.802	309.1401	3229.0000	4384.6670	
184	1228.101	249.1848	2795.3335	3908.3335	
185	1233.393	203.0853	3406.0000	4498.3335	
186	1238.677	224.7354	3092.0000	4147.6665	
187	1243.953	356.5526	3432.0000	4728.6670	
188	1249.222	515.7858	3036.6667	4518.0000	
189	1254.484	407.1412	3870.3330	5256.6665	
190	1259.737	285.1633	3328.6665	4606.6670	
191	1264.984	229.5182	3934.3333	5170.3335	
192	1270.222	250.5397	3617.3335	4888.0000	
193	1275.453	219.8949	4106.3335	5360.0000	
194	1280.677	243.2505	3455.6665	4746.3335	
195	1285.893	286.2716	4186.0000	5533.3330	
196	1291.101	271.5719	3531.6670	4889.6670	
197	1296.302	126.1381	4244.3330	5496.6670	
198	1301.495	134.7032	3804.3335	5105.0000	
199	1306.680	228.9362	4445.6665	5880.3335	
200	1311.858	362.8351	4054.6665	5663.0000	
201	1317.028	311.6694	4252.3335	5834.3330	
202	1322.190	248.5055	4088.3330	5632.0000	
203	1327.345	444.7214	4463.3335	6213.6670	
204	1332.492	647.4742	4101.0000	6069.3330	
205	1337.631	748.3754	4714.0000	6785.6670	
206	1342.762	573.6086	3989.3335	5888.6665	
207	1347.886	406.8427	4720.0000	6455.0000	
208	1353.002	378.4104	4037.6665	5746.6670	
209	1358.110	521.9775	5028.6665	6883.6670	
210	1363.211	833.5443	4374.0000	6543.0000	
211	1368.304	856.4449	4952.6665	7147.0000	
212	1373.389	730.0118	4415.6665	6486.0000	
213	1378.466	619.6748	5037.0000	6998.3330	
214	1383.535	608.0052	4529.0000	6480.0000	
215	1388.597	255.0023	5263.6665	6863.0000	
216	1393.651	0.0000	4514.3335	5860.0000	
217	1398.696	21.2590	5153.6670	6514.0000	
218	1403.734	172.7501	4648.3335	6133.6670	
219	1408.765	336.2407	5487.6670	7110.0000	
220	1413.787	623.0651	4670.3335	6553.0000	
221	1418.801	965.1471	5208.3330	7411.6670	
222	1423.808	1252.2286	4716.6665	7185.6670	
223	1428.807	1698.6426	5202.0000	8096.0000	
224	1433.797	2167.0093	4792.6665	8119.3330	
225	1438.780	2396.1099	5304.3330	8826.0000	
226	1443.755	2796.8765	4764.0000	8652.3340	
227	1448.722	3204.9756	5405.6670	9668.0000	
228	1453.681	3590.0757	4608.6665	9222.0000	
229	1458.632	4007.7793	5422.3330	10386.3330	
230	1463.575	3178.8159	4648.3330	8716.3330	
231	1468.510	2026.1851	5271.0000	8119.3330	
232	1473.438	1208.8879	4549.3335	6513.3335	
233	1478.357	733.4714	5087.3335	6518.0000	
234	1483.268	468.7224	4411.0000	5519.0000	
235	1488.171	317.9724	5107.3335	6006.6665	
236	1493.066	217.8899	4414.0000	5155.3330	
237	1497.953	191.9651	5233.0000	5906.3335	
238	1502.832	187.1143	4510.3335	5143.0000	
239	1507.703	182.5515	5047.6665	5651.6665	
240	1512.566	214.9048	3780.3330	4389.0000	
241	1517.421	189.1749	4719.0000	5256.6670	
242	1522.267	210.8615	4640.0000	5167.0000	
243	1527.106	227.5485	5554.0000	6065.3335	
244	1531.937	254.5682	4811.0000	5317.0000	
245	1536.759	281.5486	5533.3335	6056.0000	
246	1541.573	315.5413	4744.0000	5323.0000	
247	1546.379	267.8679	5533.0000	6086.6665	
248	1551.177	232.8613	4836.3330	5377.3330	
249	1555.967	200.0830	5605.6670	6169.6670	
250	1560.749	232.9717	4910.3330	5563.0000	
251	1565.522	178.5273	5520.3330	6174.3340	
252	1570.288	211.4150	5140.6665	5883.3335	
253	1575.045	228.3975	5502.6665	6348.6670	
254	1579.793	245.7129	4882.6665	5832.3335	
255	1584.534	304.6943	5453.6665	6548.6660	
256	1589.266	290.3447	4568.3330	5735.3335	
257	1593.991	303.3271	5014.6665	6281.0000	
258	1598.707	285.9761	4383.6665	5719.0000	
259	1603.414	228.0980	5200.0000	6579.3330	
260	1608.114	251.3219	4891.0000	6366.0000	
261	1612.805	227.5897	5381.3335	6892.0000	
262	1617.488	266.1909	5231.0000	6839.6670	
263	1622.162	308.1257	5451.6665	7161.6670	
264	1626.828	385.7258	4800.3335	6647.3330	
265	1631.486	481.1031	5232.6670	7213.0000	
266	1636.136	866.1963	4524.0000	6910.0000	
267	1640.777	1557.8032	5505.6665	8605.6670	
268	1645.410	2032.7412	4477.6665	8075.0000	
269	1650.034	1530.2227	5242.3335	8309.0000	
270	1654.650	876.3710	4627.6665	7012.3330	
271	1659.258	651.8529	5255.0000	7387.0000	
272	1663.857	749.3345	4598.3335	6799.6670	
273	1668.448	1021.4827	5311.3335	7756.6670	
274	1673.031	1398.9650	4397.0000	7191.6670	
275	1677.605	1413.4464	4746.0000	7527.0000	
276	1682.170	1146.9287	4534.0000	7020.3330	
277	1686.728	724.7308	4788.0000	6793.3330	
278	1691.276	399.5338	4308.0000	5929.3335	
279	1695.817	305.3363	5014.3335	6482.6670	
280	1700.348	349.3618	4158.0000	5625.0000	
281	1704.872	552.8223	4707.0000	6282.3335	
282	1709.386	751.2832	3899.3330	5578.0000	
283	1713.893	651.7427	4659.0000	6143.0000	
284	1718.391	454.5376	3852.6665	5044.3335	
285	1722.880	222.4917	4528.3335	5407.6670	
286	1727.361	142.1138	3437.3335	4156.0000	
287	1731.833	143.0131	4209.6665	4840.3335	
288	1736.296	149.0419	3740.3330	4314.3335	
289	1740.751	136.3203	4116.3330	4588.6665	
290	1745.198	199.0170	3248.6670	3749.3335	
291	1749.636	210.4633	4126.6665	4574.0000	
292	1754.065	187.8246	3428.0000	3790.0000	
293	1758.486	218.7273	4002.0000	4369.3335	
294	1762.898	268.0472	2794.6667	3219.3330	
295	1767.301	296.7007	3628.0000	3999.6665	
296	1771.696	322.2703	3119.3335	3520.0000	
297	1776.082	311.3934	3417.6667	3797.3335	
298	1780.460	298.6830	2478.0000	2841.3335	
299	1784.829	301.3055	3229.3335	3591.6665	
300	1789.189	280.2624	2416.0000	2753.6667	
301	1793.540	238.4954	3187.6665	3440.6670	
302	1797.883	243.9381	2821.3333	3120.3335	
303	1802.217	243.8389	3388.3333	3706.6665	
304	1806.542	213.7814	2885.3335	3139.0000	
305	1810.859	251.2244	2794.6667	3080.3335	
306	1815.167	276.0002	2316.6665	2640.3333	
307	1819.466	273.9429	2897.3333	3186.0000	
308	1823.756	281.7000	2141.3335	2463.3333	
309	1828.038	277.8817	3026.3335	3282.0000	
310	1832.311	266.0632	2229.6667	2532.3335	
311	1836.575	266.1614	2617.6665	2890.6665	
312	1840.830	268.3846	2144.0000	2418.3333	
313	1845.076	269.8962	2271.3335	2558.3333	
314	1849.314	262.0539	2287.0000	2581.3333	
315	1853.542	248.6700	2534.6665	2814.3333	
316	1857.762	245.4734	1905.3333	2178.0000	
317	1861.973	262.0466	2134.6665	2431.3333	
318	1866.176	277.5365	1673.6667	1958.3333	
319	1870.369	308.2764	1814.6667	2161.6667	
320	1874.553	296.6829	1098.0000	1433.6666	
321	1878.729	257.4230	1866.6665	2163.3333	
322	1882.895	233.5128	1052.6666	1334.3333	
323	1887.053	262.5698	1277.6666	1585.6667	
324	1891.202	282.9596	885.0000	1210.6666	
325	1895.342	258.8044	1701.0000	2002.3333	
326	1899.473	246.5660	880.3333	1154.6666	
327	1903.595	241.0775	1668.3333	1971.3333	
328	1907.708	241.2556	1053.6666	1330.6666	
329	1911.812	263.9346	1460.3333	1739.0000	
330	1915.907	293.7178	996.0000	1321.6667	
331	1919.993	266.9799	1317.0000	1615.3333	
332	1924.070	265.5757	860.6666	1157.0000	
333	1928.138	267.6088	1627.0000	1903.0000	
334	1932.197	273.1837	877.3333	1179.6666	
335	1936.247	271.7585	1206.0000	1510.3333	
336	1940.288	271.3958	783.0000	1073.6666	
337	1944.319	272.1998	1139.0000	1454.0000	
338	1948.342	271.7330	894.3334	1166.6667	
339	1952.356	269.2038	1192.0000	1511.6667	
340	1956.361	269.6743	344.6667	628.3333	
341	1960.356	258.6823	719.0000	1020.6667	
342	1964.343	249.1069	577.0000	848.0000	
343	1968.320	242.2002	720.3333	999.3334	
344	1972.288	245.8040	139.3333	388.0000	
345	1976.247	254.4113	424.3333	734.6666	
346	1980.197	252.9145	-132.3333	160.0000	
347	1984.138	267.0635	239.3333	547.6667	
348	1988.069	284.5669	-78.6667	248.6667	
349	1991.992	274.7106	422.3333	739.0000	
350	1995.905	279.3037	-303.0000	-39.0000	
351	1999.809	282.3925	324.6667	676.3333	
352	2003.704	280.2311	-352.6667	-36.6667	
353	2007.589	271.1531	262.0000	586.3334	
354	2011.466	244.5752	-338.0000	-65.3333	
355	2015.333	261.7471	261.6667	550.3333	
356	2019.191	259.3147	-462.3334	-169.3333	
357	2023.039	253.2238	247.6667	527.6666	
358	2026.879	255.6954	-418.6667	-121.0000	
359	2030.708	255.2503	236.0000	483.0000	
360	2034.529	277.1387	-414.0000	-109.3333	
361	2038.341	273.4346	203.6667	516.0000	
362	2042.143	256.3971	-444.6666	-160.0000	
363	2045.936	275.0264	160.3333	464.0000	
364	2049.719	272.5587	-475.0000	-165.0000	
365	2053.493	269.7026	161.3333	474.6667	
366	2057.258	266.2631	-377.6667	-91.0000	
367	2061.014	262.6570	162.6667	481.3333	
368	2064.760	260.3009	-389.6667	-93.3333	
369	2068.496	264.0282	131.0000	430.0000	
370	2072.224	268.0054	-331.6667	-54.3333	
371	2075.942	304.5538	314.6667	648.3333	
372	2079.650	283.7378	-390.0000	-77.6667	
373	2083.349	223.4147	192.3333	443.3333	
374	2087.039	227.0916	-275.6667	-22.0000	
375	2090.719	265.6019	-9.3333	316.6667	
376	2094.390	266.6125	-311.6667	-25.0000	
377	2098.051	275.9369	244.6667	543.0000	
378	2101.703	295.5528	-230.6667	156.0000	
379	2105.345	268.9189	178.0000	465.0000	
380	2108.978	267.4097	-462.0000	-178.6667	
381	2112.601	263.1713	-719.0000	-449.3333	
382	2116.215	262.0787	-177.6667	112.0000	
383	2119.819	259.4443	185.3333	452.6666	
384	2123.414	263.0393	-558.0000	-311.0000	
385	2126.999	261.0493	103.3333	386.0000	
386	2130.575	266.7944	-437.0000	-161.0000	
387	2134.141	264.3730	78.0000	360.0000	
388	2137.697	256.8683	-383.3333	-122.3333	
389	2141.244	259.4400	266.6667	530.6667	
390	2144.781	259.9284	-474.6667	-181.0000	
391	2148.309	257.8333	226.3333	466.0000	
392	2151.827	261.8534	-618.3334	-356.0000	
393	2155.336	261.8061	70.0000	327.3333	
394	2158.835	264.4253	-292.6667	-14.6667	
395	2162.324	262.6279	336.3333	583.0000	
396	2165.803	275.3306	-285.3333	-5.3333	
397	2169.273	280.4985	120.6667	418.3333	
398	2172.733	272.9998	-419.3333	-151.6667	
399	2176.184	275.0010	129.6667	417.0000	
400	2179.625	245.3356	-177.0000	65.0000	
401	2183.056	234.6701	435.0000	664.3333	
402	2186.477	254.0047	-357.0000	-110.3333	
403	2189.889	296.6726	-54.0000	233.3333	
404	2193.291	307.3404	-405.6667	-109.6667	
405	2196.683	260.0637	230.3333	481.0000	
406	2200.065	235.6125	-402.6667	-166.3333	
407	2203.438	254.1161	207.0000	465.3333	
408	2206.801	256.6200	-334.3333	-73.6667	
409	2210.154	253.4185	315.3333	574.0000	
410	2213.497	265.5502	-411.3333	-131.6667	
411	2216.831	265.3487	278.6667	561.3333	
412	2220.154	270.4813	-370.3333	-79.3333	
413	2223.468	281.8428	310.0000	622.3334	
414	2226.772	273.9522	-597.6667	-321.3333	
415	2230.066	269.9783	129.3333	427.0000	
416	2233.351	267.6085	-586.3334	-330.6667	
417	2236.625	268.5512	183.0000	475.6666	
418	2239.889	262.5564	-532.0000	-261.6667	
419	2243.144	257.4992	-1.0000	263.3333	
420	2246.389	251.4411	-339.6667	-82.3333	
421	2249.624	249.1652	275.3333	516.0000	
422	2252.848	259.6394	-460.3333	-171.6667	
423	2256.063	260.6135	243.0000	472.6667	
424	2259.268	293.3372	-378.3333	-83.0000	
425	2262.463	302.9174	174.3333	478.3333	
426	2265.649	287.8310	-166.3333	121.6667	
427	2268.824	262.9712	372.6667	602.6667	
428	2271.989	258.1488	-340.6667	-34.0000	
429	2275.144	256.0834	186.3333	444.0000	
430	2278.289	249.0597	-334.0000	-70.6667	
431	2281.424	246.9943	326.6667	565.3334	
432	2284.549	267.0122	-404.3333	-121.6667	
433	2287.665	271.6968	164.6667	480.0000	
434	2290.770	274.7744	-378.0000	-98.3333	
435	2293.865	273.2014	214.6667	494.6667	
436	2296.949	267.6913	-600.6667	-331.3333	
437	2300.024	267.9773	249.0000	563.3334	
438	2303.089	267.2007	-422.0000	-178.3333	
439	2306.144	257.3200	-37.0000	269.0000	
440	2309.188	262.1896	-561.0000	-302.6667	
441	2312.223	263.5173	337.6667	611.3333	
442	2315.247	251.8450	-290.6667	-28.6667	
443	2318.261	260.0894	138.6667	395.3333	
444	2321.265	267.5832	-530.3333	-248.6667	
445	2324.259	273.1207	365.3333	640.6666	
446	2327.243	275.4081	-496.0000	-209.3333	
447	2330.216	269.0290	196.3333	466.0000	
448	2333.180	251.2981	-411.0000	-153.0000	
449	2336.133	257.0845	9.6667	260.0000	
450	2339.076	258.7877	-361.3333	-77.0000	
451	2342.009	254.0742	391.0000	646.6667	
452	2344.931	246.1111	-566.6666	-320.6667	
453	2347.843	248.0169	349.3333	598.6667	
454	2350.745	279.5893	-455.3333	-140.0000	
455	2353.637	286.5940	157.6667	432.6667	
456	2356.519	292.7571	-488.6666	-199.0000	
457	2359.390	292.1817	188.6667	478.3333	
458	2362.251	265.9397	-300.3333	-36.3333	
459	2365.102	257.3644	180.6667	436.6666	
460	2367.942	233.1224	-234.6667	-2.3333	
461	2370.772	252.5416	103.0000	351.6667	
462	2373.592	290.6273	-265.0000	18.6667	
463	2376.401	272.3798	267.0000	529.3334	
464	2379.200	263.2156	-418.3333	-170.0000	
465	2381.989	266.3013	79.6667	333.0000	
466	2384.767	255.6371	-317.0000	-80.6667	
467	2387.535	261.5562	251.0000	478.3334	
468	2390.292	274.1421	-552.6667	-304.0000	
469	2393.039	262.4542	187.6667	432.0000	
470	2395.776	262.1932	-379.6667	-137.3333	
471	2398.502	254.2655	304.6667	537.3333	
472	2401.218	257.6711	-609.6667	-394.3333	
473	2403.923	282.1901	223.0000	479.3333	
474	2406.618	261.3757	-434.0000	-201.0000	
475	2409.303	251.5612	317.3333	538.0000	
476	2411.977	264.2947	-368.6667	-150.6667	
477	2414.640	268.2118	291.0000	544.3333	
478	2417.293	268.9205	-427.0000	-237.0000	
479	2419.936	270.4625	68.0000	306.3333	
480	2422.568	262.5879	-411.6667	-197.0000	
481	2425.189	258.5466	178.0000	373.3333	
482	2427.801	274.3386	-456.6667	-228.3333	
483	2430.401	280.9640	194.6667	392.6667	
484	2432.991	282.5060	1109.3334	1381.0000	
485	2435.570	274.4018	231.6667	447.3334	
486	2438.139	268.0472	-675.0000	-470.3334	
487	2440.697	264.6096	76.6667	259.3333	
488	2443.245	269.2552	-437.0000	-236.0000	
489	2445.782	271.1072	49.3333	247.3333	
490	2448.308	260.2094	-496.3333	-314.0000	
491	2450.824	263.1412	372.6667	568.6667	
492	2453.329	256.7401	-389.0000	-209.3333	
493	2455.823	255.7998	309.0000	487.3333	
494	2458.307	258.8595	-572.6667	-391.6667	
495	2460.780	262.5025	253.0000	462.3333	
496	2463.243	262.8955	-302.6667	-141.0000	
497	2465.694	264.0386	413.3333	598.3333	
498	2468.135	276.0149	-444.0000	-246.3333	
499	2470.566	273.9080	430.6666	625.0000	
500	2472.986	274.3007	-383.0000	-173.6667	
501	2475.395	254.7996	-7.0000	168.0000	
502	2477.793	244.0485	-454.3333	-289.6667	
503	2480.180	250.7974	262.3333	424.3333	
504	2482.557	260.5464	-419.0000	-207.3333	
505	2484.923	264.8995	207.3333	356.3333	
506	2487.278	264.4818	-368.0000	-162.6667	
507	2489.622	269.0432	202.3333	390.3333	
508	2491.956	274.2296	-639.6667	-442.6667	
509	2494.279	268.7076	221.6667	398.3333	
510	2496.591	290.0400	-288.6667	-74.6667	
511	2498.892	246.9556	-77.6667	93.6667	
