resultName	muna16-68
resultName	muna16-68
ID	RS20200227090529_P19331194
Command	SCANANDSEARCH
User	Admin
Application	_Analyze
SerialNumber	P19331194
Power	280
Integration	900
Averages	3
AutoExposure	Off
AutoCollect	Off
QuickCollect	Off
AutoBackground	On
BaselineCorrection	On
Algorithm	Wavelet
Searched Library	All,None,None,None
MixtureComponents	2
matchThreshold	0.0
displayMatches	1
Threshold	0.80
WL Start	
WL End	
ServerVersion	3.180316
FirmwareVersion	
date	2020-02-27
time	09:05:29
scanindex	0
specpath	RS20200227090529_P19331194.xml
Search Range	200 - 2500
Synced	false
lastCalDateTime	2020-02-27 08:30:34
lastCalUser	Admin
lastCalResult	PASS
lastVerifyDateTime	2019-10-16 15:05:37
lastVerifyUser	Admin
lastVerifyResult	PASS
selectedMaterial	
result	No Match
ValidationGUID	
ValidationMatchQuality	
topMatch	
topMatchGUID	
topMatchQuality	
secondMatch	
secondMatchGUID	
secondMatchQuality	
thirdMatch	
thirdMatchGUID	
thirdMatchQuality	
fourthMatch	
fourthMatchGUID	
fourthMatchQuality	
fifthMatch	
fifthMatchGUID	
fifthMatchQuality	
signedBy	
signedDateTime	
softwareVer	1.7.0.21
memo	
batchID	
inBatch	false
batchUID	
batchCID1	
batchCIDlbl1	
batchCID2	
batchCIDlbl2	
batchCID3	
batchCIDlbl3	
batchCID4	
batchCIDlbl4	
batchCID5	
batchCIDlbl5	
signedTitle	
signedReason	
rescanned	
barcode	
topMatchContribs	
secondMatchContribs	
thirdMatchContribs	
fourthMatchContribs	
fifthMatchContribs	
ValidationMatchContribs	
Threat	
PrecursorList	
CompundName	
WindowStart4C	
MatchLibrary	
lastModified	2020/02/27 09:05
Signal2Noise	55.31
Detector TEC SetPoint	0x8000
Detector Temp	4.95
Laser Temp	24.93
OE1 Temp	27.88
OE2 Temp	31.38
Detector Gain	200
SaturationDetected	false
InterpolatedPixelList	
PeakList	 286.3	770	296.3	585	398.3	586	448.2	491	480.9	414	528.6	349	649.7	1359	678.9	896	736.2	699	744.5	593	805.5	461	840.0	717	959.5	516	1093.1	455	1126.8	625	1141.2	589	1207.6	481	1249.7	477	1337.1	721	1368.9	877	1457.8	4169	1645.4	2091	1677.3	1550	1712.3	786
index	Raman Shift (cm-1)	Y value (counts)	background (counts)	raw value (counts)
0	137.455	361.9217	1166.6666	3354.6665	
1	143.948	304.9873	1264.3333	3336.6665	
2	150.436	181.0529	1332.0000	3221.6665	
3	156.918	194.1189	1604.6667	3448.6670	
4	163.394	293.8511	1118.6666	3003.6667	
5	169.865	331.5830	1616.3333	3480.3330	
6	176.330	249.3155	1338.3334	3061.3333	
7	182.790	230.0478	1568.6666	3213.6665	
8	189.244	160.4469	1162.3334	2679.0000	
9	195.693	167.5125	1567.0000	3032.0000	
10	202.136	190.9115	1353.3334	2783.0000	
11	208.573	286.6442	1860.0000	3326.6670	
12	215.005	238.0428	1266.6667	2626.0000	
13	221.431	257.0381	1710.6667	3059.6667	
14	227.851	213.2723	1457.6666	2728.0000	
15	234.266	148.2328	1874.3333	3091.3333	
16	240.675	134.1935	1326.3333	2541.0000	
17	247.078	149.8206	1525.0000	2767.0000	
18	253.476	175.4478	1326.0000	2605.3333	
19	259.868	203.4084	1658.6667	2977.6667	
20	266.254	186.3691	997.3333	2311.0000	
21	272.635	346.3122	1703.3333	3207.6665	
22	279.009	602.9219	1431.6666	3223.3330	
23	285.378	770.1990	1507.3334	3497.0000	
24	291.742	558.1419	1076.3334	2884.6665	
25	298.099	585.1742	1363.6667	3228.0000	
26	304.451	489.5397	917.0000	2714.6667	
27	310.797	403.9049	1644.6666	3385.6665	
28	317.137	342.5204	1197.0000	2914.6665	
29	323.471	340.5546	1305.6667	2984.6665	
30	329.800	314.9226	813.3333	2430.0000	
31	336.122	404.9568	1577.0000	3247.0000	
32	342.439	386.6579	1138.6666	2753.6667	
33	348.750	226.3586	1493.6666	2911.6665	
34	355.055	97.0595	881.3334	2133.3333	
35	361.354	146.7867	1270.3333	2526.6667	
36	367.648	52.5327	951.0000	2077.6665	
37	373.935	174.6279	904.3334	2145.6665	
38	380.216	434.0566	1016.0000	2509.3333	
39	386.492	363.1519	1133.3334	2548.3333	
40	392.762	344.2471	735.6667	2124.3333	
41	399.025	585.8710	1106.6667	2727.0000	
42	405.283	414.4951	895.6666	2334.6667	
43	411.535	216.4523	618.0000	1849.0000	
44	417.781	206.4093	366.3333	1577.3333	
45	424.020	182.4315	899.6666	2079.0000	
46	430.254	220.7868	238.0000	1448.0000	
47	436.482	313.4754	456.0000	1751.0000	
48	442.704	439.4975	179.6667	1593.0000	
49	448.920	490.9924	514.6666	1980.3333	
50	455.129	381.9572	115.6667	1459.0000	
51	461.333	230.5887	225.0000	1403.6666	
52	467.531	154.8869	181.6667	1271.3334	
53	473.722	305.9041	370.3333	1586.6667	
54	479.908	413.9212	91.6667	1391.6666	
55	486.087	372.9383	-40.0000	1194.6666	
56	492.260	246.0489	-79.0000	997.3334	
57	498.427	163.8736	285.3333	1259.0000	
58	504.588	96.0318	20.6667	906.0000	
59	510.743	194.1900	179.0000	1142.0000	
60	516.892	251.0149	-142.0000	857.3333	
61	523.034	347.5339	241.0000	1320.0000	
62	529.171	348.7195	-209.0000	854.3334	
63	535.301	285.9050	383.0000	1366.6666	
64	541.425	212.1324	-119.6667	737.6667	
65	547.543	228.9846	304.0000	1176.0000	
66	553.655	211.9620	249.0000	1137.3334	
67	559.760	188.6476	679.0000	1498.0000	
68	565.859	203.4998	161.0000	978.0000	
69	571.952	232.7067	542.3333	1394.6666	
70	578.039	268.5992	-143.6667	756.3334	
71	584.119	203.8888	199.0000	1053.0000	
72	590.193	90.5114	-192.0000	567.3333	
73	596.261	108.0145	275.3333	1091.3334	
74	602.323	250.1842	142.3333	1139.6666	
75	608.378	601.0209	287.3333	1674.6667	
76	614.427	864.5236	86.3333	1776.3333	
77	620.469	941.7365	438.0000	2228.3335	
78	626.505	591.1993	201.6667	1662.3333	
79	632.535	749.3289	435.6667	2075.3333	
80	638.559	887.1254	181.3333	1979.6667	
81	644.576	1256.5884	679.3333	2868.0000	
82	650.587	1358.7183	61.3333	2373.0000	
83	656.591	979.8476	113.3333	2067.0000	
84	662.589	638.6440	48.3333	1681.6667	
85	668.581	598.6077	222.6667	1806.6667	
86	674.566	779.5716	-229.3333	1526.3334	
87	680.544	896.2021	241.3333	2104.3335	
88	686.517	542.1656	4.3333	1504.0000	
89	692.483	281.7695	500.0000	1721.3333	
90	698.442	236.7903	-14.3333	1112.3333	
91	704.395	247.0126	143.6667	1345.6666	
92	710.341	196.1196	-58.6667	1025.0000	
93	716.281	52.8952	204.3333	1137.3333	
94	722.214	164.3376	-74.6667	962.3334	
95	728.141	529.7800	298.0000	1693.0000	
96	734.061	699.2224	-52.0000	1505.0000	
97	739.975	591.3315	416.0000	1857.6667	
98	745.882	593.2617	145.0000	1575.0000	
99	751.783	551.6542	734.3333	2130.0000	
100	757.677	390.3799	-98.0000	1143.6666	
101	763.564	293.3826	516.0000	1663.0000	
102	769.445	163.7184	-11.0000	1008.6666	
103	775.319	94.0543	410.6667	1363.0000	
104	781.187	108.8069	79.6667	963.3334	
105	787.048	156.3624	585.6666	1607.6667	
106	792.902	175.3341	335.0000	1381.0000	
107	798.750	358.9727	680.3333	1915.0000	
108	804.591	460.6115	155.0000	1496.3334	
109	810.425	420.4929	748.0000	2076.0000	
110	816.253	279.7077	126.6667	1340.6666	
111	822.074	204.2556	591.0000	1756.3333	
112	827.888	237.1900	127.0000	1362.3334	
113	833.695	499.9233	651.3333	2175.6667	
114	839.496	716.6562	222.6667	1990.0000	
115	845.290	469.0559	615.6667	2161.6665	
116	851.078	357.7892	387.3333	1848.3333	
117	856.858	355.5820	636.3333	2104.6665	
118	862.632	327.0414	535.6667	1985.0000	
119	868.399	377.9818	652.0000	2149.6665	
120	874.159	268.1964	255.0000	1634.3334	
121	879.913	225.2329	655.6667	1972.0000	
122	885.659	191.2697	291.6667	1554.0000	
123	891.399	268.9730	620.6667	1940.6667	
124	897.132	357.3429	409.0000	1797.3334	
125	902.858	314.1259	549.3333	1872.3333	
126	908.577	184.9088	114.0000	1285.6666	
127	914.290	175.0251	660.0000	1776.3335	
128	919.995	192.7247	9.6667	1157.6666	
129	925.694	200.2575	633.6667	1756.3333	
130	931.385	222.3738	101.6667	1255.6666	
131	937.070	181.8235	716.6667	1774.6667	
132	942.748	216.7732	206.0000	1176.6666	
133	948.419	289.2253	533.6666	1667.6666	
134	954.083	387.8922	146.0000	1370.3334	
135	959.740	515.5591	443.0000	1786.6667	
136	965.390	321.5587	214.6667	1356.0000	
137	971.033	287.1864	444.0000	1504.6667	
138	976.669	285.6477	-122.0000	1006.0000	
139	982.299	279.6089	346.0000	1450.0000	
140	987.921	184.4538	241.3333	1245.3333	
141	993.536	203.6552	277.0000	1311.0000	
142	999.144	219.9399	48.3333	1111.0000	
143	1004.745	213.8081	511.0000	1565.3333	
144	1010.339	210.6137	-98.3333	995.0000	
145	1015.926	199.8151	399.6667	1452.3334	
146	1021.506	200.6624	252.6667	1337.6667	
147	1027.078	207.8639	505.3333	1608.3335	
148	1032.644	213.0651	174.6667	1293.6666	
149	1038.203	228.6511	421.6666	1580.3335	
150	1043.754	303.9037	120.0000	1378.0000	
151	1049.298	237.8231	366.6667	1582.6667	
152	1054.836	226.8254	-80.0000	1067.0000	
153	1060.366	260.7031	443.0000	1726.0000	
154	1065.889	217.6703	184.0000	1454.3334	
155	1071.404	149.6736	492.3333	1710.0000	
156	1076.913	338.3432	180.3333	1602.0000	
157	1082.414	286.5114	589.3333	1957.3333	
158	1087.908	268.0129	26.6667	1374.3334	
159	1093.395	455.1811	534.3333	2067.3335	
160	1098.875	389.0157	373.3333	1838.3335	
161	1104.348	189.6116	568.3334	1821.0000	
162	1109.813	184.0980	160.6667	1390.6666	
163	1115.271	414.2509	707.6667	2150.6667	
164	1120.721	508.0705	187.0000	1706.6667	
165	1126.165	625.2211	667.6667	2273.6665	
166	1131.601	575.7057	160.0000	1685.6667	
167	1137.030	545.1899	779.6666	2244.0000	
168	1142.452	588.6743	62.3333	1539.3334	
169	1147.866	522.3923	663.3334	2051.0000	
170	1153.273	287.4440	271.0000	1400.6667	
171	1158.672	220.8287	717.3333	1757.3333	
172	1164.064	177.8801	203.3333	1177.3334	
173	1169.449	153.3958	863.0000	1818.0000	
174	1174.827	155.4949	431.0000	1363.0000	
175	1180.197	171.7357	895.3334	1884.6666	
176	1185.560	218.8465	427.6667	1548.6667	
177	1190.915	193.3736	796.3334	1824.6665	
178	1196.263	231.9843	551.6667	1677.6667	
179	1201.603	372.1782	827.0000	2118.6665	
180	1206.936	481.0386	313.3333	1739.3333	
181	1212.262	418.8217	904.0000	2287.3335	
182	1217.580	331.8567	498.6667	1807.6665	
183	1222.891	330.0019	910.0000	2236.3333	
184	1228.194	287.1473	434.3333	1737.0000	
185	1233.489	199.1691	967.3333	2208.3333	
186	1238.778	151.8575	669.0000	1889.0000	
187	1244.058	374.2128	980.3333	2449.0000	
188	1249.331	477.2346	623.0000	2221.0000	
189	1254.597	371.8869	1223.0000	2731.6667	
190	1259.855	207.8724	797.3333	2158.0000	
191	1265.106	204.5247	1252.0000	2625.3335	
192	1270.349	252.5099	908.0000	2345.3333	
193	1275.584	207.4954	1342.6667	2751.0000	
194	1280.812	200.1478	744.3333	2161.3333	
195	1286.032	329.4666	1323.6666	2886.0000	
196	1291.244	240.7899	708.0000	2208.3335	
197	1296.449	100.8217	1328.3334	2735.3335	
198	1301.647	19.5200	969.6666	2342.0000	
199	1306.836	228.8843	1462.6667	3090.9998	
200	1312.018	362.2499	1097.3334	2905.6667	
201	1317.193	202.2599	1230.0000	2908.6667	
202	1322.359	175.2700	1087.6666	2769.6667	
203	1327.518	429.1085	1384.0000	3336.6665	
204	1332.670	663.4042	1053.6666	3264.6665	
205	1337.813	720.6943	1544.0000	3814.0000	
206	1342.949	516.3174	830.3334	2897.6665	
207	1348.077	311.9414	1503.6667	3368.3335	
208	1353.198	266.5648	885.6667	2706.6667	
209	1358.311	519.8550	1713.0000	3789.0000	
210	1363.415	840.1452	1087.3334	3485.3335	
211	1368.513	877.1021	1524.6667	3961.3335	
212	1373.602	720.3921	1113.0000	3394.6667	
213	1378.684	718.7101	1524.3334	3806.3330	
214	1383.757	521.6957	1129.0000	3216.0000	
215	1388.823	206.6808	1735.0000	3509.0000	
216	1393.881	0.0000	1019.6666	2589.0000	
217	1398.932	35.7599	1599.3333	3199.0000	
218	1403.974	175.0356	1174.6666	2884.3333	
219	1409.009	398.9773	1902.0000	3806.3330	
220	1414.036	693.9207	1161.3334	3331.3335	
221	1419.054	961.8976	1632.0000	4055.6665	
222	1424.065	1269.8748	1201.0000	3918.3335	
223	1429.068	1895.8516	1597.3333	4926.3330	
224	1434.064	2381.5234	1262.3334	5047.0000	
225	1439.051	2620.8254	1643.6667	5636.0000	
226	1444.030	3009.4602	1226.3334	5575.6665	
227	1449.001	3428.0942	1790.3335	6526.6660	
228	1453.965	3874.0635	1061.6667	6212.3340	
229	1458.920	4168.6143	1768.0000	7136.3340	
230	1463.868	3108.1636	1089.6666	5320.6665	
231	1468.807	1882.0483	1706.6667	4634.6665	
232	1473.739	1069.5979	1078.6666	3117.3330	
233	1478.662	647.7281	1551.6667	3100.3335	
234	1483.578	342.8581	984.6666	2160.3335	
235	1488.485	333.9874	1530.0000	2628.6665	
236	1493.385	208.4501	906.6667	1811.6667	
237	1498.276	172.2274	1650.3335	2472.0000	
238	1503.159	110.0594	998.6666	1717.0000	
239	1508.035	139.2910	1571.3334	2285.3333	
240	1512.902	132.5224	832.0000	1505.6666	
241	1517.761	156.0876	1407.6666	2071.3335	
242	1522.612	157.9855	1125.6666	1757.6665	
243	1527.454	214.2172	1854.6666	2509.3335	
244	1532.289	263.5322	1196.6667	1869.3333	
245	1537.116	266.8845	1853.0000	2522.3333	
246	1541.934	251.7462	1128.0000	1813.0000	
247	1546.745	230.5240	1831.3335	2517.6667	
248	1551.547	200.8018	1193.6666	1878.6665	
249	1556.341	161.5660	1820.6665	2538.3335	
250	1561.126	172.1623	1242.6666	2034.3333	
251	1565.904	187.0919	1744.0000	2614.0000	
252	1570.673	171.0220	1434.3333	2351.6667	
253	1575.434	185.5301	1750.6667	2774.3335	
254	1580.187	227.0385	1243.3334	2400.3333	
255	1584.932	309.5472	1736.0000	3067.3333	
256	1589.668	281.7221	1065.3334	2460.6667	
257	1594.396	300.2303	1662.3333	3168.0000	
258	1599.116	236.4056	1067.3333	2601.0000	
259	1603.828	215.7679	1603.6667	3224.3335	
260	1608.531	196.0903	1356.6666	3035.6667	
261	1613.226	186.9141	1740.0000	3472.6670	
262	1617.912	250.4039	1628.6667	3487.6665	
263	1622.591	287.5613	1789.0000	3748.0000	
264	1627.261	286.3847	1287.6666	3308.3333	
265	1631.922	503.4960	1660.0000	3937.0000	
266	1636.576	931.2101	1065.3333	3791.3333	
267	1641.220	1797.7417	1940.3333	5554.3335	
268	1645.857	2091.2744	1083.3334	5012.3330	
269	1650.485	1475.9463	1729.6665	5004.6665	
270	1655.105	720.2834	1238.6667	3719.3335	
271	1659.716	544.6205	1761.3333	4027.6665	
272	1664.319	610.2916	1228.6667	3522.0000	
273	1668.913	976.9630	1911.0000	4532.3335	
274	1673.499	1362.9673	1116.0000	4084.6670	
275	1678.077	1550.3035	1368.0000	4485.3330	
276	1682.646	1048.3062	1302.6667	3879.3330	
277	1687.206	644.2025	1514.6666	3613.3335	
278	1691.759	259.7637	1128.0000	2768.3335	
279	1696.302	233.6591	1741.6667	3282.0000	
280	1700.837	299.0936	1095.0000	2640.3333	
281	1705.364	576.2664	1644.3333	3357.6665	
282	1709.882	784.7702	922.6666	2735.3333	
283	1714.391	785.6086	1565.3334	3269.6665	
284	1718.892	379.1147	992.6666	2181.3335	
285	1723.385	156.4564	1733.0000	2618.6667	
286	1727.868	79.7975	818.6666	1547.3333	
287	1732.344	103.1122	1455.6667	2119.0000	
288	1736.810	121.9343	989.3333	1609.3335	
289	1741.268	136.0875	1449.6666	2021.6667	
290	1745.717	120.9083	743.3333	1238.0000	
291	1750.158	162.7300	1490.0000	1964.3333	
292	1754.590	213.7175	884.6667	1326.6666	
293	1759.014	240.8709	1487.3333	1983.3333	
294	1763.428	245.1921	518.3333	958.6666	
295	1767.835	264.6373	1228.0000	1668.0000	
296	1772.232	291.7913	771.3334	1223.3334	
297	1776.621	280.2056	1220.3334	1636.3333	
298	1781.001	245.2453	409.3333	785.3333	
299	1785.372	246.6179	1189.3334	1561.6665	
300	1789.735	230.4702	387.3333	730.0000	
301	1794.089	234.7141	1146.6666	1497.3333	
302	1798.434	229.1157	743.0000	1100.0000	
303	1802.770	227.3298	1377.3333	1689.0000	
304	1807.098	233.9606	933.6667	1270.0000	
305	1811.416	227.0914	940.0000	1257.0000	
306	1815.726	181.3888	595.6667	860.3334	
307	1820.027	220.6861	1202.0000	1499.3333	
308	1824.320	242.3271	470.6667	776.0000	
309	1828.603	250.5972	1298.6667	1621.3335	
310	1832.878	252.6173	573.6666	875.0000	
311	1837.144	260.0539	1001.0000	1318.0000	
312	1841.401	261.8242	557.0000	908.6666	
313	1845.649	236.9244	719.3333	1016.3334	
314	1849.889	224.0244	754.3333	988.6666	
315	1854.119	236.8745	987.6667	1303.3334	
316	1858.340	247.3912	439.3333	749.3333	
317	1862.553	252.4520	722.6667	1091.6666	
318	1866.757	247.3460	376.0000	673.0000	
319	1870.951	235.8235	688.0000	1015.3334	
320	1875.137	236.3842	-64.6667	216.3333	
321	1879.314	234.1949	728.6667	1043.0000	
322	1883.482	226.5199	39.3333	330.0000	
323	1887.641	226.9272	378.0000	688.0000	
324	1891.791	222.2512	-16.3333	257.3333	
325	1895.932	228.6638	719.3334	1015.6666	
326	1900.064	231.3263	15.3333	267.6667	
327	1904.187	233.9056	650.6666	983.3334	
328	1908.300	242.0681	53.3333	334.6667	
329	1912.405	248.6965	563.0000	866.6666	
330	1916.501	240.8934	122.3333	404.3333	
331	1920.588	241.5070	458.6667	783.3334	
332	1924.666	239.5790	46.6667	298.0000	
333	1928.734	235.9064	760.0000	1067.3333	
334	1932.794	237.6921	122.3333	410.0000	
335	1936.844	237.8945	576.0000	875.0000	
336	1940.885	237.5968	46.6667	306.3333	
337	1944.917	257.7158	390.3333	699.6667	
338	1948.940	263.7516	146.3333	462.0000	
339	1952.954	238.4539	547.3333	838.0000	
340	1956.959	237.0937	-101.0000	188.6667	
341	1960.955	239.1708	263.0000	530.3333	
342	1964.941	241.2270	38.6667	367.0000	
343	1968.918	236.4538	247.6667	523.6667	
344	1972.886	239.2083	-293.0000	-13.6667	
345	1976.845	231.0583	198.3333	477.6667	
346	1980.794	227.3250	-326.0000	-53.6667	
347	1984.735	187.9250	20.6667	250.3333	
348	1988.666	216.8579	-307.3333	-52.0000	
349	1992.588	233.8142	316.6667	589.0000	
350	1996.500	269.3032	-459.6667	-159.6667	
351	2000.404	252.7129	262.0000	545.6667	
352	2004.298	216.1226	-430.6667	-183.3333	
353	2008.182	222.5322	229.0000	483.0000	
354	2012.058	236.2753	-436.3333	-168.3333	
355	2015.924	271.3517	211.0000	514.3334	
356	2019.781	256.7617	-530.6667	-241.6667	
357	2023.628	252.6484	237.0000	498.6667	
358	2027.466	254.9933	-476.0000	-176.3333	
359	2031.295	252.1299	165.6667	443.0000	
360	2035.114	240.7248	-452.6667	-195.0000	
361	2038.924	243.0143	195.3333	483.6667	
362	2042.725	212.7204	-465.3333	-234.3333	
363	2046.516	228.5931	153.0000	381.3333	
364	2050.298	251.5107	-508.0000	-235.0000	
365	2054.070	226.4300	166.3333	412.3333	
366	2057.833	230.3702	-390.6667	-149.6667	
367	2061.586	232.2896	155.6667	418.6667	
368	2065.330	228.2714	-415.3333	-147.3333	
369	2069.065	186.4408	179.3333	377.6667	
370	2072.790	229.0268	-352.0000	-113.0000	
371	2076.505	268.9773	269.6667	539.0000	
372	2080.211	253.1583	-396.3333	-144.0000	
373	2083.908	237.4489	179.0000	416.3333	
374	2087.595	239.7395	-300.0000	-83.3333	
375	2091.272	239.6134	-7.0000	261.3333	
376	2094.940	244.0709	-328.6667	-89.6667	
377	2098.599	251.9910	225.3333	465.0000	
378	2102.248	248.9943	-184.0000	53.3333	
379	2105.887	247.8310	145.0000	449.6667	
380	2109.516	225.0004	-461.3333	-229.6667	
381	2113.136	224.3488	-715.3334	-507.6667	
382	2116.747	237.0306	-215.6667	47.6667	
383	2120.348	240.7123	181.3333	397.0000	
384	2123.939	242.4775	-619.0000	-342.3333	
385	2127.521	240.9463	98.3333	315.0000	
386	2131.093	243.4216	-479.0000	-214.3333	
387	2134.655	232.8969	61.0000	296.3333	
388	2138.207	228.6228	-395.6667	-171.0000	
389	2141.750	230.3303	245.6667	493.0000	
390	2145.283	231.8711	-449.0000	-242.0000	
391	2148.807	240.6620	224.6667	460.6667	
392	2152.321	243.2509	-637.6667	-393.0000	
393	2155.825	235.5334	95.0000	288.0000	
394	2159.319	227.1492	-311.0000	-67.3333	
395	2162.804	227.2650	326.0000	530.6667	
396	2166.279	236.7134	-298.6667	-88.0000	
397	2169.744	248.5129	92.6667	326.6667	
398	2173.199	246.3125	-437.3333	-205.6667	
399	2176.644	240.7786	167.0000	393.0000	
400	2180.080	237.9115	-213.3333	7.3333	
401	2183.506	235.0443	420.6667	655.3333	
402	2186.922	225.8439	-392.6667	-182.0000	
403	2190.328	229.3101	-69.6667	144.3333	
404	2193.725	235.7769	-414.6667	-194.3333	
405	2197.111	247.2432	209.0000	442.3333	
406	2200.488	239.8111	-422.0000	-189.0000	
407	2203.854	246.7189	229.3333	451.3334	
408	2207.211	274.8976	-393.6667	-125.6667	
409	2210.558	253.3101	260.3333	545.6667	
410	2213.896	236.5559	-433.3333	-235.6667	
411	2217.223	217.9684	276.6667	517.6667	
412	2220.540	216.3815	-392.3333	-185.0000	
413	2223.847	222.4548	331.6667	549.0000	
414	2227.145	231.6002	-615.3333	-387.3333	
415	2230.432	245.8290	137.0000	389.0000	
416	2233.709	252.3911	-628.0000	-396.0000	
417	2236.977	262.0364	171.6667	434.6666	
418	2240.234	257.8486	-549.3334	-289.0000	
419	2243.482	243.9940	-45.6667	202.3333	
420	2246.719	219.1388	-405.3333	-180.6667	
421	2249.946	222.0564	267.0000	493.3333	
422	2253.164	223.6407	-471.6667	-245.0000	
423	2256.371	227.6000	211.3333	453.3334	
424	2259.568	228.8510	-385.6667	-167.6667	
425	2262.755	234.8108	167.0000	397.6667	
426	2265.933	245.9790	-187.3333	37.6667	
427	2269.100	256.6714	326.0000	582.6666	
428	2272.256	253.0227	-354.3333	-102.6667	
429	2275.403	235.7003	188.6667	423.0000	
430	2278.540	230.9613	-346.6667	-150.0000	
431	2281.667	230.9723	318.0000	571.6666	
432	2284.783	231.2750	-432.3333	-198.6667	
433	2287.889	228.0776	195.6667	422.3333	
434	2290.985	234.9731	-427.6667	-202.0000	
435	2294.071	242.7690	185.3333	418.0000	
436	2297.147	248.7316	-621.6667	-377.6667	
437	2300.212	245.4448	266.6667	491.6667	
438	2303.267	243.3246	-462.3333	-212.6667	
439	2306.312	242.9545	-17.6667	199.6667	
440	2309.347	243.5013	-591.0000	-357.6667	
441	2312.372	234.4753	316.0000	537.3334	
442	2315.386	227.9491	-320.6667	-104.3333	
443	2318.390	227.6730	127.0000	363.6667	
444	2321.384	227.7303	-517.0000	-332.3333	
445	2324.368	234.0551	357.3333	577.3334	
446	2327.341	245.4631	-499.3333	-268.6667	
447	2330.304	249.2045	165.3333	399.0000	
448	2333.256	241.9599	-463.0000	-193.0000	
449	2336.199	237.0767	-34.3333	194.3333	
450	2339.131	239.2769	-375.3333	-174.3333	
451	2342.052	245.6438	381.0000	654.3334	
452	2344.963	237.5105	-602.3333	-381.6667	
453	2347.864	227.8650	304.6667	559.0000	
454	2350.755	226.6361	-417.6667	-249.0000	
455	2353.635	225.1364	147.3333	383.0000	
456	2356.505	225.8535	-511.0000	-294.3333	
457	2359.364	236.1383	195.3333	412.6667	
458	2362.213	249.6732	-325.0000	-96.6667	
459	2365.051	268.8747	147.0000	392.0000	
460	2367.879	252.4093	-246.0000	-20.0000	
461	2370.697	235.5472	78.0000	285.6667	
462	2373.504	226.7684	-269.3333	-102.3333	
463	2376.300	221.4479	270.6667	486.6667	
464	2379.086	226.9815	-454.0000	-255.0000	
465	2381.862	228.4527	82.6667	251.3333	
466	2384.627	248.9031	-376.6667	-163.0000	
467	2387.382	296.3742	201.0000	460.6667	
468	2390.125	252.1790	-598.3334	-384.3333	
469	2392.859	215.1159	198.0000	379.0000	
470	2395.582	222.3185	-386.6667	-202.6667	
471	2398.294	252.8544	283.6667	494.0000	
472	2400.996	237.0573	-649.0000	-436.0000	
473	2403.687	213.0977	223.0000	385.6667	
474	2406.368	229.4713	-463.3333	-288.0000	
475	2409.038	241.5117	296.6667	484.6667	
476	2411.697	247.4655	-398.0000	-218.6667	
477	2414.346	248.8602	276.3333	468.3333	
478	2416.984	225.6715	-460.3333	-306.6667	
479	2419.612	234.0662	82.0000	223.6667	
480	2422.228	239.6276	-446.3333	-241.0000	
481	2424.834	241.0224	191.0000	333.0000	
482	2427.430	241.9795	-486.6666	-316.3333	
483	2430.015	236.5617	171.0000	364.6667	
484	2432.589	230.3731	1108.6667	1205.0000	
485	2435.152	228.8124	219.6667	389.6666	
486	2437.705	229.0224	-678.6667	-538.6666	
487	2440.247	228.8366	96.6667	249.6667	
488	2442.778	231.2131	-475.6667	-326.3333	
489	2445.298	242.0360	10.0000	174.0000	
490	2447.808	254.0324	-553.3333	-368.0000	
491	2450.306	233.7439	354.6667	521.3333	
492	2452.794	226.5389	-404.3333	-253.6667	
493	2455.272	236.5118	245.3333	414.6667	
494	2457.738	243.7347	-587.3334	-429.6667	
495	2460.194	269.7075	233.0000	430.3333	
496	2462.638	245.0136	-344.3333	-174.0000	
497	2465.073	243.9865	411.3333	578.3334	
498	2467.496	243.6260	-427.0000	-264.6667	
499	2469.908	245.9322	413.3333	589.3334	
500	2472.309	235.9049	-362.0000	-210.0000	
501	2474.699	215.1507	-5.3333	126.0000	
502	2477.079	219.6464	-479.0000	-358.0000	
503	2479.448	230.6422	210.3333	357.3333	
504	2481.805	227.8880	-400.0000	-255.6667	
505	2484.152	214.8004	196.3333	327.6667	
506	2486.488	215.8795	-373.3333	-244.6667	
507	2488.813	230.3753	197.3333	336.6667	
508	2491.127	244.4544	-643.3334	-512.6667	
509	2493.430	272.7834	185.0000	374.6667	
510	2495.722	268.3625	-315.0000	-129.6667	
511	2498.003	227.6083	-80.0000	64.6667	
