resultName	muna12-73
resultName	muna12-73
ID	RS20200227122438_P19331194
Command	SCANANDSEARCH
User	Admin
Application	_Analyze
SerialNumber	P19331194
Power	280
Integration	900
Averages	3
AutoExposure	Off
AutoCollect	Off
QuickCollect	Off
AutoBackground	On
BaselineCorrection	On
Algorithm	Wavelet
Searched Library	All,None,None,None
MixtureComponents	2
matchThreshold	0.0
displayMatches	1
Threshold	0.80
WL Start	
WL End	
ServerVersion	3.180316
FirmwareVersion	
date	2020-02-27
time	12:24:38
scanindex	0
specpath	RS20200227122438_P19331194.xml
Search Range	200 - 2500
Synced	false
lastCalDateTime	2020-02-27 08:30:34
lastCalUser	Admin
lastCalResult	PASS
lastVerifyDateTime	2019-10-16 15:05:37
lastVerifyUser	Admin
lastVerifyResult	PASS
selectedMaterial	
result	No Match
ValidationGUID	
ValidationMatchQuality	
topMatch	
topMatchGUID	
topMatchQuality	
secondMatch	
secondMatchGUID	
secondMatchQuality	
thirdMatch	
thirdMatchGUID	
thirdMatchQuality	
fourthMatch	
fourthMatchGUID	
fourthMatchQuality	
fifthMatch	
fifthMatchGUID	
fifthMatchQuality	
signedBy	
signedDateTime	
softwareVer	1.7.0.21
memo	
batchID	
inBatch	false
batchUID	
batchCID1	
batchCIDlbl1	
batchCID2	
batchCIDlbl2	
batchCID3	
batchCIDlbl3	
batchCID4	
batchCIDlbl4	
batchCID5	
batchCIDlbl5	
signedTitle	
signedReason	
rescanned	
barcode	
topMatchContribs	
secondMatchContribs	
thirdMatchContribs	
fourthMatchContribs	
fifthMatchContribs	
ValidationMatchContribs	
Threat	
PrecursorList	
CompundName	
WindowStart4C	
MatchLibrary	
lastModified	2020/02/27 12:25
Signal2Noise	41.40
Detector TEC SetPoint	0x8000
Detector Temp	4.94
Laser Temp	25.38
OE1 Temp	31.50
OE2 Temp	34.38
Detector Gain	200
SaturationDetected	false
InterpolatedPixelList	
PeakList	 286.8	818	296.6	714	339.2	687	398.2	697	443.5	559	481.1	571	649.3	2071	678.5	1030	750.9	754	804.3	582	840.2	739	959.7	642	1092.9	569	1127.1	757	1141.6	712	1207.9	609	1249.1	583	1313.0	421	1365.7	1162	1457.6	4570	1644.7	2713	1677.4	2053	1713.0	919
index	Raman Shift (cm-1)	Y value (counts)	background (counts)	raw value (counts)
0	137.455	379.2496	7594.3330	10234.6660	
1	143.948	295.8803	8027.0000	10519.6670	
2	150.436	233.1769	8455.0000	10820.6670	
3	156.918	213.1395	8719.0000	11000.3330	
4	163.394	373.4362	8226.6670	10604.0000	
5	169.865	421.3999	9224.6670	11585.6670	
6	176.330	434.3625	8861.0000	11170.6660	
7	182.790	308.3251	8764.3340	10883.6660	
8	189.244	144.2897	8370.6670	10261.6670	
9	195.693	225.5854	9312.3340	11220.3330	
10	202.136	286.5491	9209.0000	11113.6660	
11	208.573	312.5118	9711.3340	11577.6660	
12	215.005	390.8093	8987.0000	10867.3330	
13	221.431	323.3775	9511.3330	11287.6660	
14	227.851	243.4158	9692.6660	11344.6660	
15	234.266	164.5505	10139.0000	11721.6670	
16	240.675	142.6852	8354.6660	9925.0000	
17	247.078	157.1519	9321.3340	10915.6670	
18	253.476	156.6197	8413.6670	10017.0000	
19	259.868	244.4214	9000.0000	10700.6670	
20	266.254	263.5552	7713.3330	9442.6660	
21	272.635	353.4521	9359.0000	11215.0000	
22	279.009	691.3493	8970.3330	11201.0000	
23	285.378	817.9124	8299.3330	10693.3330	
24	291.742	701.1426	7852.0000	10166.0000	
25	298.099	713.6200	7798.0000	10154.6670	
26	304.451	619.7635	7545.6670	9838.6670	
27	310.797	469.5742	8586.6670	10759.6670	
28	317.137	445.5808	7350.3330	9541.0000	
29	323.471	598.6998	7461.0000	9756.3330	
30	329.800	577.8201	7274.0000	9500.0000	
31	336.122	677.6062	7949.6670	10227.0000	
32	342.439	687.3934	7606.0000	9844.6670	
33	348.750	354.8457	7438.0000	9295.6660	
34	355.055	114.6339	5925.3330	7494.3340	
35	361.354	94.6808	8176.6670	9666.3330	
36	367.648	24.6281	6297.0000	7672.0000	
37	373.935	211.8786	6271.0000	7824.6670	
38	380.216	620.7951	6763.0000	8717.0000	
39	386.492	452.7124	7143.0000	8920.3340	
40	392.762	404.9614	5316.3335	7037.3330	
41	399.025	696.9668	6432.3330	8435.0000	
42	405.283	470.6378	5645.6665	7411.6665	
43	411.535	274.8090	3511.3335	5020.0000	
44	417.781	235.7303	4007.3335	5534.6670	
45	424.020	251.7902	4581.0000	6018.3335	
46	430.254	325.7665	2653.0000	4221.3330	
47	436.482	385.4936	2034.0000	3646.0000	
48	442.704	558.8867	1412.3333	3181.6665	
49	448.920	511.2214	3164.0000	4881.3335	
50	455.129	409.5736	1748.0000	3338.0000	
51	461.333	209.2591	1462.0000	2826.0000	
52	467.531	150.2780	1388.0000	2667.3333	
53	473.722	469.9294	2302.0000	3872.0000	
54	479.908	571.2476	1129.3333	2771.6667	
55	486.087	483.5652	442.6667	1968.3333	
56	492.260	339.6702	1203.3334	2546.3333	
57	498.427	224.7794	1697.3333	2900.0000	
58	504.588	176.8883	1631.0000	2760.3333	
59	510.743	243.9972	791.3333	1962.3333	
60	516.892	273.4395	894.0000	2069.0000	
61	523.034	344.7096	1669.0000	2888.3333	
62	529.171	426.6464	561.6667	1836.0000	
63	535.301	358.2501	1393.0000	2572.0000	
64	541.425	180.8537	576.6666	1551.3334	
65	547.543	235.7906	1620.0000	2622.6667	
66	553.655	280.7276	3197.3330	4260.0000	
67	559.760	301.4144	3792.3330	4771.0000	
68	565.859	316.7679	2063.3333	3102.0000	
69	571.952	294.2179	1602.0000	2579.6667	
70	578.039	281.1758	343.3333	1359.6666	
71	584.119	220.8922	425.0000	1374.3334	
72	590.193	81.7335	605.0000	1439.0000	
73	596.261	145.9764	1833.0000	2783.0000	
74	602.323	337.2195	2646.0000	3839.0000	
75	608.378	683.7957	2597.6667	4189.0000	
76	614.427	969.3722	2777.3333	4706.0000	
77	620.469	1066.7295	3595.0000	5646.0000	
78	626.505	724.4248	2596.3333	4327.0000	
79	632.535	991.7866	2155.6667	4175.6665	
80	638.559	1350.8157	2078.0000	4479.0000	
81	644.576	2044.8441	3225.6665	6342.6660	
82	650.587	2071.2068	2489.6667	5655.0000	
83	656.591	1350.9019	1034.6667	3501.6665	
84	662.589	869.9310	909.0000	2917.0000	
85	668.581	708.9076	1119.0000	2953.0000	
86	674.566	958.2177	282.0000	2352.3335	
87	680.544	1030.1943	922.3334	3051.6667	
88	686.517	548.5043	2161.6665	3796.3335	
89	692.483	300.2752	2227.0000	3486.3335	
90	698.442	323.3169	937.3334	2223.0000	
91	704.395	246.0428	1735.3333	3079.0000	
92	710.341	209.6606	1597.3333	2804.3333	
93	716.281	55.1566	1525.0000	2576.6667	
94	722.214	256.9857	1606.6667	2859.3333	
95	728.141	451.4814	1696.0000	3142.3330	
96	734.061	656.3110	1545.0000	3195.3335	
97	739.975	653.8065	2578.3333	4225.3330	
98	745.882	736.3160	2264.3333	3984.0000	
99	751.783	754.2518	3554.6665	5302.6665	
100	757.677	561.8541	2283.0000	3849.0000	
101	763.564	501.8801	3481.0000	4980.6670	
102	769.445	383.5720	2599.3335	3974.3335	
103	775.319	165.9310	2970.3333	4121.3335	
104	781.187	57.2891	2699.3335	3735.3330	
105	787.048	226.7949	3620.3335	4819.6670	
106	792.902	300.3004	3407.6665	4674.3335	
107	798.750	462.8055	4598.6665	6021.6665	
108	804.591	582.3110	3457.6667	4994.0000	
109	810.425	481.1425	4051.0000	5508.0000	
110	816.253	244.9741	2927.3333	4170.0000	
111	822.074	172.1390	3598.3330	4790.0000	
112	827.888	215.7870	3199.0000	4467.0000	
113	833.695	494.5659	3914.3335	5484.6665	
114	839.496	738.6788	3421.3335	5259.3335	
115	845.290	439.4579	4083.3335	5645.6665	
116	851.078	372.3828	3501.6667	4957.0000	
117	856.858	383.7271	4013.0000	5549.6665	
118	862.632	318.8839	3883.6670	5321.0000	
119	868.399	324.5251	3807.0000	5328.3335	
120	874.159	269.8282	2909.0000	4327.0000	
121	879.913	182.3932	2974.6665	4289.6670	
122	885.659	220.9571	2977.3333	4315.3330	
123	891.399	358.8553	3540.3335	5000.6670	
124	897.132	356.0867	3508.3335	4950.3335	
125	902.858	338.0172	2775.0000	4175.3335	
126	908.577	255.1349	2396.0000	3656.6665	
127	914.290	278.7319	3313.0000	4580.0000	
128	919.995	255.8915	2244.0000	3519.0000	
129	925.694	237.8219	3102.6665	4326.0000	
130	931.385	261.4189	1972.3335	3196.6665	
131	937.070	179.5995	2260.6665	3361.0000	
132	942.748	267.0296	2074.3333	3159.3335	
133	948.419	357.2678	2468.0000	3715.0000	
134	954.083	576.2108	1554.0000	3009.0000	
135	959.740	642.1537	2185.3333	3695.3330	
136	965.390	450.0972	1969.3333	3276.3335	
137	971.033	408.6987	2046.0000	3259.6665	
138	976.669	404.5506	973.0000	2283.6667	
139	982.299	378.3189	1521.0000	2768.6665	
140	987.921	327.2449	1626.3333	2818.6665	
141	993.536	240.3166	1695.0000	2824.0000	
142	999.144	194.3882	1299.3333	2406.0000	
143	1004.745	208.4596	1893.3333	3037.6665	
144	1010.339	296.1984	1279.6666	2535.3335	
145	1015.926	290.4364	1673.0000	2938.3333	
146	1021.506	266.8414	1676.3333	2920.0000	
147	1027.078	299.0797	1820.6665	3150.0000	
148	1032.644	276.6514	1433.3333	2766.6665	
149	1038.203	245.3323	1941.0000	3205.3333	
150	1043.754	278.5133	1580.0000	2975.0000	
151	1049.298	266.5277	1932.6667	3347.0000	
152	1054.836	238.2086	1106.0000	2523.3333	
153	1060.366	329.7981	2059.6665	3592.0000	
154	1065.889	308.9856	1855.6665	3403.3335	
155	1071.404	298.1892	2230.6667	3720.6670	
156	1076.913	373.8925	2098.6665	3746.3330	
157	1082.414	413.9561	2485.6667	4165.0000	
158	1087.908	290.3528	1442.6666	2990.0000	
159	1093.395	569.4165	2624.3333	4442.3335	
160	1098.875	471.1464	2586.0000	4297.3335	
161	1104.348	230.2847	3120.0000	4568.6665	
162	1109.813	224.3256	2489.6665	3908.0000	
163	1115.271	436.3664	3204.3330	4810.3335	
164	1120.721	576.0732	2569.6665	4291.0000	
165	1126.165	756.8909	3267.6665	5135.0000	
166	1131.601	669.3748	2940.0000	4685.0000	
167	1137.030	643.1921	3658.6665	5342.6665	
168	1142.452	712.0089	2670.3333	4388.3330	
169	1147.866	609.3260	3550.0000	5140.6665	
170	1153.273	449.6432	3481.0000	4887.3335	
171	1158.672	298.9595	3747.3335	4978.3330	
172	1164.064	209.2772	3244.6665	4361.3335	
173	1169.449	180.7238	4517.0000	5618.6665	
174	1174.827	181.2546	3909.0000	4982.3335	
175	1180.197	216.4698	4846.0000	6017.3335	
176	1185.560	281.2901	4297.6670	5632.3330	
177	1190.915	244.6942	4828.6670	6074.3335	
178	1196.263	274.6817	4541.3335	5880.6665	
179	1201.603	429.7524	5186.6665	6717.6660	
180	1206.936	609.1575	4533.3335	6280.3340	
181	1212.262	522.3538	5388.6670	7071.6665	
182	1217.580	425.4122	5007.0000	6606.6660	
183	1222.891	420.8887	5591.3330	7207.6670	
184	1228.194	366.3622	5297.0000	6880.0000	
185	1233.489	255.8784	6159.3330	7667.3340	
186	1238.778	274.3923	5913.0000	7357.3330	
187	1244.058	389.5743	6189.6670	7902.3340	
188	1249.331	583.0889	5857.3335	7799.0000	
189	1254.597	448.0972	7186.6665	9021.3330	
190	1259.855	210.4396	6600.0000	8225.0000	
191	1265.106	205.1148	7445.6670	9093.3340	
192	1270.349	328.7896	7268.0000	9067.3330	
193	1275.584	256.1314	8059.6670	9814.3330	
194	1280.812	300.8066	7304.0000	9131.3330	
195	1286.032	358.8165	8150.0000	10063.3340	
196	1291.244	286.5067	7739.6670	9622.0000	
197	1296.449	188.4454	8699.0000	10533.6670	
198	1301.647	104.3841	8225.6660	10026.6670	
199	1306.836	219.9874	9198.3330	11165.3330	
200	1312.018	420.5934	8667.3340	10885.3340	
201	1317.193	265.4531	9242.0000	11332.3340	
202	1322.359	198.3121	9020.3330	11071.0000	
203	1327.518	534.8512	9640.6670	12038.6670	
204	1332.670	817.7527	9094.0000	11794.3330	
205	1337.813	885.2679	10019.0000	12804.3320	
206	1342.949	580.4521	9155.3330	11653.3330	
207	1348.077	345.3023	10241.6660	12522.0000	
208	1353.198	320.8165	9394.3340	11667.6660	
209	1358.311	620.0005	10668.0000	13258.0000	
210	1363.415	1161.8497	9948.3330	13097.6660	
211	1368.513	1152.0341	10864.3330	14021.3340	
212	1373.602	1016.2161	10164.3330	13203.0000	
213	1378.684	994.9125	11010.3330	14041.3340	
214	1383.757	704.9419	10346.0000	13100.6680	
215	1388.823	274.3024	11362.0000	13699.6660	
216	1393.881	0.0000	10390.6670	12467.6680	
217	1398.932	65.1611	11347.0000	13492.6660	
218	1403.974	201.2106	10593.3330	12852.3340	
219	1409.009	491.9242	11672.0000	14199.0000	
220	1414.036	870.3046	10625.3340	13508.0000	
221	1419.054	1263.0892	11524.0000	14782.3330	
222	1424.065	1452.2065	10815.0000	14245.3320	
223	1429.068	2002.3264	11591.0000	15554.3340	
224	1434.064	2801.5688	10909.6660	15635.6660	
225	1439.051	3121.3552	11704.0000	16711.0000	
226	1444.030	3549.8069	10979.6670	16376.3330	
227	1449.001	3894.5933	11903.3340	17606.0000	
228	1453.965	4360.7134	10777.0000	16907.0000	
229	1458.920	4570.2954	11930.0000	18178.3340	
230	1463.868	3315.8762	10769.3330	15672.0000	
231	1468.807	1971.4568	11613.0000	15080.0000	
232	1473.739	1171.3713	10500.6670	13076.3340	
233	1478.662	700.7053	11263.3330	13290.0000	
234	1483.578	447.3724	10245.0000	11940.0000	
235	1488.485	289.7083	11360.6660	12819.6680	
236	1493.385	197.9571	10462.6660	11716.6670	
237	1498.276	249.6021	11526.3340	12787.6660	
238	1503.159	185.3902	10684.3330	11865.6670	
239	1508.035	177.0412	11085.3340	12222.3330	
240	1512.902	162.3619	8508.3330	9594.6670	
241	1517.761	196.4306	10388.0000	11462.3340	
242	1522.612	232.4168	10994.0000	12101.0000	
243	1527.454	253.9858	12389.0000	13459.0000	
244	1532.289	302.4708	11494.0000	12562.6660	
245	1537.116	306.4691	12514.6680	13638.6660	
246	1541.934	262.4337	11632.3330	12699.6660	
247	1546.745	241.6485	12641.0000	13755.3340	
248	1551.547	190.7781	11941.3330	13037.3320	
249	1556.341	220.8553	13081.0000	14325.3340	
250	1561.126	221.7645	12050.6670	13379.6670	
251	1565.904	171.3421	12939.0000	14301.3340	
252	1570.673	250.5853	12563.0000	14088.3340	
253	1575.434	267.1395	13140.6660	14811.3340	
254	1580.187	281.0271	12074.3340	13887.6680	
255	1584.932	351.5804	13012.0000	15024.6670	
256	1589.668	443.8001	11656.6670	13890.3340	
257	1594.396	400.6858	12179.3330	14498.6660	
258	1599.116	493.2390	11383.6660	13924.3320	
259	1603.828	358.2659	13000.3320	15556.6680	
260	1608.531	388.2798	12425.3320	15120.6660	
261	1613.226	458.4597	13301.6660	16130.6660	
262	1617.912	566.9729	13093.0000	16094.0000	
263	1622.591	575.1548	13417.6660	16490.3340	
264	1627.261	579.3337	12335.0000	15475.3320	
265	1631.922	867.1449	12755.3320	16218.3340	
266	1636.576	1494.0476	11601.6670	15702.0000	
267	1641.220	2416.8870	13279.0000	18312.6660	
268	1645.857	2712.7263	12133.0000	17473.0000	
269	1650.485	1773.7891	13247.6660	17566.0000	
270	1655.105	725.8491	11724.6670	14912.3320	
271	1659.716	391.5782	13004.6670	15775.3320	
272	1664.319	579.3101	12479.0000	15354.6680	
273	1668.913	1178.3707	13277.6660	16669.6660	
274	1673.499	1853.4329	11870.3330	15854.6660	
275	1678.077	2053.4958	11942.0000	16043.6670	
276	1682.646	1488.2266	11641.3330	15095.0000	
277	1687.206	821.5063	11739.6670	14433.6660	
278	1691.759	258.4571	11746.0000	13784.0000	
279	1696.302	55.7388	13309.6660	15052.0000	
280	1700.837	129.1273	11344.3340	13084.6660	
281	1705.364	454.1824	11804.0000	13735.0000	
282	1709.882	900.5662	10565.0000	12808.0000	
283	1714.391	918.9519	12672.3340	14799.3340	
284	1718.892	447.6702	10972.0000	12493.3330	
285	1723.385	228.2581	11306.0000	12521.3340	
286	1727.868	125.5115	9057.0000	10024.3340	
287	1732.344	222.7999	11245.3330	12215.6670	
288	1736.810	209.6125	10840.6670	11791.6670	
289	1741.268	211.7587	10612.0000	11503.3330	
290	1745.717	194.5721	9028.0000	9810.0000	
291	1750.158	256.3847	11184.6670	11976.6660	
292	1754.590	289.8642	10069.6670	10853.6660	
293	1759.014	282.8924	10185.3340	10928.3340	
294	1763.428	281.2524	7923.0000	8630.3340	
295	1767.835	309.1948	9917.0000	10577.6670	
296	1772.232	343.2213	10381.0000	11157.6660	
297	1776.621	308.3430	9157.3330	9817.6660	
298	1781.001	271.3818	7427.6670	8045.0000	
299	1785.372	278.0875	8104.3330	8722.3330	
300	1789.735	292.9587	7206.6665	7826.0000	
301	1794.089	297.9738	8374.3340	8986.0000	
302	1798.434	300.8203	9174.6670	9850.0000	
303	1802.770	303.7711	9760.0000	10365.3330	
304	1807.098	306.6176	9284.0000	9913.0000	
305	1811.416	289.5484	7942.6660	8552.6670	
306	1815.726	283.3104	6930.3330	7493.3330	
307	1820.027	285.2403	7737.3340	8370.3330	
308	1824.320	298.0389	7080.0000	7677.6660	
309	1828.603	302.5009	8644.3330	9250.6670	
310	1832.878	294.6293	7583.0000	8192.3330	
311	1837.144	257.4241	6777.0000	7314.0000	
312	1841.401	301.8857	6632.6660	7206.6665	
313	1845.649	311.2983	7356.6660	7937.3340	
314	1849.889	308.0424	8141.0000	8715.6670	
315	1854.119	298.2247	7880.0000	8441.0000	
316	1858.340	300.9691	6830.3335	7399.0000	
317	1862.553	297.5260	6390.3330	6932.3330	
318	1866.757	297.9370	5452.6665	6028.3335	
319	1870.951	292.1188	4556.0000	5071.0000	
320	1875.137	300.4464	4066.6665	4603.6665	
321	1879.314	299.1698	4909.6670	5447.6665	
322	1883.482	274.3302	3036.3333	3520.6665	
323	1887.641	266.5660	2925.0000	3440.3335	
324	1891.791	267.5525	3108.3335	3554.3333	
325	1895.932	260.3336	4402.6665	4877.6665	
326	1900.064	260.3647	3180.3335	3636.6665	
327	1904.187	280.8128	5123.6665	5610.0000	
328	1908.300	299.3443	4544.6665	5095.0000	
329	1912.405	300.1036	4457.6665	4935.6665	
330	1916.501	299.5593	4183.3330	4688.0000	
331	1920.588	297.6818	3725.3335	4169.6665	
332	1924.666	297.6372	4094.6665	4630.6665	
333	1928.734	310.2586	4906.0000	5364.3330	
334	1932.794	318.7965	3897.6667	4390.0000	
335	1936.844	301.1680	3313.3333	3774.0000	
336	1940.885	289.0390	3454.0000	3894.0000	
337	1944.917	321.5770	4146.0000	4610.0000	
338	1948.940	315.5107	3856.3335	4326.3335	
339	1952.954	298.2361	3203.6670	3679.0000	
340	1956.959	255.8574	1329.6667	1702.3333	
341	1960.955	268.4161	1871.0000	2247.3335	
342	1964.941	298.3077	1814.0000	2233.0000	
343	1968.918	288.1739	1511.3334	1903.6667	
344	1972.886	292.3676	727.3333	1129.0000	
345	1976.845	288.6462	611.0000	951.6666	
346	1980.794	288.4247	-143.3333	258.0000	
347	1984.735	293.7032	400.3333	756.3333	
348	1988.666	287.8156	80.3333	459.6667	
349	1992.588	287.9419	407.6667	748.0000	
350	1996.500	296.8647	-356.0000	0.3333	
351	2000.404	288.9289	293.6667	645.0000	
352	2004.298	291.5764	-415.6666	-45.3333	
353	2008.182	290.9738	255.0000	566.0000	
354	2012.058	309.2046	-426.6667	-57.3333	
355	2015.924	303.1020	199.6667	577.3333	
356	2019.781	293.4989	-491.3333	-146.6667	
357	2023.628	293.7072	230.6667	594.3333	
358	2027.466	300.3322	-477.6667	-144.3333	
359	2031.295	315.9572	171.3333	545.0000	
360	2035.114	309.8317	-478.0000	-111.6667	
361	2038.924	248.5117	213.3333	518.0000	
362	2042.725	279.5251	-484.3333	-149.0000	
363	2046.516	297.5385	139.6667	492.6667	
364	2050.298	266.8651	-499.3333	-167.0000	
365	2054.070	262.1562	149.0000	474.0000	
366	2057.833	289.3640	-428.0000	-132.3333	
367	2061.586	352.0717	96.3333	506.0000	
368	2065.330	313.0295	-429.0000	-61.0000	
369	2069.065	254.6539	111.6667	418.6667	
370	2072.790	266.9450	-355.0000	-38.3333	
371	2076.505	322.4862	253.3333	612.6667	
372	2080.211	301.1420	-431.0000	-95.0000	
373	2083.908	293.8803	131.3333	441.0000	
374	2087.595	295.3687	-327.3333	10.6667	
375	2091.272	294.9403	-36.0000	289.3333	
376	2094.940	284.0951	-339.0000	-26.0000	
377	2098.599	264.7072	210.6667	503.3333	
378	2102.248	284.9859	-190.6667	121.3333	
379	2105.887	342.9313	131.3333	500.3333	
380	2109.516	306.5430	-489.6667	-158.0000	
381	2113.136	305.2461	-758.0000	-428.6667	
382	2116.747	261.9492	-201.3333	83.6667	
383	2120.348	283.3190	159.0000	464.3333	
384	2123.939	295.3554	-617.6667	-301.3333	
385	2127.521	316.0377	33.3333	379.6667	
386	2131.093	292.5234	-493.0000	-143.6667	
387	2134.655	275.3633	65.6667	350.6667	
388	2138.207	277.2659	-426.0000	-123.0000	
389	2141.750	275.3907	207.0000	518.0000	
390	2145.283	276.8697	-453.6667	-180.6667	
391	2148.807	286.8487	205.6667	512.6667	
392	2152.321	305.5228	-647.3333	-333.3333	
393	2155.825	315.2143	-7.3333	316.6667	
394	2159.319	311.9058	-355.6667	-7.3333	
395	2162.804	297.7639	314.0000	610.0000	
396	2166.279	285.0382	-342.0000	-26.3333	
397	2169.744	285.2160	98.6667	367.3333	
398	2173.199	289.3103	-479.3333	-180.6667	
399	2176.644	293.7380	114.6667	435.3334	
400	2180.080	293.9157	-223.0000	64.0000	
401	2183.506	296.5101	399.6667	705.0000	
402	2186.922	300.6878	-407.3333	-83.3333	
403	2190.328	299.6989	-70.3333	224.6667	
404	2193.725	294.8770	-443.0000	-130.0000	
405	2197.111	294.5525	178.0000	478.6667	
406	2200.488	283.5851	-450.6667	-146.6667	
407	2203.854	275.5321	169.6667	466.3334	
408	2207.211	273.9795	-382.3333	-105.6667	
409	2210.558	275.2644	277.0000	590.6666	
410	2213.896	273.7160	-483.3333	-185.3333	
411	2217.223	281.0843	234.3333	542.3333	
412	2220.540	333.8692	-452.6667	-90.3333	
413	2223.847	303.4197	272.3333	594.6667	
414	2227.145	297.8405	-658.3333	-341.0000	
415	2230.432	297.5322	122.3333	437.6667	
416	2233.709	299.0155	-691.6667	-372.0000	
417	2236.977	296.8530	155.0000	490.3333	
418	2240.234	280.1905	-572.6666	-270.6667	
419	2243.482	279.1946	-32.0000	255.3333	
420	2246.719	278.9489	-428.0000	-112.0000	
421	2249.946	278.2918	225.6667	526.6667	
422	2253.164	279.0514	-503.3333	-200.0000	
423	2256.371	309.2276	158.6667	516.0000	
424	2259.568	314.7368	-431.3333	-106.6667	
425	2262.755	313.9217	140.6667	492.0000	
426	2265.933	313.6901	-198.6667	129.3333	
427	2269.100	301.1630	272.6667	625.6666	
428	2272.256	297.2540	-394.3333	-71.6667	
429	2275.403	298.6899	109.6667	451.6666	
430	2278.540	278.2092	-372.0000	-62.0000	
431	2281.667	266.5410	302.6667	594.3333	
432	2284.783	268.6436	-469.0000	-149.6667	
433	2287.889	274.2462	169.0000	416.3333	
434	2290.985	297.0637	-459.0000	-146.3333	
435	2294.071	294.5333	130.3333	456.3333	
436	2297.147	283.1692	-657.6667	-361.6667	
437	2300.212	287.5461	235.6667	536.0000	
438	2303.267	310.0896	-495.6667	-168.0000	
439	2306.312	315.3831	-32.3333	273.6667	
440	2309.347	312.4263	-620.6667	-263.3333	
441	2312.372	308.3879	300.0000	621.3333	
442	2315.386	286.4327	-300.0000	-0.3333	
443	2318.390	290.2276	120.3333	398.3333	
444	2321.384	289.9390	-562.0000	-223.6667	
445	2324.368	284.2986	310.0000	609.0000	
446	2327.341	276.4082	-531.0000	-239.0000	
447	2330.304	284.8510	175.0000	476.3333	
448	2333.256	301.1944	-467.3334	-138.3333	
449	2336.199	293.6483	-52.6667	278.3333	
450	2339.131	277.1022	-399.6667	-93.3333	
451	2342.052	292.3895	347.0000	669.3334	
452	2344.963	323.3434	-649.3333	-295.3333	
453	2347.864	302.1487	269.3333	600.6667	
454	2350.755	296.6206	-468.3334	-144.0000	
455	2353.635	283.4775	154.6667	454.0000	
456	2356.505	286.0336	-489.6667	-189.3333	
457	2359.364	303.9980	193.6667	539.0000	
458	2362.213	299.2957	-328.6667	-26.0000	
459	2365.051	288.1768	152.0000	461.0000	
460	2367.879	267.2246	-270.0000	-4.3333	
461	2370.697	289.4002	82.0000	367.0000	
462	2373.504	294.8256	-319.3333	-12.6667	
463	2376.300	296.9178	272.3333	546.0000	
464	2379.086	299.0932	-417.6667	-132.6667	
465	2381.862	296.6020	32.6667	314.6667	
466	2384.627	292.5274	-397.6666	-93.6667	
467	2387.382	273.7862	211.6667	464.0000	
468	2390.125	281.6283	-577.0000	-319.6667	
469	2392.859	304.5224	179.6667	467.6667	
470	2395.582	308.8582	-380.3333	-76.3333	
471	2398.294	296.3606	315.3333	596.6666	
472	2400.996	287.5298	-680.0000	-392.0000	
473	2403.687	253.6810	195.6667	425.6666	
474	2406.368	285.4987	-475.6666	-215.0000	
475	2409.038	317.3165	281.6667	573.0000	
476	2411.697	305.9224	-422.3333	-128.6667	
477	2414.346	292.8163	291.6667	508.0000	
478	2416.984	292.9601	-488.0000	-215.3333	
479	2419.612	281.1665	69.3333	307.6667	
480	2422.228	281.3103	-432.3333	-206.6667	
481	2424.834	277.9749	162.6667	428.6667	
482	2427.430	293.3688	-537.3334	-308.0000	
483	2430.015	349.7626	167.3333	385.6667	
484	2432.589	577.2390	828.6667	1367.3334	
485	2435.152	302.2517	191.3333	450.3333	
486	2437.705	302.2643	-748.6666	-494.3334	
487	2440.247	297.6105	36.6667	281.6667	
488	2442.778	290.1232	-511.6667	-279.0000	
489	2445.298	287.9254	-19.0000	217.3333	
490	2447.808	273.4030	-571.3333	-354.0000	
491	2450.306	278.6999	331.0000	549.0000	
492	2452.794	291.9134	-451.0000	-216.6667	
493	2455.272	290.9992	234.0000	441.0000	
494	2457.738	288.1685	-653.0000	-406.0000	
495	2460.194	288.4210	216.3333	421.3333	
496	2462.638	290.7568	-391.3333	-177.6667	
497	2465.073	275.6760	377.6667	576.3333	
498	2467.496	285.7619	-462.0000	-265.3333	
499	2469.908	294.2645	403.0000	626.0000	
500	2472.309	297.1838	-383.0000	-175.6667	
501	2474.699	291.8988	-28.0000	195.3333	
502	2477.079	280.6137	-491.6667	-292.6667	
503	2479.448	287.0785	205.6667	412.3333	
504	2481.805	291.1268	-434.3333	-204.3333	
505	2484.152	289.9250	158.6667	362.3333	
506	2486.488	284.1399	-396.6667	-205.0000	
507	2488.813	290.5840	159.6667	380.0000	
508	2491.127	289.3823	-671.6667	-458.0000	
509	2493.430	291.7846	184.0000	382.3333	
510	2495.722	320.6662	-329.6667	-81.0000	
511	2498.003	284.4644	-103.0000	110.6667	
