resultName	muna16-37
resultName	muna16-37
ID	RS20191212120851_P19331194
Command	SCANANDSEARCH
User	Admin
Application	_Analyze
SerialNumber	P19331194
Power	280
Integration	900
Averages	3
AutoExposure	Off
AutoCollect	Off
QuickCollect	Off
AutoBackground	On
BaselineCorrection	On
Algorithm	Wavelet
Searched Library	All,None,None,None
MixtureComponents	2
matchThreshold	0.75
displayMatches	1
Threshold	0.80
WL Start	
WL End	
ServerVersion	3.180316
FirmwareVersion	
date	2019-12-12
time	12:08:51
scanindex	0
specpath	RS20191212120851_P19331194.xml
Search Range	200 - 2500
Synced	false
lastCalDateTime	2019-12-12 08:43:43
lastCalUser	Admin
lastCalResult	PASS
lastVerifyDateTime	2019-10-16 15:05:37
lastVerifyUser	Admin
lastVerifyResult	PASS
selectedMaterial	
result	No Match
ValidationGUID	
ValidationMatchQuality	
topMatch	
topMatchGUID	
topMatchQuality	
secondMatch	
secondMatchGUID	
secondMatchQuality	
thirdMatch	
thirdMatchGUID	
thirdMatchQuality	
fourthMatch	
fourthMatchGUID	
fourthMatchQuality	
fifthMatch	
fifthMatchGUID	
fifthMatchQuality	
signedBy	
signedDateTime	
softwareVer	1.7.0.21
memo	
batchID	
inBatch	false
batchUID	
batchCID1	
batchCIDlbl1	
batchCID2	
batchCIDlbl2	
batchCID3	
batchCIDlbl3	
batchCID4	
batchCIDlbl4	
batchCID5	
batchCIDlbl5	
signedTitle	
signedReason	
rescanned	
barcode	
topMatchContribs	
secondMatchContribs	
thirdMatchContribs	
fourthMatchContribs	
fifthMatchContribs	
ValidationMatchContribs	
Threat	
PrecursorList	
CompundName	
WindowStart4C	
MatchLibrary	
lastModified	2019/12/12 12:11
Signal2Noise	64.60
Detector TEC SetPoint	0x8000
Detector Temp	4.99
Laser Temp	25.39
OE1 Temp	34.94
OE2 Temp	39.06
Detector Gain	200
SaturationDetected	false
InterpolatedPixelList	
PeakList	 287.0	928	296.9	786	324.0	606	398.7	760	444.2	633	480.9	594	649.6	1796	679.0	1095	736.0	881	750.3	713	805.5	643	839.6	832	959.2	665	1092.6	608	1126.8	787	1141.4	765	1207.9	680	1249.6	644	1313.7	450	1365.4	1155	1457.8	5199	1645.4	2663	1677.3	1996	1710.9	1030
index	Raman Shift (cm-1)	Y value (counts)	background (counts)	raw value (counts)
0	137.923	447.9705	4128.0000	6950.6670	
1	144.410	287.1725	4510.6665	7097.3330	
2	150.891	237.0414	4766.0000	7227.3330	
3	157.367	262.9108	4975.6670	7387.6670	
4	163.837	407.1131	4571.6665	7052.6665	
5	170.302	397.3161	5300.6665	7696.6670	
6	176.762	370.5175	4982.6665	7276.6660	
7	183.215	301.0539	5017.3335	7166.6670	
8	189.664	261.5894	4598.6665	6633.3330	
9	196.106	215.7918	5340.6665	7254.3330	
10	202.544	259.3277	5134.3335	7016.3335	
11	208.975	341.8636	5635.6665	7525.0000	
12	215.401	302.7330	5029.6665	6804.6670	
13	221.822	329.7533	5507.3335	7268.6670	
14	228.236	257.5536	5465.3330	7106.3330	
15	234.646	191.0305	5795.3335	7347.6660	
16	241.049	189.3412	4800.3335	6393.3330	
17	247.447	170.0686	5288.6670	6840.6660	
18	253.839	214.1299	4736.3330	6374.3330	
19	260.226	244.6900	5222.0000	6900.6660	
20	266.607	282.2510	4169.0000	5895.3330	
21	272.982	407.1406	5469.3335	7350.0000	
22	279.352	773.3636	4947.3335	7223.6670	
23	285.716	927.5869	4787.6665	7247.6670	
24	292.074	781.1423	4240.0000	6583.0000	
25	298.426	785.7591	4348.0000	6723.3330	
26	304.773	732.7094	3968.3335	6318.3330	
27	311.114	515.3278	4889.0000	7049.3340	
28	317.449	556.8681	3929.6665	6170.0000	
29	323.779	606.0940	4173.0000	6419.6665	
30	330.102	583.6540	3808.0000	5989.3335	
31	336.420	558.8804	4421.0000	6534.6670	
32	342.732	515.1069	4201.6665	6228.6670	
33	349.039	269.3323	4122.6670	5861.0000	
34	355.339	185.2253	3268.0000	4879.3330	
35	361.634	112.4437	4432.6665	5918.0000	
36	367.923	59.2695	3278.6670	4672.3335	
37	374.205	281.5901	3385.3335	4996.0000	
38	380.483	637.2443	3618.3335	5579.3335	
39	386.754	463.2316	3769.3335	5551.0000	
40	393.019	428.2191	2828.3333	4569.6665	
41	399.278	759.6322	3558.3335	5625.0000	
42	405.532	510.0456	2908.0000	4719.0000	
43	411.779	304.4585	1868.3335	3467.6665	
44	418.021	332.2049	2085.6667	3706.6665	
45	424.257	244.3546	2275.6667	3803.6670	
46	430.487	282.8370	1322.6666	2884.0000	
47	436.710	448.3193	1046.6667	2768.3333	
48	442.928	632.8022	798.6666	2699.6667	
49	449.140	543.9586	1543.0000	3361.6667	
50	455.346	473.0947	685.0000	2418.6667	
51	461.546	283.5640	759.0000	2289.0000	
52	467.739	222.6996	622.6667	2077.6665	
53	473.927	437.7054	1065.6666	2710.6667	
54	480.109	594.0438	399.3333	2175.6667	
55	486.285	457.3821	208.3333	1823.0000	
56	492.454	338.8551	364.6667	1825.6667	
57	498.618	222.8057	804.0000	2123.0000	
58	504.775	131.4228	483.0000	1684.6665	
59	510.926	250.3734	392.3333	1687.0000	
60	517.072	299.6570	268.6667	1586.6665	
61	523.211	386.9156	638.3333	2018.0000	
62	529.344	383.8402	96.6667	1499.0000	
63	535.471	362.4317	696.3334	2000.3333	
64	541.591	272.6900	58.3333	1247.0000	
65	547.706	211.9482	874.0000	1976.3333	
66	553.814	231.5399	1237.3333	2333.6667	
67	559.917	259.2145	1615.6667	2662.6665	
68	566.013	309.1396	728.3333	1877.6665	
69	572.102	328.9556	847.6666	1948.6667	
70	578.186	357.3039	36.0000	1229.6667	
71	584.263	294.0143	270.0000	1427.0000	
72	590.334	125.7246	20.0000	1035.3334	
73	596.399	136.6788	738.3333	1817.0000	
74	602.458	375.6329	713.3333	2083.3335	
75	608.510	715.2535	867.3334	2629.3335	
76	614.556	954.8737	991.3334	3045.3335	
77	620.596	1046.7573	1170.0000	3347.3335	
78	626.630	677.3032	820.6666	2656.3335	
79	632.657	883.1821	882.3334	2951.6667	
80	638.677	1164.0609	672.0000	3050.0000	
81	644.692	1743.2732	1269.0000	4254.0000	
82	650.700	1795.8186	576.3333	3641.6665	
83	656.702	1173.0316	374.3333	2844.6667	
84	662.697	814.5775	262.0000	2401.6667	
85	668.686	714.0324	409.3333	2432.3333	
86	674.669	1032.8206	-161.3333	2164.3333	
87	680.645	1095.2755	463.0000	2835.0000	
88	686.615	644.7302	501.6667	2407.0000	
89	692.578	365.0763	903.6667	2395.6665	
90	698.535	393.7559	171.0000	1671.3333	
91	704.486	305.5662	509.0000	1999.3335	
92	710.430	205.6148	356.6667	1710.0000	
93	716.368	74.9802	457.6666	1667.6667	
94	722.299	250.3454	364.0000	1736.6665	
95	728.223	625.3774	548.3334	2283.3333	
96	734.141	881.4098	336.6667	2315.0000	
97	740.053	711.1085	856.0000	2651.3333	
98	745.958	693.7845	650.3333	2407.6667	
99	751.857	712.9503	1343.3334	3123.0000	
100	757.749	575.4496	424.3334	2069.6667	
101	763.634	370.4504	1145.0000	2582.3333	
102	769.513	262.1182	554.0000	1880.0000	
103	775.385	129.1190	981.6667	2171.6667	
104	781.251	117.7869	656.0000	1831.6665	
105	787.110	182.4124	1283.3333	2524.3333	
106	792.963	249.0375	1085.3334	2393.6665	
107	798.809	436.6627	1569.0000	3065.6665	
108	804.648	643.2879	930.3333	2634.3333	
109	810.481	513.0716	1483.3333	3093.6665	
110	816.307	369.5219	799.0000	2302.3335	
111	822.126	220.3054	1329.6666	2720.3333	
112	827.938	312.1229	852.3333	2382.6667	
113	833.744	611.0969	1431.6666	3299.6667	
114	839.544	831.7380	1030.6666	3158.0000	
115	845.336	470.7120	1494.3333	3299.3335	
116	851.122	386.6862	1143.3333	2903.0000	
117	856.901	438.2739	1477.0000	3294.0000	
118	862.673	368.5283	1373.3334	3126.3335	
119	868.439	449.2038	1393.6667	3219.6670	
120	874.198	320.7000	892.6667	2577.6667	
121	879.950	245.2655	1329.0000	2913.6667	
122	885.695	290.1644	1001.6666	2550.3333	
123	891.434	361.0630	1449.6666	3100.3333	
124	897.165	369.9622	1284.0000	2918.6667	
125	902.890	383.6880	1117.6666	2735.0000	
126	908.608	256.4137	814.6666	2273.6665	
127	914.319	229.1395	1398.6666	2776.0000	
128	920.024	241.1987	676.3333	2121.6665	
129	925.721	255.6746	1374.6666	2695.6665	
130	931.412	286.7336	668.0000	2051.0000	
131	937.095	263.7096	1195.0000	2506.0000	
132	942.772	229.1019	778.6667	2024.0000	
133	948.442	344.1024	1149.0000	2500.0000	
134	954.105	532.8690	630.0000	2158.0000	
135	959.761	664.6354	1046.6667	2694.6665	
136	965.410	399.4026	830.0000	2201.0000	
137	971.053	299.5365	1006.6666	2280.3335	
138	976.688	442.3368	269.3333	1688.3335	
139	982.316	448.4704	774.0001	2201.6667	
140	987.937	310.1938	760.6666	2044.6667	
141	993.552	282.2558	816.0000	2075.6667	
142	999.159	274.0678	552.6667	1835.6665	
143	1004.759	271.7965	1059.3334	2335.0000	
144	1010.352	268.6920	474.3333	1803.6667	
145	1015.939	249.1706	916.3334	2245.0000	
146	1021.518	257.7330	855.6666	2204.3333	
147	1027.090	255.5451	1045.3334	2411.3335	
148	1032.655	315.4409	664.0000	2091.0000	
149	1038.213	324.6693	1006.3333	2429.3333	
150	1043.764	343.7727	674.0000	2239.6667	
151	1049.307	306.0011	932.3334	2486.3335	
152	1054.844	304.0214	344.6667	1887.3333	
153	1060.373	329.3243	1053.6666	2694.0000	
154	1065.896	248.1591	800.6667	2404.0000	
155	1071.411	247.3632	1079.6667	2703.6667	
156	1076.919	396.5673	844.0000	2638.6665	
157	1082.420	369.4095	1202.0000	2962.6667	
158	1087.914	344.2519	549.0000	2277.6667	
159	1093.400	608.0939	1213.3334	3199.0000	
160	1098.880	403.6029	1157.0000	2931.3335	
161	1104.352	207.9872	1401.6666	2958.3335	
162	1109.817	282.0137	891.0000	2494.0000	
163	1115.274	493.3741	1486.6666	3273.3335	
164	1120.725	605.0671	958.3333	2829.0000	
165	1126.168	786.7228	1468.3334	3477.3330	
166	1131.604	682.7129	1055.6666	2917.3335	
167	1137.032	655.0356	1641.6665	3432.3335	
168	1142.453	765.3574	819.3333	2677.0000	
169	1147.868	640.5951	1531.0000	3229.0000	
170	1153.274	391.8328	1217.0000	2631.3333	
171	1158.674	323.0704	1574.0000	2884.6665	
172	1164.066	223.6420	1127.3333	2303.6667	
173	1169.450	187.1624	1955.3333	3101.0000	
174	1174.828	206.6829	1420.3334	2591.3335	
175	1180.198	214.0342	2071.6667	3262.6665	
176	1185.560	288.1216	1555.0000	2922.3333	
177	1190.916	256.3756	1957.3333	3248.3335	
178	1196.263	265.7960	1730.6667	3068.6667	
179	1201.604	485.0497	2070.3333	3659.3330	
180	1206.937	679.9702	1505.0000	3320.6665	
181	1212.262	529.3152	2208.0000	3894.0000	
182	1217.581	474.3799	1792.6666	3435.6670	
183	1222.891	407.9964	2214.0000	3812.3335	
184	1228.194	395.6127	1805.0000	3412.6665	
185	1233.490	246.6111	2412.0000	3905.0000	
186	1238.778	227.6094	2141.6665	3650.0000	
187	1244.059	464.2743	2395.3333	4174.6665	
188	1249.333	644.2727	2104.0000	4097.6670	
189	1254.598	473.0204	2871.3333	4714.3330	
190	1259.856	280.7686	2400.3333	4071.6665	
191	1265.107	255.1836	2975.6667	4642.0000	
192	1270.350	285.5989	2702.3333	4419.6670	
193	1275.586	246.6803	3198.3330	4897.3335	
194	1280.814	295.0946	2524.3333	4292.3330	
195	1286.034	391.1765	3196.6665	5081.3335	
196	1291.247	357.2476	2604.3333	4489.6665	
197	1296.452	147.7219	3324.6667	5049.6665	
198	1301.650	77.8635	2946.3335	4650.6665	
199	1306.840	272.6719	3554.0000	5502.3335	
200	1312.022	449.8127	3162.3335	5337.0000	
201	1317.197	314.7970	3356.3335	5426.0000	
202	1322.364	278.4481	3247.3335	5310.6665	
203	1327.523	577.8064	3587.6665	5963.0000	
204	1332.674	919.2429	3195.3335	5932.6665	
205	1337.818	942.6067	3821.0000	6593.0000	
206	1342.955	672.3031	3108.3335	5621.3330	
207	1348.083	423.0006	3822.0000	6097.0000	
208	1353.204	334.6980	3222.6665	5420.6670	
209	1358.317	725.7273	4078.0000	6678.3330	
210	1363.422	1155.0912	3478.0000	6519.0000	
211	1368.520	1137.7877	4002.6665	7037.6660	
212	1373.610	971.8190	3571.3330	6451.6665	
213	1378.692	925.1978	4068.6665	6914.6665	
214	1383.766	715.2434	3630.0000	6278.3330	
215	1388.832	268.6222	4288.6670	6502.6665	
216	1393.891	0.0000	3551.0000	5508.6665	
217	1398.942	14.8724	4206.3335	6179.0000	
218	1403.984	177.6042	3732.3335	5840.0000	
219	1409.020	497.3370	4490.0000	6889.6670	
220	1414.047	891.4026	3715.0000	6481.0000	
221	1419.066	1239.9242	4262.0000	7349.3330	
222	1424.078	1572.4473	3794.6665	7187.3340	
223	1429.081	2304.6348	4206.6665	8304.3330	
224	1434.077	3037.5298	3832.6667	8617.3330	
225	1439.065	3323.8130	4312.3335	9338.3330	
226	1444.045	3800.7632	3834.3335	9292.3330	
227	1449.016	4339.7134	4424.0000	10376.0000	
228	1453.980	4868.9956	3627.3335	10063.6670	
229	1458.936	5198.8369	4400.3335	11075.6670	
230	1463.885	3912.0112	3635.6667	8933.3330	
231	1468.825	2373.5200	4224.3335	7892.6670	
232	1473.757	1439.3616	3507.0000	6150.3330	
233	1478.681	848.9001	4049.3330	6022.6670	
234	1483.597	524.4368	3374.0000	4943.3335	
235	1488.505	333.6404	4068.3335	5367.3335	
236	1493.405	271.5107	3343.0000	4500.3330	
237	1498.297	215.8748	4160.0000	5206.0000	
238	1503.181	185.2935	3490.6670	4458.3335	
239	1508.057	171.6068	4011.3330	4882.0000	
240	1512.924	214.2320	2731.3335	3648.0000	
241	1517.784	235.9202	3630.3335	4553.0000	
242	1522.635	239.7957	3663.0000	4514.6670	
243	1527.479	265.4214	4556.0000	5367.3330	
244	1532.314	304.8796	3839.3330	4706.6665	
245	1537.142	310.0715	4613.6665	5422.0000	
246	1541.961	280.4426	3878.0000	4717.0000	
247	1546.772	260.6477	4584.0000	5440.3335	
248	1551.574	294.1858	3986.6665	4913.6670	
249	1556.369	254.0486	4745.0000	5710.6670	
250	1561.155	211.2434	4092.0000	5093.6665	
251	1565.933	191.4392	4645.6670	5706.3330	
252	1570.703	289.3025	4322.0000	5559.3335	
253	1575.465	265.0354	4658.0000	5993.0000	
254	1580.219	317.4329	4037.3335	5546.6665	
255	1584.964	339.5002	4691.3335	6344.6670	
256	1589.701	475.5647	3801.3330	5712.6665	
257	1594.430	395.9622	4366.6665	6320.3330	
258	1599.150	388.6958	3770.6667	5839.0000	
259	1603.863	295.5413	4532.0000	6649.0000	
260	1608.567	271.8325	4238.0000	6438.3330	
261	1613.262	283.4707	4684.0000	6973.0000	
262	1617.949	332.4412	4611.3335	7026.3335	
263	1622.629	329.7456	4779.6665	7269.0000	
264	1627.299	401.3823	4148.3335	6786.3330	
265	1631.961	628.7849	4497.6665	7410.6670	
266	1636.615	1262.8934	3714.6665	7286.3330	
267	1641.261	2185.9985	4803.0000	9321.0000	
268	1645.898	2663.1050	3912.0000	8930.3330	
269	1650.527	1853.5243	4644.3330	8795.6670	
270	1655.147	936.6104	3854.3330	7031.3340	
271	1659.759	703.0293	4482.3330	7368.3340	
272	1664.363	863.1143	4017.0000	7005.6670	
273	1668.958	1296.5326	4692.6665	8057.3330	
274	1673.544	1886.6185	3706.6665	7604.0000	
275	1678.123	1996.0375	3912.6665	7862.0000	
276	1682.692	1509.4545	3785.0000	7190.3335	
277	1687.254	813.5295	3946.6665	6563.6670	
278	1691.806	326.6055	3670.0000	5707.6665	
279	1696.350	185.3491	4513.6670	6317.6670	
280	1700.886	293.3679	3569.6665	5406.6665	
281	1705.413	663.7341	4005.0000	6074.6665	
282	1709.932	1030.1035	3148.3333	5446.6670	
283	1714.442	835.8069	4211.3330	6177.6670	
284	1718.944	573.5056	3277.3335	4843.6665	
285	1723.437	243.9685	3943.6665	5084.3335	
286	1727.921	156.4319	2616.0000	3573.0000	
287	1732.397	170.4487	3627.6665	4492.0000	
288	1736.864	193.4451	3235.3335	4051.6665	
289	1741.323	159.2755	3508.6670	4208.0000	
290	1745.773	185.4382	2540.0000	3250.3330	
291	1750.214	224.4362	3632.3335	4251.0000	
292	1754.647	281.4332	2895.0000	3532.0000	
293	1759.071	312.2285	3395.3333	3966.6670	
294	1763.486	343.9412	2007.6667	2662.0000	
295	1767.893	371.2362	3012.6667	3627.6670	
296	1772.291	362.2812	2878.3333	3452.6665	
297	1776.680	324.9213	2886.0000	3420.0000	
298	1781.061	321.2277	1870.6666	2400.6665	
299	1785.432	324.2009	2549.6667	3080.3335	
300	1789.796	314.5073	1733.0000	2247.6667	
301	1794.150	309.2332	2545.0000	3052.6667	
302	1798.495	304.7592	2490.3335	2988.3333	
303	1802.832	286.6190	3044.0000	3507.3330	
304	1807.160	291.8120	2642.0000	3122.6670	
305	1811.480	279.0053	2304.3333	2761.0000	
306	1815.790	277.8648	1819.0000	2269.3333	
307	1820.092	305.3912	2456.3335	2901.0000	
308	1824.385	324.8487	1693.0000	2225.6665	
309	1828.669	326.8799	2659.3335	3122.3333	
310	1832.944	320.3277	1928.0000	2397.3333	
311	1837.210	327.8590	2031.3333	2474.3333	
312	1841.468	353.8908	1677.6666	2174.3333	
313	1845.716	335.5910	1920.0000	2403.3333	
314	1849.956	294.5411	2072.3333	2501.0000	
315	1854.187	285.7413	2263.3335	2705.0000	
316	1858.409	280.7748	1622.6665	2058.0000	
317	1862.622	305.9274	1754.3333	2222.3335	
318	1866.826	325.7464	1286.3334	1779.3335	
319	1871.021	329.1489	1333.0000	1812.6665	
320	1875.207	328.6346	638.6667	1147.0000	
321	1879.384	327.3705	1427.0000	1906.3333	
322	1883.552	308.6667	527.3334	1026.0000	
323	1887.712	296.4603	796.6666	1259.0000	
324	1891.862	310.5038	479.3333	952.0000	
325	1896.003	318.6577	1310.3334	1787.3333	
326	1900.135	314.1452	503.0000	971.6666	
327	1904.258	293.2160	1395.0000	1814.3333	
328	1908.372	297.0363	807.6666	1269.0000	
329	1912.478	293.8817	1189.6667	1616.0000	
330	1916.574	295.1996	807.0000	1232.0000	
331	1920.661	298.5174	983.6666	1409.3334	
332	1924.738	309.5854	659.6667	1123.6666	
333	1928.807	316.0278	1448.3333	1834.6665	
334	1932.867	315.8033	709.0000	1169.3334	
335	1936.917	325.9122	970.6666	1419.0000	
336	1940.959	325.6879	530.0000	987.3333	
337	1944.991	312.7134	954.0000	1392.3333	
338	1949.014	296.8224	742.0000	1164.6666	
339	1953.028	308.2647	962.3333	1396.6666	
340	1957.033	312.2899	146.6667	599.6667	
341	1961.029	312.6557	497.0000	925.3334	
342	1965.015	313.1048	327.3333	755.3333	
343	1968.992	306.3909	412.6667	871.6666	
344	1972.960	306.4645	-137.6667	301.6667	
345	1976.919	307.0074	252.0000	692.6667	
346	1980.869	309.4254	-261.6667	192.6667	
347	1984.809	309.5724	46.3333	475.6667	
348	1988.740	318.6363	-264.3333	189.0000	
349	1992.661	315.7422	367.6667	830.6667	
350	1996.574	315.4495	-380.0000	58.6667	
351	2000.477	304.0677	309.6667	735.3333	
352	2004.371	299.3527	-364.6667	54.6667	
353	2008.256	302.3042	274.0000	694.6666	
354	2012.131	317.9225	-420.6667	42.6667	
355	2015.997	315.3741	264.0000	674.0000	
356	2019.853	316.9922	-485.6666	-41.0000	
357	2023.701	292.9336	282.6667	686.6667	
358	2027.538	304.8750	-405.3333	-23.3333	
359	2031.367	321.3372	178.0000	619.6666	
360	2035.186	323.7782	-413.0000	13.3333	
361	2038.996	326.8381	234.3333	653.0000	
362	2042.796	329.1688	-460.0000	-15.3333	
363	2046.587	323.8537	171.3333	596.0000	
364	2050.368	315.7533	-468.0000	-27.0000	
365	2054.140	293.2892	159.3333	558.6666	
366	2057.903	279.0958	-357.0000	28.3333	
367	2061.656	301.9024	186.0000	594.3333	
368	2065.399	302.3757	-370.6667	51.6667	
369	2069.133	302.1824	142.6667	532.0000	
370	2072.858	308.9890	-321.6667	94.3333	
371	2076.573	316.3655	322.0000	751.3334	
372	2080.278	304.8347	-356.3333	45.6667	
373	2083.974	308.8242	172.6667	579.0000	
374	2087.661	313.4804	-313.3333	106.0000	
375	2091.338	314.8032	6.0000	412.3333	
376	2095.005	314.8557	-338.0000	80.6667	
377	2098.663	315.3905	246.6667	640.3334	
378	2102.311	316.7794	-233.3333	215.3333	
379	2105.949	320.5643	187.3333	578.3334	
380	2109.578	321.0991	-461.6667	-38.0000	
381	2113.198	313.3825	-724.6667	-318.0000	
382	2116.807	308.4994	-170.6667	228.0000	
383	2120.407	296.5329	189.3333	541.0000	
384	2123.998	297.3164	-577.6667	-177.0000	
385	2127.579	298.9552	106.0000	489.3333	
386	2131.150	302.9260	-456.6667	-67.3333	
387	2134.711	303.5635	72.6667	459.3333	
388	2138.263	309.6176	-357.3333	-14.0000	
389	2141.805	340.0839	236.3333	654.3333	
390	2145.337	330.3003	-444.6667	-37.6667	
391	2148.859	285.1833	223.3333	584.0000	
392	2152.372	307.7898	-603.6667	-231.6667	
393	2155.875	313.1721	86.6667	464.6667	
394	2159.368	305.5544	-298.0000	73.0000	
395	2162.852	291.2701	367.6667	708.0000	
396	2166.326	299.9858	-274.3333	95.0000	
397	2169.790	313.5711	142.3333	491.0000	
398	2173.244	324.1564	-440.0000	-31.6667	
399	2176.688	324.4918	159.0000	549.6666	
400	2180.123	317.9937	-221.0000	186.6667	
401	2183.547	284.3291	456.3334	802.3334	
402	2186.962	317.6644	-338.3333	40.0000	
403	2190.367	344.3331	-73.3333	330.6667	
404	2193.762	329.6682	-391.6667	-3.3333	
405	2197.147	294.4242	202.3333	554.3334	
406	2200.522	284.3714	-406.3333	-55.3333	
407	2203.888	305.2684	232.0000	603.0000	
408	2207.243	310.4149	-381.6667	7.6667	
409	2210.589	310.6652	359.6667	714.6667	
410	2213.924	308.8113	-457.0000	-53.6667	
411	2217.250	307.1658	291.6667	644.3333	
412	2220.565	306.7701	-361.6667	28.3333	
413	2223.871	311.2535	375.6667	724.0000	
414	2227.167	309.6351	-607.3333	-203.0000	
415	2230.453	310.3917	190.3333	528.0000	
416	2233.728	306.7941	-603.0000	-226.0000	
417	2236.994	304.6964	218.6667	593.3334	
418	2240.250	329.0155	-551.3333	-153.0000	
419	2243.495	333.2513	-35.3333	369.3333	
420	2246.731	325.1538	-364.6667	34.0000	
421	2249.957	302.4669	284.0000	649.6666	
422	2253.172	297.6134	-429.3333	-60.3333	
423	2256.377	305.0099	229.0000	597.3333	
424	2259.573	311.0944	-350.6667	26.3333	
425	2262.758	317.4380	188.6667	554.0000	
426	2265.933	323.0107	-148.0000	278.6667	
427	2269.098	312.7998	364.3333	727.6666	
428	2272.253	298.7228	-353.0000	60.0000	
429	2275.397	299.2916	195.3333	556.0000	
430	2278.532	304.4646	-325.6667	38.3333	
431	2281.656	315.4291	321.0000	704.3333	
432	2284.771	315.6646	-409.6666	-29.3333	
433	2287.875	316.2333	165.0000	598.3333	
434	2290.968	299.5260	-378.3333	-15.6667	
435	2294.052	297.5226	225.3333	560.6667	
436	2297.125	308.6017	-625.3333	-230.3333	
437	2300.188	309.1785	302.0000	656.0000	
438	2303.241	307.5678	-451.6667	-40.3333	
439	2306.284	305.0196	-6.3333	352.0000	
440	2309.316	302.1592	-554.6667	-176.6667	
441	2312.338	305.4330	358.3333	727.3333	
442	2315.350	316.1653	-306.6667	98.6667	
443	2318.352	322.0850	144.0000	500.0000	
444	2321.343	321.1714	-519.6667	-76.0000	
445	2324.323	319.7932	364.0000	760.3333	
446	2327.294	311.8108	-503.6667	-121.3333	
447	2330.254	314.4327	182.6667	572.3334	
448	2333.204	295.4461	-415.6667	-11.6667	
449	2336.144	294.2819	11.6667	344.6667	
450	2339.073	301.7011	-350.0000	21.6667	
451	2341.991	309.9536	424.3334	792.6667	
452	2344.900	312.8728	-607.3333	-205.0000	
453	2347.798	306.5828	360.6667	724.6667	
454	2350.685	298.9594	-445.3333	-78.6667	
455	2353.562	310.8272	189.0000	526.0000	
456	2356.429	319.5002	-469.0000	-103.3333	
457	2359.285	335.4512	230.6667	610.0000	
458	2362.130	325.0688	-291.3333	75.3333	
459	2364.966	312.3532	183.3333	535.0000	
460	2367.790	314.3035	-241.3333	110.0000	
461	2370.604	311.2100	121.3333	470.6667	
462	2373.408	307.7830	-291.3333	79.3333	
463	2376.202	282.4393	306.3333	619.3334	
464	2378.984	300.5956	-415.6666	-86.6667	
465	2381.756	314.0019	87.3333	443.0000	
466	2384.518	319.4082	-335.3333	-14.6667	
467	2387.269	321.5646	246.6667	602.3334	
468	2390.010	322.2214	-568.3334	-226.3333	
469	2392.739	308.5483	186.0000	521.3333	
470	2395.458	304.7274	-374.0000	-59.6667	
471	2398.167	307.4481	300.0000	632.0000	
472	2400.865	307.3765	-628.0000	-302.0000	
473	2403.553	302.4779	267.6667	558.0000	
474	2406.229	305.8292	-445.3333	-106.3333	
475	2408.896	307.0972	344.0000	659.6667	
476	2411.551	318.0179	-374.3333	-61.0000	
477	2414.196	322.2313	303.0000	628.6667	
478	2416.830	311.0282	-450.6666	-153.0000	
479	2419.453	305.5750	86.0000	374.0000	
480	2422.066	313.5385	-409.0000	-121.3333	
481	2424.668	317.7519	217.0000	528.3334	
482	2427.260	310.2154	-450.3334	-170.3333	
483	2429.840	311.0956	201.3333	478.0000	
484	2432.410	269.0591	897.0000	999.3334	
485	2434.969	288.2390	248.3333	524.6666	
486	2437.517	300.9189	-677.3333	-411.0000	
487	2440.055	303.6823	138.3333	362.0000	
488	2442.581	319.7794	-451.6667	-157.6667	
489	2445.097	339.7581	51.0000	307.6667	
490	2447.602	346.3579	-543.3333	-237.3333	
491	2450.096	342.1158	366.0000	668.3333	
492	2452.580	291.5410	-391.6667	-139.3333	
493	2455.052	295.4251	274.6667	530.6667	
494	2457.514	303.1634	-596.6667	-314.6667	
495	2459.965	303.3809	267.0000	510.6667	
496	2462.405	308.1608	-318.6667	-34.6667	
497	2464.834	310.2116	419.0000	663.6667	
498	2467.252	314.0958	-466.3333	-166.3333	
499	2469.659	314.5840	446.0000	697.0000	
500	2472.056	315.3216	-375.0000	-76.3333	
501	2474.441	318.3334	20.6667	266.0000	
502	2476.816	320.0536	-468.6667	-174.0000	
503	2479.179	310.1070	242.0000	506.0000	
504	2481.532	305.3063	-380.3333	-138.3333	
505	2483.873	307.0264	210.6667	477.3333	
506	2486.204	308.5174	-398.6667	-122.3333	
507	2488.523	303.2166	237.6667	480.3333	
508	2490.832	310.1243	-600.6667	-357.3333	
509	2493.130	307.7194	233.3333	465.0000	
510	2495.416	336.1478	-274.3333	3.6667	
511	2497.692	291.8679	-67.3333	164.6667	
