resultName	muna12-241
resultName	muna12-241
ID	RS20201106120802_P19331194
Command	SCANANDSEARCH
User	Admin
Application	_Analyze
SerialNumber	P19331194
Power	280
Integration	900
Averages	3
AutoExposure	Off
AutoCollect	Off
QuickCollect	Off
AutoBackground	On
BaselineCorrection	On
Algorithm	Wavelet
Searched Library	All,None,None,None
MixtureComponents	2
matchThreshold	0.0
displayMatches	1
Threshold	0.80
WL Start	
WL End	
ServerVersion	3.180316
FirmwareVersion	
date	2020-11-06
time	12:08:02
scanindex	0
specpath	RS20201106120802_P19331194.xml
Search Range	200 - 2500
Synced	false
lastCalDateTime	2020-10-28 08:17:07
lastCalUser	Admin
lastCalResult	PASS
lastVerifyDateTime	2020-11-06 08:24:10
lastVerifyUser	Admin
lastVerifyResult	PASS
selectedMaterial	
result	No Match
ValidationGUID	
ValidationMatchQuality	
topMatch	
topMatchGUID	
topMatchQuality	
secondMatch	
secondMatchGUID	
secondMatchQuality	
thirdMatch	
thirdMatchGUID	
thirdMatchQuality	
fourthMatch	
fourthMatchGUID	
fourthMatchQuality	
fifthMatch	
fifthMatchGUID	
fifthMatchQuality	
signedBy	
signedDateTime	
softwareVer	1.7.0.21
memo	
batchID	
inBatch	false
batchUID	
batchCID1	
batchCIDlbl1	
batchCID2	
batchCIDlbl2	
batchCID3	
batchCIDlbl3	
batchCID4	
batchCIDlbl4	
batchCID5	
batchCIDlbl5	
signedTitle	
signedReason	
rescanned	
barcode	
topMatchContribs	
secondMatchContribs	
thirdMatchContribs	
fourthMatchContribs	
fifthMatchContribs	
ValidationMatchContribs	
Threat	
PrecursorList	
CompundName	
WindowStart4C	
MatchLibrary	
lastModified	2020/11/06 12:10
Signal2Noise	71.24
Detector TEC SetPoint	0x8000
Detector Temp	4.98
Laser Temp	25.38
OE1 Temp	39.03
OE2 Temp	43.62
Detector Gain	200
SaturationDetected	false
InterpolatedPixelList	
PeakList	 286.8	1182	334.8	824	398.2	951	443.9	706	481.6	855	649.7	2793	678.6	1411	750.5	1100	805.1	787	840.3	1047	959.7	824	1093.4	726	1127.5	986	1141.6	940	1208.2	835	1249.2	727	1336.8	1262	1369.0	1599	1457.6	6558	1645.0	4058	1677.4	3006	1712.9	1362
index	Raman Shift (cm-1)	Y value (counts)	background (counts)	raw value (counts)
0	137.234	464.7916	1267.6667	5009.3330	
1	143.735	343.3746	1329.6666	4863.3330	
2	150.232	220.2911	1425.6666	4749.6670	
3	156.722	325.2069	1571.6666	4914.0000	
4	163.207	504.4562	1205.0000	4640.0000	
5	169.686	576.7054	1662.0000	5082.6665	
6	176.159	492.6217	1354.3333	4604.3335	
7	182.627	401.8708	1587.6666	4660.3330	
8	189.089	252.4536	1213.0000	4049.6665	
9	195.545	302.7026	1616.3334	4416.6665	
10	201.996	295.6194	1434.6666	4141.3335	
11	208.440	390.5349	1934.6667	4649.6665	
12	214.879	456.7847	1337.3333	4032.0000	
13	221.313	413.7766	1786.6667	4386.0000	
14	227.740	270.7557	1553.0000	3945.6670	
15	234.162	251.8663	1842.3333	4226.3335	
16	240.578	169.6434	1388.6666	3700.6665	
17	246.988	150.0870	1619.0000	3921.6665	
18	253.392	288.1978	1351.6666	3802.6667	
19	259.791	329.3082	1717.0000	4219.3330	
20	266.184	278.0858	1073.0000	3534.3335	
21	272.570	409.0579	1829.6667	4469.6665	
22	278.951	964.6977	1485.3333	4728.6670	
23	285.327	1182.3364	1611.3334	5120.0000	
24	291.696	952.9761	1194.6666	4521.6670	
25	298.059	933.8241	1505.3334	4850.0000	
26	304.417	841.3394	1078.0000	4367.0000	
27	310.768	555.5212	1813.6667	4853.6665	
28	317.114	626.9442	1278.6666	4443.6665	
29	323.454	794.4739	1441.3333	4708.6665	
30	329.788	739.0043	990.0000	4136.6670	
31	336.116	824.2008	1695.6666	4862.3335	
32	342.438	767.3970	1378.3333	4423.0000	
33	348.754	420.5936	1620.0001	4252.6670	
34	355.064	107.1234	1133.3333	3387.3335	
35	361.368	76.3870	1480.6666	3622.3330	
36	367.666	155.5158	1121.0000	3082.3335	
37	373.958	286.2860	1092.0000	3352.3335	
38	380.244	787.3892	1182.3334	3919.0000	
39	386.524	624.8262	1273.0000	3822.3335	
40	392.798	451.2631	917.3333	3268.3335	
41	399.066	950.7955	1276.3333	4097.3330	
42	405.328	702.9955	1044.3334	3588.0000	
43	411.583	293.5288	768.9999	2873.6667	
44	417.833	325.3949	623.0000	2730.0000	
45	424.077	269.0431	1059.0000	3077.0000	
46	430.314	384.3578	451.6667	2552.3333	
47	436.546	487.3396	597.0000	2768.0000	
48	442.771	705.9876	414.6667	2771.6665	
49	448.991	692.9440	830.0000	3156.3333	
50	455.204	543.3221	347.6667	2484.6667	
51	461.411	304.0332	458.6667	2316.6665	
52	467.611	184.7447	464.3333	2163.3333	
53	473.806	542.1095	728.6666	2737.6667	
54	479.995	854.8076	286.3333	2560.6667	
55	486.177	609.5051	165.0000	2146.6665	
56	492.353	504.5257	183.3333	2000.0000	
57	498.523	251.4169	586.6667	2118.0000	
58	504.686	213.3079	307.3333	1768.3333	
59	510.844	273.8658	363.6667	1853.0000	
60	516.995	350.7570	163.0000	1697.0000	
61	523.140	532.2114	513.0000	2200.3333	
62	529.279	560.6661	40.6667	1728.3334	
63	535.411	480.7873	680.0000	2259.6667	
64	541.537	262.2418	108.6667	1441.6667	
65	547.657	351.3629	581.6667	1975.6667	
66	553.771	429.1505	551.0000	1994.6665	
67	559.878	387.6051	912.3334	2286.3333	
68	565.979	394.0595	389.6667	1742.0000	
69	572.074	355.9033	702.3334	1985.6667	
70	578.162	337.7765	-2.6667	1355.6667	
71	584.244	280.5449	269.6667	1560.6666	
72	590.319	19.8967	29.0000	1086.3333	
73	596.389	126.2720	549.6667	1774.0000	
74	602.451	458.3147	322.3333	1939.3335	
75	608.508	943.0233	492.0000	2654.3335	
76	614.558	1300.3984	298.0000	2878.3333	
77	620.601	1593.5763	551.6667	3454.6665	
78	626.639	1022.6974	350.3333	2710.3333	
79	632.669	1357.8179	570.3333	3293.3333	
80	638.694	1689.2719	349.6667	3432.0000	
81	644.712	2574.0588	835.3334	4830.3335	
82	650.723	2792.8462	159.6667	4401.3330	
83	656.728	1801.9668	245.6667	3524.3330	
84	662.727	1201.4213	178.6667	2884.6667	
85	668.719	974.9250	368.3333	2831.3333	
86	674.704	1239.7621	-134.0000	2577.3333	
87	680.683	1410.6000	402.0000	3267.6670	
88	686.655	850.4368	123.0000	2412.0000	
89	692.621	347.4821	619.3334	2373.0000	
90	698.581	350.0275	30.3333	1735.0000	
91	704.534	367.3157	264.0000	2107.0000	
92	710.480	278.3395	97.6667	1691.6666	
93	716.420	125.3538	271.3333	1703.6665	
94	722.353	233.7017	85.6667	1617.6667	
95	728.279	628.3827	361.3333	2279.3333	
96	734.199	967.3971	66.3333	2314.6665	
97	740.112	986.0784	507.0000	2765.3335	
98	746.019	998.1387	245.0000	2493.6667	
99	751.919	1100.3647	760.3333	3117.0002	
100	757.813	755.2569	-47.0000	1970.3335	
101	763.699	576.5149	551.3334	2378.3333	
102	769.580	347.4401	15.0000	1601.3334	
103	775.453	197.0317	468.6667	1893.0000	
104	781.320	141.6234	101.0000	1458.3334	
105	787.180	259.3869	583.6667	2051.6667	
106	793.033	342.1505	371.3333	1915.0000	
107	798.880	537.9141	648.6666	2381.0000	
108	804.720	787.3442	130.6667	2105.3335	
109	810.553	714.0135	673.3334	2612.0000	
110	816.379	338.6831	183.0000	1783.6666	
111	822.199	244.3526	571.6667	2115.3333	
112	828.012	275.9836	109.3333	1738.0000	
113	833.818	665.0644	592.0000	2651.0000	
114	839.617	1047.1453	157.3333	2639.6667	
115	845.410	609.2259	516.0000	2601.6667	
116	851.195	492.9734	329.6667	2144.3333	
117	856.974	503.5547	489.3333	2515.3335	
118	862.746	433.9481	434.3333	2391.0000	
119	868.512	495.1471	469.0000	2477.6665	
120	874.270	353.2503	132.0000	1981.6667	
121	880.022	254.9957	647.3333	2371.6665	
122	885.766	345.7411	201.0000	1911.6665	
123	891.504	452.1533	462.3334	2329.6667	
124	897.235	554.8990	262.0000	2205.0000	
125	902.959	495.3732	413.3333	2267.0000	
126	908.676	242.5143	62.0000	1633.0000	
127	914.386	285.3219	468.6667	2052.6667	
128	920.090	307.1921	-144.3333	1489.6667	
129	925.786	319.0206	461.3333	2007.3333	
130	931.475	348.8282	-35.6667	1565.0000	
131	937.158	272.2195	639.3333	2091.0000	
132	942.833	346.5475	67.0000	1466.0000	
133	948.502	435.5321	401.0000	1977.0000	
134	954.163	663.8937	18.0000	1810.3335	
135	959.818	823.9214	306.6667	2247.0000	
136	965.465	547.6161	60.3333	1712.3333	
137	971.106	460.6276	275.0000	1772.3333	
138	976.739	455.4721	-238.3333	1353.3334	
139	982.366	419.8166	221.0000	1816.0000	
140	987.985	361.5517	108.6667	1583.3333	
141	993.597	314.6241	82.3333	1538.6667	
142	999.202	290.6964	-108.6667	1317.0000	
143	1004.800	288.4354	326.0000	1813.3333	
144	1010.392	343.5080	-279.3333	1291.6666	
145	1015.975	351.1638	192.6667	1805.3334	
146	1021.552	322.5695	88.3333	1691.3335	
147	1027.122	329.0586	290.3333	1932.6667	
148	1032.685	373.7144	3.6667	1714.6666	
149	1038.240	363.6649	215.6667	1898.0000	
150	1043.788	360.2822	-82.3333	1744.3333	
151	1049.329	312.3997	134.6667	1928.3335	
152	1054.863	284.5171	-197.6667	1511.3333	
153	1060.390	371.0625	282.6667	2225.0000	
154	1065.910	392.6341	-20.6667	1962.3333	
155	1071.422	414.7961	277.0000	2251.3333	
156	1076.927	497.7918	-8.6667	2173.6667	
157	1082.425	466.9604	360.0000	2504.3333	
158	1087.916	336.4629	-92.3333	1914.3333	
159	1093.399	725.6320	324.3333	2713.0000	
160	1098.875	653.4673	148.0000	2457.3333	
161	1104.344	300.0243	325.3333	2254.3333	
162	1109.806	234.8541	-47.0000	1784.3333	
163	1115.260	490.0172	487.3333	2541.3333	
164	1120.707	697.8468	-36.3333	2193.0000	
165	1126.147	986.0830	420.6667	2883.6667	
166	1131.580	920.6523	-50.0000	2293.0000	
167	1137.005	854.5547	518.3333	2740.6665	
168	1142.422	940.1241	-132.0000	2121.3333	
169	1147.833	916.5116	417.6667	2607.6667	
170	1153.236	560.5659	-18.6667	1775.6667	
171	1158.632	406.6205	471.6667	2072.3335	
172	1164.020	260.3413	-21.0000	1393.6666	
173	1169.401	211.5638	588.0000	1964.6667	
174	1174.775	225.4529	125.0000	1526.3334	
175	1180.141	293.5511	570.3333	2059.6665	
176	1185.500	318.2155	142.0000	1756.6667	
177	1190.851	274.7129	474.0000	1997.0000	
178	1196.195	276.7108	282.3333	1885.3335	
179	1201.531	586.8744	513.0000	2469.6665	
180	1206.860	835.0387	-22.3333	2226.0000	
181	1212.182	738.4227	594.6667	2784.6667	
182	1217.496	589.3810	218.6667	2286.0000	
183	1222.802	527.5978	585.0000	2631.3333	
184	1228.101	489.4811	154.6667	2203.6667	
185	1233.393	335.5040	642.0000	2593.6667	
186	1238.677	348.6932	353.0000	2226.6665	
187	1243.953	482.2167	685.6666	2897.3335	
188	1249.222	726.5726	361.0000	2873.6667	
189	1254.484	576.7333	886.0000	3281.6665	
190	1259.737	302.5619	484.3333	2638.6667	
191	1264.984	306.0560	888.6667	3079.3333	
192	1270.222	344.5509	590.0000	2852.0000	
193	1275.453	330.3790	957.0000	3237.6667	
194	1280.677	311.2069	396.6666	2691.0000	
195	1285.893	541.0350	987.6666	3544.6665	
196	1291.101	437.2738	394.3333	2899.3335	
197	1296.302	256.0697	948.3334	3347.0000	
198	1301.495	100.8661	617.3333	2935.6667	
199	1306.680	288.3282	1146.3334	3727.0000	
200	1311.858	532.7921	821.0000	3721.0000	
201	1317.028	365.9681	865.0000	3648.0000	
202	1322.190	300.1444	799.3334	3566.3335	
203	1327.345	708.0804	1023.0000	4224.0000	
204	1332.492	1105.1104	724.6667	4359.6665	
205	1337.631	1262.1932	1190.6667	5004.3335	
206	1342.762	844.2753	528.3334	3945.6665	
207	1347.886	494.3582	1149.0000	4238.0000	
208	1353.002	409.7736	570.6667	3596.6665	
209	1358.110	779.8565	1362.3334	4780.0000	
210	1363.211	1457.2720	798.3334	4915.0000	
211	1368.304	1599.0216	1191.6667	5471.6665	
212	1373.389	1337.1045	777.3333	4817.0000	
213	1378.466	1311.8281	1189.3334	5214.6665	
214	1383.535	1141.2190	813.6666	4679.3335	
215	1388.597	426.6089	1405.6667	4567.6665	
216	1393.651	0.0000	738.3334	3484.6665	
217	1398.696	6.9413	1277.6666	4023.6665	
218	1403.734	256.0247	866.0000	3816.3330	
219	1408.765	633.1073	1532.6667	4815.3330	
220	1413.787	1112.8572	882.6667	4600.3330	
221	1418.801	1649.2272	1284.3334	5520.0000	
222	1423.808	2024.5984	893.6666	5486.3330	
223	1428.807	2738.9680	1277.3334	6566.0000	
224	1433.797	3783.3123	981.6666	7269.6665	
225	1438.780	4291.3750	1342.0000	8092.6670	
226	1443.755	4867.7686	904.3334	8186.0000	
227	1448.722	5445.8311	1475.6667	9290.0000	
228	1453.681	5995.5586	791.0000	9109.6660	
229	1458.632	6557.5537	1479.3334	10239.6670	
230	1463.575	5090.8809	872.6666	8046.0000	
231	1468.510	3131.5413	1398.3333	6492.0000	
232	1473.438	1837.2006	815.3333	4494.3335	
233	1478.357	1062.2223	1286.6666	4086.6670	
234	1483.268	618.5775	757.0000	3009.3333	
235	1488.171	396.2665	1312.3333	3238.3335	
236	1493.066	262.9550	705.0000	2393.6667	
237	1497.953	263.7812	1398.3334	3013.0002	
238	1502.832	234.9509	767.3334	2290.0000	
239	1507.703	195.4218	1303.0000	2734.0000	
240	1512.566	176.6431	735.0000	2051.3333	
241	1517.421	216.9060	1262.3334	2623.0000	
242	1522.267	269.0441	930.3334	2262.6667	
243	1527.106	318.1399	1605.0000	2960.3335	
244	1531.937	370.2773	998.6666	2336.0000	
245	1536.759	369.0989	1594.9999	2950.6665	
246	1541.573	323.0237	936.3334	2307.3335	
247	1546.379	324.2825	1530.6666	2964.3333	
248	1551.177	300.8739	960.0000	2431.6667	
249	1555.967	305.3419	1545.3333	3128.3333	
250	1560.749	227.1417	1007.0000	2618.6665	
251	1565.522	273.6078	1467.0000	3231.9998	
252	1570.288	271.4099	1198.3334	3068.0000	
253	1575.045	347.1627	1427.3334	3527.6670	
254	1579.793	406.2487	1010.3334	3324.6667	
255	1584.534	591.0006	1505.6666	4159.6665	
256	1589.266	669.0870	824.6666	3711.6670	
257	1593.991	697.5055	1408.0000	4478.3330	
258	1598.707	772.9244	849.0000	4149.6665	
259	1603.414	720.8356	1306.0000	4735.6670	
260	1608.114	694.9581	1086.0000	4630.0000	
261	1612.805	788.1837	1462.3334	5182.0000	
262	1617.488	889.4093	1372.6666	5276.0000	
263	1622.162	883.3004	1504.3334	5484.0000	
264	1626.828	906.8596	1040.0000	5125.6670	
265	1631.486	1257.7668	1402.3334	5885.0000	
266	1636.136	1945.1589	879.0000	6064.6665	
267	1640.777	3213.2732	1669.6667	8138.0000	
268	1645.410	4058.0583	882.0000	8209.6660	
269	1650.034	2966.6633	1446.0000	7595.3330	
270	1654.650	1444.6003	1041.6666	5582.0000	
271	1659.258	875.8722	1546.9999	5431.6670	
272	1663.857	917.1432	970.3334	4809.3335	
273	1668.448	1645.7478	1631.6666	6112.3330	
274	1673.031	2546.3528	895.0000	6189.3335	
275	1677.605	3005.9563	1228.6666	6895.6660	
276	1682.170	2424.2244	1110.6667	6109.0000	
277	1686.728	1414.1721	1392.3334	5257.3335	
278	1691.276	573.4532	981.6666	3882.6665	
279	1695.817	266.4000	1436.6667	3907.3330	
280	1700.348	164.0426	904.6666	3173.3333	
281	1704.872	667.2833	1457.3334	4046.3335	
282	1709.386	1183.1920	882.6666	3804.6670	
283	1713.893	1362.4362	1379.3334	4297.6670	
284	1718.391	897.3463	793.6667	3064.0002	
285	1722.880	339.2583	1550.3334	3140.6667	
286	1727.361	151.5056	795.6666	2076.3333	
287	1731.833	150.8187	1375.3333	2518.6665	
288	1736.296	214.0947	861.6667	1979.3335	
289	1740.751	254.0361	1298.3333	2367.0000	
290	1745.198	225.1453	778.0000	1689.6667	
291	1749.636	314.0877	1379.3333	2307.0000	
292	1754.065	347.5280	786.3333	1681.6667	
293	1758.486	352.0957	1394.6667	2251.0000	
294	1762.898	369.2054	583.0000	1395.0000	
295	1767.301	412.7733	1246.3334	2064.3333	
296	1771.696	439.8003	643.6666	1457.0001	
297	1776.082	414.2085	1160.6666	1943.0000	
298	1780.460	368.7002	424.6667	1133.6666	
299	1784.829	365.7752	1237.0000	1956.3333	
300	1789.189	371.6000	426.3333	1141.3334	
301	1793.540	377.4423	1182.6667	1931.6667	
302	1797.883	376.4793	775.6666	1486.3333	
303	1802.217	383.4742	1318.0000	2071.3335	
304	1806.542	363.1359	865.6667	1557.3333	
305	1810.859	363.2145	944.0000	1631.0001	
306	1815.167	370.2098	620.6666	1309.3334	
307	1819.466	364.1216	1239.6667	1911.3335	
308	1823.756	367.0818	593.6667	1220.3333	
309	1828.038	367.7757	1299.6667	1990.3333	
310	1832.311	368.8864	577.0000	1203.3333	
311	1836.575	365.6638	1098.3334	1743.6667	
312	1840.830	372.9407	725.6667	1327.6666	
313	1845.076	391.6778	792.3333	1441.0001	
314	1849.314	394.3312	726.6667	1377.3334	
315	1853.542	418.6514	1038.6667	1713.0000	
316	1857.762	404.8884	458.6667	1142.3333	
317	1861.973	385.0706	877.0000	1508.0000	
318	1866.176	354.0860	456.6667	1030.6666	
319	1870.369	360.9347	815.0000	1406.3334	
320	1874.553	367.2002	106.3333	673.6667	
321	1878.729	376.2990	794.3333	1416.3333	
322	1882.895	347.4351	182.0000	744.6667	
323	1887.053	320.5858	546.0000	1070.0000	
324	1891.202	350.2366	151.3333	666.3333	
325	1895.342	367.4149	856.3334	1422.6666	
326	1899.473	376.7598	165.3333	727.3333	
327	1903.595	376.9380	778.3334	1354.0000	
328	1907.708	374.7833	165.3333	700.6666	
329	1911.812	387.3517	688.3333	1238.3334	
330	1915.907	386.7213	207.0000	743.3334	
331	1919.993	391.4241	669.0000	1214.3333	
332	1924.070	385.5443	180.6667	700.3334	
333	1928.138	391.6270	888.6667	1448.3333	
334	1932.197	350.5432	219.0000	697.6667	
335	1936.247	363.5428	736.6667	1210.3334	
336	1940.288	379.7921	180.6667	705.0000	
337	1944.319	385.8751	591.3333	1057.0000	
338	1948.342	397.6244	235.6667	754.9999	
339	1952.356	397.1240	620.6667	1153.3333	
340	1956.361	370.0399	20.6667	482.3333	
341	1960.356	375.2513	415.3333	870.6666	
342	1964.343	386.1298	190.0000	647.3333	
343	1968.320	376.0017	396.3333	846.0001	
344	1972.288	375.6770	-163.3333	271.6667	
345	1976.247	361.9699	277.3333	685.3334	
346	1980.197	346.7629	-201.6667	154.6667	
347	1984.138	360.0557	134.0000	514.0000	
348	1988.069	367.5150	-211.0000	162.6667	
349	1991.992	357.6872	434.6667	755.6667	
350	1995.905	379.6382	-361.0000	13.6667	
351	1999.809	381.2691	349.3333	703.0000	
352	2003.704	359.6497	-357.6667	-29.3333	
353	2007.589	367.6139	300.0000	609.6667	
354	2011.466	396.4112	-381.6667	-24.0000	
355	2015.333	377.1252	268.6667	603.3333	
356	2019.191	358.5063	-433.6666	-121.3333	
357	2023.039	372.0868	315.6667	620.3333	
358	2026.879	394.6675	-407.0000	-68.6667	
359	2030.708	389.4146	222.6667	550.6666	
360	2034.529	369.9955	-393.6667	-97.0000	
361	2038.341	371.9519	278.3333	591.3333	
362	2042.143	377.9084	-403.3333	-127.0000	
363	2045.936	402.4482	202.3333	538.6666	
364	2049.719	372.6185	-447.3333	-126.3333	
365	2053.493	352.9891	212.6667	513.0000	
366	2057.258	357.9430	-341.3333	-48.0000	
367	2061.014	375.0636	212.6667	539.6667	
368	2064.760	376.4342	-346.6667	-50.3333	
369	2068.496	371.7215	177.0000	541.6666	
370	2072.224	372.7588	-276.6667	18.0000	
371	2075.942	377.2547	362.0000	666.0000	
372	2079.650	378.1153	-360.3333	-56.3333	
373	2083.349	370.0638	236.0000	520.6666	
374	2087.039	370.9290	-267.3333	31.3333	
375	2090.719	370.5442	48.6667	346.6667	
376	2094.390	372.1592	-280.3333	28.6667	
377	2098.051	365.8427	270.6667	581.0000	
378	2101.703	362.4428	-107.6667	142.6667	
379	2105.345	361.5429	225.3333	532.3334	
380	2108.978	371.2677	-428.6667	-129.6667	
381	2112.601	374.0956	-673.3333	-415.3333	
382	2116.215	396.6320	-163.3333	158.6667	
383	2119.819	399.7932	215.3333	537.6666	
384	2123.414	379.2879	-562.6667	-263.6667	
385	2126.999	366.1397	156.0000	452.6667	
386	2130.575	368.9502	-399.3333	-96.0000	
387	2134.141	365.2607	107.3333	420.6667	
388	2137.697	332.7380	-349.3333	-93.6667	
389	2141.244	367.5591	315.6667	607.3333	
390	2144.781	369.7137	-390.3333	-95.3333	
391	2148.309	363.5349	244.3333	534.3334	
392	2151.827	380.0721	-564.6666	-293.6667	
393	2155.336	383.3819	99.0000	398.0000	
394	2158.835	387.1292	-285.3333	20.3333	
395	2162.324	384.6265	373.0000	675.3334	
396	2165.803	390.8731	-271.6667	42.3333	
397	2169.273	384.0292	156.0000	475.6667	
398	2172.733	370.5185	-388.0000	-93.3333	
399	2176.184	359.9245	199.6667	475.0000	
400	2179.625	361.2472	-170.3333	124.6667	
401	2183.056	360.7366	461.6667	735.0000	
402	2186.477	375.8093	-337.3333	-35.3333	
403	2189.889	380.6320	-19.6667	313.3333	
404	2193.291	381.3720	-350.0000	-69.6667	
405	2196.683	381.7282	241.6667	555.6667	
406	2200.065	378.5154	-382.3333	-75.3333	
407	2203.438	393.2370	225.0000	564.6667	
408	2206.801	382.1248	-354.6667	-24.0000	
409	2210.154	363.8871	380.3333	660.6667	
410	2213.497	363.1076	-387.0000	-56.6667	
411	2216.831	350.1198	302.6667	603.6667	
412	2220.154	350.3197	-309.0000	-26.0000	
413	2223.468	375.5050	374.3333	687.6667	
414	2226.772	387.1876	-592.0000	-246.3333	
415	2230.066	387.8702	172.0000	491.6667	
416	2233.351	382.2195	-610.0000	-290.0000	
417	2236.625	374.6522	235.6667	550.3334	
418	2239.889	375.0015	-490.6667	-169.0000	
419	2243.144	369.6008	28.6667	302.3333	
420	2246.389	373.7207	-334.0000	6.0000	
421	2249.624	380.8707	309.3333	595.3334	
422	2252.848	383.2082	-412.6667	-93.6667	
423	2256.063	382.2957	258.0000	568.6666	
424	2259.268	364.3002	-344.3333	-54.0000	
425	2262.463	352.2601	248.6667	525.3333	
426	2265.649	386.2200	-102.3333	206.6667	
427	2268.824	402.0854	364.6667	702.3333	
428	2271.989	375.1987	-276.6667	32.3333	
429	2275.144	368.0244	196.3333	499.6667	
430	2278.289	347.5168	-303.3333	-19.0000	
431	2281.424	364.6758	366.0000	669.0000	
432	2284.549	399.5014	-405.0000	-65.6667	
433	2287.665	401.6603	215.6667	558.6666	
434	2290.770	380.1001	-361.6667	-53.0000	
435	2293.865	357.3916	265.6667	555.0000	
436	2296.949	355.3486	-543.3333	-252.6667	
437	2300.024	361.5185	300.6667	620.6666	
438	2303.089	359.0216	-401.3333	-111.3333	
439	2306.144	357.8582	5.0000	301.6667	
440	2309.188	362.0280	-539.0000	-216.3333	
441	2312.223	365.9868	390.0000	675.6667	
442	2315.247	373.0290	-251.0000	73.3333	
443	2318.261	386.5712	172.6667	486.6667	
444	2321.265	405.5320	-499.3333	-147.0000	
445	2324.259	397.4177	346.6667	688.0000	
446	2327.243	381.6366	-458.0000	-135.3333	
447	2330.216	365.4391	255.3333	523.6667	
448	2333.180	355.9998	-367.3333	-41.3333	
449	2336.133	370.4122	36.6667	334.0000	
450	2339.076	376.2414	-339.0000	-6.0000	
451	2342.009	372.8205	459.0000	764.0000	
452	2344.931	368.6477	-526.6666	-198.3333	
453	2347.843	363.9979	399.6666	662.3334	
454	2350.745	365.1814	-385.3333	-90.0000	
455	2353.637	370.6732	224.6667	506.3333	
456	2356.519	369.3677	-442.0000	-161.6667	
457	2359.390	371.5971	258.0000	541.0000	
458	2362.251	373.4723	-252.3333	25.3333	
459	2365.102	375.4309	244.3333	526.6666	
460	2367.942	377.8466	-198.6667	66.6667	
461	2370.772	381.7316	132.3333	442.6667	
462	2373.592	383.8248	-207.3333	60.6667	
463	2376.401	377.1263	309.3333	593.6666	
464	2379.200	373.2613	-392.3333	-134.6667	
465	2381.989	376.1461	142.0000	410.0000	
466	2384.767	378.3643	-278.6667	-41.6667	
467	2387.535	382.2493	288.0000	568.3334	
468	2390.292	378.0520	-510.6667	-259.6667	
469	2393.039	348.3929	243.6667	471.6666	
470	2395.776	356.2039	-310.6667	-74.6667	
471	2398.502	365.1815	372.3333	587.0000	
472	2401.218	394.3255	-608.6667	-342.0000	
473	2403.923	379.2415	267.0000	515.3334	
474	2406.618	368.6576	-376.0000	-160.6667	
475	2409.303	371.9069	344.6667	589.6667	
476	2411.977	384.3608	-320.6667	-91.3333	
477	2414.640	383.9527	349.0000	575.6667	
478	2417.293	373.8778	-416.3334	-202.0000	
479	2419.936	362.1363	147.0000	347.3333	
480	2422.568	373.0614	-379.0000	-170.0000	
481	2425.189	375.6531	265.0000	474.3333	
482	2427.801	377.7450	-460.6667	-225.6667	
483	2430.401	374.8367	228.6667	432.6667	
484	2432.991	342.8455	1290.3334	1361.6666	
485	2435.570	350.8039	281.6667	484.3334	
486	2438.139	352.0956	-628.6667	-427.6667	
487	2440.697	407.6374	119.3333	350.0000	
488	2443.245	401.8460	-411.0000	-153.0000	
489	2445.782	394.9643	92.6667	293.0000	
490	2448.308	380.3012	-494.6666	-289.3333	
491	2450.824	367.1450	393.0000	597.0000	
492	2453.329	364.2379	-367.6667	-166.3333	
493	2455.823	370.5448	315.6667	499.6667	
494	2458.307	380.8935	-556.3333	-344.3333	
495	2460.780	376.8047	290.6667	504.0000	
496	2463.243	372.7992	-289.6667	-101.3333	
497	2465.694	373.2103	449.3333	655.3333	
498	2468.135	371.5381	-391.6667	-207.6667	
499	2470.566	366.8660	478.0000	681.0000	
500	2472.986	356.5282	-321.6667	-152.0000	
501	2475.395	362.7641	58.3333	233.6667	
502	2477.793	386.0000	-442.0000	-244.0000	
503	2480.180	381.9235	251.6667	471.3333	
504	2482.557	366.4719	-338.3333	-161.0000	
505	2484.923	368.1245	235.3333	410.3333	
506	2487.278	370.4437	-353.6667	-146.3333	
507	2489.622	371.0130	273.6667	427.6667	
508	2491.956	375.7489	-586.0000	-401.6667	
509	2494.279	391.6515	269.3333	469.0000	
510	2496.591	373.5541	-238.3333	-57.3333	
511	2498.892	368.7900	-6.6667	169.0000	
