resultName	muna8-7
resultName	muna8-7
ID	RS20191213102637_P19331194
Command	SCANANDSEARCH
User	Admin
Application	_Analyze
SerialNumber	P19331194
Power	280
Integration	900
Averages	3
AutoExposure	Off
AutoCollect	Off
QuickCollect	Off
AutoBackground	On
BaselineCorrection	On
Algorithm	Wavelet
Searched Library	All,None,None,None
MixtureComponents	2
matchThreshold	0.75
displayMatches	1
Threshold	0.80
WL Start	
WL End	
ServerVersion	3.180316
FirmwareVersion	
date	2019-12-13
time	10:26:37
scanindex	0
specpath	RS20191213102637_P19331194.xml
Search Range	200 - 2500
Synced	false
lastCalDateTime	2019-12-13 10:05:29
lastCalUser	Admin
lastCalResult	PASS
lastVerifyDateTime	2019-10-16 15:05:37
lastVerifyUser	Admin
lastVerifyResult	PASS
selectedMaterial	
result	No Match
ValidationGUID	
ValidationMatchQuality	
topMatch	
topMatchGUID	
topMatchQuality	
secondMatch	
secondMatchGUID	
secondMatchQuality	
thirdMatch	
thirdMatchGUID	
thirdMatchQuality	
fourthMatch	
fourthMatchGUID	
fourthMatchQuality	
fifthMatch	
fifthMatchGUID	
fifthMatchQuality	
signedBy	
signedDateTime	
softwareVer	1.7.0.21
memo	
batchID	
inBatch	false
batchUID	
batchCID1	
batchCIDlbl1	
batchCID2	
batchCIDlbl2	
batchCID3	
batchCIDlbl3	
batchCID4	
batchCIDlbl4	
batchCID5	
batchCIDlbl5	
signedTitle	
signedReason	
rescanned	
barcode	
topMatchContribs	
secondMatchContribs	
thirdMatchContribs	
fourthMatchContribs	
fifthMatchContribs	
ValidationMatchContribs	
Threat	
PrecursorList	
CompundName	
WindowStart4C	
MatchLibrary	
lastModified	2019/12/13 10:27
Signal2Noise	38.03
Detector TEC SetPoint	0x8000
Detector Temp	4.98
Laser Temp	25.41
OE1 Temp	28.78
OE2 Temp	32.44
Detector Gain	200
SaturationDetected	false
InterpolatedPixelList	
PeakList	 286.8	690	335.2	583	399.1	596	444.3	459	481.8	443	524.8	386	646.4	1510	674.8	844	746.7	670	805.4	540	841.0	585	956.0	525	1092.7	548	1127.7	726	1141.9	708	1212.4	532	1336.9	694	1369.4	864	1454.2	3454	1619.1	625	1644.3	2092	1677.4	1542	1711.2	764
index	Raman Shift (cm-1)	Y value (counts)	background (counts)	raw value (counts)
0	137.589	396.0186	33151.6641	35621.3359	
1	144.103	284.0792	35323.3320	37625.0000	
2	150.611	225.8117	37113.6641	39301.0000	
3	157.114	312.8724	37935.6680	40154.0000	
4	163.610	320.2690	37960.6680	40130.3320	
5	170.101	375.6734	40622.6641	42791.6680	
6	176.586	326.7301	40394.3359	42458.3320	
7	183.065	241.7986	40162.6641	42085.6641	
8	189.538	158.8631	38976.6680	40760.6680	
9	196.005	209.9277	41600.0000	43379.0000	
10	202.467	191.6564	41708.0000	43412.6641	
11	208.922	219.0607	42991.6641	44667.6680	
12	215.372	301.7892	41942.0000	43644.6680	
13	221.815	353.2942	43286.6641	45003.3320	
14	228.253	335.5798	43906.3320	45561.0000	
15	234.685	180.1772	44978.6680	46479.3359	
16	241.111	145.4427	40561.6641	42029.0000	
17	247.531	144.7041	42962.0000	44430.0000	
18	253.945	211.3017	40114.0000	41650.0000	
19	260.353	219.2311	42231.0000	43776.3320	
20	266.755	211.8286	39020.3320	40559.6641	
21	273.151	399.1461	42987.3359	44739.0000	
22	279.541	664.7994	42023.6680	44066.0000	
23	285.925	689.7887	40573.3320	42665.6680	
24	292.303	632.1061	39702.6641	41762.3320	
25	298.675	614.2742	39560.6680	41628.0000	
26	305.041	595.4461	39212.0000	41286.0000	
27	311.401	394.9501	41261.6680	43160.6680	
28	317.754	509.0100	37674.3320	39723.0000	
29	324.102	561.3151	38763.6680	40823.3320	
30	330.444	559.6280	38752.0000	40768.6680	
31	336.780	583.2690	39370.3320	41369.3320	
32	343.109	559.9138	39119.3320	41053.6680	
33	349.433	250.8829	38083.3359	39667.3320	
34	355.750	88.8599	34047.3359	35428.0000	
35	362.061	149.5482	40763.3320	42153.3359	
36	368.366	11.3704	34698.6641	35909.0000	
37	374.665	282.6716	35157.6641	36631.6680	
38	380.958	562.2971	36416.3359	38162.3320	
39	387.245	382.9340	37346.3320	38905.3320	
40	393.526	305.5673	31608.6680	33082.6680	
41	399.800	596.2139	34882.6680	36636.3359	
42	406.068	452.5244	32019.0000	33618.0000	
43	412.330	198.5049	23634.6660	24968.6680	
44	418.586	319.4815	26425.0000	27869.0000	
45	424.835	291.0021	26428.0000	27822.3340	
46	431.079	290.5227	20543.3320	21916.0000	
47	437.316	297.0412	14538.6660	15896.6660	
48	443.547	458.5599	12836.6680	14335.0000	
49	449.771	457.9498	20231.3340	21717.6680	
50	455.990	322.8404	14666.3340	15990.0000	
51	462.202	160.7310	12665.3340	13799.3320	
52	468.408	142.9575	11989.6660	13078.3320	
53	474.607	413.1147	16979.0000	18312.6660	
54	480.801	443.2727	10631.6670	11970.3340	
55	486.988	387.0958	6592.3340	7849.6670	
56	493.168	294.0653	11416.3330	12547.3340	
57	499.343	183.3334	13197.3340	14194.3340	
58	505.511	195.6026	14023.6660	15009.6660	
59	511.672	225.9552	7565.3330	8507.0000	
60	517.828	303.8078	10149.0000	11196.6670	
61	523.977	385.8541	12564.3340	13667.6660	
62	530.119	349.9044	8719.6660	9760.6670	
63	536.255	311.2838	10743.6670	11719.6660	
64	542.385	212.3330	7565.0000	8415.6670	
65	548.509	219.9642	12209.3330	13049.0000	
66	554.626	246.3456	21201.6660	22048.6660	
67	560.736	231.1440	23177.3340	23967.6680	
68	566.840	252.5232	17255.6680	18041.0000	
69	572.938	289.5828	11517.6670	12290.3340	
70	579.030	374.4240	5660.6670	6576.3340	
71	585.114	263.4812	3528.0000	4349.0000	
72	591.193	132.2051	7059.0000	7765.0000	
73	597.265	134.5516	13483.6680	14227.3340	
74	603.330	270.2321	18369.3340	19284.0000	
75	609.389	547.2446	18090.6680	19317.6660	
76	615.442	819.5952	19917.6660	21452.3340	
77	621.488	681.8334	21544.3340	22954.0000	
78	627.527	610.0798	18381.6660	19729.6660	
79	633.560	825.3262	15349.0000	16922.3340	
80	639.586	1040.5726	16155.3320	17954.0000	
81	645.606	1510.4830	20091.3340	22370.0000	
82	651.620	1467.0636	17790.3320	20035.6660	
83	657.626	1005.6420	10492.6670	12286.6670	
84	663.626	706.8873	9277.6670	10783.0000	
85	669.620	651.3190	9621.6670	11054.3340	
86	675.607	844.4165	6120.6665	7729.3330	
87	681.587	769.5148	8091.3330	9608.0000	
88	687.561	412.2795	15828.0000	16970.3340	
89	693.528	257.5648	14836.0000	15691.6660	
90	699.489	282.3300	9821.6670	10768.0000	
91	705.443	243.2123	13939.6660	14942.6680	
92	711.390	189.4705	14196.0000	15019.3340	
93	717.331	106.8600	12650.3340	13381.0000	
94	723.265	219.5834	14368.6680	15202.0000	
95	729.192	483.6428	12779.6660	13867.0000	
96	735.113	581.7002	13815.6660	14991.0000	
97	741.026	528.0896	16996.0000	18107.6660	
98	746.934	670.1818	17294.6660	18531.6660	
99	752.834	591.8628	21307.3340	22464.6660	
100	758.728	490.5458	18135.6660	19190.3320	
101	764.615	395.3224	21953.0000	22898.6660	
102	770.495	287.0989	19822.3340	20646.0000	
103	776.369	172.2094	19967.0000	20662.0000	
104	782.236	134.3181	19911.6680	20555.0000	
105	788.096	265.7633	22835.6660	23601.6660	
106	793.949	314.2084	23044.6660	23850.3340	
107	799.795	360.9857	27127.0000	27970.6680	
108	805.635	539.7590	24800.0000	25813.6641	
109	811.468	389.5170	25286.0000	26163.6641	
110	817.294	258.9448	21932.0000	22693.3340	
111	823.113	141.0329	24035.3340	24692.9980	
112	828.925	192.3260	23909.6680	24640.9980	
113	834.731	403.8174	25917.3320	26876.6680	
114	840.530	584.6350	25106.6641	26263.3320	
115	846.322	329.4506	27185.6660	28103.6641	
116	852.107	299.5624	25449.0000	26332.6660	
117	857.885	293.8693	27542.6680	28440.0000	
118	863.656	285.8018	27082.3320	27960.0000	
119	869.420	289.4786	27338.3340	28296.0000	
120	875.177	268.0549	23569.0000	24445.3340	
121	880.928	251.8914	22996.0000	23846.3320	
122	886.672	269.3137	23952.0000	24761.3340	
123	892.408	316.9001	26997.6680	27893.3320	
124	898.138	342.0747	27261.3320	28172.3320	
125	903.861	314.2962	23313.0000	24183.6660	
126	909.576	197.1876	23148.3320	23889.3340	
127	915.285	214.7003	26571.0000	27303.6680	
128	920.987	239.2971	23985.6660	24786.0000	
129	926.682	238.9355	26426.6680	27111.6680	
130	932.370	251.4910	21446.6680	22260.6680	
131	938.051	199.9630	20571.3340	21252.3340	
132	943.724	248.7061	21844.0000	22503.6680	
133	949.391	318.0554	23460.6660	24243.6660	
134	955.051	524.7735	19930.3340	20914.3340	
135	960.704	464.4916	23491.6660	24409.6660	
136	966.349	337.2102	23421.0000	24206.0000	
137	971.988	349.3302	23163.6660	23917.6680	
138	977.619	406.9483	18397.6660	19261.0000	
139	983.244	342.6523	19585.3320	20388.6680	
140	988.861	263.0998	21334.3340	22055.6660	
141	994.471	221.2556	22557.6680	23247.6680	
142	1000.074	200.7414	21136.6680	21816.6660	
143	1005.670	227.2312	23363.0000	24080.0000	
144	1011.259	240.3850	22788.3340	23529.0000	
145	1016.841	239.1234	22623.3340	23417.3340	
146	1022.416	243.1946	23065.6660	23731.3340	
147	1027.983	237.3489	23080.6680	23880.0000	
148	1033.543	226.8368	21595.6660	22394.6660	
149	1039.096	240.8598	24154.3340	24967.0000	
150	1044.642	269.0506	22659.0000	23573.6680	
151	1050.181	239.5739	23852.6660	24692.3340	
152	1055.713	254.0958	19347.0000	20261.3320	
153	1061.237	305.7574	23354.6660	24385.3320	
154	1066.754	272.8435	23430.6680	24415.0000	
155	1072.264	289.5785	24370.0000	25306.6641	
156	1077.766	401.2521	24397.6680	25557.6680	
157	1083.262	302.5275	25174.0000	26201.3320	
158	1088.750	340.9712	19574.0000	20652.3320	
159	1094.231	548.0007	25061.3320	26336.0000	
160	1099.704	281.3562	25943.3340	26940.6641	
161	1105.171	115.5489	28425.3320	29235.3320	
162	1110.630	264.5914	26047.6680	26982.0000	
163	1116.081	413.3056	27418.6641	28477.0000	
164	1121.526	528.0118	25265.0000	26413.3320	
165	1126.963	725.8154	27378.0000	28698.6680	
166	1132.392	603.6152	27284.0000	28457.0000	
167	1137.815	571.7488	28333.6660	29449.3320	
168	1143.230	707.8845	25802.6660	27029.0000	
169	1148.637	523.1026	28418.6680	29441.6680	
170	1154.037	300.3228	29201.0000	29982.6680	
171	1159.430	295.2068	28985.6680	29743.6680	
172	1164.816	236.0950	27855.0000	28535.3359	
173	1170.194	175.7874	31813.6680	32440.0000	
174	1175.565	179.8196	30207.3320	30844.0000	
175	1180.928	222.5684	33006.0000	33697.6641	
176	1186.284	246.4597	31628.0000	32400.3359	
177	1191.632	222.8481	33009.3320	33686.3320	
178	1196.973	275.7374	32074.3320	32890.0000	
179	1202.307	399.1220	34359.6680	35322.3320	
180	1207.633	521.1782	32646.0000	33754.3320	
181	1212.951	531.7046	34508.0000	35640.3320	
182	1218.262	408.9980	33722.6641	34738.0000	
183	1223.566	335.5190	35397.6680	36349.3359	
184	1228.862	303.0394	35139.0000	36068.0000	
185	1234.151	259.1061	37540.0000	38444.0000	
186	1239.432	268.2561	36887.0000	37672.0000	
187	1244.705	427.5718	37101.6680	38212.0000	
188	1249.971	454.6385	36457.3359	37613.6680	
189	1255.230	246.5711	40543.0000	41509.0000	
190	1260.481	216.1676	38777.3359	39730.6680	
191	1265.724	216.7643	41181.0000	42152.6641	
192	1270.960	207.0326	40996.0000	41975.6680	
193	1276.188	285.2970	43003.0000	44078.6680	
194	1281.409	299.5607	41430.0000	42410.0000	
195	1286.622	376.4902	43161.6680	44364.0000	
196	1291.827	319.3906	42325.6680	43498.3359	
197	1297.025	172.5915	44709.6680	45772.6641	
198	1302.215	149.8039	43205.6641	44283.0000	
199	1307.397	281.0051	45570.0000	46815.6641	
200	1312.572	329.2143	44254.6680	45585.6680	
201	1317.739	215.6170	46278.0000	47519.3320	
202	1322.899	264.0197	44939.6680	46253.3320	
203	1328.051	482.0136	46649.6641	48192.6641	
204	1333.195	619.0818	45211.6680	46906.0000	
205	1338.331	693.6254	47695.6680	49472.6680	
206	1343.460	394.8369	45776.3320	47262.6680	
207	1348.581	250.7087	48169.6680	49520.0000	
208	1353.694	313.2523	46101.6680	47522.6680	
209	1358.800	541.4600	48989.6680	50647.0000	
210	1363.898	852.3357	47774.6680	49751.0000	
211	1368.988	863.5433	50009.3359	52005.0000	
212	1374.070	827.4235	48390.6680	50358.3359	
213	1379.145	693.9675	50637.3359	52479.3320	
214	1384.211	621.8516	48578.3359	50356.0000	
215	1389.270	250.4036	51014.0000	52428.0000	
216	1394.322	35.6116	48993.3359	50200.3281	
217	1399.365	0.0000	51332.3281	52502.6641	
218	1404.401	208.2466	49041.3359	50403.3359	
219	1409.428	396.8213	51307.6719	52841.6641	
220	1414.448	731.7477	48967.0000	50819.3359	
221	1419.460	1082.7423	51317.0000	53508.6641	
222	1424.464	1209.4165	49405.0000	51711.6719	
223	1429.461	1625.4113	51294.0000	54005.0000	
224	1434.449	2233.5957	49182.0000	52475.6641	
225	1439.430	2394.9570	51379.6641	54807.0000	
226	1444.403	2796.9746	49340.3359	53142.0000	
227	1449.367	3122.6724	51375.6641	55475.3359	
228	1454.324	3454.0220	48862.3320	53265.6641	
229	1459.273	3427.8535	51456.6719	55771.0000	
230	1464.214	2494.3652	48271.3320	51589.3359	
231	1469.147	1454.1976	49894.6641	52109.6641	
232	1474.073	1004.0338	47166.0000	48868.0000	
233	1478.990	550.6873	49034.3320	50223.6641	
234	1483.899	307.6766	46355.0000	47242.0000	
235	1488.800	241.0020	48885.3320	49646.3359	
236	1493.693	284.9876	46760.3320	47506.0000	
237	1498.579	183.7706	49263.0000	49862.6641	
238	1503.456	220.8080	47753.6641	48351.6680	
239	1508.325	187.2529	48148.3359	48626.3359	
240	1513.187	221.3664	38675.6680	39218.6680	
241	1518.040	227.4814	44445.0000	44947.3359	
242	1522.885	258.5912	47959.6680	48459.0000	
243	1527.722	210.3730	51645.3281	52062.3281	
244	1532.551	240.8151	49705.3359	50118.6641	
245	1537.372	232.0067	52081.0000	52484.6641	
246	1542.185	204.7571	50278.6641	50639.0000	
247	1546.990	221.6727	52393.0000	52851.3281	
248	1551.787	245.5135	50907.3320	51422.0000	
249	1556.575	234.0106	53835.6719	54394.0000	
250	1561.356	173.5118	51416.6719	51967.0000	
251	1566.128	180.6785	53691.3359	54322.6641	
252	1570.893	290.8521	52739.3359	53541.3359	
253	1575.649	225.1180	54407.3281	55236.0000	
254	1580.397	275.0403	51764.6641	52735.6641	
255	1585.137	352.9620	53739.6719	54881.0000	
256	1589.868	388.8919	50421.3359	51691.0000	
257	1594.592	526.4859	49579.0000	51078.6641	
258	1599.307	520.4153	48185.6641	49771.6641	
259	1604.014	455.6391	53709.0000	55339.3359	
260	1608.713	318.7261	52505.3359	54075.0000	
261	1613.404	510.7760	54924.0000	56730.3359	
262	1618.086	624.8224	54098.6641	56063.6680	
263	1622.760	527.1964	55436.0000	57348.0000	
264	1627.426	601.9108	52830.0000	54861.3359	
265	1632.084	835.1808	53671.6719	55958.0000	
266	1636.734	1504.6276	50558.3359	53517.3359	
267	1641.375	2059.2192	54324.6719	57841.0000	
268	1646.008	2091.8252	51636.0000	55187.6719	
269	1650.632	1207.6918	54630.0000	57232.0000	
270	1655.249	559.8942	50413.0000	52301.6641	
271	1659.856	326.4405	53595.6641	55185.3359	
272	1664.456	635.9708	52417.3359	54251.0000	
273	1669.048	1019.5084	54253.6641	56405.3281	
274	1673.631	1479.7194	51205.0000	53751.3359	
275	1678.205	1541.9210	51006.3359	53549.3359	
276	1682.772	1134.1290	49951.6680	52021.3359	
277	1687.329	668.4269	49357.6641	50883.6719	
278	1691.879	247.7086	49600.0000	50627.3320	
279	1696.420	55.6705	54145.0000	54902.3359	
280	1700.953	183.9090	49043.0000	49863.3281	
281	1705.478	529.2493	49443.6641	50505.0000	
282	1709.994	764.2454	46046.3359	47238.3359	
283	1714.501	649.5779	52217.0000	53190.0000	
284	1719.000	476.2427	47525.3359	48220.6680	
285	1723.491	190.6551	47448.3320	47796.0000	
286	1727.973	154.3980	40111.0000	40344.6680	
287	1732.447	223.9708	46778.0000	47031.3320	
288	1736.912	179.2040	47030.3359	47193.0000	
289	1741.369	212.0251	45293.0000	45401.3359	
290	1745.818	253.9276	40590.3320	40778.0000	
291	1750.257	250.0375	46459.0000	46614.6680	
292	1754.689	240.1468	44702.6680	44758.6680	
293	1759.112	274.4669	44057.6680	44113.6641	
294	1763.526	312.2929	36875.0000	36954.3359	
295	1767.932	329.6892	41888.3359	41960.6641	
296	1772.329	231.0975	45787.6680	45737.0000	
297	1776.718	240.4396	40403.3320	40363.0000	
298	1781.098	302.6949	35837.6680	35934.6680	
299	1785.470	301.7010	36265.3320	36278.0000	
300	1789.833	300.1223	35173.3359	35195.6680	
301	1794.187	297.5914	36408.6680	36472.0000	
302	1798.533	265.6874	40582.0000	40569.6680	
303	1802.870	238.2757	40765.3359	40723.6641	
304	1807.199	221.8796	41148.6641	41088.6680	
305	1811.519	238.8038	36340.0000	36295.0000	
306	1815.830	298.8989	33112.6680	33133.0000	
307	1820.133	303.8279	33954.3320	33968.6680	
308	1824.427	305.7800	33101.3320	33164.3320	
309	1828.712	260.3420	37516.6641	37483.6680	
310	1832.989	281.5659	36409.0000	36400.6680	
311	1837.257	283.2908	31352.0000	31382.0000	
312	1841.516	273.1844	31422.6680	31384.3320	
313	1845.767	261.5046	33435.6680	33439.6680	
314	1850.009	224.6616	37565.3320	37530.3359	
315	1854.242	231.4788	35785.6680	35721.0000	
316	1858.467	265.9662	33471.3320	33501.0000	
317	1862.682	278.7768	30851.6680	30894.3320	
318	1866.889	271.8387	28856.3320	28849.0000	
319	1871.088	348.1503	22912.6680	23045.3340	
320	1875.277	308.8792	23542.3320	23679.6660	
321	1879.458	221.6081	25843.3320	25863.3320	
322	1883.630	297.5934	19261.3340	19372.6660	
323	1887.793	306.7202	16078.0000	16198.0000	
324	1891.947	299.7625	18548.0000	18692.6660	
325	1896.093	290.5324	22736.6660	22768.0000	
326	1900.230	297.4686	17500.3320	17654.6680	
327	1904.358	263.3224	25487.3320	25542.6680	
328	1908.477	239.3388	25604.0000	25563.6660	
329	1912.587	260.9741	22459.3340	22555.3320	
330	1916.688	292.9096	24217.3340	24204.0000	
331	1920.781	291.0114	19192.6680	19290.0000	
332	1924.864	274.1354	22894.6660	22989.6660	
333	1928.939	209.1065	24376.0000	24374.0000	
334	1933.005	255.1820	22725.6660	22779.0000	
335	1937.062	280.0053	16545.6680	16687.6660	
336	1941.110	243.7468	20203.6680	20250.6660	
337	1945.149	224.9056	21937.3340	22044.6660	
338	1949.179	215.6473	22955.3320	22900.6660	
339	1953.200	259.2224	18879.0000	18982.6660	
340	1957.212	312.2979	9545.6670	9711.6670	
341	1961.216	290.0442	10629.3330	10881.6670	
342	1965.210	274.6231	13167.0000	13216.3340	
343	1969.195	261.3922	10649.3330	10818.3330	
344	1973.172	308.3849	9098.6670	9313.3340	
345	1977.139	315.8592	4604.3335	4818.0000	
346	1981.098	380.2502	1451.6666	1804.6665	
347	1985.047	291.4744	3938.3333	4224.3330	
348	1988.987	277.8867	4811.3335	5072.6665	
349	1992.919	289.2143	1718.0000	2036.0000	
350	1996.841	279.4863	723.3333	1087.0000	
351	2000.754	236.8516	1227.3334	1499.6666	
352	2004.658	252.6336	359.6667	651.3333	
353	2008.553	258.0822	571.6666	872.3333	
354	2012.439	286.9893	-109.0000	234.0000	
355	2016.316	283.4381	403.6667	744.3333	
356	2020.184	294.9280	-313.0000	26.3333	
357	2024.043	303.9882	396.3333	758.6667	
358	2027.892	286.8818	-263.6667	86.6667	
359	2031.733	238.7754	328.0000	635.3333	
360	2035.564	242.0026	-293.6667	22.0000	
361	2039.386	248.0768	322.6667	643.6666	
362	2043.199	253.3176	-315.6667	-17.3333	
363	2047.003	267.2252	272.6667	608.3333	
364	2050.798	275.7423	-336.0000	-15.6667	
365	2054.583	296.8286	222.0000	582.3333	
366	2058.360	288.4149	-291.0000	58.6667	
367	2062.127	269.7512	279.6667	594.0000	
368	2065.885	272.0042	-278.3333	48.3333	
369	2069.634	269.8406	236.0000	560.3334	
370	2073.373	264.7602	-241.3333	45.0000	
371	2077.103	275.1705	389.6667	727.3334	
372	2080.824	269.9358	-294.6667	25.0000	
373	2084.536	267.0386	257.0000	524.0000	
374	2088.238	267.2664	-224.0000	98.3333	
375	2091.932	269.2026	62.3333	360.0000	
376	2095.615	280.5141	-245.0000	51.6667	
377	2099.290	300.7487	269.6667	601.0000	
378	2102.955	296.8167	-161.3333	164.3333	
379	2106.611	286.0512	239.3333	529.0000	
380	2110.258	275.6191	-393.3333	-32.0000	
381	2113.895	251.3741	-657.0000	-381.0000	
382	2117.523	253.1292	-68.6667	208.3333	
383	2121.142	264.3008	256.0000	544.3334	
384	2124.751	269.8058	-443.6666	-181.0000	
385	2128.351	271.3090	222.3333	544.0000	
386	2131.942	276.9587	-361.3333	-65.3333	
387	2135.523	278.2958	136.6667	459.6667	
388	2139.095	278.1955	-119.6667	179.0000	
389	2142.657	276.9126	352.3333	662.0000	
390	2146.210	271.9839	-399.0000	-95.0000	
391	2149.754	272.1385	245.0000	559.0000	
392	2153.288	257.1352	-557.0000	-278.6667	
393	2156.812	266.6774	95.6667	367.3333	
394	2160.327	281.6363	-259.6667	41.6667	
395	2163.833	278.2202	347.6667	657.0000	
396	2167.330	272.2214	-257.3333	29.6667	
397	2170.816	273.1425	130.6667	421.6667	
398	2174.293	276.2304	-375.3333	-101.0000	
399	2177.761	277.1516	162.0000	467.0000	
400	2181.220	276.1561	-176.3333	115.0000	
401	2184.668	278.1606	459.3333	753.6666	
402	2188.108	248.4985	-265.0000	-10.3333	
403	2191.537	265.6696	20.0000	271.0000	
404	2194.958	285.1736	-352.0000	-64.6667	
405	2198.368	290.8796	322.0000	661.0000	
406	2201.769	280.0993	-288.6667	-31.3333	
407	2205.161	264.9539	329.6667	612.6667	
408	2208.543	265.2250	-146.6667	123.6667	
409	2211.915	269.3731	423.0000	700.3333	
410	2215.278	273.1880	-397.6667	-115.3333	
411	2218.631	271.0027	315.6667	606.0000	
412	2221.974	261.1509	-278.3333	-31.0000	
413	2225.308	269.8643	334.0000	639.3333	
414	2228.632	277.7033	-553.0000	-305.3333	
415	2231.947	275.2090	150.0000	453.6667	
416	2235.252	273.5480	-603.3333	-318.0000	
417	2238.547	289.2204	251.6667	553.6667	
418	2241.833	291.7261	-205.0000	106.3333	
419	2245.109	282.3984	193.6667	495.0000	
420	2248.375	276.0707	-237.3333	72.6667	
421	2251.631	253.8999	295.6667	567.0000	
422	2254.878	275.5624	-417.3333	-124.6667	
423	2258.115	279.5584	220.0000	516.3334	
424	2261.343	254.8875	-272.0000	-0.6667	
425	2264.560	254.3719	650.3333	878.0000	
426	2267.768	261.9396	183.0000	480.0000	
427	2270.966	270.8167	484.3333	764.6667	
428	2274.154	283.7993	-268.6667	26.0000	
429	2277.333	285.4468	179.0000	467.3333	
430	2280.502	286.3444	-273.3333	71.6667	
431	2283.661	267.7420	537.0000	820.3334	
432	2286.810	224.6395	-281.0000	-41.6667	
433	2289.949	238.8704	255.3333	508.0000	
434	2293.079	304.5945	-179.0000	130.3333	
435	2296.198	309.3850	303.3333	615.6666	
436	2299.308	301.5089	-558.6666	-256.0000	
437	2302.408	286.5741	299.0000	586.6667	
438	2305.498	274.7643	-266.3333	-7.6667	
439	2308.579	274.8296	152.6667	440.3333	
440	2311.649	268.2700	-226.3333	62.0000	
441	2314.709	241.8692	981.3334	1223.3334	
442	2317.760	235.9682	1025.3334	1260.6666	
443	2320.801	250.2341	462.0000	692.3334	
444	2323.832	289.8334	-463.3333	-175.6667	
445	2326.853	309.4539	410.0000	715.0000	
446	2329.864	285.7410	-60.3333	218.6667	
447	2332.865	263.2781	1599.0000	1800.0000	
448	2335.855	256.0699	355.6667	627.0000	
449	2338.837	257.7761	331.3333	597.0000	
450	2341.808	279.7324	170.0000	443.0000	
451	2344.769	285.0219	788.0000	1072.0000	
452	2347.720	285.3115	-471.0000	-205.0000	
453	2350.661	286.8225	523.0000	806.3333	
454	2353.592	280.5002	-4.3333	263.0000	
455	2356.513	267.7350	864.0000	1109.0000	
456	2359.424	247.4276	731.3333	954.0000	
457	2362.325	284.4848	1680.3333	1937.6667	
458	2365.216	295.5416	173.3333	439.3333	
459	2368.097	263.2653	469.0000	700.3333	
460	2370.968	255.3230	769.6667	990.6667	
461	2373.829	265.7811	1319.6667	1536.6666	
462	2376.680	288.5725	233.3333	481.3333	
463	2379.520	271.0308	1316.3333	1543.6667	
464	2382.351	264.1554	1223.0000	1440.3334	
465	2385.171	283.6967	656.3333	873.6666	
466	2387.982	298.2382	-134.3333	123.0000	
467	2390.782	288.7796	419.6667	662.6666	
468	2393.572	291.9038	355.0000	618.0000	
469	2396.352	219.7981	1268.0000	1435.0000	
470	2399.121	213.5533	1471.3333	1632.3333	
471	2401.881	268.6417	1586.0000	1802.3333	
472	2404.630	291.0641	-440.6667	-201.6667	
473	2407.369	284.3069	405.0000	650.3333	
474	2410.098	269.9665	-94.0000	106.6667	
475	2412.817	259.2928	1100.3334	1347.3334	
476	2415.526	266.7946	61.0000	245.6667	
477	2418.224	273.1175	537.0000	742.6666	
478	2420.912	289.4405	39.6667	265.3333	
479	2423.590	294.5967	698.6667	944.0000	
480	2426.258	299.9196	6.0000	183.3333	
481	2428.915	303.1591	554.0000	816.0000	
482	2431.562	298.3987	-369.3333	-135.3333	
483	2434.199	273.3050	393.6667	587.0000	
484	2436.826	51.5449	1701.6667	1670.0000	
485	2439.442	271.2807	646.0000	834.0000	
486	2442.048	280.8497	-346.6667	-132.0000	
487	2444.644	280.9189	519.6666	701.6667	
488	2447.229	288.8209	-178.6667	26.6667	
489	2449.804	350.1713	178.3333	446.0000	
490	2452.368	300.3494	-254.0000	-27.6667	
491	2454.923	281.1284	535.3333	727.6666	
492	2457.467	277.4914	-31.0000	198.0000	
493	2460.000	263.8216	709.6666	905.0000	
494	2462.523	271.2352	-309.6667	-138.0000	
495	2465.036	276.1487	459.0000	688.3334	
496	2467.539	285.8123	-251.3333	-43.6667	
497	2470.031	283.3926	553.0000	761.0000	
498	2472.512	280.5561	-206.0000	-2.6667	
499	2474.983	255.6363	654.3334	831.0000	
500	2477.444	257.6326	145.6667	315.0000	
501	2479.894	263.3470	346.3333	542.6667	
502	2482.334	264.7280	-60.3333	105.0000	
503	2484.763	278.8591	499.0000	693.0000	
504	2487.182	276.8860	-277.6667	-68.3333	
505	2489.590	265.6212	214.0000	392.0000	
506	2491.988	266.5023	-262.3333	-98.0000	
507	2494.375	275.3000	351.3333	564.6667	
508	2496.752	281.9310	-413.3333	-259.0000	
509	2499.119	283.3122	438.3333	646.0000	
510	2501.475	279.8599	54.3333	239.6667	
511	2503.820	264.9076	298.0000	467.0000	
