resultName	chilca0-59
resultName	chilca0-59
ID	RS20200227084028_P19331194
Command	SCANANDSEARCH
User	Admin
Application	_Analyze
SerialNumber	P19331194
Power	280
Integration	900
Averages	3
AutoExposure	Off
AutoCollect	Off
QuickCollect	Off
AutoBackground	On
BaselineCorrection	On
Algorithm	Wavelet
Searched Library	All,None,None,None
MixtureComponents	2
matchThreshold	0.0
displayMatches	1
Threshold	0.80
WL Start	
WL End	
ServerVersion	3.180316
FirmwareVersion	
date	2020-02-27
time	08:40:28
scanindex	0
specpath	RS20200227084028_P19331194.xml
Search Range	200 - 2500
Synced	false
lastCalDateTime	2020-02-27 08:30:34
lastCalUser	Admin
lastCalResult	PASS
lastVerifyDateTime	2019-10-16 15:05:37
lastVerifyUser	Admin
lastVerifyResult	PASS
selectedMaterial	
result	No Match
ValidationGUID	
ValidationMatchQuality	
topMatch	
topMatchGUID	
topMatchQuality	
secondMatch	
secondMatchGUID	
secondMatchQuality	
thirdMatch	
thirdMatchGUID	
thirdMatchQuality	
fourthMatch	
fourthMatchGUID	
fourthMatchQuality	
fifthMatch	
fifthMatchGUID	
fifthMatchQuality	
signedBy	
signedDateTime	
softwareVer	1.7.0.21
memo	
batchID	
inBatch	false
batchUID	
batchCID1	
batchCIDlbl1	
batchCID2	
batchCIDlbl2	
batchCID3	
batchCIDlbl3	
batchCID4	
batchCIDlbl4	
batchCID5	
batchCIDlbl5	
signedTitle	
signedReason	
rescanned	
barcode	
topMatchContribs	
secondMatchContribs	
thirdMatchContribs	
fourthMatchContribs	
fifthMatchContribs	
ValidationMatchContribs	
Threat	
PrecursorList	
CompundName	
WindowStart4C	
MatchLibrary	
lastModified	2020/02/27 08:40
Signal2Noise	76.94
Detector TEC SetPoint	0x8000
Detector Temp	4.97
Laser Temp	25.38
OE1 Temp	24.66
OE2 Temp	28.25
Detector Gain	200
SaturationDetected	false
InterpolatedPixelList	
PeakList	 304.8	1095	328.5	945	431.3	919	489.1	812	495.6	795	559.7	941	656.5	1225	759.0	3917	796.6	1408	888.8	758	1077.1	769	1157.8	913	1296.5	1070	1304.6	859	1376.9	1936	1439.8	6722	1564.6	2077	1614.5	2107	1644.8	5273	1676.1	4242
index	Raman Shift (cm-1)	Y value (counts)	background (counts)	raw value (counts)
0	137.455	270.3369	1226.6666	5046.3335	
1	143.948	332.6280	1273.3333	5024.0000	
2	150.436	254.9194	1422.0000	4963.6670	
3	156.918	330.2105	1604.6667	5090.3335	
4	163.394	422.1683	1178.6666	4625.0000	
5	169.865	519.4594	1659.3333	5071.6665	
6	176.330	530.0841	1376.0000	4667.6670	
7	182.790	426.7085	1626.3335	4683.3335	
8	189.244	454.9998	1188.3333	4142.3335	
9	195.693	386.2906	1615.6667	4369.6665	
10	202.136	277.2492	1465.6666	3979.3335	
11	208.573	271.2065	1930.6667	4307.0000	
12	215.005	245.8314	1349.3333	3569.0000	
13	221.431	215.7454	1773.0000	3896.0000	
14	227.851	191.7629	1557.6665	3577.3335	
15	234.266	209.9941	1921.3333	3964.0000	
16	240.675	211.2257	1380.3334	3429.0000	
17	247.078	299.1240	1572.0000	3713.3333	
18	253.476	343.0230	1388.6666	3578.6670	
19	259.868	427.2540	1655.3335	3934.3335	
20	266.254	337.1523	1047.0000	3240.6665	
21	272.635	157.9187	1791.0000	3831.6665	
22	279.009	137.6851	1483.0000	3529.6667	
23	285.378	295.4517	1469.0000	3699.6670	
24	291.742	625.2177	1102.0000	3688.6665	
25	298.099	962.4598	1340.3334	4296.6665	
26	304.451	1094.7024	939.6667	4060.6665	
27	310.797	983.2783	1648.3335	4690.3335	
28	317.137	727.6658	1164.3333	3998.0000	
29	323.471	892.4655	1240.6666	4191.6665	
30	329.800	944.5991	796.6666	3752.3335	
31	336.122	683.0651	1519.3334	4166.0000	
32	342.439	460.8651	1148.0000	3525.0000	
33	348.750	399.9981	1431.3334	3700.0000	
34	355.055	416.1313	809.6667	3047.0000	
35	361.354	421.2518	1228.6666	3409.6665	
36	367.648	333.3954	922.3333	2968.6665	
37	373.935	144.6877	809.0000	2629.6667	
38	380.216	49.3128	946.0000	2634.3333	
39	386.492	124.9382	1096.0000	2823.0000	
40	392.762	405.2301	666.6666	2637.0000	
41	399.025	467.4528	1001.6666	3005.0000	
42	405.283	141.0089	816.6667	2464.3335	
43	411.535	215.5649	475.0000	2168.0000	
44	417.781	358.1207	301.3333	2107.6665	
45	424.020	867.5541	796.3333	3119.0000	
46	430.254	918.6541	138.0000	2518.6667	
47	436.482	858.4205	342.0000	2669.3333	
48	442.704	657.8538	90.3333	2224.0000	
49	448.920	378.7694	439.3334	2313.3333	
50	455.129	271.3657	56.3333	1845.0000	
51	461.333	241.8787	148.6667	1916.3333	
52	467.531	270.1415	103.6667	1951.6667	
53	473.722	247.0848	307.6667	2028.3333	
54	479.908	382.4451	31.6667	2021.6667	
55	486.087	811.7217	-116.6667	2325.6667	
56	492.260	705.1349	-152.6667	2190.6667	
57	498.427	795.4407	190.6667	2613.6665	
58	504.588	467.7471	-48.3333	2036.3333	
59	510.743	247.3866	111.0000	1964.6665	
60	516.892	307.3600	-203.6667	1699.3335	
61	523.034	703.5078	172.6667	2419.3335	
62	529.171	427.3225	-285.3333	1632.6667	
63	535.301	313.6370	310.6667	2000.0000	
64	541.425	319.1182	-193.0000	1573.0000	
65	547.543	371.5994	203.6667	1837.6666	
66	553.655	449.2474	133.6667	1863.6667	
67	559.760	941.3953	561.6667	2731.3335	
68	565.859	708.5430	19.6667	1904.0000	
69	571.952	234.6571	431.0000	1804.6667	
70	578.039	177.7047	-194.0000	1064.0000	
71	584.119	184.4920	110.6667	1391.3333	
72	590.193	215.6126	-278.6667	976.3333	
73	596.261	229.4252	156.6667	1433.0000	
74	602.323	227.2795	-70.6667	1210.0000	
75	608.378	244.6547	133.3333	1230.3333	
76	614.427	341.2799	-83.0000	1240.6666	
77	620.469	402.9780	244.6667	1708.3333	
78	626.505	387.2964	6.6667	1325.3333	
79	632.535	431.8232	275.6667	1722.6667	
80	638.559	627.8082	20.3333	1679.0000	
81	644.576	867.7931	466.3333	2380.6665	
82	650.587	1134.7781	-151.6667	2045.3333	
83	656.591	1224.7629	-6.3333	2296.3333	
84	662.589	976.7479	-91.6667	1978.6666	
85	668.581	906.8593	108.3333	2074.6667	
86	674.566	566.4705	-317.0000	1220.6666	
87	680.544	600.5819	147.0000	1686.6667	
88	686.517	443.4851	-174.6667	1149.0000	
89	692.483	445.1893	313.3333	1635.3333	
90	698.442	387.7684	-182.0000	1268.3334	
91	704.395	359.8141	-18.6667	1267.3333	
92	710.341	361.1091	-236.6667	1071.0000	
93	716.281	236.2553	0.3333	1252.3334	
94	722.214	83.4016	-215.0000	937.0000	
95	728.141	85.8813	73.6667	1281.0000	
96	734.061	101.3607	-211.6667	1064.0000	
97	739.975	212.8398	213.3333	1653.3333	
98	745.882	737.8745	-99.6667	1905.6667	
99	751.783	1940.4965	417.3333	3680.0000	
100	757.677	3917.4512	-334.0000	4960.3330	
101	763.564	3349.1997	217.0000	4983.0000	
102	769.445	1275.2815	-307.0000	2425.0000	
103	775.319	852.6964	121.0000	2470.3333	
104	781.187	935.1111	-208.3333	2263.3333	
105	787.048	1233.5460	274.3333	3068.6667	
106	792.902	1225.3138	0.0000	2810.3333	
107	798.750	1408.4153	271.6667	3289.3335	
108	804.591	969.1835	-214.0000	2388.6667	
109	810.425	408.4498	347.3333	2375.3335	
110	816.253	220.8828	-137.6667	1633.0000	
111	822.074	234.8160	263.3333	2065.3333	
112	827.888	113.2780	-202.0000	1503.3334	
113	833.695	192.7623	289.6667	1917.0000	
114	839.496	368.5803	-119.6667	1797.0000	
115	845.290	591.2313	221.6667	2339.0000	
116	851.078	455.5495	19.6667	1979.3333	
117	856.858	289.0331	205.6667	2006.3333	
118	862.632	193.1836	128.6667	1841.0000	
119	868.399	288.2063	214.3333	2016.0000	
120	874.159	371.9075	-112.3333	1785.0000	
121	879.913	641.0283	345.0000	2515.0000	
122	885.659	689.8160	-16.6667	2205.6667	
123	891.399	758.2699	227.6667	2522.0000	
124	897.132	309.7243	28.0000	1877.3335	
125	902.858	235.1697	168.6667	1942.0000	
126	908.577	245.2820	-189.0000	1593.0000	
127	914.290	432.7275	238.6667	2206.6667	
128	919.995	635.1731	-361.3333	1807.6667	
129	925.694	426.2853	221.3333	2180.0000	
130	931.385	231.3976	-193.3333	1569.0000	
131	937.070	248.8431	434.0000	2212.3333	
132	942.748	304.2888	-102.6667	1729.6665	
133	948.419	359.8532	213.0000	2117.3335	
134	954.083	562.6547	-153.6667	1962.6667	
135	959.740	438.4562	103.6667	2105.0000	
136	965.390	181.2572	-123.0000	1630.3335	
137	971.033	250.0690	110.6667	1939.3335	
138	976.669	402.8806	-398.0000	1590.0000	
139	982.299	339.3590	60.0000	1991.0000	
140	987.921	260.3952	-64.0000	1780.0000	
141	993.536	366.9831	-61.3333	1886.0000	
142	999.144	376.2375	-271.3333	1682.0000	
143	1004.745	385.8251	151.0000	2110.6665	
144	1010.339	374.0797	-409.3333	1535.3333	
145	1015.926	442.6677	46.3333	2056.3335	
146	1021.506	352.9222	-83.3333	1833.6667	
147	1027.078	328.1767	132.6667	2023.6667	
148	1032.644	331.4312	-155.6667	1764.3335	
149	1038.203	279.5631	25.0000	1853.0000	
150	1043.754	268.4452	-255.0000	1488.3334	
151	1049.298	277.5771	-36.0000	1798.3333	
152	1054.836	304.2927	-399.0000	1426.3334	
153	1060.366	316.4789	76.0000	1830.0000	
154	1065.889	382.8094	-214.0000	1681.3335	
155	1071.404	568.8752	83.3333	2151.0000	
156	1076.913	769.2742	-213.6667	2040.6665	
157	1082.414	733.1047	128.6667	2331.0000	
158	1087.908	362.6022	-268.3333	1547.6667	
159	1093.395	217.4327	92.0000	1747.0000	
160	1098.875	325.2632	-77.3333	1669.6667	
161	1104.348	537.3896	57.6667	1991.0000	
162	1109.813	427.8599	-285.6667	1537.6667	
163	1115.271	387.3301	212.0000	1994.3333	
164	1120.721	229.1336	-251.3333	1372.3334	
165	1126.165	210.6089	172.3333	1780.0000	
166	1131.601	240.7511	-305.3333	1335.0000	
167	1137.030	258.5600	289.0000	1949.6667	
168	1142.452	354.0350	-417.0000	1341.6666	
169	1147.866	561.9543	158.6667	2148.0000	
170	1153.273	830.5405	-277.6667	2003.0000	
171	1158.672	913.1265	170.3333	2556.3333	
172	1164.064	602.7126	-291.3333	1807.0000	
173	1169.449	405.7976	305.0000	2229.0000	
174	1174.827	272.8824	-165.3333	1648.3333	
175	1180.197	239.5080	306.0000	2113.6667	
176	1185.560	249.2082	-162.0000	1681.3333	
177	1190.915	229.4084	175.6667	1976.0000	
178	1196.263	295.5254	-60.0000	1871.6665	
179	1201.603	502.3926	173.3333	2331.6667	
180	1206.936	526.5925	-290.3333	1912.0000	
181	1212.262	456.8439	277.0000	2431.6667	
182	1217.580	579.7808	-79.0000	2206.3333	
183	1222.891	666.4617	259.6667	2654.3333	
184	1228.194	696.8091	-176.0000	2271.6667	
185	1233.489	496.2292	327.3333	2601.6665	
186	1238.778	392.6495	20.0000	2218.0000	
187	1244.058	270.0696	321.0000	2423.6665	
188	1249.331	219.8234	6.3333	2086.0000	
189	1254.597	217.2504	563.0000	2694.3335	
190	1259.855	178.6771	112.3333	2259.3333	
191	1265.106	388.1036	483.6667	2894.3335	
192	1270.349	449.8640	186.6667	2713.3333	
193	1275.584	554.6241	558.6666	3244.3333	
194	1280.812	470.7174	18.0000	2674.0000	
195	1286.032	711.4777	610.0000	3561.0000	
196	1291.244	1061.5780	-14.3333	3357.6667	
197	1296.449	1069.6675	555.0000	3928.3330	
198	1301.647	796.7565	199.0000	3292.6665	
199	1306.836	858.5132	689.3333	3838.0000	
200	1312.018	770.6029	421.3334	3475.3335	
201	1317.193	269.5522	399.6667	2919.3333	
202	1322.359	166.8344	373.6667	2757.3333	
203	1327.518	578.6532	562.0000	3307.6665	
204	1332.670	583.9852	295.6667	3025.3333	
205	1337.813	355.1926	780.3333	3296.0000	
206	1342.949	186.0662	129.6667	2491.0000	
207	1348.077	175.2736	685.3333	3050.6665	
208	1353.198	245.1474	193.0000	2643.0000	
209	1358.311	347.0212	932.0000	3498.6670	
210	1363.415	934.5613	375.6667	3544.6665	
211	1368.513	1545.7687	779.0000	4574.0000	
212	1373.602	1785.6434	365.0000	4414.6670	
213	1378.684	1936.0380	753.3334	4983.0000	
214	1383.757	1324.7657	444.6667	4092.6665	
215	1388.823	500.8273	950.3334	3804.0000	
216	1393.881	106.5544	305.0000	2794.0000	
217	1398.932	0.0000	826.6666	3220.3333	
218	1403.974	39.3594	457.0000	2864.6667	
219	1409.009	361.3864	1128.0000	3832.3335	
220	1414.036	1021.0787	449.6667	3788.3333	
221	1419.054	1671.1816	815.6667	4769.3335	
222	1424.065	2303.9502	479.6667	5031.0000	
223	1429.068	4192.7202	858.3334	7263.3340	
224	1434.064	6385.3794	594.6667	9135.6670	
225	1439.051	6721.8896	888.0000	9708.3330	
226	1444.030	6576.4019	532.3334	9150.0000	
227	1449.001	6392.2466	1006.0000	9382.3340	
228	1453.965	5913.4233	371.3333	8211.6660	
229	1458.920	4798.1475	991.6667	7600.3340	
230	1463.868	3589.8713	428.3333	5712.3335	
231	1468.807	2619.2615	961.6667	5158.6665	
232	1473.739	1704.3196	390.0000	3555.6665	
233	1478.662	949.0305	836.0000	3143.6670	
234	1483.578	501.0738	326.3333	2083.3335	
235	1488.485	296.4500	866.0000	2315.6665	
236	1493.385	245.4940	280.0000	1576.0000	
237	1498.276	224.7613	951.0000	2161.3333	
238	1503.159	220.9521	355.6667	1506.3334	
239	1508.035	201.1718	818.3333	1911.6667	
240	1512.902	134.3913	276.3333	1265.3334	
241	1517.761	156.9444	772.6667	1746.6667	
242	1522.612	192.4973	453.6667	1425.6667	
243	1527.454	215.1336	1126.0000	2061.0000	
244	1532.289	264.7698	530.0000	1494.3333	
245	1537.116	245.2578	1086.0000	2043.0000	
246	1541.934	239.5928	437.3333	1457.6666	
247	1546.745	289.7609	1080.6666	2208.0000	
248	1551.547	431.9302	507.0000	1833.3333	
249	1556.341	936.8379	1061.0000	2991.0000	
250	1561.126	1945.0786	563.3333	3600.3330	
251	1565.904	2076.6528	958.6667	4226.0000	
252	1570.673	1025.5613	717.6667	3032.6665	
253	1575.434	512.6984	925.3334	2788.6667	
254	1580.187	345.5016	522.6666	2280.0000	
255	1584.932	265.6374	1021.3334	2760.0000	
256	1589.668	141.4409	369.0000	2044.6667	
257	1594.396	135.0777	925.3333	2572.6665	
258	1599.116	203.7135	380.3333	2240.6667	
259	1603.828	677.4829	816.3333	3236.3330	
260	1608.531	1797.4187	605.6667	4184.3335	
261	1613.226	2106.5298	934.6666	4883.0000	
262	1617.912	1733.6411	893.0000	4529.0000	
263	1622.591	1849.4182	974.0000	4786.3330	
264	1627.261	2886.8613	550.0000	5460.3335	
265	1631.922	4057.4922	873.6667	6983.0000	
266	1636.576	4575.3271	329.3333	6958.3330	
267	1641.220	5011.2061	1133.6666	8199.3340	
268	1645.857	5272.7480	354.0000	7682.0000	
269	1650.485	3875.8306	868.6666	6699.3340	
270	1655.105	2722.2454	538.3334	5115.0000	
271	1659.716	2467.3279	993.0000	5214.3335	
272	1664.319	2593.0754	439.6667	4686.3330	
273	1668.913	3187.8240	1096.3334	5837.3335	
274	1673.499	4003.5728	353.3333	5809.6665	
275	1678.077	4242.3223	670.6667	6265.3330	
276	1682.646	2330.7383	564.6667	4147.3335	
277	1687.206	898.3586	822.6667	2868.6667	
278	1691.759	348.6438	427.6667	1819.6666	
279	1696.302	202.9291	910.3334	2052.3335	
280	1700.837	170.6649	346.3333	1368.3334	
281	1705.364	182.2853	879.0000	1808.3334	
282	1709.882	201.5729	251.6667	1096.0000	
283	1714.391	240.5272	811.0000	1590.0000	
284	1718.892	300.1506	260.3333	994.6667	
285	1723.385	311.2042	1009.0000	1722.3335	
286	1727.868	306.9246	215.6667	892.6666	
287	1732.344	332.1440	770.0000	1418.6666	
288	1736.810	340.5652	279.0000	941.3333	
289	1741.268	336.9871	754.6667	1401.3334	
290	1745.717	331.6580	172.0000	784.9999	
291	1750.158	340.0792	767.3334	1412.0000	
292	1754.590	342.9171	177.3333	804.6666	
293	1759.014	342.3333	791.3333	1403.0000	
294	1763.428	339.3322	-25.3333	551.3334	
295	1767.835	359.5811	610.3333	1208.0000	
296	1772.232	376.5787	52.0000	640.3333	
297	1776.621	375.1821	533.0000	1165.3334	
298	1781.001	357.4521	-139.3333	445.0000	
299	1785.372	355.7221	648.6666	1215.6666	
300	1789.735	354.3250	-167.6667	450.0000	
301	1794.089	329.8478	569.6666	1136.6667	
302	1798.434	308.9885	161.6667	667.3333	
303	1802.770	317.5457	694.0000	1253.0000	
304	1807.098	307.1863	293.0000	811.6666	
305	1811.416	311.2021	333.3333	817.3334	
306	1815.726	319.7595	76.6667	613.3333	
307	1820.027	326.3586	660.0000	1164.6666	
308	1824.320	343.9770	-36.0000	497.3333	
309	1828.603	342.8266	691.3333	1165.3334	
310	1832.878	355.1760	-4.0000	518.0000	
311	1837.144	351.9422	495.6667	1048.6667	
312	1841.401	338.4586	146.3333	639.6667	
313	1845.649	333.7929	192.6667	704.0000	
314	1849.889	327.2937	50.6667	571.3333	
315	1854.119	309.8778	438.3333	931.3333	
316	1858.340	310.2121	-98.0000	400.0000	
317	1862.553	333.1961	268.3333	788.3334	
318	1866.757	395.8467	-105.3333	476.3333	
319	1870.951	354.8308	301.6667	841.3334	
320	1875.137	348.1481	-383.0000	127.0000	
321	1879.314	349.1320	287.3333	840.0000	
322	1883.482	330.1403	-260.0000	265.6667	
323	1887.641	319.2278	154.6667	665.3334	
324	1891.791	306.9818	-295.0000	199.3333	
325	1895.932	328.3561	389.6667	902.0000	
326	1900.064	336.8763	-260.6667	259.3333	
327	1904.187	340.2506	279.3333	797.6666	
328	1908.300	345.3955	-364.3333	142.6667	
329	1912.405	370.6397	195.3333	721.3333	
330	1916.501	374.4662	-272.3333	253.3333	
331	1920.588	329.3761	205.0000	659.3333	
332	1924.666	318.9530	-319.0000	155.0000	
333	1928.734	321.6064	408.3333	860.0000	
334	1932.794	329.7600	-246.0000	221.3333	
335	1936.844	336.4135	313.3333	784.6667	
336	1940.885	353.0670	-272.0000	213.3333	
337	1944.917	364.0538	58.6667	552.3333	
338	1948.940	362.4573	-236.3333	263.0000	
339	1952.954	355.0275	274.6667	754.0000	
340	1956.959	323.0139	-240.6667	204.0000	
341	1960.955	308.8593	158.0000	584.3334	
342	1964.941	317.6215	-130.3333	301.6667	
343	1968.918	308.9355	112.3333	517.3333	
344	1972.886	321.2320	-428.3333	37.3333	
345	1976.845	331.8396	92.3333	522.6667	
346	1980.794	333.6139	-349.0000	120.6667	
347	1984.735	334.4715	-59.6667	384.3333	
348	1988.666	336.0793	-437.0000	37.0000	
349	1992.588	341.1838	291.0000	712.6667	
350	1996.500	353.2394	-465.3333	11.3333	
351	2000.404	353.2661	217.6667	687.0000	
352	2004.298	350.5011	-455.0000	-14.0000	
353	2008.182	349.4236	191.3333	660.0000	
354	2012.058	342.1794	-459.6667	-6.0000	
355	2015.924	329.1020	178.0000	619.6667	
356	2019.781	319.1492	-500.6666	-98.3333	
357	2023.628	329.8534	216.0000	656.3333	
358	2027.466	342.2035	-474.6666	-61.6667	
359	2031.295	368.3869	108.3333	583.0000	
360	2035.114	360.0908	-488.0000	-5.3333	
361	2038.924	347.9968	183.6667	624.0000	
362	2042.725	351.2779	-511.6667	-53.6667	
363	2046.516	337.9341	92.3333	559.6667	
364	2050.298	312.3484	-473.6667	-106.3333	
365	2054.070	314.7091	130.0000	565.0000	
366	2057.833	332.1324	-454.3333	-4.6667	
367	2061.586	334.4933	147.3333	550.3333	
368	2065.330	343.6874	-415.0000	23.3333	
369	2069.065	343.6316	91.0000	560.3334	
370	2072.790	339.7423	-389.3334	15.6667	
371	2076.505	355.1417	268.6667	699.6667	
372	2080.211	338.9289	-393.0000	20.3333	
373	2083.908	336.0976	134.3333	545.0000	
374	2087.595	324.0163	-334.3333	49.0000	
375	2091.272	323.8517	-25.6667	384.0000	
376	2094.940	316.2701	-362.3333	29.0000	
377	2098.599	323.0420	217.0000	596.6666	
378	2102.248	333.3972	-226.6667	193.0000	
379	2105.887	335.3358	153.6667	556.3333	
380	2109.516	343.0247	-503.0000	-69.3333	
381	2113.136	351.0056	-781.0000	-392.6667	
382	2116.747	353.7366	-266.6667	184.6667	
383	2120.348	355.8842	129.6667	553.3334	
384	2123.939	347.2818	-615.6667	-203.3333	
385	2127.521	330.0763	40.6667	436.6667	
386	2131.093	334.4343	-507.6667	-90.3333	
387	2134.655	330.6256	29.3333	427.0000	
388	2138.207	319.8167	-430.6667	-55.0000	
389	2141.750	319.9139	236.3333	615.3334	
390	2145.283	322.3861	-468.6667	-91.0000	
391	2148.807	327.6917	178.0000	569.3333	
392	2152.321	348.3592	-621.0000	-256.6667	
393	2155.825	365.1129	16.6667	424.6667	
394	2159.319	357.6165	-331.6667	69.0000	
395	2162.804	335.6200	296.3333	664.3333	
396	2166.279	331.0401	-323.3333	55.0000	
397	2169.744	331.7964	93.6667	462.0000	
398	2173.199	341.1359	-455.3333	-72.3333	
399	2176.644	337.7256	101.6667	490.3333	
400	2180.080	333.7318	-233.3333	124.0000	
401	2183.506	331.2380	375.6667	762.0000	
402	2186.922	331.9943	-408.3333	-44.3333	
403	2190.328	337.5840	-71.0000	304.6667	
404	2193.725	342.6738	-431.6667	-51.6667	
405	2197.111	370.9359	187.6667	595.3334	
406	2200.488	345.6492	-447.6666	-52.6667	
407	2203.854	319.4337	193.0000	561.6667	
408	2207.211	330.2186	-389.0000	-9.6667	
409	2210.558	343.1462	249.0000	665.0000	
410	2213.896	338.5739	-476.6667	-92.6667	
411	2217.223	328.2516	227.3333	620.3333	
412	2220.540	311.9303	-403.0000	-38.6667	
413	2223.847	336.7430	284.6667	662.6666	
414	2227.145	345.3284	-641.6667	-247.6667	
415	2230.432	344.7469	117.3333	506.6667	
416	2233.709	342.4155	-662.0000	-269.6667	
417	2236.977	336.0007	145.3333	528.3333	
418	2240.234	333.2526	-570.0000	-178.0000	
419	2243.482	331.4212	-52.0000	319.0000	
420	2246.719	334.5887	-423.3333	-34.6667	
421	2249.946	346.9864	223.0000	623.0000	
422	2253.164	349.7174	-506.3334	-119.6667	
423	2256.371	372.1149	173.3333	591.3333	
424	2259.568	366.5954	-450.6667	11.6667	
425	2262.755	356.0668	157.0000	505.3333	
426	2265.933	342.8714	-198.3333	212.0000	
427	2269.100	335.6433	295.6667	658.3334	
428	2272.256	339.5110	-385.6667	10.6667	
429	2275.403	315.1629	163.6667	523.3333	
430	2278.540	297.7315	-377.0000	-33.0000	
431	2281.667	313.6333	300.6667	662.3333	
432	2284.783	333.6186	-473.3333	-72.0000	
433	2287.889	339.1663	135.3333	496.6666	
434	2290.985	349.6753	-461.0000	-51.6667	
435	2294.071	344.9216	139.0000	534.6666	
436	2297.147	333.7105	-639.6667	-265.6667	
437	2300.212	337.6591	238.6667	620.3333	
438	2303.267	337.6077	-476.6666	-110.0000	
439	2306.312	347.1395	-81.0000	334.0000	
440	2309.347	345.3380	-619.0000	-241.6667	
441	2312.372	339.6282	264.3333	687.6666	
442	2315.386	339.6891	-339.6667	23.3333	
443	2318.390	331.8542	59.6667	453.0000	
444	2321.384	331.9160	-563.0000	-180.0000	
445	2324.368	337.1844	320.6667	705.3333	
446	2327.341	344.8694	-567.6667	-169.3333	
447	2330.304	336.8878	143.6667	518.3333	
448	2333.256	323.6754	-474.6667	-69.3333	
449	2336.199	326.1457	-72.6667	273.6667	
450	2339.131	342.0327	-420.3334	-27.0000	
451	2342.052	348.4197	341.0000	740.6667	
452	2344.963	347.1392	-640.0000	-263.3333	
453	2347.864	347.3604	278.6667	698.0000	
454	2350.755	332.4153	-478.6667	-100.3333	
455	2353.635	325.4734	128.0000	485.6667	
456	2356.505	329.2444	-548.0000	-199.6667	
457	2359.364	332.5352	138.3333	529.6667	
458	2362.213	321.7426	-337.0000	10.0000	
459	2365.051	326.6167	145.3333	484.0000	
460	2367.879	338.2415	-311.0000	74.3333	
461	2370.697	346.3898	48.3333	371.6667	
462	2373.504	351.0174	-341.6667	38.6667	
463	2376.300	356.9783	226.3333	584.3334	
464	2379.086	356.7516	-495.6666	-123.6667	
465	2381.862	355.7124	31.3333	358.3333	
466	2384.627	354.9232	-393.0000	-43.6667	
467	2387.382	341.6341	193.6667	523.6667	
468	2390.125	334.7609	-644.3334	-299.3333	
469	2392.859	269.8436	161.6667	411.6667	
470	2395.582	322.1574	-419.3333	-121.3333	
471	2398.294	335.1380	257.0000	563.6667	
472	2400.996	330.9513	-679.0000	-367.6667	
473	2403.687	321.3098	208.6667	492.6667	
474	2406.368	323.3348	-467.0000	-176.3333	
475	2409.038	323.9433	299.3333	553.3334	
476	2411.697	343.1510	-426.0000	-120.6667	
477	2414.346	355.0440	263.0000	535.3333	
478	2416.984	358.4369	-511.0000	-210.3333	
479	2419.612	358.2466	38.3333	326.3333	
480	2422.228	350.3062	-448.3333	-171.6667	
481	2424.834	340.3659	187.0000	439.6667	
482	2427.430	343.7589	-490.3333	-220.3333	
483	2430.015	337.8184	152.3333	406.3333	
484	2432.589	276.2118	1182.0000	1371.0000	
485	2435.152	331.4939	195.6667	436.6667	
486	2437.705	363.7760	-729.3334	-459.3333	
487	2440.247	358.7245	20.3333	282.0000	
488	2442.778	343.3404	-490.0000	-247.0000	
489	2445.298	345.0986	-8.6667	235.0000	
490	2447.808	332.1236	-576.6667	-313.3333	
491	2450.306	328.2027	318.6667	557.0000	
492	2452.794	332.3239	-431.3333	-189.3333	
493	2455.272	338.7622	218.3333	473.0000	
494	2457.738	339.8880	-643.6667	-400.0000	
495	2460.194	342.6180	215.6667	453.3333	
496	2462.638	354.4939	-345.6667	-86.0000	
497	2465.073	360.6198	359.0000	623.6667	
498	2467.496	357.4122	-498.3333	-238.0000	
499	2469.908	296.2048	395.0000	593.0000	
500	2472.309	306.9968	-382.0000	-174.3333	
501	2474.699	341.4095	-60.3333	180.0000	
502	2477.079	344.1554	-517.6667	-230.6667	
503	2479.448	339.4014	194.0000	410.3333	
504	2481.805	329.0640	-423.0000	-201.3333	
505	2484.152	333.0600	147.6667	362.0000	
506	2486.488	348.4727	-437.6666	-199.0000	
507	2488.813	336.8853	175.3333	400.6667	
508	2491.127	334.2980	-673.6667	-452.6667	
509	2493.430	336.2939	195.3333	405.3334	
510	2495.722	362.7899	-352.0000	-106.0000	
511	2498.003	326.5359	-91.3333	116.6667	
