resultName	muna8-101
resultName	muna8-101
ID	RS20200904150717_P19331194
Command	SCANANDSEARCH
User	Admin
Application	_Analyze
SerialNumber	P19331194
Power	280
Integration	900
Averages	3
AutoExposure	Off
AutoCollect	Off
QuickCollect	Off
AutoBackground	On
BaselineCorrection	On
Algorithm	Wavelet
Searched Library	All,None,None,None
MixtureComponents	2
matchThreshold	0.0
displayMatches	1
Threshold	0.80
WL Start	
WL End	
ServerVersion	3.180316
FirmwareVersion	
date	2020-09-04
time	15:07:17
scanindex	0
specpath	RS20200904150717_P19331194.xml
Search Range	200 - 2500
Synced	false
lastCalDateTime	2020-08-20 09:29:50
lastCalUser	Admin
lastCalResult	PASS
lastVerifyDateTime	2020-09-04 13:30:42
lastVerifyUser	Admin
lastVerifyResult	PASS
selectedMaterial	
result	No Match
ValidationGUID	
ValidationMatchQuality	
topMatch	
topMatchGUID	
topMatchQuality	
secondMatch	
secondMatchGUID	
secondMatchQuality	
thirdMatch	
thirdMatchGUID	
thirdMatchQuality	
fourthMatch	
fourthMatchGUID	
fourthMatchQuality	
fifthMatch	
fifthMatchGUID	
fifthMatchQuality	
signedBy	
signedDateTime	
softwareVer	1.7.0.21
memo	
batchID	
inBatch	false
batchUID	
batchCID1	
batchCIDlbl1	
batchCID2	
batchCIDlbl2	
batchCID3	
batchCIDlbl3	
batchCID4	
batchCIDlbl4	
batchCID5	
batchCIDlbl5	
signedTitle	
signedReason	
rescanned	
barcode	
topMatchContribs	
secondMatchContribs	
thirdMatchContribs	
fourthMatchContribs	
fifthMatchContribs	
ValidationMatchContribs	
Threat	
PrecursorList	
CompundName	
WindowStart4C	
MatchLibrary	
lastModified	2020/09/04 15:08
Signal2Noise	36.92
Detector TEC SetPoint	0x8000
Detector Temp	4.94
Laser Temp	25.39
OE1 Temp	36.09
OE2 Temp	40.06
Detector Gain	200
SaturationDetected	false
InterpolatedPixelList	
PeakList	 286.3	820	323.6	490	398.2	635	448.3	499	481.3	452	649.7	1314	679.2	950	736.0	813	748.7	629	805.5	538	840.0	749	866.8	470	959.9	515	1092.9	495	1126.8	667	1140.9	617	1207.9	549	1250.0	497	1314.1	370	1365.0	907	1457.8	4399	1645.8	2157	1677.3	1543	1712.6	828
index	Raman Shift (cm-1)	Y value (counts)	background (counts)	raw value (counts)
0	137.471	329.1208	879.3334	3374.6665	
1	143.961	285.8541	951.3334	3339.3335	
2	150.446	196.2535	1019.6667	3254.0000	
3	156.925	220.9865	1215.6666	3410.6665	
4	163.399	289.3857	823.3334	3022.6665	
5	169.867	323.4522	1292.3333	3461.6665	
6	176.330	290.5188	972.6666	3045.0000	
7	182.787	263.5850	1197.0000	3178.3335	
8	189.239	216.9844	810.3334	2681.0000	
9	195.685	196.7174	1231.6666	3018.0000	
10	202.125	153.7836	1055.6666	2735.0000	
11	208.560	258.5161	1505.3334	3225.3330	
12	214.989	259.5826	954.3334	2611.3333	
13	221.413	262.8074	1360.3334	2996.6667	
14	227.831	258.5631	1112.6666	2713.3333	
15	234.243	154.0155	1481.0000	2991.0000	
16	240.650	142.8013	995.0000	2507.6667	
17	247.051	159.9201	1171.3334	2715.0000	
18	253.446	173.0390	1014.3334	2585.0000	
19	259.836	258.4913	1283.0000	2953.0000	
20	266.220	252.2768	636.6667	2314.3333	
21	272.598	326.3887	1376.6666	3153.3335	
22	278.971	672.1669	1077.0000	3224.3335	
23	285.338	819.6117	1173.3333	3493.0000	
24	291.699	619.0565	776.6666	2920.6667	
25	298.054	581.3124	1075.3334	3207.6665	
26	304.404	553.5691	648.3334	2779.0000	
27	310.748	418.4922	1340.3334	3362.0000	
28	317.086	438.2186	873.6666	2952.0000	
29	323.418	489.5273	979.3334	3070.0000	
30	329.744	462.1698	505.6667	2530.0000	
31	336.065	444.4786	1237.0000	3204.6665	
32	342.380	422.1211	927.0000	2833.3335	
33	348.689	222.4299	1183.3333	2851.0000	
34	354.992	105.0722	697.6667	2209.0000	
35	361.289	166.2031	989.6666	2512.6667	
36	367.581	64.6520	703.6667	2085.3333	
37	373.866	184.3935	666.0000	2155.3335	
38	380.146	481.1345	738.0000	2512.0000	
39	386.420	424.2089	826.3334	2531.3333	
40	392.688	332.9504	528.6666	2130.3333	
41	398.949	634.9263	868.6666	2754.6667	
42	405.205	468.5686	650.6666	2352.6665	
43	411.456	233.8778	457.3333	1907.0000	
44	417.700	261.5203	270.3333	1730.0000	
45	423.938	221.3264	683.3333	2087.6667	
46	430.170	219.4654	141.3333	1528.6666	
47	436.396	300.9379	358.6667	1812.3333	
48	442.616	455.0770	191.0000	1783.6665	
49	448.830	498.9077	560.0000	2190.6667	
50	455.039	419.2072	71.3333	1603.0000	
51	461.241	244.8405	215.0000	1553.0000	
52	467.437	130.8068	207.3333	1412.0000	
53	473.627	373.5736	314.3333	1735.6666	
54	479.811	452.0074	82.6667	1556.3334	
55	485.989	389.1076	-18.3333	1366.3334	
56	492.160	320.2763	-73.6667	1208.3334	
57	498.326	182.8037	302.3333	1430.0000	
58	504.486	118.6645	3.6667	1050.3334	
59	510.639	196.1919	185.6667	1293.0000	
60	516.787	232.3860	-100.3333	1026.3333	
61	522.928	307.1311	249.3333	1435.0000	
62	529.063	337.5429	-140.3333	1060.0000	
63	535.192	328.0171	2715.6667	4148.3330	
64	541.315	256.3664	1742.0000	2829.6667	
65	547.431	245.7781	867.3333	1924.6665	
66	553.542	246.5231	405.3333	1482.3333	
67	559.646	239.2683	644.6666	1668.0000	
68	565.744	259.3466	152.0000	1179.6667	
69	571.835	258.4840	541.6667	1574.0000	
70	577.921	245.2038	-113.6667	952.6666	
71	584.000	223.9377	208.3333	1234.3334	
72	590.073	97.3590	-173.6667	742.0000	
73	596.140	131.1825	281.3333	1267.3334	
74	602.200	258.0060	115.0000	1264.3334	
75	608.255	585.8293	292.0000	1805.6667	
76	614.302	899.6525	120.0000	1984.0000	
77	620.344	990.0341	401.3333	2380.6667	
78	626.379	653.9760	183.6667	1851.3333	
79	632.408	720.5847	458.0000	2216.6667	
80	638.431	846.5269	215.6667	2124.6667	
81	644.447	1284.4688	653.3333	3024.6665	
82	650.457	1314.0778	79.3333	2504.6667	
83	656.460	980.6863	150.6667	2267.0000	
84	662.457	698.2954	58.6667	1917.0000	
85	668.448	576.4023	261.0000	1990.3333	
86	674.432	826.1763	-214.3333	1757.6665	
87	680.410	949.6172	316.3333	2404.6667	
88	686.381	688.0575	60.0000	1879.6665	
89	692.346	319.2603	544.6667	1975.6665	
90	698.305	264.9217	1.6667	1292.3333	
91	704.257	276.8102	195.0000	1588.6667	
92	710.202	239.0133	22.3333	1314.6666	
93	716.142	103.6990	211.6667	1351.6666	
94	722.074	185.7180	54.0000	1259.0000	
95	728.000	536.7368	313.3333	1852.3334	
96	733.920	813.0891	8.6667	1807.0000	
97	739.833	652.7748	470.6666	2091.6667	
98	745.739	618.9331	202.3333	1766.3333	
99	751.639	628.7743	797.6666	2370.3333	
100	757.533	313.9488	-55.3333	1201.3334	
101	763.419	206.9570	586.6667	1737.6665	
102	769.300	175.9660	42.6667	1164.0000	
103	775.173	167.3079	465.3333	1579.3333	
104	781.040	99.9831	135.6667	1183.6666	
105	786.901	136.3203	668.0000	1763.0000	
106	792.755	205.3241	466.3334	1641.0000	
107	798.602	391.9947	778.3334	2150.3335	
108	804.442	537.6649	248.0000	1776.3333	
109	810.276	534.2227	828.6667	2389.0000	
110	816.103	306.1140	282.3333	1650.0000	
111	821.924	249.3383	717.6667	2064.0000	
112	827.738	279.9819	259.3333	1682.0000	
113	833.545	559.1219	752.3334	2489.3335	
114	839.345	748.9287	364.3333	2326.3335	
115	845.139	533.4021	742.6666	2524.3333	
116	850.926	433.5424	469.3333	2186.3335	
117	856.706	439.0476	738.6666	2471.3335	
118	862.479	396.2191	644.6667	2344.6667	
119	868.246	470.2283	693.0000	2465.0000	
120	874.006	357.7413	332.6667	1985.0000	
121	879.759	217.8869	775.3334	2264.6667	
122	885.505	222.0326	382.0000	1852.3333	
123	891.245	287.8449	739.6666	2252.6665	
124	896.978	398.6573	552.3333	2153.0000	
125	902.703	323.1062	639.3333	2136.6667	
126	908.422	241.5546	221.6667	1609.6665	
127	914.135	201.1701	747.3333	2066.6667	
128	919.840	209.8689	94.3333	1415.0000	
129	925.538	219.8177	722.3334	1973.6666	
130	931.230	247.5998	190.6667	1502.3333	
131	936.914	240.4652	788.6667	2036.6667	
132	942.592	157.2476	290.0000	1427.0000	
133	948.263	273.8519	643.6666	1888.6667	
134	953.927	389.5410	203.3333	1553.6667	
135	959.584	515.2300	564.0000	2029.6665	
136	965.234	390.9198	336.0000	1667.0000	
137	970.877	319.2064	522.0000	1760.0000	
138	976.513	317.4723	-40.0000	1205.3334	
139	982.142	284.4672	440.0000	1704.6667	
140	987.764	263.4202	380.0000	1554.6667	
141	993.379	236.9694	341.0000	1575.3333	
142	998.987	224.6854	174.6667	1316.3333	
143	1004.588	230.7348	609.3333	1817.3333	
144	1010.182	228.6173	1.3333	1227.0000	
145	1015.769	216.3335	494.6667	1711.0000	
146	1021.349	208.5495	394.0000	1616.6666	
147	1026.922	255.8488	601.0000	1897.6667	
148	1032.487	243.5648	268.0000	1558.6666	
149	1038.046	251.4102	524.6667	1843.6667	
150	1043.597	251.1723	235.0000	1582.6665	
151	1049.142	256.6844	474.0000	1872.0000	
152	1054.679	255.6964	-15.0000	1304.0000	
153	1060.209	283.5279	605.6666	2069.3333	
154	1065.732	242.4450	298.6667	1758.0000	
155	1071.248	247.4110	594.0000	2024.0000	
156	1076.757	330.7109	332.3333	1923.3335	
157	1082.258	363.7621	671.3333	2292.3335	
158	1087.753	289.4798	102.6667	1646.3335	
159	1093.240	495.1973	630.3333	2376.6665	
160	1098.720	446.2485	489.0000	2183.3333	
161	1104.192	225.6308	770.0000	2228.6667	
162	1109.658	219.3782	363.6667	1796.0000	
163	1115.116	380.1256	1001.6666	2574.6667	
164	1120.567	496.8727	352.6667	2022.3335	
165	1126.010	667.2396	780.3333	2591.6665	
166	1131.447	638.6072	305.0000	2059.0000	
167	1136.876	496.3074	924.3333	2507.3333	
168	1142.298	616.6750	184.0000	1858.6667	
169	1147.712	531.8083	794.0000	2363.6667	
170	1153.120	289.9417	436.6666	1744.3333	
171	1158.519	203.0751	870.3333	2071.0000	
172	1163.912	194.2917	324.0000	1459.3333	
173	1169.297	194.4037	981.6667	2160.3333	
174	1174.675	186.8493	531.0000	1703.3333	
175	1180.045	225.4851	1035.3334	2266.6665	
176	1185.408	248.1651	594.6667	1895.6667	
177	1190.764	219.9281	903.6667	2174.0000	
178	1196.112	235.7746	700.6667	2027.0000	
179	1201.453	360.2046	936.0000	2415.0000	
180	1206.786	549.3011	436.6666	2133.0000	
181	1212.112	495.7285	1008.0000	2674.6665	
182	1217.431	376.8470	625.6666	2189.6665	
183	1222.742	312.9129	1016.0000	2540.3335	
184	1228.045	303.3104	574.6667	2113.6665	
185	1233.341	195.7018	1099.6666	2563.3333	
186	1238.630	174.7595	782.3333	2257.3335	
187	1243.911	324.1505	1081.0000	2737.6667	
188	1249.185	497.2077	736.6667	2598.6665	
189	1254.451	446.6814	1330.3333	3160.0000	
190	1259.709	253.1544	927.6666	2582.0000	
191	1264.960	241.2943	1353.0000	3013.6665	
192	1270.203	238.1010	1060.0000	2735.6667	
193	1275.439	211.2408	1456.0000	3123.0000	
194	1280.668	239.7141	847.6666	2561.3333	
195	1285.888	313.1869	1434.0000	3239.3330	
196	1291.101	281.3858	818.3333	2622.0000	
197	1296.307	165.9905	1426.0000	3161.0000	
198	1301.505	73.2625	1051.0000	2740.0000	
199	1306.695	162.8671	1584.6666	3410.0000	
200	1311.877	369.8061	1201.3334	3280.3330	
201	1317.052	273.9867	1296.3333	3307.6670	
202	1322.219	265.1653	1201.0000	3231.6665	
203	1327.379	479.0743	1445.3334	3703.3335	
204	1332.531	745.4539	1131.3334	3676.6667	
205	1337.675	827.1488	1632.0000	4268.3330	
206	1342.811	589.5112	943.6666	3351.6665	
207	1347.940	445.5403	1564.6666	3838.0000	
208	1353.061	327.2355	979.3333	3143.6665	
209	1358.174	584.2648	1782.0000	4212.6670	
210	1363.280	906.6268	1186.0000	3948.3335	
211	1368.377	875.6555	1628.6667	4369.3335	
212	1373.467	756.6833	1163.3334	3794.3330	
213	1378.550	741.0956	1563.6667	4177.3330	
214	1383.624	631.1746	1214.6667	3716.6665	
215	1388.690	266.2534	1807.6667	3943.0000	
216	1393.749	0.0000	1114.3333	2981.6667	
217	1398.800	64.7304	1609.3333	3532.3335	
218	1403.843	187.0446	1248.3334	3259.3335	
219	1408.878	418.6927	1925.6667	4134.0000	
220	1413.906	727.6741	1216.6666	3699.6665	
221	1418.925	1086.6060	1599.6667	4420.0000	
222	1423.937	1372.8719	1211.0000	4296.0000	
223	1428.940	1878.8043	1587.0000	5156.3335	
224	1433.936	2379.6746	1333.6667	5366.3335	
225	1438.924	2706.5127	1658.6667	5982.0000	
226	1443.904	3058.3518	1269.0000	5908.0000	
227	1448.876	3555.5239	1773.6665	6873.6670	
228	1453.840	3979.6960	1076.6666	6564.6670	
229	1458.796	4398.7354	1723.0000	7561.3330	
230	1463.744	3409.1082	1127.6666	5907.6665	
231	1468.685	2137.4807	1665.0000	5104.6665	
232	1473.617	1249.5190	1069.0000	3552.0000	
233	1478.541	769.1287	1486.6667	3429.3335	
234	1483.457	456.0716	933.6667	2503.3333	
235	1488.365	288.0144	1529.6667	2871.3335	
236	1493.265	237.6241	893.0000	2124.3335	
237	1498.157	182.5313	1610.0000	2738.3335	
238	1503.041	182.4532	968.0000	2055.0000	
239	1507.917	181.3763	1506.6666	2558.6667	
240	1512.785	136.2991	793.3334	1739.3335	
241	1517.645	147.5553	1314.3334	2284.6665	
242	1522.496	181.4783	1135.3334	2059.0000	
243	1527.340	226.4014	1851.0000	2812.3335	
244	1532.175	278.4909	1185.0000	2162.3335	
245	1537.002	278.7505	1820.6667	2781.0000	
246	1541.822	283.7355	1146.3334	2165.3333	
247	1546.633	273.8040	1777.3335	2846.3333	
248	1551.435	239.2898	1237.0000	2225.6667	
249	1556.230	225.9573	1799.6667	2897.3333	
250	1561.016	168.2074	1245.3334	2352.6667	
251	1565.795	237.1253	1680.3333	2924.0000	
252	1570.565	224.0429	1447.3334	2745.3333	
253	1575.327	217.7478	1737.6667	3123.3335	
254	1580.080	204.4523	1276.3334	2742.6665	
255	1584.825	326.4908	1795.0000	3477.3335	
256	1589.562	276.5292	1128.6666	2855.0000	
257	1594.291	272.5674	1644.3335	3460.6665	
258	1599.012	269.6057	1076.6667	2984.0000	
259	1603.724	271.1127	1580.0000	3600.6670	
260	1608.428	236.2510	1348.3334	3411.3330	
261	1613.124	266.4129	1691.6667	3848.6670	
262	1617.811	313.9082	1665.6667	3934.0000	
263	1622.490	280.0691	1791.0000	4089.3335	
264	1627.161	332.2317	1324.3333	3738.6667	
265	1631.823	530.6587	1659.6666	4312.0000	
266	1636.477	914.5190	1059.6666	4115.6670	
267	1641.123	1612.2937	1978.6667	5754.3335	
268	1645.760	2157.0701	1124.3334	5466.6665	
269	1650.389	1679.6541	1722.3333	5552.3335	
270	1655.009	885.9038	1241.0000	4242.3330	
271	1659.621	592.4878	1756.0000	4429.0000	
272	1664.225	701.4045	1256.0000	4003.0000	
273	1668.820	1018.3213	1934.3333	4963.3330	
274	1673.406	1443.9055	1141.0000	4560.6670	
275	1677.985	1543.1555	1427.6667	4911.6665	
276	1682.554	1178.0721	1368.6667	4452.6665	
277	1687.116	718.7498	1565.6667	4111.3335	
278	1691.668	330.4270	1180.0000	3258.3335	
279	1696.213	309.4375	1761.6667	3740.0000	
280	1700.749	323.9201	1104.3334	3033.0000	
281	1705.276	540.2112	1668.6667	3698.0000	
282	1709.794	785.1714	978.3334	3137.0000	
283	1714.305	828.1292	1591.6667	3677.6665	
284	1718.806	462.7550	1035.6666	2640.6667	
285	1723.299	183.7388	1771.0000	3008.3335	
286	1727.784	62.7227	858.0000	1885.6665	
287	1732.260	135.9154	1462.0000	2464.6665	
288	1736.727	135.0829	1067.6666	1998.3333	
289	1741.186	145.9153	1493.0000	2363.3335	
290	1745.636	151.4151	783.0000	1587.6667	
291	1750.077	211.2482	1539.3333	2332.6667	
292	1754.510	262.7477	943.3334	1717.0000	
293	1758.934	257.5412	1583.6667	2321.3333	
294	1763.349	251.4173	598.6667	1273.6666	
295	1767.756	282.2108	1269.0000	1974.6667	
296	1772.154	296.9209	885.0000	1613.0000	
297	1776.544	251.9894	1299.6667	1929.6666	
298	1780.924	229.0581	520.3333	1117.6666	
299	1785.296	240.9600	1272.0000	1858.6667	
300	1789.659	262.4453	470.6667	1084.6666	
301	1794.014	271.9377	1181.6667	1781.6667	
302	1798.360	283.7935	848.6666	1493.0000	
303	1802.697	287.3992	1481.3333	2079.6667	
304	1807.025	294.1715	1038.3333	1672.6667	
305	1811.344	272.1939	1022.3333	1609.6667	
306	1815.655	242.3828	679.3334	1186.6666	
307	1819.957	249.1552	1296.3334	1864.3334	
308	1824.250	253.3850	595.3334	1135.6667	
309	1828.534	262.2487	1444.6667	1982.3333	
310	1832.809	270.1958	727.0000	1281.0000	
311	1837.076	269.8929	1124.3333	1657.3333	
312	1841.333	249.5067	726.6666	1231.3333	
313	1845.582	249.5437	827.3334	1309.3333	
314	1849.822	254.6642	882.3334	1436.6666	
315	1854.053	255.8680	1159.3333	1632.3333	
316	1858.275	269.9881	597.3333	1117.6667	
317	1862.488	279.9355	917.6667	1447.6666	
318	1866.692	278.9663	588.6666	1106.3334	
319	1870.888	286.0806	763.0000	1287.6667	
320	1875.074	266.1114	45.3333	533.3334	
321	1879.251	238.8921	880.3334	1334.0000	
322	1883.420	229.3840	180.0000	622.3334	
323	1887.579	236.1526	514.3333	958.0000	
324	1891.730	244.6715	106.3333	549.3334	
325	1895.871	256.5251	847.6667	1298.6667	
326	1900.004	263.4620	114.6667	561.3333	
327	1904.127	275.2948	791.0000	1269.3334	
328	1908.241	272.4191	207.0000	702.3333	
329	1912.347	265.3237	699.0000	1145.0000	
330	1916.443	256.7251	305.0000	789.3334	
331	1920.530	258.3764	644.0000	1059.6667	
332	1924.609	264.2775	138.0000	592.3334	
333	1928.678	271.1633	927.3334	1382.3333	
334	1932.738	276.7577	229.3333	729.3334	
335	1936.788	273.2687	682.6667	1127.3334	
336	1940.830	240.8214	187.0000	593.0000	
337	1944.863	288.0407	529.6666	976.6666	
338	1948.886	327.2599	312.6667	792.6666	
339	1952.901	277.4793	733.6667	1157.6667	
340	1956.906	274.3657	-12.6667	402.0000	
341	1960.902	249.6881	352.0000	726.0000	
342	1964.888	242.9273	166.6667	580.3333	
343	1968.866	200.7491	347.6667	673.0000	
344	1972.834	239.9624	-162.3333	193.0000	
345	1976.793	258.1591	273.0000	661.0000	
346	1980.743	263.6891	-267.3333	86.6667	
347	1984.684	262.3025	20.3333	388.6667	
348	1988.616	267.7487	-248.0000	101.0000	
349	1992.538	270.1056	435.6667	789.6666	
350	1996.451	273.1595	-312.3333	35.0000	
351	2000.354	254.7090	333.6667	663.3333	
352	2004.249	246.5919	-407.0000	-84.6667	
353	2008.134	249.4747	255.3333	544.6667	
354	2012.009	270.6909	-400.3333	-52.3333	
355	2015.876	266.2404	238.0000	582.3333	
356	2019.733	270.4570	-482.6667	-170.0000	
357	2023.580	287.7832	262.0000	625.0000	
358	2027.419	298.7760	-203.3333	167.0000	
359	2031.248	296.9356	1033.0000	1427.3334	
360	2035.067	267.4280	-301.3333	30.3333	
361	2038.878	265.7299	235.3333	563.3334	
362	2042.678	263.5318	-454.0000	-136.6667	
363	2046.470	265.5004	169.0000	511.6667	
364	2050.252	242.3435	-460.3333	-153.0000	
365	2054.024	234.7543	183.0000	485.6667	
366	2057.787	246.4982	-369.6667	-52.3333	
367	2061.541	244.4090	201.3333	534.0000	
368	2065.285	241.7363	-371.6667	-81.3333	
369	2069.020	240.2304	121.6667	454.0000	
370	2072.745	238.8078	-341.6667	-23.3333	
371	2076.461	263.5836	307.3333	645.6667	
372	2080.167	281.7239	-285.3333	11.0000	
373	2083.864	333.1921	866.3334	1273.6666	
374	2087.551	320.9105	690.6667	1083.0000	
375	2091.228	268.5662	73.3333	390.0000	
376	2094.896	271.2845	-345.3333	-24.6667	
377	2098.555	256.6606	220.0000	567.6666	
378	2102.204	256.9534	-185.3333	94.3333	
379	2105.843	260.1837	180.3333	510.0000	
380	2109.473	258.9348	-398.6667	-86.6667	
381	2113.093	220.4385	-658.3333	-387.3333	
382	2116.703	230.2756	-169.3333	109.0000	
383	2120.304	284.1128	173.3333	503.0000	
384	2123.895	275.6164	-606.3333	-287.6667	
385	2127.477	261.1176	97.6667	400.6667	
386	2131.049	261.6851	-473.6666	-159.0000	
387	2134.611	255.9191	70.6667	374.3333	
388	2138.163	244.8200	-391.6667	-99.6667	
389	2141.706	252.2115	278.0000	561.0000	
390	2145.239	259.3528	-468.6667	-150.0000	
391	2148.763	268.4942	195.0000	497.3333	
392	2152.276	277.3932	-620.6667	-301.6667	
393	2155.780	276.8096	40.3333	358.3333	
394	2159.275	271.0592	-300.3333	7.3333	
395	2162.759	256.5589	323.6667	596.0000	
396	2166.234	254.9745	-302.6667	9.3333	
397	2169.698	256.3911	123.0000	402.6667	
398	2173.154	267.0576	-447.0000	-146.6667	
399	2176.599	266.9533	163.0000	470.6666	
400	2180.034	266.3699	-205.0000	88.3333	
401	2183.460	267.7865	435.6667	750.0000	
402	2186.876	264.7238	-318.6667	-58.3333	
403	2190.282	260.5571	-64.0000	256.3333	
404	2193.678	265.2244	-386.6667	-112.3333	
405	2197.064	265.3005	232.3333	524.3333	
406	2200.440	240.3189	-396.6667	-123.3333	
407	2203.807	246.7020	205.6667	475.3333	
408	2207.164	253.2935	-361.3333	-70.6667	
409	2210.510	250.7461	298.3333	587.3333	
410	2213.847	258.3236	-442.3333	-144.0000	
411	2217.174	274.6928	264.6667	590.6666	
412	2220.491	272.4784	-376.3333	-55.0000	
413	2223.798	274.2571	309.6667	633.0000	
414	2227.094	266.5981	-467.3333	-167.6667	
415	2230.381	258.8557	375.0000	685.0000	
416	2233.658	256.5301	-596.6667	-296.6667	
417	2236.925	255.9544	200.6667	502.3333	
418	2240.182	260.0454	-547.6666	-236.6667	
419	2243.429	278.2198	-44.0000	323.6667	
420	2246.666	279.5611	-391.0000	-78.0000	
421	2249.893	278.8677	255.3333	589.6667	
422	2253.110	268.6744	-485.3333	-159.6667	
423	2256.317	246.3145	234.6667	538.6667	
424	2259.513	244.7042	-374.6667	-79.0000	
425	2262.700	257.9122	186.0000	502.0000	
426	2265.876	267.9535	-149.3333	147.3333	
427	2269.043	288.6711	285.6667	638.3334	
428	2272.199	269.1194	-348.6667	-17.0000	
429	2275.345	256.2521	169.0000	454.6666	
430	2278.481	257.0515	-342.6667	-13.3333	
431	2281.607	247.7675	308.6667	634.0000	
432	2284.723	227.6501	-403.0000	-116.0000	
433	2287.828	242.7829	191.3333	492.6667	
434	2290.924	262.2167	-401.6667	-71.6667	
435	2294.009	263.1762	186.0000	492.6666	
436	2297.083	276.9488	-585.0000	-278.0000	
437	2300.148	307.8519	256.0000	611.0000	
438	2303.203	275.8175	-492.0000	-169.0000	
439	2306.247	267.7831	-19.3333	286.6667	
440	2309.281	267.7491	-582.3333	-263.3333	
441	2312.305	264.9134	334.6667	656.0000	
442	2315.318	254.7443	-296.0000	5.6667	
443	2318.322	246.2419	140.0000	433.0000	
444	2321.314	249.6552	-501.6667	-228.6667	
445	2324.297	256.7911	327.3333	643.6666	
446	2327.269	257.7603	-500.3333	-197.6667	
447	2330.231	273.9796	201.0000	518.6667	
448	2333.183	285.6906	-439.3334	-102.3333	
449	2336.124	265.3025	-22.3333	294.3333	
450	2339.055	260.1435	-391.6667	-78.3333	
451	2341.976	260.0888	405.0000	722.0000	
452	2344.886	251.3057	-593.6666	-292.6667	
453	2347.786	248.6576	299.0000	626.6666	
454	2350.675	247.6968	-412.6667	-147.0000	
455	2353.554	255.3473	157.6667	466.6667	
456	2356.423	257.5260	-480.6667	-174.6667	
457	2359.281	260.0917	228.6667	546.0000	
458	2362.128	262.6574	-292.6667	-11.0000	
459	2364.966	265.8897	158.3333	467.3333	
460	2367.792	264.9548	-266.0000	55.0000	
461	2370.609	268.0157	109.6667	371.0000	
462	2373.415	273.3266	-276.0000	35.3333	
463	2376.210	280.2209	282.0000	582.0000	
464	2378.995	285.1984	-427.3333	-127.6667	
465	2381.769	247.8427	91.0000	348.0000	
466	2384.533	248.4870	-329.6667	-77.3333	
467	2387.286	255.2979	243.3333	488.0000	
468	2390.029	268.1095	-544.6667	-283.3333	
469	2392.760	263.2930	176.6667	454.6666	
470	2395.482	263.6982	-342.0000	-116.0000	
471	2398.193	267.1868	304.6667	584.6666	
472	2400.893	267.7375	-618.0000	-368.3333	
473	2403.583	260.1747	211.3333	490.0000	
474	2406.262	251.5910	-424.6667	-196.0000	
475	2408.931	240.0073	354.6667	585.6667	
476	2411.589	235.7454	-371.0000	-160.6667	
477	2414.236	251.9315	326.0000	553.3333	
478	2416.872	277.1177	-457.3333	-204.0000	
479	2419.498	289.9705	67.0000	334.0000	
480	2422.113	285.2400	-442.0000	-157.0000	
481	2424.718	264.0095	204.3333	447.0000	
482	2427.312	278.1956	-503.0000	-245.3333	
483	2429.895	296.7151	170.3333	447.3333	
484	2432.467	284.4849	946.0000	1250.0000	
485	2435.029	245.8597	228.0000	451.6667	
486	2437.580	235.1510	-685.0000	-475.3333	
487	2440.120	247.7758	89.0000	308.0000	
488	2442.649	254.5676	-429.3333	-206.6667	
489	2445.167	257.8696	49.6667	261.6667	
490	2447.675	266.5267	-548.6667	-312.3333	
491	2450.172	262.5677	366.3333	613.3333	
492	2452.658	240.2754	-375.0000	-171.0000	
493	2455.134	265.8712	269.0000	499.0000	
494	2457.598	266.8836	-619.0000	-383.3333	
495	2460.052	269.5628	259.3333	464.3333	
496	2462.495	273.5752	-367.6667	-112.6667	
497	2464.927	279.9210	396.3333	638.6667	
498	2467.348	279.5168	-465.3333	-212.0000	
499	2469.758	265.4459	432.3334	664.3334	
500	2472.157	239.7084	-354.0000	-147.3333	
501	2474.546	221.0360	3.3333	190.0000	
502	2476.923	255.3635	-477.3333	-257.6667	
503	2479.290	263.6910	220.6667	447.3333	
504	2481.645	302.0185	-400.6667	-137.0000	
505	2483.990	268.0128	207.6667	436.0000	
506	2486.323	264.0070	-396.3333	-172.3333	
507	2488.646	265.3345	208.0000	441.6667	
508	2490.958	249.6620	-622.3334	-416.3333	
509	2493.258	256.2396	239.3333	437.3333	
510	2495.548	289.6504	-291.3333	-48.0000	
511	2497.827	245.3112	-83.3333	114.3333	
