resultName	chilca1-19
resultName	chilca1-19
ID	RS20191205110059_P19331194
Command	SCANANDSEARCH
User	Admin
Application	_Analyze
SerialNumber	P19331194
Power	280
Integration	900
Averages	3
AutoExposure	Off
AutoCollect	Off
QuickCollect	Off
AutoBackground	On
BaselineCorrection	On
Algorithm	Wavelet
Searched Library	All,None,None,None
MixtureComponents	2
matchThreshold	0.75
displayMatches	1
Threshold	0.80
WL Start	
WL End	
ServerVersion	3.180316
FirmwareVersion	
date	2019-12-05
time	11:00:59
scanindex	0
specpath	RS20191205110059_P19331194.xml
Search Range	200 - 2500
Synced	false
lastCalDateTime	2019-12-05 09:53:08
lastCalUser	Admin
lastCalResult	PASS
lastVerifyDateTime	2019-10-16 15:05:37
lastVerifyUser	Admin
lastVerifyResult	PASS
selectedMaterial	
result	No Match
ValidationGUID	
ValidationMatchQuality	
topMatch	
topMatchGUID	
topMatchQuality	
secondMatch	
secondMatchGUID	
secondMatchQuality	
thirdMatch	
thirdMatchGUID	
thirdMatchQuality	
fourthMatch	
fourthMatchGUID	
fourthMatchQuality	
fifthMatch	
fifthMatchGUID	
fifthMatchQuality	
signedBy	
signedDateTime	
softwareVer	1.7.0.21
memo	
batchID	
inBatch	false
batchUID	
batchCID1	
batchCIDlbl1	
batchCID2	
batchCIDlbl2	
batchCID3	
batchCIDlbl3	
batchCID4	
batchCIDlbl4	
batchCID5	
batchCIDlbl5	
signedTitle	
signedReason	
rescanned	
barcode	
topMatchContribs	
secondMatchContribs	
thirdMatchContribs	
fourthMatchContribs	
fifthMatchContribs	
ValidationMatchContribs	
Threat	
PrecursorList	
CompundName	
WindowStart4C	
MatchLibrary	
lastModified	2019/12/05 11:01
Signal2Noise	85.34
Detector TEC SetPoint	0x8000
Detector Temp	4.98
Laser Temp	25.38
OE1 Temp	35.03
OE2 Temp	38.06
Detector Gain	200
SaturationDetected	false
InterpolatedPixelList	
PeakList	 304.6	1042	329.4	788	428.2	763	524.7	656	559.6	835	651.3	919	667.8	869	759.8	3628	797.2	1317	886.5	649	1077.6	695	1157.8	837	1296.9	927	1305.3	823	1376.8	1665	1439.8	5696	1564.8	1393	1614.6	1520	1645.0	4461	1676.5	3781
index	Raman Shift (cm-1)	Y value (counts)	background (counts)	raw value (counts)
0	137.714	282.8085	9378.3330	12951.0000	
1	144.215	232.7648	10074.6670	13487.3340	
2	150.711	201.3859	10474.0000	13745.3320	
3	157.202	244.0103	10726.3340	13930.3340	
4	163.686	405.6335	10443.6670	13699.3340	
5	170.165	444.5899	11492.3330	14677.0000	
6	176.638	529.2120	11104.3330	14263.6660	
7	183.106	454.1693	11151.3330	14125.6670	
8	189.567	383.7916	10543.6660	13337.6660	
9	196.023	396.7479	11676.0000	14373.0000	
10	202.474	289.7050	11436.3330	13916.3340	
11	208.918	231.9933	12145.6670	14458.0000	
12	215.357	277.6167	11380.0000	13628.0000	
13	221.790	172.7432	12140.3330	14222.6660	
14	228.217	151.4393	12041.0000	14027.3340	
15	234.638	152.4613	12445.0000	14429.6660	
16	241.054	149.1520	10968.6670	12947.3340	
17	247.464	260.5090	11686.0000	13773.3340	
18	253.868	360.1979	10745.3330	12929.6660	
19	260.266	353.5549	11653.3340	13828.3340	
20	266.658	225.9118	10205.0000	12249.6670	
21	273.044	230.6545	11910.3330	13977.0000	
22	279.425	111.0633	11188.6670	13153.0000	
23	285.799	193.1401	10936.3330	13000.0000	
24	292.168	612.2150	10326.6670	12826.6660	
25	298.531	763.7921	10474.0000	13154.3340	
26	304.888	1042.0334	10078.6670	13066.0000	
27	311.239	773.9427	11223.0000	13971.0000	
28	317.584	526.1001	9727.6660	12274.0000	
29	323.923	753.2665	10188.6670	12909.3330	
30	330.256	788.4347	9881.6660	12584.6660	
31	336.583	521.6019	10385.6670	12769.0000	
32	342.905	430.7692	10200.3340	12440.0000	
33	349.220	389.6044	9912.6670	12058.3340	
34	355.529	293.7718	8691.0000	10688.0000	
35	361.833	340.2880	10654.3330	12628.3340	
36	368.130	239.0540	8642.6670	10462.0000	
37	374.421	103.7308	8996.3330	10649.0000	
38	380.707	171.7405	9312.6660	11002.0000	
39	386.986	242.7494	9482.0000	11211.0000	
40	393.259	303.7579	7821.6670	9580.3330	
41	399.526	299.5196	9054.3330	10786.6670	
42	405.787	107.6127	7891.3335	9409.6670	
43	412.042	79.7069	5670.3330	7138.6670	
44	418.291	280.4661	6590.3335	8237.3330	
45	424.534	762.7904	6469.0000	8593.3330	
46	430.771	718.4480	4859.0000	6934.0000	
47	437.001	579.4387	3312.0000	5243.0000	
48	443.226	429.7630	3159.6665	4936.0000	
49	449.444	323.2336	5143.6665	6823.3330	
50	455.656	266.8036	3317.0000	4948.3335	
51	461.862	211.7061	3087.6667	4672.0000	
52	468.062	177.2757	2937.0000	4495.0000	
53	474.256	221.1649	4313.6665	5931.3335	
54	480.443	330.0534	2400.0000	4142.3335	
55	486.624	561.9420	1495.6666	3485.6667	
56	492.800	566.2941	2709.6667	4702.6670	
57	498.968	596.7831	3549.3335	5556.6670	
58	505.131	327.6057	3279.0000	5001.0000	
59	511.288	168.4285	1824.6667	3371.3335	
60	517.438	317.2510	2500.3333	4179.6665	
61	523.582	655.5456	3167.6670	5139.0000	
62	529.719	364.8408	1952.6667	3587.0000	
63	535.851	315.2192	2847.3333	4367.6670	
64	541.976	344.9307	1653.3335	3212.3330	
65	548.095	406.9129	3344.6665	4784.6670	
66	554.207	483.6866	5245.6665	6813.6660	
67	560.313	835.3154	5783.6665	7657.0000	
68	566.413	621.6102	3859.0000	5472.3335	
69	572.507	197.0568	2732.6665	3888.6665	
70	578.594	38.6079	1051.3334	2029.3333	
71	584.675	62.3781	938.0000	1917.3333	
72	590.749	130.4815	1494.3334	2519.3333	
73	596.817	241.3823	3342.3335	4473.6670	
74	602.879	225.6158	3924.6667	5035.6665	
75	608.935	252.6626	3860.6665	4856.3335	
76	614.983	309.4174	4180.6665	5366.3335	
77	621.026	371.6048	4348.3330	5685.0000	
78	627.062	355.8194	3608.3335	4782.3335	
79	633.092	395.2007	3157.0000	4462.6665	
80	639.115	665.4155	3099.6667	4691.3335	
81	645.132	816.2969	4171.3335	5929.6670	
82	651.142	918.8446	3002.0000	4878.6665	
83	657.146	822.7263	1789.3335	3549.0000	
84	663.143	726.7535	1559.0001	3349.6670	
85	669.134	869.1541	1809.6667	3641.3330	
86	675.118	510.2842	761.3334	2101.3333	
87	681.096	537.1644	1563.3333	2931.3333	
88	687.068	362.1277	2516.0000	3760.0000	
89	693.032	349.5430	2654.0000	3818.0000	
90	698.991	349.0417	1316.0000	2612.3335	
91	704.942	325.1955	2203.0000	3426.3330	
92	710.888	297.1254	2089.6665	3285.0000	
93	716.826	187.6407	1937.3333	3069.6665	
94	722.758	90.8231	2115.3333	3197.3330	
95	728.683	70.6722	2066.6667	3113.0000	
96	734.602	88.5215	2037.3333	3210.0000	
97	740.514	190.0376	2866.0000	4186.6670	
98	746.420	578.3208	2661.0000	4401.3330	
99	752.319	1627.1184	3744.3335	6581.0000	
100	758.211	3627.9155	2480.3333	7365.3330	
101	764.097	3040.1904	3634.0000	7965.0000	
102	769.976	1235.7990	2772.3333	5332.6670	
103	775.848	658.4072	3160.0000	5176.6670	
104	781.714	715.0158	2868.6665	4975.6670	
105	787.573	1075.3029	3662.6665	6150.0000	
106	793.425	1113.9241	3427.3330	5973.3335	
107	799.271	1316.5443	4163.6665	6932.3330	
108	805.109	807.8311	3403.6670	5683.6665	
109	810.942	401.7467	3875.0000	5738.6665	
110	816.767	210.7458	2958.3333	4560.0000	
111	822.586	140.1611	3598.0000	5251.6670	
112	828.397	83.1612	3177.0000	4707.6665	
113	834.202	106.0347	3813.3335	5353.6665	
114	840.001	320.5754	3384.0000	5125.6670	
115	845.792	516.7817	3934.0000	5858.6665	
116	851.577	380.9884	3504.6667	5280.3330	
117	857.355	270.3609	3996.3335	5675.0000	
118	863.126	189.7335	3811.6665	5423.3335	
119	868.890	232.6502	3868.0000	5520.0000	
120	874.648	311.0052	3009.3335	4751.6665	
121	880.398	503.3450	3390.6665	5326.6670	
122	886.142	648.6835	3109.3335	5192.0000	
123	891.879	648.3564	3763.6665	5847.3335	
124	897.609	308.6952	3533.3335	5278.6665	
125	903.332	204.5175	3010.6665	4645.3335	
126	909.048	234.3389	2747.0000	4405.0000	
127	914.757	461.4944	3481.0000	5359.6670	
128	920.459	538.3163	2556.6665	4505.6670	
129	926.155	412.8039	3291.6667	5108.6665	
130	931.843	235.6259	2233.3333	3866.6665	
131	937.525	158.1143	2670.3333	4219.6665	
132	943.199	293.2692	2289.0000	3967.0000	
133	948.867	357.0547	2680.3333	4433.3335	
134	954.528	514.1586	1927.0000	3839.0000	
135	960.181	472.9294	2494.3333	4367.0000	
136	965.828	155.0342	2261.3333	3818.0000	
137	971.468	175.7103	2386.6667	3966.3335	
138	977.100	232.8447	1379.3334	3060.3333	
139	982.726	230.5210	1957.3333	3591.6670	
140	988.344	266.5956	1996.3333	3588.3335	
141	993.956	337.3760	2030.6667	3769.3335	
142	999.560	360.6567	1688.3333	3455.0000	
143	1005.158	354.2707	2264.3333	4009.3335	
144	1010.748	402.5515	1622.3333	3445.3335	
145	1016.331	417.4985	2018.3334	3862.6667	
146	1021.907	299.7794	1914.3333	3647.3335	
147	1027.476	290.3931	2035.0000	3765.0000	
148	1033.038	255.3411	1649.3333	3350.6670	
149	1038.593	254.0195	2017.6665	3702.3330	
150	1044.141	265.5732	1536.3333	3221.3335	
151	1049.681	271.5015	1819.6667	3522.6665	
152	1055.215	258.8878	1106.3334	2765.0000	
153	1060.741	260.2285	1921.0000	3478.6665	
154	1066.260	303.7622	1612.0000	3309.0000	
155	1071.772	463.2179	1911.6667	3750.0000	
156	1077.276	695.0067	1657.0000	3709.0000	
157	1082.774	608.8462	2031.3335	3988.0000	
158	1088.264	311.6862	1209.0000	2859.3335	
159	1093.747	144.1922	2122.0000	3595.6665	
160	1099.223	216.0322	2078.6665	3615.0000	
161	1104.691	354.8135	2469.6667	4188.0000	
162	1110.152	348.0215	2003.0000	3679.0000	
163	1115.606	344.7295	2693.3335	4373.0000	
164	1121.053	214.6880	2098.3335	3620.6670	
165	1126.493	204.3692	2777.6667	4268.6665	
166	1131.925	229.0505	2361.3335	3890.3330	
167	1137.349	225.3153	2988.6667	4509.3335	
168	1142.767	313.4146	2176.3333	3812.3335	
169	1148.177	521.1987	3007.6665	4876.0000	
170	1153.580	755.9828	2731.6667	4859.3335	
171	1158.975	837.4338	3204.0000	5437.6670	
172	1164.364	464.2177	2778.0000	4663.0000	
173	1169.744	346.9867	3839.6670	5629.0000	
174	1175.118	237.9230	3362.3335	4992.6665	
175	1180.484	178.3125	4151.6670	5870.6670	
176	1185.843	158.1534	3711.3330	5380.0000	
177	1191.194	157.4941	4151.3335	5850.0000	
178	1196.538	217.3355	3951.3330	5730.0000	
179	1201.874	408.8429	4471.3335	6461.6670	
180	1207.203	467.3503	3873.6665	5942.6665	
181	1212.525	414.6349	4698.0000	6738.6660	
182	1217.839	441.6036	4305.3335	6381.3330	
183	1223.145	542.6683	4900.6670	7101.6665	
184	1228.444	539.0671	4519.0000	6740.3340	
185	1233.736	418.0591	5325.3335	7453.3330	
186	1239.020	333.7187	5062.0000	7133.3330	
187	1244.297	245.7127	5382.6665	7393.6670	
188	1249.566	241.0381	5158.0000	7192.0000	
189	1254.828	291.4922	6243.3330	8371.0000	
190	1260.082	119.6112	5784.6665	7783.6660	
191	1265.328	228.0652	6579.3335	8730.0000	
192	1270.567	331.5183	6387.0000	8684.3330	
193	1275.799	449.3048	7102.0000	9560.3330	
194	1281.022	382.7589	6520.3330	8955.3330	
195	1286.239	633.8794	7360.0000	10089.3340	
196	1291.448	893.8870	6838.0000	9887.6670	
197	1296.649	927.3145	7815.6670	10902.0000	
198	1301.842	679.4096	7405.6670	10247.3330	
199	1307.028	822.5048	8327.0000	11315.0000	
200	1312.206	768.6011	7964.6660	10902.0000	
201	1317.377	293.6326	8434.6660	10875.6660	
202	1322.540	96.3325	8303.0000	10525.3340	
203	1327.695	479.7950	8889.0000	11456.3330	
204	1332.843	474.6486	8576.0000	11133.3340	
205	1337.982	262.0763	9522.0000	11895.6670	
206	1343.115	184.1708	8735.0000	11059.6670	
207	1348.239	151.5988	9789.6670	12110.6670	
208	1353.356	172.0262	9110.0000	11480.3330	
209	1358.465	315.4542	10437.3340	12980.0000	
210	1363.567	844.5487	9831.3340	12932.0000	
211	1368.660	1381.9764	10782.3330	14449.3320	
212	1373.746	1556.7389	10208.6670	14079.3340	
213	1378.824	1665.1932	11118.0000	15137.3320	
214	1383.894	1118.6512	10554.3330	14067.3340	
215	1388.957	399.4406	11615.6660	14449.6670	
216	1394.012	148.8959	10713.3330	13337.0000	
217	1399.059	28.1078	11738.0000	14271.3330	
218	1404.098	3.8170	11042.6660	13536.6660	
219	1409.129	289.1918	12167.3340	14931.6660	
220	1414.153	876.9032	11189.3330	14526.3340	
221	1419.169	1368.7526	12112.0000	15915.3340	
222	1424.176	1887.2690	11484.0000	15780.3340	
223	1429.176	3571.1177	12205.3340	18160.0000	
224	1434.168	5576.3975	11592.3330	19502.3340	
225	1439.153	5696.3193	12435.6660	20418.6680	
226	1444.129	5482.5713	11685.6670	19408.0000	
227	1449.097	5200.4937	12621.0000	20014.3340	
228	1454.058	4771.4136	11633.3340	18550.6660	
229	1459.011	3942.8354	12770.3340	18752.0000	
230	1463.955	2835.2554	11646.3330	16413.3320	
231	1468.892	2021.6777	12522.6660	16369.0000	
232	1473.821	1317.4327	11554.0000	14589.0000	
233	1478.742	773.7301	12373.3340	14770.0000	
234	1483.655	354.3610	11415.3340	13298.0000	
235	1488.559	275.9928	12513.6660	14223.3330	
236	1493.456	194.9572	11599.0000	13133.0000	
237	1498.345	233.8361	12785.3320	14294.6660	
238	1503.226	204.8467	11995.3330	13424.0000	
239	1508.099	106.9240	12469.3340	13760.6680	
240	1512.964	0.0000	9921.3330	11066.3330	
241	1517.821	98.0760	11829.0000	13032.6660	
242	1522.669	196.8188	12387.3340	13650.3320	
243	1527.510	233.4808	13800.6670	15087.6670	
244	1532.343	272.8908	12938.6660	14156.3340	
245	1537.167	279.4469	14003.3340	15276.6670	
246	1541.984	248.4972	13075.3320	14364.0000	
247	1546.792	277.8766	14126.3340	15490.6660	
248	1551.593	382.5924	13347.6670	14863.0000	
249	1556.385	664.4191	14524.3340	16400.6680	
250	1561.169	1261.9103	13596.6660	16149.6660	
251	1565.945	1393.0675	14535.3340	17298.6660	
252	1570.712	734.2267	14136.3340	16320.0000	
253	1575.472	388.3776	14712.3320	16615.6660	
254	1580.223	222.7780	13730.0000	15469.6680	
255	1584.967	157.2614	14658.3320	16466.6680	
256	1589.702	50.1593	13258.0000	15019.6660	
257	1594.429	20.5599	13580.3330	15299.3340	
258	1599.147	58.7916	12883.3340	14784.6660	
259	1603.858	377.0749	14624.3340	16934.6660	
260	1608.560	1247.9220	14086.6680	17311.3340	
261	1613.254	1519.5835	14957.6660	18525.0000	
262	1617.940	1183.5760	14664.0000	17966.3340	
263	1622.617	1237.2357	15042.0000	18469.0000	
264	1627.286	1858.5610	14064.0000	18183.3320	
265	1631.947	2794.7700	14525.0000	19622.0000	
266	1636.600	3384.0771	13459.0000	19160.3340	
267	1641.244	3979.0889	15056.0000	21371.0000	
268	1645.880	4460.7690	13775.0000	20590.3340	
269	1650.508	3284.2856	14966.0000	20508.3340	
270	1655.128	2145.1338	13686.0000	17992.6660	
271	1659.739	1901.9844	14906.0000	18873.0000	
272	1664.341	1841.5000	14232.6660	18042.6660	
273	1668.936	2323.0156	15244.0000	19439.0000	
274	1673.522	3133.5327	13923.0000	18832.0000	
275	1678.099	3781.0483	14146.3340	19606.3340	
276	1682.669	2211.8975	13823.0000	17617.3340	
277	1687.230	720.4948	14030.6670	16233.6660	
278	1691.782	317.4293	13780.6660	15480.6680	
279	1696.326	156.6935	15370.6660	16810.0000	
280	1700.862	117.0382	13598.0000	14915.3340	
281	1705.389	121.3502	14178.0000	15399.0000	
282	1709.908	143.2482	12919.0000	14056.3320	
283	1714.418	243.8947	14879.3340	16032.3340	
284	1718.920	259.9584	13266.6660	14324.3340	
285	1723.413	265.5204	13713.6680	14746.0000	
286	1727.898	253.2511	11372.6670	12319.0000	
287	1732.375	287.7524	13571.6670	14580.6660	
288	1736.842	286.9903	13182.6680	14151.6660	
289	1741.302	301.1863	13088.3340	14079.0000	
290	1745.753	302.1740	11553.0000	12431.6680	
291	1750.195	316.3693	13502.6660	14520.3320	
292	1754.629	295.3144	12574.3340	13489.6660	
293	1759.054	303.8809	12799.3340	13703.3340	
294	1763.471	267.1135	10403.3330	11250.6670	
295	1767.879	313.3460	12273.6660	13147.3340	
296	1772.278	434.2446	12682.3320	13657.0000	
297	1776.669	323.8402	11708.6670	12568.6660	
298	1781.051	307.1057	9948.0000	10787.0000	
299	1785.425	292.0363	10655.6670	11475.3330	
300	1789.790	261.9673	9809.0000	10594.3330	
301	1794.147	273.1579	10803.6670	11610.3340	
302	1798.494	292.0172	11506.0000	12388.3340	
303	1802.833	292.5436	12066.0000	12810.6660	
304	1807.164	296.9032	11624.0000	12475.0000	
305	1811.486	275.2625	10471.0000	11262.3330	
306	1815.799	246.9561	9347.3330	10106.0000	
307	1820.103	251.6489	10097.6660	10791.6670	
308	1824.399	304.5734	9346.0000	10138.0000	
309	1828.686	326.6899	10988.6670	11797.6660	
310	1832.964	322.4746	9987.3330	10837.6660	
311	1837.234	275.2587	9229.0000	9976.3330	
312	1841.495	244.7095	8941.6670	9653.3330	
313	1845.747	297.8020	9589.3330	10347.3330	
314	1849.990	404.8933	10377.0000	11235.3330	
315	1854.225	333.9859	10164.3330	10945.0000	
316	1858.451	316.0772	9114.0000	9870.0000	
317	1862.668	276.9011	8654.6670	9355.3340	
318	1866.876	273.0577	7770.6670	8451.3340	
319	1871.075	266.6308	6633.6670	7259.6670	
320	1875.266	282.7874	6199.3340	6872.3335	
321	1879.448	293.5272	7151.6670	7804.3335	
322	1883.620	280.8645	5009.6665	5649.3330	
323	1887.784	187.1381	4650.3335	5182.3335	
324	1891.940	248.4119	4924.3335	5503.6670	
325	1896.086	271.3052	6430.0000	7060.0000	
326	1900.223	283.1157	4855.0000	5408.0000	
327	1904.352	282.6758	7126.6670	7775.0000	
328	1908.471	287.5274	6647.3335	7275.6670	
329	1912.582	303.0409	6370.3340	6961.3330	
330	1916.684	309.3546	6224.3330	6881.0000	
331	1920.777	318.7937	5560.0000	6141.3330	
332	1924.861	315.3984	6043.3335	6707.3340	
333	1928.936	316.9442	6931.6665	7547.3340	
334	1933.002	305.9895	5890.0000	6520.0000	
335	1937.059	296.3060	4986.3335	5522.0000	
336	1941.107	309.2684	5395.3335	5963.6665	
337	1945.146	325.1267	6181.6665	6786.3330	
338	1949.176	305.4225	6062.0000	6591.6670	
339	1953.197	318.3847	5222.0000	5790.0000	
340	1957.209	234.0143	2570.3333	3008.0000	
341	1961.212	243.5422	3167.0000	3600.6667	
342	1965.206	296.0698	3496.3335	3969.0000	
343	1969.191	301.8749	3050.0000	3530.6665	
344	1973.167	305.9288	2114.0000	2613.3333	
345	1977.134	274.8228	1352.0000	1778.0000	
346	1981.092	237.7165	271.0000	647.3333	
347	1985.041	285.2769	1105.0000	1516.3334	
348	1988.980	323.5034	959.6666	1396.6666	
349	1992.911	313.8163	706.0000	1125.6667	
350	1996.832	286.1192	-71.6667	297.6667	
351	2000.744	284.1117	549.3333	902.6667	
352	2004.647	287.0210	-197.6667	172.3333	
353	2008.541	284.9095	351.0000	716.0000	
354	2012.426	279.0895	-295.3333	55.3333	
355	2016.301	288.8319	321.0000	669.6666	
356	2020.168	299.9086	-392.3333	-26.6667	
357	2024.025	306.5712	320.3333	692.0000	
358	2027.873	310.0044	-378.6667	-23.6667	
359	2031.712	314.7085	203.3333	593.6666	
360	2035.542	313.6424	-366.6667	-15.6667	
361	2039.362	298.0045	253.3333	625.6666	
362	2043.173	280.2831	-394.6667	-66.0000	
363	2046.975	281.5618	211.6667	542.3334	
364	2050.768	278.6662	-417.3333	-73.0000	
365	2054.551	285.8894	208.3333	566.3334	
366	2058.325	289.5085	-346.3333	-5.6667	
367	2062.090	290.5026	207.3333	564.0000	
368	2065.846	292.1425	-339.0000	14.3333	
369	2069.592	289.8657	196.0000	543.3334	
370	2073.329	276.4222	-281.6667	19.6667	
371	2077.056	294.5858	334.3333	689.0000	
372	2080.775	296.4663	-309.0000	16.6667	
373	2084.484	294.3842	198.3333	548.6667	
374	2088.183	294.3436	-246.6667	73.6667	
375	2091.873	293.8864	33.6667	366.6667	
376	2095.554	288.0124	-276.0000	51.3333	
377	2099.226	282.0902	270.6667	593.0000	
378	2102.887	277.9181	-141.0000	155.3333	
379	2106.540	284.7460	226.0000	560.6666	
380	2110.183	296.7388	-403.6667	-80.6667	
381	2113.817	312.1654	-697.6667	-344.3333	
382	2117.442	308.6753	-160.6667	187.3333	
383	2121.056	289.1851	208.0000	534.6666	
384	2124.662	300.2783	-533.0000	-221.3333	
385	2128.258	286.6259	134.0000	513.0000	
386	2131.844	293.1443	-402.6667	-76.3333	
387	2135.421	295.5792	111.3333	440.0000	
388	2138.989	285.5160	-335.3333	-7.3333	
389	2142.547	252.4051	311.0000	606.3333	
390	2146.095	252.2941	-408.6666	-113.0000	
391	2149.635	298.5165	257.3333	599.6667	
392	2153.164	314.7002	-592.3333	-249.3333	
393	2156.684	309.6850	90.6667	429.3333	
394	2160.194	299.6698	-271.6667	57.6667	
395	2163.695	281.8213	351.0000	650.3333	
396	2167.186	284.1408	-244.6667	79.3333	
397	2170.668	286.0080	160.0000	456.0000	
398	2174.140	314.0418	-402.0000	-60.6667	
399	2177.603	300.9089	184.3333	547.6667	
400	2181.055	272.7761	-166.6667	129.6667	
401	2184.499	282.6433	455.6667	760.0000	
402	2187.932	295.6770	-322.3333	13.3333	
403	2191.356	297.0442	-12.0000	296.6667	
404	2194.770	296.6184	-370.0000	-56.6667	
405	2198.175	297.1628	269.3333	603.6667	
406	2201.570	280.7348	-370.3333	-64.0000	
407	2204.955	285.2649	248.0000	548.6667	
408	2208.331	289.7321	-321.3333	22.6667	
409	2211.697	294.3265	357.6667	688.3334	
410	2215.053	290.8375	-400.6667	-68.6667	
411	2218.399	288.5984	285.0000	613.0000	
412	2221.736	286.3580	-352.3333	-13.3333	
413	2225.063	300.5130	335.6667	665.0000	
414	2228.380	299.8066	-597.0000	-260.6667	
415	2231.688	290.4335	206.6667	530.0000	
416	2234.985	269.7271	-557.0000	-253.6667	
417	2238.273	287.0207	219.0000	540.3333	
418	2241.552	297.6477	-476.0000	-137.6667	
419	2244.820	290.8579	36.3333	342.0000	
420	2248.078	284.4863	-367.3333	-2.0000	
421	2251.327	286.3204	293.0000	590.0000	
422	2254.566	305.0503	-406.6667	-91.0000	
423	2257.795	326.4052	237.6667	595.0000	
424	2261.014	328.2396	-335.6667	21.6667	
425	2264.223	323.9350	240.6667	591.6666	
426	2267.423	302.2970	-68.6667	246.6667	
427	2270.612	282.0516	357.0000	696.0000	
428	2273.792	285.1801	-294.0000	10.0000	
429	2276.962	284.4521	189.0000	515.0000	
430	2280.122	278.5573	-313.6667	38.3333	
431	2283.271	239.6209	410.6667	688.0000	
432	2286.411	269.0179	-367.3333	-60.0000	
433	2289.542	289.4149	212.6667	541.0000	
434	2292.662	305.9438	-341.6667	-12.0000	
435	2295.772	313.5774	217.6667	584.6666	
436	2298.872	311.3772	-562.3334	-241.3333	
437	2301.962	307.1189	293.0000	633.3334	
438	2305.042	296.6523	-399.3333	-55.3333	
439	2308.113	273.4980	38.3333	344.6667	
440	2311.173	271.2599	-525.6666	-220.0000	
441	2314.223	279.5587	430.0000	734.3334	
442	2317.263	285.3574	-171.3333	164.0000	
443	2320.293	284.4894	205.3333	519.3333	
444	2323.313	294.4543	-500.6666	-168.3333	
445	2326.323	303.2692	357.3333	695.0000	
446	2329.323	303.5006	-427.0000	-94.3333	
447	2332.313	303.2322	270.0000	624.3333	
448	2335.293	286.8344	-343.6667	-18.0000	
449	2338.262	283.5248	47.6667	376.6667	
450	2341.222	285.8819	-317.3333	6.6667	
451	2344.172	288.1556	456.3333	788.3333	
452	2347.111	288.6798	-561.6666	-235.6667	
453	2350.040	270.8011	409.3333	672.6667	
454	2352.959	272.6724	-375.3333	-49.6667	
455	2355.868	302.7423	271.3333	593.0000	
456	2358.767	302.6306	-355.0000	-17.3333	
457	2361.655	300.9911	358.0000	681.0000	
458	2364.534	294.3518	-238.3333	75.0000	
459	2367.402	296.7124	256.6667	574.3333	
460	2370.260	293.8223	-108.0000	186.0000	
461	2373.107	298.4006	245.0000	569.0000	
462	2375.945	293.5622	-170.3333	129.0000	
463	2378.772	289.1822	416.3333	710.6666	
464	2381.589	293.7605	-218.0000	94.6667	
465	2384.396	280.6305	172.0000	444.6666	
466	2387.192	272.5422	-273.6667	-13.6667	
467	2389.979	288.4539	323.0000	594.3334	
468	2392.755	322.3663	-437.3333	-136.6667	
469	2395.520	300.7475	376.0000	666.6666	
470	2398.276	288.4086	-127.0000	147.0000	
471	2401.021	293.6532	517.3333	790.3334	
472	2403.755	297.9810	-576.0000	-288.3333	
473	2406.479	291.3350	275.3333	540.3333	
474	2409.194	293.6058	-383.0000	-119.0000	
475	2411.897	285.8766	443.0000	696.0000	
476	2414.591	275.8480	-285.3333	-61.3333	
477	2417.273	279.4243	388.6666	615.3333	
478	2419.946	296.2505	-358.3333	-101.6667	
479	2422.608	297.3269	205.6667	435.3333	
480	2425.260	295.8198	-337.3333	-80.0000	
481	2427.901	286.0627	289.6667	517.0000	
482	2430.532	290.0556	-439.3333	-192.3333	
483	2433.152	294.7362	267.6667	454.6667	
484	2435.762	295.6457	1184.3333	1454.0000	
485	2438.362	305.2069	318.6667	556.6667	
486	2440.951	307.7890	-611.6666	-368.6667	
487	2443.530	290.2045	172.3333	395.6667	
488	2446.098	291.2031	-374.6667	-173.0000	
489	2448.655	291.9754	61.3333	305.6667	
490	2451.202	277.5926	-467.3333	-249.6667	
491	2453.739	286.8630	419.0000	639.3334	
492	2456.265	298.3834	-326.3333	-88.3333	
493	2458.781	296.7168	337.6667	596.6666	
494	2461.286	291.3001	-520.0000	-306.3333	
495	2463.780	287.6335	292.6667	518.6667	
496	2466.264	294.0085	-286.6667	-79.0000	
497	2468.737	306.8835	445.3333	681.0000	
498	2471.200	296.0502	-366.0000	-128.0000	
499	2473.652	291.0502	506.3333	704.6667	
500	2476.094	286.2168	-259.0000	-40.3333	
501	2478.525	284.1418	99.0000	306.0000	
502	2480.945	284.3170	-380.3333	-170.3333	
503	2483.354	269.5754	329.0000	516.6666	
504	2485.754	269.6671	-360.6667	-143.6667	
505	2488.142	270.2589	244.0000	389.6667	
506	2490.520	289.2673	-346.6667	-138.6667	
507	2492.887	326.1924	262.6667	507.0000	
508	2495.243	295.4508	-550.0000	-337.0000	
509	2497.589	295.4800	290.6667	491.3333	
510	2499.924	305.3009	-184.0000	37.6667	
511	2502.248	289.2260	3.0000	208.0000	
