resultName	chilca1-39
resultName	chilca1-39
ID	RS20191213124644_P19331194
Command	SCANANDSEARCH
User	Admin
Application	_Analyze
SerialNumber	P19331194
Power	280
Integration	900
Averages	3
AutoExposure	Off
AutoCollect	Off
QuickCollect	Off
AutoBackground	On
BaselineCorrection	On
Algorithm	Wavelet
Searched Library	All,None,None,None
MixtureComponents	2
matchThreshold	0.75
displayMatches	1
Threshold	0.80
WL Start	
WL End	
ServerVersion	3.180316
FirmwareVersion	
date	2019-12-13
time	12:46:44
scanindex	0
specpath	RS20191213124644_P19331194.xml
Search Range	200 - 2500
Synced	false
lastCalDateTime	2019-12-13 10:05:29
lastCalUser	Admin
lastCalResult	PASS
lastVerifyDateTime	2019-10-16 15:05:37
lastVerifyUser	Admin
lastVerifyResult	PASS
selectedMaterial	
result	No Match
ValidationGUID	
ValidationMatchQuality	
topMatch	
topMatchGUID	
topMatchQuality	
secondMatch	
secondMatchGUID	
secondMatchQuality	
thirdMatch	
thirdMatchGUID	
thirdMatchQuality	
fourthMatch	
fourthMatchGUID	
fourthMatchQuality	
fifthMatch	
fifthMatchGUID	
fifthMatchQuality	
signedBy	
signedDateTime	
softwareVer	1.7.0.21
memo	
batchID	
inBatch	false
batchUID	
batchCID1	
batchCIDlbl1	
batchCID2	
batchCIDlbl2	
batchCID3	
batchCIDlbl3	
batchCID4	
batchCIDlbl4	
batchCID5	
batchCIDlbl5	
signedTitle	
signedReason	
rescanned	
barcode	
topMatchContribs	
secondMatchContribs	
thirdMatchContribs	
fourthMatchContribs	
fifthMatchContribs	
ValidationMatchContribs	
Threat	
PrecursorList	
CompundName	
WindowStart4C	
MatchLibrary	
lastModified	2019/12/13 12:48
Signal2Noise	51.51
Detector TEC SetPoint	0x8000
Detector Temp	5.04
Laser Temp	25.38
OE1 Temp	36.03
OE2 Temp	40.19
Detector Gain	200
SaturationDetected	false
InterpolatedPixelList	
PeakList	 305.3	763	329.6	613	431.6	538	489.9	517	525.2	528	560.6	652	652.2	704	667.8	591	760.6	2766	797.9	933	890.4	502	1078.4	562	1158.5	697	1228.0	554	1293.2	709	1305.8	654	1377.3	1400	1440.1	4688	1565.2	1178	1614.8	1243	1645.2	3634	1676.8	3093
index	Raman Shift (cm-1)	Y value (counts)	background (counts)	raw value (counts)
0	137.589	206.7656	9378.3330	12207.0000	
1	144.103	206.8134	10073.6660	12820.0000	
2	150.611	145.8602	10744.0000	13347.0000	
3	157.114	192.2409	10741.3340	13308.3340	
4	163.610	241.9547	10291.6670	12826.0000	
5	170.101	320.6685	11386.0000	13916.6660	
6	176.586	342.3832	11015.0000	13485.0000	
7	183.065	310.7640	10538.3330	12894.3330	
8	189.538	297.8118	10307.3330	12568.0000	
9	196.005	261.5247	11601.6670	13743.6660	
10	202.467	282.5743	11409.0000	13489.6680	
11	208.922	194.2870	11683.3340	13593.3340	
12	215.372	164.3339	11022.3340	12820.0000	
13	221.815	190.4108	11548.0000	13321.6670	
14	228.253	111.3504	12076.0000	13711.3340	
15	234.685	128.0097	12148.6670	13797.0000	
16	241.111	101.3370	10213.0000	11831.0000	
17	247.531	193.3303	11209.6670	12916.0000	
18	253.945	227.6577	10000.0000	11737.0000	
19	260.353	289.6520	10706.0000	12501.3340	
20	266.755	234.9783	8980.0000	10717.0000	
21	273.151	145.6729	11318.3330	12982.6660	
22	279.541	12.0344	10462.0000	12009.3330	
23	285.925	236.7290	9576.6670	11365.3330	
24	292.303	444.7583	8982.6660	10996.0000	
25	298.675	608.4029	8544.6670	10744.0000	
26	305.041	762.7145	8567.3340	10943.3330	
27	311.401	726.3608	9640.0000	12002.0000	
28	317.754	456.2166	7874.6670	10000.3330	
29	324.102	547.4210	8151.6670	10326.3340	
30	330.444	613.2902	8134.0000	10332.3330	
31	336.780	420.8265	8422.0000	10385.6660	
32	343.109	359.3638	8465.6670	10325.6670	
33	349.433	284.5672	7630.3330	9373.3330	
34	355.750	281.1035	6302.3340	7999.6670	
35	362.061	307.3984	8934.3340	10605.0000	
36	368.366	180.4404	6374.6670	7876.6670	
37	374.665	100.7364	6645.3340	8039.0000	
38	380.958	134.3044	7263.0000	8619.6670	
39	387.245	175.8306	7435.0000	8851.0000	
40	393.526	190.5441	5497.0000	6897.3340	
41	399.800	212.6232	6913.3330	8386.3340	
42	406.068	138.1185	5565.0000	6866.0000	
43	412.330	12.8641	3196.3335	4350.0000	
44	418.586	251.2767	4191.6665	5561.6665	
45	424.835	528.9590	4001.0000	5645.3335	
46	431.079	537.9740	2350.6667	4000.6665	
47	437.316	457.9896	1570.0001	3136.6667	
48	443.547	375.3384	1252.6666	2733.3333	
49	449.771	255.4579	2619.0000	3986.0000	
50	455.990	223.4012	1227.0000	2565.0000	
51	462.202	160.2612	1129.0000	2384.3333	
52	468.408	165.7045	999.0000	2266.0000	
53	474.607	160.6342	1731.0000	2982.3333	
54	480.801	241.1469	660.6667	2032.6665	
55	486.988	517.4102	322.6667	1976.0000	
56	493.168	456.8712	753.6667	2341.0000	
57	499.343	501.9529	1320.3334	2940.6667	
58	505.511	294.7014	1002.0000	2403.0000	
59	511.672	127.7830	577.0000	1799.0000	
60	517.828	267.5314	612.3333	1962.0000	
61	523.977	528.1396	1086.6666	2661.0000	
62	530.119	352.7477	266.3333	1629.3333	
63	536.255	230.0227	913.6666	2118.0000	
64	542.385	260.9643	234.0000	1433.3334	
65	548.509	302.2392	1474.6667	2639.3333	
66	554.626	351.8475	2723.0000	3941.3335	
67	560.736	652.1221	3136.3335	4619.0000	
68	566.840	510.0639	1494.0000	2798.6667	
69	572.938	203.7818	1161.6667	2133.6667	
70	579.030	110.9318	110.3333	971.3334	
71	585.114	90.1184	370.0000	1189.3333	
72	591.193	78.6386	297.6667	1084.6666	
73	597.265	107.0927	1537.3334	2344.0000	
74	603.330	153.0468	1956.3335	2826.3333	
75	609.389	161.8342	1918.3335	2713.0000	
76	615.442	230.7884	2631.0000	3535.0000	
77	621.488	306.6490	2842.6665	3946.0000	
78	627.527	291.8595	2123.3333	3040.0000	
79	633.560	309.0699	1646.6665	2664.0000	
80	639.586	489.9469	1610.6667	2823.6667	
81	645.606	556.4908	2702.3333	3996.6667	
82	651.620	704.0342	1793.6667	3250.3333	
83	657.626	685.2449	736.0000	2188.6667	
84	663.626	565.2054	533.0000	1922.3334	
85	669.620	590.5711	757.6667	2209.3335	
86	675.607	364.5198	15.6667	1111.6666	
87	681.587	384.8853	828.0000	1919.0000	
88	687.561	294.2505	1694.0000	2669.0000	
89	693.528	280.1709	1794.0000	2693.6665	
90	699.489	281.0913	650.3333	1646.3334	
91	705.443	267.4869	1262.6667	2232.0000	
92	711.390	244.3267	1232.3334	2162.3333	
93	717.331	133.4655	1089.0000	1955.3335	
94	723.265	18.2704	1393.0000	2191.3333	
95	729.192	17.7421	1170.6667	2015.6667	
96	735.113	14.8806	1303.3334	2192.6667	
97	741.026	86.3524	2057.0000	3065.0000	
98	746.934	314.7662	1899.0000	3172.9998	
99	752.834	1207.0214	3126.6665	5342.3330	
100	758.728	2765.9438	1887.3333	5711.3335	
101	764.615	2472.9385	3118.3333	6682.3330	
102	770.495	930.9338	2314.3333	4369.3335	
103	776.369	480.2623	2615.6667	4253.0000	
104	782.236	476.2576	2565.0000	4231.3330	
105	788.096	714.5916	3459.0000	5386.6665	
106	793.949	732.9259	3409.3330	5378.3335	
107	799.795	933.2594	4582.6665	6775.0000	
108	805.635	595.5929	3596.0000	5473.6665	
109	811.468	268.7545	3862.0000	5393.0000	
110	817.294	109.2489	2831.6667	4183.3335	
111	823.113	124.7437	3547.6665	4895.0000	
112	828.925	0.0000	3363.6670	4577.6665	
113	834.731	27.3204	4032.3335	5248.6665	
114	840.530	227.6411	3688.0000	5079.6665	
115	846.322	451.6284	4524.6665	6115.3335	
116	852.107	315.9485	3795.3333	5225.3335	
117	857.885	221.9884	4505.3335	5853.0000	
118	863.656	162.0284	4402.3335	5701.6665	
119	869.420	188.1811	4372.6665	5667.3330	
120	875.177	213.2232	3218.6665	4582.3330	
121	880.928	364.9554	3546.6665	5064.3330	
122	886.672	500.3546	3552.6665	5208.0000	
123	892.408	501.7527	4566.6670	6225.6665	
124	898.138	266.8183	4422.3335	5848.6665	
125	903.861	170.8784	3207.3335	4533.3335	
126	909.576	184.2713	3173.3335	4508.3330	
127	915.285	352.3319	4177.0000	5675.6670	
128	920.987	413.3916	3021.0000	4576.3335	
129	926.682	310.1178	3857.6670	5305.3335	
130	932.370	208.8445	2374.0000	3716.0000	
131	938.051	163.5710	2664.6667	3957.0000	
132	943.724	193.6310	2715.0000	4033.0000	
133	949.391	286.1439	3045.6667	4462.0000	
134	955.051	389.0269	2024.6666	3544.0000	
135	960.704	359.5763	2888.0000	4378.0000	
136	966.349	154.4593	2748.6667	4033.6670	
137	971.988	163.4336	2729.3335	3963.6665	
138	977.619	172.3457	1421.6667	2727.0000	
139	983.244	172.7164	2081.0000	3383.3330	
140	988.861	201.0455	2384.0000	3685.6665	
141	994.471	245.7360	2427.6665	3795.0000	
142	1000.074	271.0927	2009.6667	3402.0000	
143	1005.670	285.4495	2697.6667	4075.0000	
144	1011.259	315.6399	2184.0000	3631.6670	
145	1016.841	303.1629	2415.3335	3854.0000	
146	1022.416	280.0201	2423.6665	3842.6667	
147	1027.983	214.7516	2454.6667	3793.6665	
148	1033.543	211.2754	1935.3333	3276.3335	
149	1039.096	192.6687	2415.3335	3769.3335	
150	1044.642	190.8538	1987.3333	3287.3335	
151	1050.181	190.7888	2236.6665	3561.0000	
152	1055.713	199.5578	1254.0000	2552.6667	
153	1061.237	215.0728	2226.3333	3545.0000	
154	1066.754	235.6238	1924.0000	3265.3335	
155	1072.264	395.2532	2190.0000	3680.0000	
156	1077.766	562.2160	2058.0000	3704.0000	
157	1083.262	529.3951	2371.6665	3977.0000	
158	1088.750	283.2404	1342.3334	2693.6667	
159	1094.231	100.4191	2524.3335	3685.0000	
160	1099.704	178.2649	2581.6667	3812.3335	
161	1105.171	351.8470	3082.0000	4470.6665	
162	1110.630	333.2847	2448.6667	3821.3335	
163	1116.081	296.7219	3183.0000	4521.6665	
164	1121.526	203.9930	2600.6665	3823.3335	
165	1126.963	167.1121	3248.0000	4487.3335	
166	1132.392	145.2311	3036.0000	4229.3330	
167	1137.815	148.4337	3541.3335	4739.6665	
168	1143.230	208.6359	2494.6667	3755.0000	
169	1148.637	391.9751	3401.0000	4861.0000	
170	1154.037	617.6476	3369.6665	5071.6665	
171	1159.430	696.6536	3534.3335	5331.6670	
172	1164.816	433.3262	3169.0000	4719.3335	
173	1170.194	272.4335	4595.6665	6004.3335	
174	1175.565	144.8743	3909.3330	5209.6670	
175	1180.928	141.1119	5024.0000	6349.3330	
176	1186.284	169.9778	4507.0000	5891.3335	
177	1191.632	152.9268	4904.6665	6227.6665	
178	1196.973	216.9593	4701.0000	6153.3335	
179	1202.307	305.2423	5373.6665	6931.3340	
180	1207.633	421.8565	4629.0000	6320.3330	
181	1212.951	277.4482	5545.0000	7105.3340	
182	1218.262	358.9166	5185.6665	6831.0000	
183	1223.566	455.9080	5650.6665	7408.0000	
184	1228.862	553.8984	5352.0000	7222.3330	
185	1234.151	361.4796	6292.0000	7991.6665	
186	1239.432	239.7278	6100.0000	7699.6670	
187	1244.705	208.3086	6189.0000	7779.0000	
188	1249.971	174.2227	6101.6665	7679.3330	
189	1255.230	202.7611	7414.3330	9062.6660	
190	1260.481	135.9668	6820.6670	8444.3340	
191	1265.724	179.5045	7730.6670	9440.0000	
192	1270.960	248.7102	7686.0000	9506.6670	
193	1276.188	413.5819	8358.3330	10386.0000	
194	1281.409	329.4527	7693.6670	9679.3330	
195	1286.622	425.6593	8468.3330	10592.3340	
196	1291.827	709.1416	8178.0000	10639.0000	
197	1297.025	704.7812	9176.0000	11636.3330	
198	1302.215	562.0881	8795.6670	11117.0000	
199	1307.397	654.3949	9626.0000	12043.3330	
200	1312.572	623.7028	9291.6660	11682.0000	
201	1317.739	237.8931	9824.6660	11812.0000	
202	1322.899	128.7504	9698.6660	11559.6670	
203	1328.051	372.4537	10331.0000	12407.0010	
204	1333.195	369.9298	9939.6660	12007.6670	
205	1338.331	258.9790	10817.6660	12797.0000	
206	1343.460	147.3612	10114.6670	12004.6670	
207	1348.581	59.4097	11200.0000	13024.3320	
208	1353.694	137.4606	10508.0000	12432.6670	
209	1358.800	225.5099	11723.3340	13758.3340	
210	1363.898	648.8921	11164.3340	13645.0000	
211	1368.988	1179.9421	12061.6660	15095.6660	
212	1374.070	1258.9922	11555.6660	14691.0000	
213	1379.145	1399.9590	12373.3330	15683.3340	
214	1384.211	900.2590	11825.3330	14669.3340	
215	1389.270	422.2238	12803.3340	15203.0000	
216	1394.322	73.5234	11991.0000	14075.6660	
217	1399.365	66.6664	12908.3340	15008.3320	
218	1404.401	35.4962	12182.0000	14243.6680	
219	1409.428	308.3217	13176.0000	15503.3340	
220	1414.448	711.1467	12270.3330	14993.3320	
221	1419.460	1124.8257	13057.6660	16178.3340	
222	1424.464	1505.1682	12410.3340	15895.3340	
223	1429.461	2873.5122	13043.0000	17880.3340	
224	1434.449	4456.6079	12452.6660	18839.3340	
225	1439.430	4687.5386	13212.6660	19792.3340	
226	1444.403	4459.1328	12461.6680	18775.0000	
227	1449.367	4245.7314	13284.3320	19346.3320	
228	1454.324	3852.3286	12237.3330	17868.0000	
229	1459.273	3261.2710	13188.6680	18136.0000	
230	1464.214	2421.2153	11976.0000	15991.0000	
231	1469.147	1740.4927	12681.0000	15923.0000	
232	1474.073	1085.7681	11605.6670	14100.6660	
233	1478.990	613.2104	12254.6660	14194.6660	
234	1483.899	327.9854	11308.0000	12880.3340	
235	1488.800	232.0933	12357.6670	13751.6680	
236	1493.693	126.2009	11541.0000	12746.6680	
237	1498.579	145.2671	12610.3340	13786.0000	
238	1503.456	101.9562	11851.0000	12941.3340	
239	1508.325	97.9633	11874.3330	12933.3340	
240	1513.187	76.0533	8979.3340	9966.6670	
241	1518.040	89.5592	11078.3330	12098.6670	
242	1522.885	116.8993	12220.3340	13192.6680	
243	1527.722	151.9870	13662.6680	14666.3320	
244	1532.551	220.3298	12896.0000	13940.6660	
245	1537.372	225.1680	13942.6680	14996.3340	
246	1542.185	202.2812	13175.6660	14244.0000	
247	1546.990	243.3911	14182.6680	15329.6660	
248	1551.787	319.5049	13600.3330	14861.0000	
249	1556.575	478.7463	14813.6660	16303.0000	
250	1561.356	943.6533	13838.3340	15862.0000	
251	1566.128	1177.5637	14607.6660	16934.6680	
252	1570.893	652.4692	14520.0000	16391.3320	
253	1575.649	293.3357	14913.3340	16483.6660	
254	1580.397	167.2031	13823.3340	15325.6660	
255	1585.137	119.4041	14768.0000	16280.6660	
256	1589.868	45.9385	13555.3330	15052.6660	
257	1594.592	13.1389	13936.0000	15458.6660	
258	1599.307	44.3398	13441.3340	15053.3340	
259	1604.014	252.4579	15033.6660	16932.3320	
260	1608.713	928.9120	14459.0000	17073.0000	
261	1613.404	1242.7292	15319.0000	18312.6680	
262	1618.086	927.8767	15295.3340	18040.0000	
263	1622.760	910.3591	15420.0000	18213.0000	
264	1627.426	1369.8435	14290.0000	17608.3340	
265	1632.084	2166.4019	14343.6660	18492.3340	
266	1636.734	2704.8101	13232.6670	17931.3340	
267	1641.375	3249.8789	15012.3340	20265.3340	
268	1646.008	3634.2793	14106.3340	19753.0000	
269	1650.632	2778.7856	14998.6660	19708.6680	
270	1655.249	1782.2875	13268.6670	16901.0000	
271	1659.856	1583.7909	14540.0000	17892.6660	
272	1664.456	1495.9639	14365.6660	17549.3340	
273	1669.048	1870.8007	14987.0000	18464.3340	
274	1673.631	2491.3057	13437.3320	17454.0000	
275	1678.205	3092.8086	13125.0000	17662.0000	
276	1682.772	1912.9799	12870.0000	16146.0000	
277	1687.329	675.1040	12886.0000	14840.0000	
278	1691.879	215.5615	13331.3340	14741.6670	
279	1696.420	92.6875	14990.0000	16193.3340	
280	1700.953	85.8813	12796.6660	13922.6670	
281	1705.478	85.7427	12861.6660	13898.0000	
282	1709.994	82.1880	11849.0000	12764.0000	
283	1714.501	171.7168	14116.0000	15053.0000	
284	1719.000	202.6619	12291.0000	13175.6660	
285	1723.491	229.5120	12267.6660	13145.3320	
286	1727.973	216.9458	9816.6660	10622.3330	
287	1732.447	259.6826	12361.6660	13182.6660	
288	1736.912	262.0051	12028.0000	12848.6660	
289	1741.369	258.5784	11330.6670	12135.0000	
290	1745.818	222.5688	9818.0000	10459.3330	
291	1750.257	235.4751	12044.3330	12839.3340	
292	1754.689	242.1732	10980.0000	11761.0000	
293	1759.112	215.6087	10563.6660	11268.6670	
294	1763.526	188.9175	8245.6670	8906.3330	
295	1767.932	236.5617	10509.0000	11199.6670	
296	1772.329	344.2047	11300.6670	12081.3340	
297	1776.718	285.6021	9431.0000	10149.6670	
298	1781.098	223.3328	7498.0000	8115.3335	
299	1785.470	226.7302	7955.3330	8616.3330	
300	1789.833	192.1281	7082.0000	7697.0000	
301	1794.187	209.3719	8415.0000	9003.3340	
302	1798.533	254.6753	9721.6670	10396.3330	
303	1802.870	265.4799	10199.0000	10927.0000	
304	1807.199	249.9509	9749.6670	10391.6670	
305	1811.519	223.3385	7837.0000	8512.6670	
306	1815.830	196.6428	6810.6670	7401.6670	
307	1820.133	189.9470	7540.0000	8140.0000	
308	1824.427	212.3538	7172.6660	7686.3335	
309	1828.712	256.1270	8596.0000	9223.3340	
310	1832.989	252.5664	7471.6660	8089.3330	
311	1837.257	195.3394	6328.3330	6882.6665	
312	1841.516	210.4454	6402.3330	6965.6670	
313	1845.767	247.1905	7269.3340	7862.6665	
314	1850.009	283.2723	8162.6660	8785.3340	
315	1854.242	267.3508	7676.0000	8276.0000	
316	1858.467	226.6181	6577.3330	7118.3340	
317	1862.682	241.1176	6008.3335	6551.6670	
318	1866.889	228.8458	4893.0000	5463.6665	
319	1871.088	223.3454	3922.6670	4383.6670	
320	1875.277	237.8446	3447.6665	3975.6665	
321	1879.458	209.9273	4177.3330	4640.6665	
322	1883.630	201.9820	2333.3335	2784.3333	
323	1887.793	178.5981	2369.0000	2722.6667	
324	1891.947	189.7144	2436.0000	2870.0000	
325	1896.093	191.2833	3632.6665	4054.3333	
326	1900.230	224.5192	2747.6665	3193.0000	
327	1904.358	243.2963	4399.0000	4901.0000	
328	1908.477	244.8659	3943.0000	4387.6665	
329	1912.587	249.2367	3887.6665	4328.0000	
330	1916.688	249.2585	3448.6665	3970.0000	
331	1920.781	217.4468	3059.3335	3485.6667	
332	1924.864	238.3859	3551.6665	3961.3335	
333	1928.939	304.3795	4219.6665	4726.6665	
334	1933.005	249.6233	3309.0000	3755.0000	
335	1937.062	184.2000	2885.0000	3259.3330	
336	1941.110	257.4439	2786.6667	3228.0000	
337	1945.149	266.6879	3509.6665	3954.0000	
338	1949.179	263.9315	3188.3335	3623.6667	
339	1953.200	235.1752	2590.6667	2991.0000	
340	1957.212	207.4185	1030.3334	1396.6666	
341	1961.216	208.7729	1448.3334	1806.0000	
342	1965.210	214.2940	1270.0000	1647.9999	
343	1969.195	203.8522	1025.3333	1359.0000	
344	1973.172	215.3965	318.0000	671.3334	
345	1977.139	222.3518	417.3333	808.3334	
346	1981.098	220.5988	-153.6667	154.0000	
347	1985.047	219.7625	234.3333	560.3333	
348	1988.987	226.0506	-93.0000	216.3333	
349	1992.919	230.3524	411.3333	741.0001	
350	1996.841	245.4674	-361.0000	-41.3333	
351	2000.754	244.9132	307.3333	632.0000	
352	2004.658	235.3591	-369.3333	-56.6667	
353	2008.553	230.8883	276.6667	580.6666	
354	2012.439	226.5841	-387.3333	-65.3333	
355	2016.316	217.3632	297.0000	593.3333	
356	2020.184	218.1430	-448.6666	-151.0000	
357	2024.043	222.8134	287.6667	588.3334	
358	2027.892	247.4839	-413.6667	-90.0000	
359	2031.733	258.8210	201.0000	535.0000	
360	2035.564	258.6583	-427.0000	-101.3333	
361	2039.386	258.2182	221.6667	571.6667	
362	2043.199	242.6112	-441.3333	-125.0000	
363	2047.003	223.5044	196.6667	494.3333	
364	2050.798	202.2155	-449.6666	-162.3333	
365	2054.583	212.3386	176.3333	474.6667	
366	2058.360	214.4616	-368.0000	-66.6667	
367	2062.127	228.0846	176.0000	499.6667	
368	2065.885	227.2076	-339.0000	-46.0000	
369	2069.634	255.8306	174.0000	519.3333	
370	2073.373	237.7453	-311.0000	34.3333	
371	2077.103	225.3379	336.6667	642.6667	
372	2080.824	215.2381	-356.3333	-60.6667	
373	2084.536	224.6317	196.0000	484.6667	
374	2088.238	243.3585	-304.3333	13.3333	
375	2091.932	237.8354	26.0000	344.3333	
376	2095.615	225.4787	-320.6667	-27.0000	
377	2099.290	241.5782	253.3333	560.0000	
378	2102.955	245.0111	-176.6667	130.3333	
379	2106.611	247.7773	181.6667	488.3333	
380	2110.258	220.5431	-414.0000	-137.6667	
381	2113.895	210.3629	-699.6667	-434.6666	
382	2117.523	221.8492	-163.6667	111.6667	
383	2121.142	223.6690	213.3333	489.3334	
384	2124.751	232.4677	-579.0000	-285.0000	
385	2128.351	223.4163	111.0000	389.0000	
386	2131.942	226.3540	-409.0000	-137.0000	
387	2135.523	242.1043	70.3333	372.6667	
388	2139.095	232.9383	-388.0000	-70.3333	
389	2142.657	230.2856	305.0000	555.6666	
390	2146.210	231.4455	-440.6667	-138.6667	
391	2149.754	234.2303	231.6667	523.3333	
392	2153.288	238.0393	-597.0000	-287.3333	
393	2156.812	224.1117	69.6667	344.0000	
394	2160.327	211.4342	-293.6667	-31.6667	
395	2163.833	219.0067	352.0000	607.6667	
396	2167.330	236.4118	-271.0000	16.6667	
397	2170.816	240.3211	140.6667	431.3333	
398	2174.293	239.8138	-411.0000	-113.0000	
399	2177.761	232.1398	162.6667	443.3333	
400	2181.220	209.0491	-177.6667	79.0000	
401	2184.668	223.9585	458.0000	714.0001	
402	2188.108	230.8886	-348.3333	-26.3333	
403	2191.537	231.7979	-22.6667	225.3333	
404	2194.958	235.3537	-399.3333	-111.6667	
405	2198.368	240.3064	250.3333	506.0000	
406	2201.769	229.3857	-443.3334	-117.3333	
407	2205.161	224.5577	223.0000	493.6666	
408	2208.543	226.9800	-343.0000	-76.6667	
409	2211.915	259.8900	304.6667	624.3334	
410	2215.278	222.6333	-423.0000	-139.0000	
411	2218.631	217.3767	296.6667	577.0000	
412	2221.974	225.4540	-353.0000	-63.0000	
413	2225.308	239.2884	338.0000	631.6667	
414	2228.632	237.0788	-585.6667	-282.6667	
415	2231.947	225.3692	189.6667	470.0000	
416	2235.252	197.0762	-581.0000	-328.6667	
417	2238.547	220.1166	213.0000	488.6667	
418	2241.833	226.4903	-518.3333	-236.0000	
419	2245.109	246.8640	-23.3333	279.6667	
420	2248.375	240.9037	-372.0000	-74.6667	
421	2251.631	218.6018	251.0000	526.3334	
422	2254.878	234.5498	-428.3333	-154.6667	
423	2258.115	262.6645	202.6667	522.6667	
424	2261.343	250.3623	-389.6667	-60.3333	
425	2264.560	244.0815	198.0000	481.0000	
426	2267.768	244.5507	-157.6667	142.0000	
427	2270.966	226.1908	332.6667	625.6666	
428	2274.154	218.6473	-303.3333	-40.3333	
429	2277.333	218.1161	162.6667	462.6667	
430	2280.502	215.5850	-335.3333	-52.6667	
431	2283.661	214.0538	311.6667	593.3333	
432	2286.810	214.3352	-367.3333	-116.0000	
433	2289.949	220.6582	192.3333	481.6667	
434	2293.079	244.5131	-417.0000	-82.6667	
435	2296.198	245.4612	214.0000	495.6667	
436	2299.308	236.0756	-593.0000	-286.0000	
437	2302.408	237.4485	283.3333	574.3334	
438	2305.498	239.9049	-453.0000	-158.3333	
439	2308.579	245.1737	9.3333	323.6667	
440	2311.649	239.6512	-553.3333	-261.6667	
441	2314.709	221.1067	364.3333	637.0000	
442	2317.760	217.7287	-282.3333	2.0000	
443	2320.801	189.9342	149.0000	385.3333	
444	2323.832	226.1391	-502.0000	-231.3333	
445	2326.853	238.5165	348.0000	648.3333	
446	2329.864	239.3939	-479.3333	-210.3333	
447	2332.865	237.2712	199.3333	485.3333	
448	2335.855	228.5930	-414.6667	-146.6667	
449	2338.837	237.4225	-20.0000	265.6667	
450	2341.808	241.0020	-378.0000	-55.3333	
451	2344.769	233.3315	410.3333	672.3333	
452	2347.720	223.7449	-586.0000	-300.6667	
453	2350.661	226.4965	321.3333	575.0000	
454	2353.592	226.9146	-442.0000	-159.0000	
455	2356.513	235.6487	199.3333	470.6667	
456	2359.424	227.7869	-474.6667	-212.0000	
457	2362.325	229.6697	239.3333	512.6667	
458	2365.216	222.6358	-291.3333	-45.6667	
459	2368.097	219.6853	186.0000	457.6667	
460	2370.968	221.5681	-197.3333	28.3333	
461	2373.829	228.5009	123.6667	377.6667	
462	2376.680	239.6004	-271.0000	7.3333	
463	2379.520	246.9498	291.0000	529.6666	
464	2382.351	249.1326	-397.6667	-117.0000	
465	2385.171	249.6070	85.0000	359.6667	
466	2387.982	240.0815	-330.3333	-75.6667	
467	2390.782	223.9310	255.6667	492.0000	
468	2393.572	228.4470	-551.0000	-312.3333	
469	2396.352	215.9890	201.6667	463.3333	
470	2399.121	212.4437	-330.3333	-104.6667	
471	2401.881	220.6694	357.6667	565.0000	
472	2404.630	230.7284	-624.3333	-378.0000	
473	2407.369	232.2091	238.3333	477.0000	
474	2410.098	226.5231	-449.6667	-201.3333	
475	2412.817	214.9204	350.3333	550.0000	
476	2415.526	226.9818	-353.3333	-143.3333	
477	2418.224	228.9444	335.3333	514.0000	
478	2420.912	231.9070	-442.0000	-200.0000	
479	2423.590	238.2862	80.0000	293.3333	
480	2426.258	236.8322	-386.3333	-158.6667	
481	2428.915	222.1281	217.6667	427.6667	
482	2431.562	229.7573	-447.6666	-242.0000	
483	2434.199	246.6365	207.0000	404.0000	
484	2436.826	320.7661	902.6667	1215.6666	
485	2439.442	246.2054	228.6667	462.6667	
486	2442.048	230.6446	-667.6667	-453.6667	
487	2444.644	219.2505	102.3333	280.3333	
488	2447.229	223.6897	-443.0000	-227.3333	
489	2449.804	215.3044	56.0000	241.0000	
490	2452.368	201.9901	-507.0000	-330.0000	
491	2454.923	208.1843	365.0000	544.3334	
492	2457.467	219.9615	-377.3333	-169.6667	
493	2460.000	223.0065	280.3333	456.6667	
494	2462.523	238.0305	-566.0000	-380.3333	
495	2465.036	258.5129	259.3333	476.0000	
496	2467.539	252.2247	-298.3333	-91.0000	
497	2470.031	203.2697	433.0000	588.3333	
498	2472.512	225.9813	-427.6667	-252.6667	
499	2474.983	236.9429	418.3334	617.0000	
500	2477.444	232.1548	-327.3333	-150.0000	
501	2479.894	217.2551	-4.0000	176.6667	
502	2482.334	197.2721	-427.6666	-284.0000	
503	2484.763	197.8726	243.3333	389.3333	
504	2487.182	213.4728	-359.6667	-196.3333	
505	2489.590	223.0732	198.6667	373.3333	
506	2491.988	240.7569	-401.0000	-187.3333	
507	2494.375	240.5239	190.6667	383.6667	
508	2496.752	247.6659	-615.3334	-420.3333	
509	2499.119	238.2037	245.6667	426.3333	
510	2501.475	269.7416	-284.3333	-54.3333	
511	2503.820	202.6752	-55.0000	109.6667	
