 	avc0
200 	0
201 	0
202 	0
203 	0.0456399143523004
204 	0.0444626861002941
205 	0.0432854578482878
206 	0.0421082295962815
207 	0.0409310013442752
208 	0.0397537730922689
209 	0.0387353736997
210 	0.0395944128763793
211 	0.0404534520530585
212 	0.0413124912297378
213 	0.042171530406417
214 	0.0430305695830963
215 	0.0438896087597756
216 	0.0439085237703819
217 	0.0434297856125501
218 	0.0429510474547183
219 	0.0424723092968864
220 	0.0419935711390546
221 	0.0415148329812228
222 	0.0409804226152558
223 	0.0402007536026394
224 	0.0394210845900229
225 	0.0386414155774064
226 	0.0378617465647899
227 	0.0370820775521734
228 	0.036302408539557
229 	0.0364781450014113
230 	0.0369774659144586
231 	0.0374767868275059
232 	0.0379761077405532
233 	0.0384754286536005
234 	0.0389747495666478
235 	0.0391163452394569
236 	0.0384800304692085
237 	0.03784371569896
238 	0.0372074009287116
239 	0.0365710861584632
240 	0.0359347713882147
241 	0.0352984566179663
242 	0.036296432919587
243 	0.0374984658117335
244 	0.0387004987038799
245 	0.0399025315960264
246 	0.0411045644881729
247 	0.0423065973803194
248 	0.0434529640520745
249 	0.0445363056427469
250 	0.0456196472334192
251 	0.0467029888240916
252 	0.0477863304147639
253 	0.0488696720054362
254 	0.0499645927246505
255 	0.0512584639251765
256 	0.0525523351257025
257 	0.0538462063262285
258 	0.0551400775267544
259 	0.0564339487272804
260 	0.0577278199278064
261 	0.0573361182862674
262 	0.0560247764387795
263 	0.0547134345912915
264 	0.0534020927438036
265 	0.0520907508963157
266 	0.0507794090488278
267 	0.049158100945188
268 	0.0465815907052436
269 	0.0440050804652993
270 	0.0414285702253549
271 	0.0388520599854105
272 	0.0362755497454661
273 	0.0336990395055218
274 	0.032796156306765
275 	0.0321909382236966
276 	0.0315857201406281
277 	0.0309805020575596
278 	0.0303752839744912
279 	0.0297700658914227
280 	0.0313453979339303
281 	0.0354908337192191
282 	0.039636269504508
283 	0.0437817052897969
284 	0.0479271410750857
285 	0.0520725768603746
286 	0.0565153924196752
287 	0.0646258918584553
288 	0.0727363912972354
289 	0.0808468907360155
290 	0.0889573901747955
291 	0.0970678896135756
292 	0.105178389052356
293 	0.112790487019459
294 	0.120185919784384
295 	0.12758135254931
296 	0.134976785314235
297 	0.14237221807916
298 	0.149767650844085
299 	0.155796853373191
300 	0.158988500797132
301 	0.162180148221073
302 	0.165371795645014
303 	0.168563443068955
304 	0.171755090492896
305 	0.174946737916837
306 	0.171574584096876
307 	0.167921808951577
308 	0.164269033806278
309 	0.160616258660978
310 	0.156963483515679
311 	0.153310708370379
312 	0.149939224091015
313 	0.14675604972357
314 	0.143572875356124
315 	0.140389700988679
316 	0.137206526621234
317 	0.134023352253789
318 	0.131918374998459
319 	0.133118115720915
320 	0.13431785644337
321 	0.135517597165825
322 	0.136717337888281
323 	0.137917078610736
324 	0.139116819333191
325 	0.138251812029716
326 	0.137152278781202
327 	0.136052745532688
328 	0.134953212284174
329 	0.13385367903566
330 	0.132754145787145
331 	0.128005502481747
332 	0.120342821648907
333 	0.112680140816068
334 	0.105017459983228
335 	0.0973547791503891
336 	0.0896920983175497
337 	0.0830070692278576
338 	0.079788259954778
339 	0.0765694506816985
340 	0.073350641408619
341 	0.0701318321355395
342 	0.0669130228624599
343 	0.0636942135893804
344 	0.0639894535277738
345 	0.0647145827636424
346 	0.065439711999511
347 	0.0661648412353796
348 	0.0668899704712482
349 	0.0676150997071168
350 	0.0691919246661519
351 	0.0714191627612206
352 	0.0736464008562893
353 	0.075873638951358
354 	0.0781008770464268
355 	0.0803281151414955
356 	0.0825727807049243
357 	0.0848697286734332
358 	0.0871666766419421
359 	0.0894636246104511
360 	0.09176057257896
361 	0.094057520547469
362 	0.0963544685159779
363 	0.0913832754291786
364 	0.0859399240842605
365 	0.0804965727393423
366 	0.0750532213944241
367 	0.069609870049506
368 	0.0641665187045878
369 	0.059977027127086
370 	0.0565113725762
371 	0.0530457180253139
372 	0.0495800634744279
373 	0.0461144089235418
374 	0.0426487543726557
375 	0.0391947180841526
376 	0.0357637449135141
377 	0.0323327717428756
378 	0.0289017985722371
379 	0.0254708254015986
380 	0.0220398522309601
381 	0.0188358046583167
382 	0.0208078219161356
383 	0.0227798391739545
384 	0.0247518564317734
385 	0.0267238736895923
386 	0.0286958909474112
387 	0.0306679082052301
388 	0.0335581753884379
389 	0.036746417712997
390 	0.0399346600375562
391 	0.0431229023621153
392 	0.0463111446866744
393 	0.0494993870112336
394 	0.0508580231196342
395 	0.0501863367181206
396 	0.049514650316607
397 	0.0488429639150934
398 	0.0481712775135797
399 	0.0474995911120661
400 	0.0460163326319858
401 	0.0412867858376386
402 	0.0365572390432914
403 	0.0318276922489441
404 	0.0270981454545969
405 	0.0223685986602497
406 	0.0176390518659024
407 	0.0201997283857841
408 	0.0232923096109956
409 	0.0263848908362072
410 	0.0294774720614187
411 	0.0325700532866303
412 	0.0356626345118418
413 	0.0416231389028139
414 	0.0489962024649813
415 	0.0563692660271488
416 	0.0637423295893162
417 	0.0711153931514837
418 	0.0784884567136511
419 	0.0881495490441103
420 	0.101049252143214
421 	0.113948955242319
422 	0.126848658341423
423 	0.139748361440527
424 	0.152648064539631
425 	0.163145358234587
426 	0.161485004338858
427 	0.159824650443128
428 	0.158164296547398
429 	0.156503942651669
430 	0.154843588755939
431 	0.15318323486021
432 	0.152970796020715
433 	0.152882554021005
434 	0.152794312021295
435 	0.152706070021586
436 	0.152617828021876
437 	0.152529586022167
438 	0.149189769041223
439 	0.144347762449066
440 	0.139505755856909
441 	0.134663749264752
442 	0.129821742672595
443 	0.124979736080438
444 	0.119416179265849
445 	0.11298134657561
446 	0.10654651388537
447 	0.10011168119513
448 	0.0936768485048908
449 	0.0872420158146512
450 	0.0814173467491244
451 	0.0776469840357968
452 	0.0738766213224693
453 	0.0701062586091417
454 	0.0663358958958142
455 	0.0625655331824866
456 	0.058802896328075
457 	0.0558051195063443
458 	0.0528073426846137
459 	0.049809565862883
460 	0.0468117890411523
461 	0.0438140122194216
462 	0.0408162353976909
463 	0.0397967729561611
464 	0.0392780868364365
465 	0.038759400716712
466 	0.0382407145969874
467 	0.0377220284772628
468 	0.0372033423575383
469 	0.0374735963804732
470 	0.0382875794206464
471 	0.0391015624608196
472 	0.0399155455009928
473 	0.0407295285411661
474 	0.0415435115813393
475 	0.0426122149014518
476 	0.0440743411475774
477 	0.045536467393703
478 	0.0469985936398285
479 	0.0484607198859541
480 	0.0499228461320797
481 	0.0526300559286453
482 	0.0603488834332629
483 	0.0680677109378805
484 	0.0757865384424981
485 	0.0835053659471157
486 	0.0912241934517333
487 	0.0988358611729082
488 	0.0976247067239679
489 	0.0964135522750275
490 	0.0952023978260871
491 	0.0939912433771468
492 	0.0927800889282064
493 	0.091568934479266
494 	0.0911721100915199
495 	0.0909397177353611
496 	0.0907073253792023
497 	0.0904749330230435
498 	0.0902425406668847
499 	0.0900101483107259
500 	0.0876254541521083
501 	0.0841171077587214
502 	0.0806087613653346
503 	0.0771004149719477
504 	0.0735920685785608
505 	0.0700837221851739
506 	0.0662744188967884
507 	0.0621506187303982
508 	0.058026818564008
509 	0.0539030183976178
510 	0.0497792182312276
511 	0.0456554180648374
512 	0.0437381773355314
513 	0.0463416925261057
514 	0.0489452077166799
515 	0.0515487229072542
516 	0.0541522380978285
517 	0.0567557532884028
518 	0.0600406599683193
519 	0.0666057535853014
520 	0.0731708472022834
521 	0.0797359408192654
522 	0.0863010344362474
523 	0.0928661280532294
524 	0.0991321050913203
525 	0.0926921300608736
526 	0.0862521550304269
527 	0.0798121799999802
528 	0.0733722049695335
529 	0.0669322299390868
530 	0.0604922549086401
531 	0.0577997497319186
532 	0.0556134294730103
533 	0.053427109214102
534 	0.0512407889551937
535 	0.0490544686962853
536 	0.046868148437377
537 	0.0462300725493879
538 	0.0461219326541295
539 	0.0460137927588711
540 	0.0459056528636127
541 	0.0457975129683543
542 	0.0456893730730959
543 	0.0456243085832975
544 	0.0455862099977302
545 	0.045548111412163
546 	0.0455100128265957
547 	0.0454719142410284
548 	0.0454338156554611
549 	0.0468362693044687
550 	0.0497320856569359
551 	0.0526279020094031
552 	0.0555237183618703
553 	0.0584195347143375
554 	0.0613153510668047
555 	0.0647413384536633
556 	0.0690547244168028
557 	0.0733681103799423
558 	0.0776814963430818
559 	0.0819948823062213
560 	0.0863082682693607
561 	0.0886659903137471
562 	0.085571558402822
563 	0.0824771264918969
564 	0.0793826945809717
565 	0.0762882626700466
566 	0.0731938307591215
567 	0.0700347580690344
568 	0.0665363212883464
569 	0.0630378845076584
570 	0.0595394477269704
571 	0.0560410109462824
572 	0.0525425741655944
573 	0.0492856690311279
574 	0.0496829039636889
575 	0.0500801388962498
576 	0.0504773738288108
577 	0.0508746087613718
578 	0.0512718436939327
579 	0.0516690786264937
580 	0.0514178628371933
581 	0.0511465918709282
582 	0.0508753209046631
583 	0.050604049938398
584 	0.0503327789721329
585 	0.0500615080058677
586 	0.0494563731656359
587 	0.0488082806711916
588 	0.0481601881767473
589 	0.047512095682303
590 	0.0468640031878587
591 	0.0462159106934144
592 	0.0459175202036151
593 	0.0457027635265748
594 	0.0454880068495345
595 	0.0452732501724942
596 	0.0450584934954538
597 	0.0448437368184135
598 	0.0444289268680805
599 	0.0439419888668325
600 	0.0434550508655845
601 	0.0429681128643365
602 	0.0424811748630884
603 	0.0419942368618404
604 	0.0410349470293249
605 	0.0398430062948417
606 	0.0386510655603584
607 	0.0374591248258752
608 	0.036267184091392
609 	0.0350752433569088
610 	0.0359520909690446
611 	0.0381460558755091
612 	0.0403400207819735
613 	0.042533985688438
614 	0.0447279505949025
615 	0.0469219155013669
616 	0.0489189269055426
617 	0.0507599285462566
618 	0.0526009301869706
619 	0.0544419318276845
620 	0.0562829334683985
621 	0.0581239351091125
622 	0.0587895401236229
623 	0.0583348452287828
624 	0.0578801503339427
625 	0.0574254554391026
626 	0.0569707605442625
627 	0.0565160656494224
628 	0.0572067104266344
629 	0.0591734524705941
630 	0.0611401945145537
631 	0.0631069365585133
632 	0.065073678602473
633 	0.0670404206464326
634 	0.0703672133956455
635 	0.0754249797697258
636 	0.0804827461438062
637 	0.0855405125178865
638 	0.0905982788919668
639 	0.0956560452660472
640 	0.103818796992711
641 	0.11637652798656
642 	0.128934258980408
643 	0.141491989974257
644 	0.154049720968105
645 	0.166607451961954
646 	0.176712828728523
647 	0.183046310414557
648 	0.189379792100591
649 	0.195713273786624
650 	0.202046755472658
651 	0.208380237158692
652 	0.208438482975223
653 	0.198258186057301
654 	0.18807788913938
655 	0.177897592221458
656 	0.167717295303537
657 	0.157536998385615
658 	0.148282795278964
659 	0.140578685022192
660 	0.132874574765421
661 	0.125170464508649
662 	0.117466354251878
663 	0.109762243995106
664 	0.105443164114304
665 	0.106789937215738
666 	0.108136710317172
667 	0.109483483418607
668 	0.110830256520041
669 	0.112177029621475
670 	0.110061441529991
671 	0.102296737807955
672 	0.0945320340859184
673 	0.0867673303638822
674 	0.079002626641846
675 	0.0712379229198098
676 	0.066075895164172
677 	0.0649337765983654
678 	0.0637916580325587
679 	0.0626495394667521
680 	0.0615074209009454
681 	0.0603653023351388
682 	0.0593327669541937
683 	0.0584559829764297
684 	0.0575791989986657
685 	0.0567024150209016
686 	0.0558256310431376
687 	0.0549488470653736
688 	0.0549838392208553
689 	0.0561839940431957
690 	0.0573841488655361
691 	0.0585843036878764
692 	0.0597844585102168
693 	0.0609846133325572
694 	0.0628788757423454
695 	0.0655495974872448
696 	0.0682203192321443
697 	0.0708910409770437
698 	0.0735617627219431
699 	0.0762324844668426
700 	0.0769691779965421
701 	0.075855108713653
702 	0.0747410394307638
703 	0.0736269701478746
704 	0.0725129008649854
705 	0.0713988315820963
706 	0.0694649154449403
707 	0.0668789487576224
708 	0.0642929820703045
709 	0.0617070153829866
710 	0.0591210486956688
711 	0.0565350820083509
712 	0.0521218052589181
713 	0.0465402483058382
714 	0.0409586913527583
715 	0.0353771343996784
716 	0.0297955774465985
717 	0.0242140204935186
718 	0.0206685795070868
719 	0.0181305441782941
720 	0.0155925088495014
721 	0.0130544735207087
722 	0.010516438191916
723 	0.0079784028631233
724 	0.00833906519573495
725 	0.0097448362089889
726 	0.0111506072222429
727 	0.0125563782354968
728 	0.0139621492487508
729 	0.0153679202620047
730 	0.0173349993449689
731 	0.0194354585633097
732 	0.0215359177816505
733 	0.0236363769999913
734 	0.0257368362183322
735 	0.027837295436673
736 	0.0291573627572644
737 	0.0303780114933623
738 	0.0315986602294602
739 	0.0328193089655581
740 	0.034039957701656
741 	0.0352606064377539
742 	0.0422281358503665
743 	0.0493490727553703
744 	0.0564700096603741
745 	0.0635909465653779
746 	0.0707118834703817
747 	0.0786895793014956
748 	0.0987917120566467
749 	0.118893844811798
750 	0.138995977566949
751 	0.1590981103221
752 	0.179200243077251
753 	0.202691586785544
754 	0.243210652993348
755 	0.283729719201153
756 	0.324248785408958
757 	0.364767851616763
758 	0.405286917824568
759 	0.432502570064684
760 	0.42411202609717
761 	0.415721482129656
762 	0.407330938162142
763 	0.398940394194627
764 	0.390549850227113
765 	0.369881897922352
766 	0.3296019816503
767 	0.289322065378248
768 	0.249042149106196
769 	0.208762232834144
770 	0.168482316562093
771 	0.148022133154631
772 	0.146989212654044
773 	0.145956292153458
774 	0.144923371652872
775 	0.143890451152286
776 	0.142857530651699
777 	0.153187509137882
778 	0.170162352483206
779 	0.18713719582853
780 	0.204112039173854
781 	0.221086882519178
782 	0.238061725864503
783 	0.244242002524901
784 	0.247087831884721
785 	0.249933661244541
786 	0.252779490604361
787 	0.255625319964181
788 	0.258471149324001
789 	0.251974957071284
790 	0.244486691726971
791 	0.236998426382657
792 	0.229510161038343
793 	0.22202189569403
794 	0.214866462003435
795 	0.213904307516336
796 	0.212942153029237
797 	0.211979998542139
798 	0.21101784405504
799 	0.210055689567941
800 	0.208032502725395
801 	0.201894580650751
802 	0.195756658576107
803 	0.189618736501463
804 	0.183480814426819
805 	0.177342892352175
806 	0.167324648035961
807 	0.1505557061214
808 	0.133786764206839
809 	0.117017822292278
810 	0.100248880377717
811 	0.0834799384631559
812 	0.0711132365801694
813 	0.0626191819430035
814 	0.0541251273058376
815 	0.0456310726686717
816 	0.0371370180315058
817 	0.0286429633943399
818 	0.0255493360967365
819 	0.0247046119688657
820 	0.0238598878409949
821 	0.023015163713124
822 	0.0221704395852532
823 	0.0213257154573824
824 	0.0198132227808145
825 	0.0182156592519324
826 	0.0166180957230502
827 	0.015020532194168
828 	0.0134229686652858
829 	0.0119630052960183
830 	0.0122001105619984
831 	0.0124372158279784
832 	0.0126743210939585
833 	0.0129114263599386
834 	0.0131485316259186
835 	0.0139199041206834
836 	0.0161431329137443
837 	0.0183663617068052
838 	0.0205895904998661
839 	0.0228128192929269
840 	0.0250360480859878
841 	0.0294901884094265
842 	0.0364600374798866
843 	0.0434298865503468
844 	0.0503997356208069
845 	0.0573695846912671
846 	0.0643394337617272
847 	0.0684812554093707
848 	0.0712799725877708
849 	0.074078689766171
850 	0.0768774069445711
851 	0.0796761241229713
852 	0.0824748413013714
853 	0.0799519992908268
854 	0.0767915236484603
855 	0.0736310480060939
856 	0.0704705723637274
857 	0.0673100967213609
858 	0.0644272867008899
859 	0.0636812947271793
860 	0.0629353027534687
861 	0.0621893107797581
862 	0.0614433188060475
863 	0.0606973268323369
864 	0.0614713201340637
865 	0.0651438900075541
866 	0.0688164598810445
867 	0.0724890297545349
868 	0.0761615996280253
869 	0.0798341695015157
870 	0.0826987955056978
871 	0.084978358707967
872 	0.0872579219102362
873 	0.0895374851125054
874 	0.0918170483147746
875 	0.0940966115170438
876 	0.100455859589471
877 	0.107692512548919
878 	0.114929165508367
879 	0.122165818467814
880 	0.129402471427262
881 	0.13600761471014
882 	0.134473299939453
883 	0.132938985168766
884 	0.131404670398078
885 	0.129870355627391
886 	0.128336040856704
887 	0.126093833666062
888 	0.122401310297952
889 	0.118708786929843
890 	0.115016263561733
891 	0.111323740193624
892 	0.107631216825514
893 	0.100073559752404
894 	0.0898520943150364
895 	0.0796306288776689
896 	0.0694091634403014
897 	0.0591876980029339
898 	0.0489662325655664
899 	0.0429394373738753
900 	0.0375841787180352
901 	0.0322289200621951
902 	0.0268736614063549
903 	0.0215184027505148
904 	0.0171291312107155
905 	0.0187234201522908
906 	0.020317709093866
907 	0.0219119980354413
908 	0.0235062869770165
909 	0.0251005759185918
910 	0.0293019676482857
911 	0.0370450839203299
912 	0.0447882001923741
913 	0.0525313164644182
914 	0.0602744327364624
915 	0.0680175490085066
916 	0.0726193243533838
917 	0.0759689568112088
918 	0.0793185892690337
919 	0.0826682217268587
920 	0.0860178541846837
921 	0.0892634024672172
922 	0.0846065599026464
923 	0.0799497173380757
924 	0.0752928747735049
925 	0.0706360322089342
926 	0.0659791896443634
927 	0.0623781883508387
928 	0.0610416013555951
929 	0.0597050143603516
930 	0.058368427365108
931 	0.0570318403698645
932 	0.0556952533746209
933 	0.0534470798763866
934 	0.0506635301779831
935 	0.0478799804795797
936 	0.0450964307811762
937 	0.0423128810827728
938 	0.0395293313843693
939 	0.0413739964287759
940 	0.043467385342396
941 	0.045560774256016
942 	0.047654163169636
943 	0.0497475520832561
944 	0.0523810733919248
945 	0.0564314637368809
946 	0.060481854081837
947 	0.0645322444267931
948 	0.0685826347717492
949 	0.0726330251167053
950 	0.0785698743745523
951 	0.0857178984024162
952 	0.09286592243028
953 	0.100013946458144
954 	0.107161970486008
955 	0.114309994513871
956 	0.114518981048311
957 	0.114355058297013
958 	0.114191135545715
959 	0.114027212794417
960 	0.113863290043119
961 	0.110930605211465
962 	0.101412756513019
963 	0.0918949078145731
964 	0.0823770591161272
965 	0.0728592104176813
966 	0.0633413617192354
967 	0.0578953804736862
968 	0.0546323204893678
969 	0.0513692605050493
970 	0.0481062005207309
971 	0.0448431405364124
972 	0.0416093834029506
973 	0.0407882276566923
974 	0.0399670719104341
975 	0.0391459161641758
976 	0.0383247604179175
977 	0.0375036046716593
978 	0.03699501054141
979 	0.0369942264907133
980 	0.0369934424400167
981 	0.03699265838932
982 	0.0369918743386234
983 	0.0369910902879267
984 	0.0381080541112711
985 	0.0395857725394646
986 	0.0410634909676582
987 	0.0425412093958517
988 	0.0440189278240453
989 	0.0454972601780066
990 	0.0469793953383423
991 	0.0484615304986779
992 	0.0499436656590136
993 	0.0514258008193492
994 	0.0529079359796849
995 	0.053901441406021
996 	0.0544598908688149
997 	0.0550183403316088
998 	0.0555767897944027
999 	0.0561352392571966
1000 	0.0566936887199905
1001 	0.0576384600884371
1002 	0.0586141038337932
1003 	0.0595897475791493
1004 	0.0605653913245055
1005 	0.0615410350698616
1006 	0.0625194916569347
1007 	0.0635036591650694
1008 	0.064487826673204
1009 	0.0654719941813387
1010 	0.0664561616894734
1011 	0.0674403291976081
1012 	0.0670871405628913
1013 	0.0662665089578661
1014 	0.0654458773528408
1015 	0.0646252457478156
1016 	0.0638046141427903
1017 	0.062554093930511
1018 	0.0590297603930701
1019 	0.0555054268556292
1020 	0.0519810933181884
1021 	0.0484567597807475
1022 	0.0449324262433066
1023 	0.0437155235906485
1024 	0.0441422703353704
1025 	0.0445690170800922
1026 	0.0449957638248141
1027 	0.045422510569536
1028 	0.045850958876467
1029 	0.0463777975158452
1030 	0.0469046361552234
1031 	0.0474314747946015
1032 	0.0479583134339797
1033 	0.0484851520733579
1034 	0.0483169969093361
1035 	0.0473230613618438
1036 	0.0463291258143515
1037 	0.0453351902668593
1038 	0.044341254719367
1039 	0.0433473191718747
1040 	0.0431568294448087
1041 	0.043051661397788
1042 	0.0429464933507673
1043 	0.0428413253037466
1044 	0.0427361572567259
1045 	0.043373912008135
1046 	0.0453439473086841
1047 	0.0473139826092331
1048 	0.0492840179097821
1049 	0.0512540532103311
1050 	0.0532240885108801
1051 	0.0549388796003434
1052 	0.0565972614075033
1053 	0.0582556432146633
1054 	0.0599140250218232
1055 	0.0615724068289831
1056 	0.06256274776509
1057 	0.0618934610319958
1058 	0.0612241742989017
1059 	0.0605548875658075
1060 	0.0598856008327134
1061 	0.0592163140996192
1062 	0.0593024325152891
1063 	0.0596231918487271
1064 	0.0599439511821652
1065 	0.0602647105156033
1066 	0.0605854698490414
1067 	0.0612525896821945
1068 	0.0629813185266687
1069 	0.0647100473711429
1070 	0.0664387762156172
1071 	0.0681675050600914
1072 	0.0698962339045656
1073 	0.0722846210272644
1074 	0.0749096247062827
1075 	0.0775346283853011
1076 	0.0801596320643194
1077 	0.0827846357433377
1078 	0.0846697044814745
1079 	0.0841325930285194
1080 	0.0835954815755643
1081 	0.0830583701226092
1082 	0.082521258669654
1083 	0.0819841472166989
1084 	0.0780331925081859
1085 	0.0728702771859116
1086 	0.0677073618636372
1087 	0.0625444465413629
1088 	0.0573815312190885
1089 	0.0527541254227666
1090 	0.0497332482043017
1091 	0.0467123709858368
1092 	0.0436914937673719
1093 	0.040670616548907
1094 	0.0376497393304421
1095 	0.0394744916053465
1096 	0.0427548230908729
1097 	0.0460351545763993
1098 	0.0493154860619257
1099 	0.0525958175474521
1100 	0.0558681127816601
1101 	0.0591212947694891
1102 	0.0623744767573181
1103 	0.0656276587451471
1104 	0.0688808407329761
1105 	0.0721340227208051
1106 	0.0711191055972173
1107 	0.0692237964976916
1108 	0.0673284873981658
1109 	0.0654331782986401
1110 	0.0635378691991144
1111 	0.0619426276574798
1112 	0.06085831195766
1113 	0.0597739962578402
1114 	0.0586896805580205
1115 	0.0576053648582007
1116 	0.056521049158381
1117 	0.0529149008350017
1118 	0.0490864799952916
1119 	0.0452580591555815
1120 	0.0414296383158714
1121 	0.0376012174761613
1122 	0.0351352918159491
1123 	0.0341813333802434
1124 	0.0332273749445378
1125 	0.0322734165088321
1126 	0.0313194580731265
1127 	0.030422629830478
1128 	0.0310127306665872
1129 	0.0316028315026963
1130 	0.0321929323388054
1131 	0.0327830331749146
1132 	0.0333731340110237
1133 	0.0338554557083671
1134 	0.034268288224138
1135 	0.0346811207399088
1136 	0.0350939532556796
1137 	0.0355067857714504
1138 	0.0364525211148849
1139 	0.0397459094558652
1140 	0.0430392977968456
1141 	0.046332686137826
1142 	0.0496260744788064
1143 	0.0529194628197867
1144 	0.0573756826482214
1145 	0.0621792417521294
1146 	0.0669828008560374
1147 	0.0717863599599455
1148 	0.0765899190638535
1149 	0.0814926962892555
1150 	0.0865695835515491
1151 	0.0916464708138427
1152 	0.0967233580761363
1153 	0.10180024533843
1154 	0.106877132600724
1155 	0.109599845521565
1156 	0.112232107299484
1157 	0.114864369077403
1158 	0.117496630855323
1159 	0.120128892633242
1160 	0.117986921397506
1161 	0.112243335783045
1162 	0.106499750168585
1163 	0.100756164554125
1164 	0.0950125789396645
1165 	0.090005012583095
1166 	0.0882615316310853
1167 	0.0865180506790756
1168 	0.0847745697270659
1169 	0.0830310887750563
1170 	0.0812876078230466
1171 	0.0762341499957753
1172 	0.0703839979826472
1173 	0.0645338459695192
1174 	0.0586836939563911
1175 	0.052833541943263
1176 	0.0489559993019007
1177 	0.0476405814767405
1178 	0.0463251636515803
1179 	0.0450097458264201
1180 	0.0436943280012599
1181 	0.0424198723611636
1182 	0.0416733737730028
1183 	0.0409268751848419
1184 	0.040180376596681
1185 	0.0394338780085202
1186 	0.0386873794203593
1187 	0.0382422022381892
1188 	0.0379165436025294
1189 	0.0375908849668697
1190 	0.0372652263312099
1191 	0.0369395676955501
1192 	0.0373606839110396
1193 	0.0390643047621988
1194 	0.0407679256133579
1195 	0.0424715464645171
1196 	0.0441751673156762
1197 	0.0460680483606366
1198 	0.0547813060192395
1199 	0.0634945636778423
1200 	0.0722078213364451
1201 	0.0809210789950479
1202 	0.0896343366536507
1203 	0.09523941634753
1204 	0.0994675687179313
1205 	0.103695721088333
1206 	0.107923873458734
1207 	0.112152025829135
1208 	0.114623818815054
1209 	0.11406625079177
1210 	0.113508682768486
1211 	0.112951114745202
1212 	0.112393546721917
1213 	0.111921852856168
1214 	0.113116818660129
1215 	0.114311784464091
1216 	0.115506750268052
1217 	0.116701716072014
1218 	0.117896681875975
1219 	0.11763507825831
1220 	0.116856372759255
1221 	0.1160776672602
1222 	0.115298961761145
1223 	0.114520256262089
1224 	0.113382950685102
1225 	0.111777977725374
1226 	0.110173004765645
1227 	0.108568031805917
1228 	0.106963058846188
1229 	0.104567231467391
1230 	0.0972314293839684
1231 	0.089895627300546
1232 	0.0825598252171236
1233 	0.0752240231337012
1234 	0.0678882210502788
1235 	0.0626813623593372
1236 	0.0578531496663517
1237 	0.0530249369733662
1238 	0.0481967242803807
1239 	0.0433685115873953
1240 	0.0403582544919685
1241 	0.0387306678510231
1242 	0.0371030812100777
1243 	0.0354754945691323
1244 	0.0338479079281869
1245 	0.032737946346224
1246 	0.0328650209221682
1247 	0.0329920954981123
1248 	0.0331191700740564
1249 	0.0332462446500005
1250 	0.0334262394746648
1251 	0.035378150213376
1252 	0.0373300609520871
1253 	0.0392819716907983
1254 	0.0412338824295094
1255 	0.0431857931682205
1256 	0.0415032432077012
1257 	0.0387350751162429
1258 	0.0359669070247845
1259 	0.0331987389333261
1260 	0.0304305708418677
1261 	0.0314418373782006
1262 	0.0359558169318119
1263 	0.0404697964854232
1264 	0.0449837760390345
1265 	0.0494977555926458
1266 	0.0540942693693655
1267 	0.0589072859632245
1268 	0.0637203025570836
1269 	0.0685333191509426
1270 	0.0733463357448016
1271 	0.0780704473164668
1272 	0.0806608383554791
1273 	0.0832512293944914
1274 	0.0858416204335037
1275 	0.0884320114725161
1276 	0.0910224025115284
1277 	0.0883419541841762
1278 	0.0844411637375172
1279 	0.0805403732908582
1280 	0.0766395828441992
1281 	0.0727387923975402
1282 	0.07553298876667
1283 	0.0829604332029043
1284 	0.0903878776391386
1285 	0.0978153220753729
1286 	0.105242766511607
1287 	0.114915649645775
1288 	0.128283408097707
1289 	0.141651166549639
1290 	0.155018925001572
1291 	0.168386683453504
1292 	0.179935461811963
1293 	0.182788884463471
1294 	0.18564230711498
1295 	0.188495729766488
1296 	0.191349152417996
1297 	0.194202575069504
1298 	0.183437580022437
1299 	0.172323394777968
1300 	0.1612092095335
1301 	0.150095024289032
1302 	0.138980839044563
1303 	0.135183777349864
1304 	0.133390768601917
1305 	0.131597759853969
1306 	0.129804751106021
1307 	0.128011742358073
1308 	0.126024155574593
1309 	0.123908463517306
1310 	0.121792771460018
1311 	0.119677079402731
1312 	0.117561387345444
1313 	0.110618309401429
1314 	0.0972236783564644
1315 	0.0838290473114997
1316 	0.070434416266535
1317 	0.0570397852215703
1318 	0.0461266157986946
1319 	0.0422395005471755
1320 	0.0383523852956564
1321 	0.0344652700441373
1322 	0.0305781547926182
1323 	0.0282940300632652
1324 	0.0402781081005026
1325 	0.0522621861377399
1326 	0.0642462641749772
1327 	0.0762303422122145
1328 	0.0882144202494519
1329 	0.0898771812819893
1330 	0.0909852666904603
1331 	0.0920933520989314
1332 	0.0932014375074024
1333 	0.0943095229158735
1334 	0.0891601656427784
1335 	0.0824950303288076
1336 	0.0758298950148368
1337 	0.069164759700866
1338 	0.0624996243868952
1339 	0.0573554916452992
1340 	0.0529639027773293
1341 	0.0485723139093594
1342 	0.0441807250413894
1343 	0.0397891361734195
1344 	0.03644754403383
1345 	0.0340003935517499
1346 	0.0315532430696698
1347 	0.0291060925875896
1348 	0.0266589421055095
1349 	0.025131276155681
1350 	0.0248785994975898
1351 	0.0246259228394986
1352 	0.0243732461814074
1353 	0.0241205695233163
1354 	0.0250054561073819
1355 	0.0284703063844431
1356 	0.0319351566615044
1357 	0.0354000069385656
1358 	0.0388648572156268
1359 	0.0441309566421586
1360 	0.0566020526665704
1361 	0.0690731486909822
1362 	0.081544244715394
1363 	0.0940153407398058
1364 	0.107127129482208
1365 	0.125879526663378
1366 	0.144631923844549
1367 	0.163384321025719
1368 	0.18213671820689
1369 	0.200791256558854
1370 	0.211388751306137
1371 	0.221986246053419
1372 	0.232583740800702
1373 	0.243181235547985
1374 	0.253778730295267
1375 	0.261756648387249
1376 	0.269537394042811
1377 	0.277318139698373
1378 	0.285098885353934
1379 	0.292879631009496
1380 	0.281101638132869
1381 	0.266006666206923
1382 	0.250911694280978
1383 	0.235816722355033
1384 	0.220721750429087
1385 	0.197139132257842
1386 	0.171286687270681
1387 	0.145434242283519
1388 	0.119581797296358
1389 	0.0937293523091964
1390 	0.0764422876524993
1391 	0.0623232403783025
1392 	0.0482041931041058
1393 	0.034085145829909
1394 	0.0199660985557122
1395 	0.0145885654861061
1396 	0.0133626070092386
1397 	0.0121366485323711
1398 	0.0109106900555036
1399 	0.00968473157863608
1400 	0.0117855687091587
1401 	0.0157986584329057
1402 	0.0198117481566526
1403 	0.0238248378803996
1404 	0.0278379276041465
1405 	0.0353443180585153
1406 	0.0451892954794612
1407 	0.0550342729004072
1408 	0.0648792503213532
1409 	0.0747242277422991
1410 	0.0909489023194563
1411 	0.111947196447067
1412 	0.132945490574678
1413 	0.153943784702289
1414 	0.1749420788299
1415 	0.193507112175002
1416 	0.210097325174879
1417 	0.226687538174755
1418 	0.243277751174631
1419 	0.259867964174508
1420 	0.275938685572949
1421 	0.291566877088686
1422 	0.307195068604423
1423 	0.32282326012016
1424 	0.338451451635897
1425 	0.370088167840508
1426 	0.415583009895185
1427 	0.461077851949862
1428 	0.506572694004539
1429 	0.552067536059216
1430 	0.60743069038729
1431 	0.671234089535467
1432 	0.735037488683644
1433 	0.798840887831821
1434 	0.862644286979998
1435 	0.901081126257835
1436 	0.918847211666732
1437 	0.936613297075629
1438 	0.954379382484526
1439 	0.972145467893423
1440 	0.981773446681934
1441 	0.985262152055066
1442 	0.988750857428198
1443 	0.99223956280133
1444 	0.995728268174462
1445 	0.997229085868921
1446 	0.997387996135398
1447 	0.997546906401875
1448 	0.997705816668352
1449 	0.997864726934829
1450 	0.987946399131857
1451 	0.972185502021638
1452 	0.956424604911419
1453 	0.9406637078012
1454 	0.924902810690981
1455 	0.898033609903071
1456 	0.865840310902774
1457 	0.833647011902477
1458 	0.80145371290218
1459 	0.769260413901883
1460 	0.732701587312578
1461 	0.694503436057799
1462 	0.656305284803021
1463 	0.618107133548242
1464 	0.579908982293464
1465 	0.546212604944119
1466 	0.513741901406177
1467 	0.481271197868235
1468 	0.448800494330293
1469 	0.416329790792351
1470 	0.38579706625657
1471 	0.355598319344842
1472 	0.325399572433115
1473 	0.295200825521387
1474 	0.26500207860966
1475 	0.240942202366816
1476 	0.217365753911274
1477 	0.193789305455732
1478 	0.170212857000191
1479 	0.146741968984783
1480 	0.133721564542675
1481 	0.120701160100567
1482 	0.10768075565846
1483 	0.0946603512163517
1484 	0.0822993654747487
1485 	0.0758078590574344
1486 	0.0693163526401201
1487 	0.0628248462228058
1488 	0.0563333398054915
1489 	0.0506277947659871
1490 	0.048066095237721
1491 	0.0455043957094549
1492 	0.0429426961811888
1493 	0.0403809966529227
1494 	0.0383552822334892
1495 	0.0375394625385538
1496 	0.0367236428436185
1497 	0.0359078231486832
1498 	0.0350920034537479
1499 	0.0343637243711281
1500 	0.0337558396223105
1501 	0.0331479548734929
1502 	0.0325400701246752
1503 	0.0319321853758576
1504 	0.0312120057800503
1505 	0.0303976966801486
1506 	0.029583387580247
1507 	0.0287690784803454
1508 	0.0279547693804438
1509 	0.0268773140517574
1510 	0.0256731586869894
1511 	0.0244690033222214
1512 	0.0232648479574535
1513 	0.0220606925926855
1514 	0.0224828479813245
1515 	0.0232790748470692
1516 	0.0240753017128139
1517 	0.0248715285785586
1518 	0.0256677554443033
1519 	0.026134865206127
1520 	0.0265882617552874
1521 	0.0270416583044478
1522 	0.0274950548536082
1523 	0.0279821644136205
1524 	0.0287287175788842
1525 	0.0294752707441478
1526 	0.0302218239094115
1527 	0.0309683770746752
1528 	0.0318755485040112
1529 	0.0331998652091033
1530 	0.0345241819141954
1531 	0.0358484986192875
1532 	0.0371728153243796
1533 	0.0375941463737849
1534 	0.0369073591686615
1535 	0.0362205719635381
1536 	0.0355337847584147
1537 	0.0348469975532913
1538 	0.0338020159042635
1539 	0.032544855380821
1540 	0.0312876948573784
1541 	0.0300305343339358
1542 	0.0287733738104933
1543 	0.0282418406283198
1544 	0.0278750204009128
1545 	0.0275082001735058
1546 	0.0271413799460989
1547 	0.0268112280631737
1548 	0.0301112422839502
1549 	0.0334112565047267
1550 	0.0367112707255032
1551 	0.0400112849462797
1552 	0.045340201476169
1553 	0.0581655786505282
1554 	0.0709909558248873
1555 	0.0838163329992464
1556 	0.0966417101736056
1557 	0.117323017704424
1558 	0.148632936893984
1559 	0.179942856083544
1560 	0.211252775273104
1561 	0.242562694462664
1562 	0.263836787485553
1563 	0.279563125670966
1564 	0.295289463856378
1565 	0.31101580204179
1566 	0.326742140227203
1567 	0.301776750139615
1568 	0.270838262323884
1569 	0.239899774508154
1570 	0.208961286692423
1571 	0.179549418193973
1572 	0.162878400633208
1573 	0.146207383072443
1574 	0.129536365511678
1575 	0.112865347950913
1576 	0.102185929027668
1577 	0.102584993055271
1578 	0.102984057082875
1579 	0.103383121110478
1580 	0.103782185138082
1581 	0.105862216916915
1582 	0.109048955490504
1583 	0.112235694064094
1584 	0.115422432637683
1585 	0.118609171211272
1586 	0.117118514160529
1587 	0.114885327329331
1588 	0.112652140498133
1589 	0.110418953666934
1590 	0.107623243296054
1591 	0.101128514497568
1592 	0.0946337856990819
1593 	0.0881390569005959
1594 	0.0816443281021099
1595 	0.0750268187342837
1596 	0.0682311571678069
1597 	0.0614354956013301
1598 	0.0546398340348533
1599 	0.0478441724683765
1600 	0.0444360543288921
1601 	0.0425286228157954
1602 	0.0406211913026988
1603 	0.0387137597896021
1604 	0.0368063282765055
1605 	0.0429107405730064
1606 	0.04912891130088
1607 	0.0553470820287536
1608 	0.0615652527566272
1609 	0.0685566063473115
1610 	0.0774687940187759
1611 	0.0863809816902402
1612 	0.0952931693617046
1613 	0.104205357033169
1614 	0.109920138606285
1615 	0.11346755094495
1616 	0.117014963283615
1617 	0.12056237562228
1618 	0.124109787960945
1619 	0.130457156157019
1620 	0.137067977530047
1621 	0.143678798903076
1622 	0.150289620276105
1623 	0.163638327191165
1624 	0.198323671655988
1625 	0.233009016120811
1626 	0.267694360585635
1627 	0.302379705050458
1628 	0.345445842848022
1629 	0.394731872561521
1630 	0.44401790227502
1631 	0.493303931988519
1632 	0.542589961702018
1633 	0.576807175453857
1634 	0.609642532720129
1635 	0.642477889986401
1636 	0.675313247252672
1637 	0.701913903844521
1638 	0.711310536770865
1639 	0.720707169697209
1640 	0.730103802623553
1641 	0.739500435549897
1642 	0.743733235846376
1643 	0.744867736564937
1644 	0.746002237283497
1645 	0.747136738002058
1646 	0.748271238720619
1647 	0.707666889874839
1648 	0.66672593740354
1649 	0.62578498493224
1650 	0.58484403246094
1651 	0.546667106005413
1652 	0.513237093794366
1653 	0.479807081583318
1654 	0.446377069372271
1655 	0.412947057161224
1656 	0.397418371582878
1657 	0.387825012677693
1658 	0.378231653772507
1659 	0.368638294867322
1660 	0.360947937373362
1661 	0.364569866046129
1662 	0.368191794718896
1663 	0.371813723391663
1664 	0.375435652064431
1665 	0.385785077488963
1666 	0.401773728131885
1667 	0.417762378774806
1668 	0.433751029417728
1669 	0.44973968006065
1670 	0.46392319385166
1671 	0.478015692339212
1672 	0.492108190826764
1673 	0.506200689314316
1674 	0.516267996435568
1675 	0.519452117236666
1676 	0.522636238037764
1677 	0.525820358838861
1678 	0.529004479639959
1679 	0.488733510948606
1680 	0.437257141822097
1681 	0.385780772695589
1682 	0.33430440356908
1683 	0.284696062171523
1684 	0.241412797119364
1685 	0.198129532067205
1686 	0.154846267015046
1687 	0.111563001962886
1688 	0.0876681196230925
1689 	0.0732796127115649
1690 	0.0588911058000373
1691 	0.0445025988885098
1692 	0.0314152110083123
1693 	0.0277797539424793
1694 	0.0241442968766464
1695 	0.0205088398108135
1696 	0.0168733827449806
1697 	0.015046881592093
1698 	0.0145303140313387
1699 	0.0140137464705844
1700 	0.0134971789098301
1701 	0.0130633465127275
1702 	0.0143071015828602
1703 	0.0155508566529929
1704 	0.0167946117231256
1705 	0.0180383667932583
1706 	0.0196260924671949
1707 	0.0215287950541933
1708 	0.0234314976411917
1709 	0.0253342002281902
1710 	0.0272422183488107
1711 	0.0300308432061517
1712 	0.0328194680634927
1713 	0.0356080929208337
1714 	0.0383967177781747
1715 	0.0412487737174891
1716 	0.0441645149715703
1717 	0.0470802562256515
1718 	0.0499959974797328
1719 	0.052911738733814
1720 	0.053142121461601
1721 	0.0533725041893879
1722 	0.0536028869171749
1723 	0.0538332696449618
1724 	0.0540637439795823
1725 	0.0542943066815018
1726 	0.0545248693834214
1727 	0.0547554320853409
1728 	0.0550058999021894
1729 	0.0559736890829546
1730 	0.0569414782637199
1731 	0.0579092674444851
1732 	0.0588770566252504
1733 	0.0590887331821187
1734 	0.0586892300954397
1735 	0.0582897270087606
1736 	0.0578902239220815
1737 	0.0574696226283165
1738 	0.0568303671883878
1739 	0.0561911117484591
1740 	0.0555518563085304
1741 	0.0549126008686016
1742 	0.0547164423314921
1743 	0.0547794006836697
1744 	0.0548423590358474
1745 	0.054905317388025
1746 	0.0548864112450633
1747 	0.0544995646788932
1748 	0.0541127181127232
1749 	0.0537258715465531
1750 	0.053339024980383
1751 	0.0533152015405334
1752 	0.0534169459922913
1753 	0.0535186904440492
1754 	0.0536204348958072
1755 	0.0537155112904635
1756 	0.0537958150441457
1757 	0.0538761187978278
1758 	0.05395642255151
1759 	0.0540367263051921
1760 	0.0541803316707955
1761 	0.054331921023488
1762 	0.0544835103761806
1763 	0.0546350997288731
1764 	0.0549273989247995
1765 	0.0553758444868463
1766 	0.0558242900488931
1767 	0.0562727356109398
1768 	0.0567185307210767
1769 	0.0571279990491537
1770 	0.0575374673772307
1771 	0.0579469357053078
1772 	0.0583564040333848
1773 	0.0585821897495003
1774 	0.0587179134993932
1775 	0.0588536372492861
1776 	0.0589893609991791
1777 	0.0589806639465622
1778 	0.058604257191101
1779 	0.0582278504356399
1780 	0.0578514436801787
1781 	0.0574750369247175
1782 	0.0571804839617788
1783 	0.0568948242046795
1784 	0.0566091644475803
1785 	0.056323504690481
1786 	0.0558686691227989
1787 	0.0552638097230904
1788 	0.0546589503233818
1789 	0.0540540909236733
1790 	0.0534150407211961
1791 	0.052605445975567
1792 	0.0517958512299379
1793 	0.0509862564843088
1794 	0.0501766617386797
1795 	0.0500546161524125
1796 	0.0500907153297376
1797 	0.0501268145070626
1798 	0.0501629136843877
1799 	0.0501857296633553
1800 	0.0501933851611139
1801 	0.0502010406588725
1802 	0.0502086961566311
1803 	0.0502176524872686
1804 	0.0502353143917871
1805 	0.0502529762963056
1806 	0.0502706382008241
1807 	0.0502883001053426
1808 	0.0504444582162324
1809 	0.0506350242485553
1810 	0.0508255902808782
1811 	0.0510161563132011
1812 	0.0511165424032874
1813 	0.0511196241482161
1814 	0.0511227058931447
1815 	0.0511257876380734
1816 	0.0511209365619875
1817 	0.0510773546538893
1818 	0.0510337727457912
1819 	0.0509901908376931
1820 	0.050946608929595
1821 	0.0513384770676659
1822 	0.0517971443477673
1823 	0.0522558116278688
1824 	0.0527144789079703
1825 	0.0530258437362269
1826 	0.0532274386745398
1827 	0.0534290336128527
1828 	0.0536306285511656
1829 	0.0538060600568981
1830 	0.0539168097431959
1831 	0.0540275594294936
1832 	0.0541383091157913
1833 	0.0542498697389837
1834 	0.0544343409611566
1835 	0.0546188121833295
1836 	0.0548032834055025
1837 	0.0549877546276754
1838 	0.0550300450295902
1839 	0.0550231557938113
1840 	0.0550162665580324
1841 	0.0550093773222535
1842 	0.0548598744460763
1843 	0.0545583289284826
1844 	0.054256783410889
1845 	0.0539552378932953
1846 	0.0536240612687645
1847 	0.0531953436183933
1848 	0.0527666259680222
1849 	0.0523379083176511
1850 	0.0519091906672799
1851 	0.0519749311519057
1852 	0.0520451621745889
1853 	0.0521153931972721
1854 	0.0521856242199553
1855 	0.0521010939310787
1856 	0.0519671543580365
1857 	0.0518332147849943
1858 	0.0516992752119522
1859 	0.0518562007148126
1860 	0.0522679742297678
1861 	0.0526797477447231
1862 	0.0530915212596784
1863 	0.0535059775235024
1864 	0.0539261873556549
1865 	0.0543463971878074
1866 	0.0547666070199599
1867 	0.0551689629290455
1868 	0.0554283266074419
1869 	0.0556876902858382
1870 	0.0559470539642346
1871 	0.056206417642631
1872 	0.056438548372501
1873 	0.0566680513617238
1874 	0.0568975543509466
1875 	0.0571270573401694
1876 	0.0569610233999833
1877 	0.0566434490317942
1878 	0.056325874663605
1879 	0.0560083002954158
1880 	0.0554337286533488
1881 	0.0546419895732079
1882 	0.0538502504930669
1883 	0.053058511412926
1884 	0.0524804769132515
1885 	0.0522663177803173
1886 	0.052052158647383
1887 	0.0518379995144488
1888 	0.0516393036659969
1889 	0.0514998463904649
1890 	0.0513603891149329
1891 	0.0512209318394009
1892 	0.051096356852502
1893 	0.0512376974757077
1894 	0.0513790380989134
1895 	0.0515203787221192
1896 	0.0516617193453249
1897 	0.0516619707389648
1898 	0.0516477554310064
1899 	0.051633540123048
1900 	0.0516193248150897
1901 	0.0514758108136409
1902 	0.0512936751245261
1903 	0.0511115394354113
1904 	0.0509294037462965
1905 	0.0508637476030333
1906 	0.0508630442283291
1907 	0.0508623408536248
1908 	0.0508616374789206
1909 	0.0512063016912163
1910 	0.0518659569914642
1911 	0.0525256122917121
1912 	0.0531852675919601
1913 	0.0536307084522416
1914 	0.0537716847210938
1915 	0.053912660989946
1916 	0.0540536372587982
1917 	0.0541217091272335
1918 	0.0540290174460315
1919 	0.0539363257648296
1920 	0.0538436340836276
1921 	0.0537810972155816
1922 	0.0538260987451372
1923 	0.0538711002746929
1924 	0.0539161018042486
1925 	0.0539532642169547
1926 	0.0539406251814398
1927 	0.0539279861459248
1928 	0.0539153471104099
1929 	0.0539037553632297
1930 	0.0539082849889398
1931 	0.05391281461465
1932 	0.0539173442403602
1933 	0.0539218738660704
1934 	0.0538027541429465
1935 	0.0536830130663108
1936 	0.0535632719896752
1937 	0.0534435309130395
1938 	0.0534289360114063
1939 	0.0534212910701677
1940 	0.0534136461289291
1941 	0.0534060011876905
1942 	0.0531834737261374
1943 	0.0529343877508376
1944 	0.0526853017755379
1945 	0.0524362158002381
1946 	0.0525086175513973
1947 	0.0526373079879177
1948 	0.052765998424438
1949 	0.0528946888609584
1950 	0.0532740240010247
1951 	0.0537080064028874
1952 	0.05414198880475
1953 	0.0545759712066127
1954 	0.0546630608508691
1955 	0.0546634273057239
1956 	0.0546637937605787
1957 	0.0546641602154336
1958 	0.0545650566143856
1959 	0.0544391920338309
1960 	0.0543133274532761
1961 	0.0541874628727214
1962 	0.0541622439953733
1963 	0.0541647540362555
1964 	0.0541672640771378
1965 	0.0541697741180201
1966 	0.0538494882496818
1967 	0.0534433958738291
1968 	0.0530373034979765
1969 	0.0526312111221238
1970 	0.0526071489021345
1971 	0.0526756281484723
1972 	0.0527441073948101
1973 	0.0528125866411478
1974 	0.0528053469256633
1975 	0.0527823781504766
1976 	0.0527594093752899
1977 	0.0527364406001032
1978 	0.0526175063168235
1979 	0.052483079344084
1980 	0.0523486523713444
1981 	0.0522142253986049
1982 	0.0520464244995584
1983 	0.0518749976085185
1984 	0.0517035707174785
1985 	0.0515321438264386
1986 	0.0516705381968529
1987 	0.0518242123146843
1988 	0.0519778864325156
1989 	0.0521296444707305
1990 	0.0521359278488417
1991 	0.052142211226953
1992 	0.0521484946050642
1993 	0.05222592741955
1994 	0.0531105989010533
1995 	0.0539952703825565
1996 	0.0548799418640597
1997 	0.0555565179425545
1998 	0.0551324133045086
1999 	0.0547083086664626
2000 	0.0542842040284167
2001 	0.0539140656080478
2002 	0.0537093358386078
2003 	0.0535046060691678
2004 	0.0532998762997278
2005 	0.0532620671077712
2006 	0.0535454092023179
2007 	0.0538287512968646
2008 	0.0541120933914112
2009 	0.0542161469490009
2010 	0.0540983961197063
2011 	0.0539806452904117
2012 	0.0538628944611171
2013 	0.0537514569980698
2014 	0.053644959941052
2015 	0.0535384628840342
2016 	0.0534319658270164
2017 	0.0534487269639094
2018 	0.0535224319447728
2019 	0.0535961369256362
2020 	0.0536698419064996
2021 	0.0536113646664332
2022 	0.0535230816314512
2023 	0.0534347985964692
2024 	0.0533465155614872
2025 	0.0532515351535976
2026 	0.0531562538188167
2027 	0.0530609724840358
2028 	0.0530126697177809
2029 	0.0533523751286117
2030 	0.0536920805394424
2031 	0.0540317859502731
2032 	0.0543253371704979
2033 	0.0544921804442278
2034 	0.0546590237179577
2035 	0.0548258669916876
2036 	0.0549528893532781
2037 	0.0550284002597156
2038 	0.0551039111661532
2039 	0.0551794220725907
2040 	0.0550345916844097
2041 	0.0547512405474946
2042 	0.0544678894105794
2043 	0.0541845382736643
2044 	0.0539916726716716
2045 	0.0538212872462702
2046 	0.0536509018208687
2047 	0.0534805163954673
2048 	0.0529112192162284
2049 	0.0523407217007193
2050 	0.0517702241852101
2051 	0.0513219172767952
2052 	0.0513563237568014
2053 	0.0513907302368076
2054 	0.0514251367168137
2055 	0.0514582100333499
2056 	0.0514894194786558
2057 	0.0515206289239617
2058 	0.0515518383692675
2059 	0.051775633134425
2060 	0.0521077571419991
2061 	0.0524398811495731
2062 	0.0527720051571471
2063 	0.0528889363093074
2064 	0.0529745622007144
2065 	0.0530601880921214
2066 	0.0530878952067341
2067 	0.0526698795607982
2068 	0.0522518639148623
2069 	0.0518338482689264
2070 	0.0515954126537508
2071 	0.0516680528295643
2072 	0.0517406930053777
2073 	0.0518133331811912
2074 	0.0522825534832238
2075 	0.0529876978475846
2076 	0.0536928422119455
2077 	0.0543979865763063
2078 	0.0543761015172543
2079 	0.0542707337038974
2080 	0.0541653658905404
2081 	0.0541006967828763
2082 	0.0542265716155016
2083 	0.0543524464481269
2084 	0.0544783212807521
2085 	0.0544874937669406
2086 	0.0543618549219005
2087 	0.0542362160768603
2088 	0.0541105772318202
2089 	0.0540056615621526
2090 	0.053907218485318
2091 	0.0538087754084833
2092 	0.0537155320341235
2093 	0.0536935551701537
2094 	0.0536715783061839
2095 	0.0536496014422142
2096 	0.0535666675204386
2097 	0.0533863606361939
2098 	0.0532060537519493
2099 	0.0530257468677046
2100 	0.0528590488864231
2101 	0.0526979094711407
2102 	0.0525367700558582
2103 	0.0523855828067136
2104 	0.0524456026389374
2105 	0.0525056224711612
2106 	0.052565642303385
2107 	0.0526400927465975
2108 	0.0527372092651674
2109 	0.0528343257837373
2110 	0.0529314423023072
2111 	0.0530003717445309
2112 	0.0530595002895885
2113 	0.053118628834646
2114 	0.0531964617405646
2115 	0.0534337270557278
2116 	0.053670992370891
2117 	0.0539082576860541
2118 	0.0541698455515769
2119 	0.0544581015383535
2120 	0.05474635752513
2121 	0.0550346135119066
2122 	0.0547425726995833
2123 	0.0543544920906724
2124 	0.0539664114817616
2125 	0.0535079774036923
2126 	0.0528373527419363
2127 	0.0521667280801803
2128 	0.0514961034184243
2129 	0.0515289604083143
2130 	0.0519422828215137
2131 	0.0523556052347132
2132 	0.0527441683297877
2133 	0.0527306059477301
2134 	0.0527170435656725
2135 	0.052703481183615
2136 	0.0527031603026819
2137 	0.0527173578810532
2138 	0.0527315554594245
2139 	0.0527457530377958
2140 	0.0526674302458013
2141 	0.0525793953707296
2142 	0.052491360495658
2143 	0.0524249746367047
2144 	0.0524000564267008
2145 	0.052375138216697
2146 	0.0523502200066932
2147 	0.0523029522807975
2148 	0.0522497435443482
2149 	0.052196534807899
2150 	0.0523083740138634
2151 	0.0529260918725912
2152 	0.0535438097313191
2153 	0.054161527590047
2154 	0.0543930242390677
2155 	0.054468296578544
2156 	0.0545435689180203
2157 	0.0545604559434643
2158 	0.0543251681019183
2159 	0.0540898802603722
2160 	0.0538545924188261
2161 	0.0536186800806396
2162 	0.0533824643094643
2163 	0.053146248538289
2164 	0.0529612373235314
2165 	0.0530316356626421
2166 	0.0531020340017528
2167 	0.0531724323408635
2168 	0.0533686035693394
2169 	0.0536267226388459
2170 	0.0538848417083524
2171 	0.0540781876870091
2172 	0.0539842790888541
2173 	0.0538903704906991
2174 	0.0537964618925441
2175 	0.0536125989571067
2176 	0.0533914565014094
2177 	0.0531703140457121
2178 	0.0530211712055262
2179 	0.0531012823712155
2180 	0.0531813935369048
2181 	0.0532615047025942
2182 	0.0531834798763482
2183 	0.0530608525908385
2184 	0.0529382253053288
2185 	0.0528876903299461
2186 	0.0529822085568671
2187 	0.0530767267837882
2188 	0.0531712450107092
2189 	0.0533919828675761
2190 	0.0536280029217908
2191 	0.0538640229760054
2192 	0.0541429810915114
2193 	0.0544717399390117
2194 	0.054800498786512
2195 	0.0551094747188168
2196 	0.0549672117759469
2197 	0.054824948833077
2198 	0.0546826858902071
2199 	0.0542007134067944
2200 	0.0535209353681291
2201 	0.0528411573294637
2202 	0.0523402635054642
2203 	0.052434876006477
2204 	0.0525294885074898
2205 	0.0526241010085026
2206 	0.05227712412332
2207 	0.0518454083928723
2208 	0.0514136926624245
2209 	0.0512602471081341
2210 	0.0514374376712474
2211 	0.0516146282343607
2212 	0.0517560671147722
2213 	0.0515126496460995
2214 	0.0512692321774268
2215 	0.051025814708754
2216 	0.0510177297992436
2217 	0.0511002577033718
2218 	0.0511827856075
2219 	0.0513661268658921
2220 	0.0517218616921445
2221 	0.0520775965183969
2222 	0.0524461772780081
2223 	0.0532959864642147
2224 	0.0541457956504214
2225 	0.054995604836628
2226 	0.055296063851974
2227 	0.0553520144097694
2228 	0.0554079649675647
2229 	0.0553471861851114
2230 	0.0550859374487526
2231 	0.0548246887123939
2232 	0.0545627150545377
2233 	0.0542877885540762
2234 	0.0540128620536146
2235 	0.053737935553153
2236 	0.0535431161073977
2237 	0.0533752845998589
2238 	0.0532074530923201
2239 	0.0531238415516702
2240 	0.0531419260858287
2241 	0.0531600106199872
2242 	0.0531951096779838
2243 	0.0533150775884184
2244 	0.0534350454988531
2245 	0.0535550134092877
2246 	0.0537247937502078
2247 	0.0539006678676967
2248 	0.0540765419851857
2249 	0.0540683952087503
2250 	0.0539498358959603
2251 	0.0538312765831703
2252 	0.0537474980955005
2253 	0.053723195761356
2254 	0.0536988934272115
2255 	0.0536718046863301
2256 	0.0536246629527026
2257 	0.053577521219075
2258 	0.0535303794854475
2259 	0.05360630700187
2260 	0.053698226567734
2261 	0.053790146133598
2262 	0.0540023111273901
2263 	0.0542772526535709
2264 	0.0545521941797517
2265 	0.0546757771218767
2266 	0.0546067218661124
2267 	0.0545376666103481
2268 	0.0542942824323
2269 	0.0534738094080713
2270 	0.0526533363838426
2271 	0.0518709927871356
2272 	0.0521719735135411
2273 	0.0524729542399466
2274 	0.0527739349663521
2275 	0.0528330509722695
2276 	0.0528481395940792
2277 	0.0528632282158888
2278 	0.0529010660801102
2279 	0.0529502615121324
2280 	0.0529994569441546
2281 	0.0527249276627315
2282 	0.0521240734693617
2283 	0.0515232192759918
2284 	0.0511465982431662
2285 	0.0512071988006645
2286 	0.0512677993581627
2287 	0.0513464365882507
2288 	0.0515019670014845
2289 	0.0516574974147182
2290 	0.0518441588217596
2291 	0.0526101008782818
2292 	0.0533760429348039
2293 	0.0541419849913261
2294 	0.0542091811557741
2295 	0.0542164414619443
2296 	0.0542237017681144
2297 	0.0540674542198106
2298 	0.0538708393957139
2299 	0.0536742245716172
2300 	0.0536920252214101
2301 	0.053805259348021
2302 	0.0539184934746318
2303 	0.0537654648141084
2304 	0.0534289307192087
2305 	0.0530923966243091
2306 	0.0530389383543306
2307 	0.0532663003250109
2308 	0.0534936622956912
2309 	0.053700527240433
2310 	0.0538792026886941
2311 	0.0540578781369551
2312 	0.0541493528869044
2313 	0.0540795932972403
2314 	0.0540098337075761
2315 	0.0539439624506287
2316 	0.0538875648290629
2317 	0.0538311672074972
2318 	0.0537833046660001
2319 	0.053762469878054
2320 	0.0537416350901078
2321 	0.053665753506057
2322 	0.0533683016522579
2323 	0.0530708497984589
2324 	0.0528815735098325
2325 	0.0532280238296801
2326 	0.0535744741495277
2327 	0.0538351498971175
2328 	0.0535980997254156
2329 	0.0533610495537136
2330 	0.0531398613897805
2331 	0.053019443628144
2332 	0.0528990258665074
2333 	0.0527395336245376
2334 	0.0523296752678408
2335 	0.0519198169111439
2336 	0.0515854798126766
2337 	0.051696457719632
2338 	0.0518074356265875
2339 	0.0519759994788336
2340 	0.052440265393707
2341 	0.0529045313085804
2342 	0.0532004292160773
2343 	0.0527877784258648
2344 	0.0523751276356523
2345 	0.0520880562760442
2346 	0.0522190393845514
2347 	0.0523500224930586
2348 	0.0524547048013882
2349 	0.0524917564806895
2350 	0.0525288081599909
2351 	0.0525663397616918
2352 	0.0526048071412871
2353 	0.0526432745208823
2354 	0.0528294198936356
2355 	0.0532298431388144
2356 	0.0536302663839932
2357 	0.0536574912207899
2358 	0.0532915932988599
2359 	0.0529256953769299
2360 	0.0531133367225049
2361 	0.0537084444733266
2362 	0.0543035522241483
2363 	0.0545903451214265
2364 	0.054728690126258
2365 	0.0548670351310895
2366 	0.054779853228433
2367 	0.0546305363614685
2368 	0.0544812194945041
2369 	0.0541240220100638
2370 	0.0537444940495492
2371 	0.0533717082327579
2372 	0.0532028722636001
2373 	0.0530340362944423
2374 	0.0529009034858596
2375 	0.0529408579294217
2376 	0.0529808123729838
2377 	0.053081184714564
2378 	0.0533099450894328
2379 	0.0535387054643016
2380 	0.0537514822012005
2381 	0.0539469433302989
2382 	0.0541424044593972
2383 	0.0542407558098016
2384 	0.0542865870795871
2385 	0.0543324183493727
2386 	0.0542285928806407
2387 	0.0540938973247116
2388 	0.0539628383172001
2389 	0.0540301732289141
2390 	0.054097508140628
2391 	0.0540998066993293
2392 	0.0538688097164893
2393 	0.0536378127336493
2394 	0.0531276018394589
2395 	0.0522442359048654
2396 	0.051360869970272
2397 	0.0512029023781259
2398 	0.0514389783300251
2399 	0.0516750542819243
2400 	0.0521392359344364
