 	avca20
200 	0
201 	0
202 	0
203 	0.0484776544845848
204 	0.0474976254327155
205 	0.0465175963808462
206 	0.0455375673289769
207 	0.0445575382771077
208 	0.0435775092252384
209 	0.0427091352347661
210 	0.0430907532731041
211 	0.0434723713114422
212 	0.0438539893497802
213 	0.0442356073881183
214 	0.0446172254264563
215 	0.0449988434647943
216 	0.0440086076622749
217 	0.0422567049527787
218 	0.0405048022432824
219 	0.0387528995337861
220 	0.0370009968242899
221 	0.0352490941147936
222 	0.0336979777004479
223 	0.0329022002059542
224 	0.0321064227114604
225 	0.0313106452169667
226 	0.0305148677224729
227 	0.0297190902279792
228 	0.0289233127334854
229 	0.0281852600761523
230 	0.0274632052344818
231 	0.0267411503928112
232 	0.0260190955511407
233 	0.0252970407094702
234 	0.0245749858677997
235 	0.0242924304890943
236 	0.0247844625616921
237 	0.02527649463429
238 	0.0257685267068879
239 	0.0262605587794857
240 	0.0267525908520836
241 	0.0272446229246814
242 	0.0292724019429229
243 	0.0313878451631355
244 	0.0335032883833482
245 	0.0356187316035609
246 	0.0377341748237735
247 	0.0398496180439862
248 	0.0419949231143879
249 	0.0441660787416697
250 	0.0463372343689515
251 	0.0485083899962333
252 	0.0506795456235151
253 	0.0528507012507969
254 	0.0548706928991754
255 	0.0558966668680987
256 	0.0569226408370219
257 	0.0579486148059452
258 	0.0589745887748685
259 	0.0600005627437918
260 	0.0610265367127151
261 	0.0599072071595224
262 	0.0580104242863257
263 	0.056113641413129
264 	0.0542168585399323
265 	0.0523200756667356
266 	0.050423292793539
267 	0.0482099454385982
268 	0.045387535425799
269 	0.0425651254129997
270 	0.0397427154002005
271 	0.0369203053874012
272 	0.034097895374602
273 	0.0312754853618027
274 	0.0291428543322984
275 	0.0270419704526528
276 	0.0249410865730072
277 	0.0228402026933617
278 	0.0207393188137161
279 	0.0186384349340705
280 	0.0206921146900087
281 	0.025816558872248
282 	0.0309410030544874
283 	0.0360654472367267
284 	0.041189891418966
285 	0.0463143356012054
286 	0.0518591218263869
287 	0.0590748199536119
288 	0.0662905180808369
289 	0.073506216208062
290 	0.080721914335287
291 	0.087937612462512
292 	0.095153310589737
293 	0.100542206527637
294 	0.105562228946539
295 	0.11058225136544
296 	0.115602273784342
297 	0.120622296203244
298 	0.125642318622145
299 	0.129484472186498
300 	0.131993047154337
301 	0.134501622122175
302 	0.137010197090013
303 	0.139518772057852
304 	0.14202734702569
305 	0.143873049654938
306 	0.140463121599653
307 	0.137053193544368
308 	0.133643265489083
309 	0.130233337433798
310 	0.126823409378513
311 	0.123413481323228
312 	0.118973587836502
313 	0.114210222946209
314 	0.109446858055916
315 	0.104683493165623
316 	0.0999201282753301
317 	0.0951567633850371
318 	0.0936462507804575
319 	0.0967022423462065
320 	0.0997582339119555
321 	0.102814225477704
322 	0.105870217043453
323 	0.108926208609202
324 	0.111937168568174
325 	0.114408334071872
326 	0.116879499575571
327 	0.11935066507927
328 	0.121821830582968
329 	0.124292996086667
330 	0.126764161590366
331 	0.121789220943483
332 	0.11425217925554
333 	0.106715137567597
334 	0.0991780958796545
335 	0.0916410541917117
336 	0.0841040125037689
337 	0.0783281313202421
338 	0.0750144961177097
339 	0.0717008609151773
340 	0.0683872257126448
341 	0.0650735905101124
342 	0.0617599553075799
343 	0.0586459293317394
344 	0.0574334438838579
345 	0.0562209584359763
346 	0.0550084729880948
347 	0.0537959875402133
348 	0.0525835020923318
349 	0.0513710166444502
350 	0.0513142872134329
351 	0.0515835402487107
352 	0.0518527932839884
353 	0.0521220463192662
354 	0.0523912993545439
355 	0.0526605523898217
356 	0.0532110995401423
357 	0.0540775799958931
358 	0.054944060451644
359 	0.0558105409073949
360 	0.0566770213631457
361 	0.0575435018188966
362 	0.0580787885276566
363 	0.0569620728936416
364 	0.0558453572596265
365 	0.0547286416256115
366 	0.0536119259915965
367 	0.0524952103575814
368 	0.0513784947235664
369 	0.0483871615689078
370 	0.0451157131525439
371 	0.0418442647361799
372 	0.038572816319816
373 	0.0353013679034521
374 	0.0320299194870882
375 	0.029797252028906
376 	0.0283198985316814
377 	0.0268425450344569
378 	0.0253651915372323
379 	0.0238878380400078
380 	0.0224104845427832
381 	0.0221196570062709
382 	0.024691880166767
383 	0.0272641033272632
384 	0.0298363264877593
385 	0.0324085496482554
386 	0.0349807728087516
387 	0.0375525313751635
388 	0.0400915692439277
389 	0.042630607112692
390 	0.0451696449814562
391 	0.0477086828502205
392 	0.0502477207189847
393 	0.052786758587749
394 	0.0538442225498407
395 	0.0543838354433384
396 	0.054923448336836
397 	0.0554630612303337
398 	0.0560026741238313
399 	0.056542287017329
400 	0.0536387726548586
401 	0.046914403995681
402 	0.0401900353365033
403 	0.0334656666773257
404 	0.026741298018148
405 	0.0200169293589703
406 	0.0147080719848352
407 	0.0146292962131802
408 	0.0145505204415252
409 	0.0144717446698703
410 	0.0143929688982153
411 	0.0143141931265603
412 	0.0142354173549054
413 	0.0192608754926435
414 	0.0245101100648225
415 	0.0297593446370015
416 	0.0350085792091805
417 	0.0402578137813595
418 	0.0455070483535385
419 	0.0537079372306829
420 	0.0631202949410359
421 	0.072532652651389
422 	0.081945010361742
423 	0.0913573680720951
424 	0.100769725782448
425 	0.106679339846003
426 	0.108575080288548
427 	0.110470820731094
428 	0.11236656117364
429 	0.114262301616185
430 	0.116158042058731
431 	0.117478917402447
432 	0.116864329902505
433 	0.116249742402564
434 	0.115635154902623
435 	0.115020567402681
436 	0.11440597990274
437 	0.113791392402798
438 	0.108902828679711
439 	0.104009986702146
440 	0.0991171447245809
441 	0.0942243027470159
442 	0.0893314607694509
443 	0.0844386187918859
444 	0.0795500631490408
445 	0.0746627590716307
446 	0.0697754549942206
447 	0.0648881509168105
448 	0.0600008468394004
449 	0.0551135427619903
450 	0.0518358163920321
451 	0.0498434362488879
452 	0.0478510561057438
453 	0.0458586759625996
454 	0.0438662958194555
455 	0.0418739156763113
456 	0.0403764409470898
457 	0.0398227393327906
458 	0.0392690377184914
459 	0.0387153361041922
460 	0.038161634489893
461 	0.0376079328755939
462 	0.0371897523513042
463 	0.0376180876211325
464 	0.0380464228909608
465 	0.0384747581607891
466 	0.0389030934306174
467 	0.0393314287004457
468 	0.039759763970274
469 	0.0402647658275441
470 	0.0407748351991228
471 	0.0412849045707014
472 	0.0417949739422801
473 	0.0423050433138587
474 	0.0428151126854374
475 	0.0448295023208958
476 	0.0473615075310224
477 	0.049893512741149
478 	0.0524255179512756
479 	0.0549575231614022
480 	0.0574895283715289
481 	0.0625863322104694
482 	0.0697230028224163
483 	0.0768596734343631
484 	0.08399634404631
485 	0.0911330146582568
486 	0.0982696852702037
487 	0.102403318550353
488 	0.101553187747942
489 	0.100703056945532
490 	0.0998529261431221
491 	0.099002795340712
492 	0.0981526645383019
493 	0.0978167546320925
494 	0.099537728310686
495 	0.101258701989279
496 	0.102979675667873
497 	0.104700649346466
498 	0.10642162302506
499 	0.107843330007354
500 	0.100212219426589
501 	0.0925811088458246
502 	0.0849499982650598
503 	0.077318887684295
504 	0.0696877771035302
505 	0.0620566665227654
506 	0.0569544567165663
507 	0.0522334736094097
508 	0.0475124905022532
509 	0.0427915073950966
510 	0.0380705242879401
511 	0.0333495411807835
512 	0.0338221984260538
513 	0.0363956540161259
514 	0.0389691096061981
515 	0.0415425651962703
516 	0.0441160207863425
517 	0.0466894763764147
518 	0.0512969724185855
519 	0.0574897170693314
520 	0.0636824617200772
521 	0.0698752063708231
522 	0.0760679510215689
523 	0.0822606956723148
524 	0.0838741775723917
525 	0.0791117481784751
526 	0.0743493187845585
527 	0.0695868893906419
528 	0.0648244599967253
529 	0.0600620306028087
530 	0.0558814525725353
531 	0.0531896686008366
532 	0.050497884629138
533 	0.0478061006574393
534 	0.0451143166857407
535 	0.042422532714042
536 	0.040146567787629
537 	0.040245515663485
538 	0.040344463539341
539 	0.0404434114151969
540 	0.0405423592910529
541 	0.0406413071669089
542 	0.0407751408855664
543 	0.0423276655448205
544 	0.0438801902040745
545 	0.0454327148633286
546 	0.0469852395225826
547 	0.0485377641818367
548 	0.0500902888410907
549 	0.05433091972107
550 	0.0588537274971476
551 	0.0633765352732252
552 	0.0678993430493028
553 	0.0724221508253804
554 	0.076944958601458
555 	0.0866886873661533
556 	0.0977952542703742
557 	0.108901821174595
558 	0.120008388078816
559 	0.131114954983037
560 	0.142221521887258
561 	0.141793634808424
562 	0.136110603484037
563 	0.130427572159649
564 	0.124744540835261
565 	0.119061509510874
566 	0.113378478186486
567 	0.104012953236218
568 	0.0920565085798366
569 	0.0801000639234552
570 	0.0681436192670737
571 	0.0561871746106923
572 	0.0442307299543109
573 	0.0371712615695538
574 	0.0351478316629164
575 	0.033124401756279
576 	0.0311009718496415
577 	0.0290775419430041
578 	0.0270541120363667
579 	0.0264408769255034
580 	0.0278908332153543
581 	0.0293407895052053
582 	0.0307907457950562
583 	0.0322407020849072
584 	0.0336906583747581
585 	0.0349651649490479
586 	0.035875275960249
587 	0.0367853869714501
588 	0.0376954979826513
589 	0.0386056089938524
590 	0.0395157200050535
591 	0.0400696596243533
592 	0.0395607611060667
593 	0.0390518625877801
594 	0.0385429640694935
595 	0.038034065551207
596 	0.0375251670329204
597 	0.0370065839631188
598 	0.0364447643983021
599 	0.0358829448334853
600 	0.0353211252686686
601 	0.0347593057038518
602 	0.0341974861390351
603 	0.0337415046669103
604 	0.0340543800830186
605 	0.0343672554991269
606 	0.0346801309152353
607 	0.0349930063313436
608 	0.0353058817474519
609 	0.0357309100665957
610 	0.0377692147601714
611 	0.0398075194537471
612 	0.0418458241473228
613 	0.0438841288408985
614 	0.0459224335344742
615 	0.0479578429834731
616 	0.0498258391725309
617 	0.0516938353615887
618 	0.0535618315506466
619 	0.0554298277397044
620 	0.0572978239287622
621 	0.05916582011782
622 	0.0587846319526421
623 	0.0583434039587064
624 	0.0579021759647707
625 	0.057460947970835
626 	0.0570197199768994
627 	0.0565784919829637
628 	0.0582379430470888
629 	0.0600362449657978
630 	0.0618345468845069
631 	0.063632848803216
632 	0.0654311507219251
633 	0.0672294526406341
634 	0.071758964811208
635 	0.0765652075359354
636 	0.0813714502606629
637 	0.0861776929853904
638 	0.0909839357101179
639 	0.0957901784348453
640 	0.102065248350962
641 	0.108531182817372
642 	0.114997117283783
643 	0.121463051750193
644 	0.127928986216603
645 	0.134394920683013
646 	0.138291778080259
647 	0.141797946337954
648 	0.145304114595649
649 	0.148810282853344
650 	0.152316451111039
651 	0.155822619368734
652 	0.158284204442848
653 	0.160572909782617
654 	0.162861615122385
655 	0.165150320462153
656 	0.167439025801921
657 	0.169727731141689
658 	0.166453754104297
659 	0.162228779845517
660 	0.158003805586737
661 	0.153778831327957
662 	0.149553857069177
663 	0.145328882810397
664 	0.146856723325837
665 	0.149344485092986
666 	0.151832246860135
667 	0.154320008627284
668 	0.156807770394433
669 	0.159295532161582
670 	0.148060596143647
671 	0.134702286565433
672 	0.12134397698722
673 	0.107985667409006
674 	0.0946273578307926
675 	0.0812690482525791
676 	0.0783397146213147
677 	0.076805640810618
678 	0.0752715669999212
679 	0.0737374931892245
680 	0.0722034193785277
681 	0.070669345567831
682 	0.0685333085066473
683 	0.066333346144527
684 	0.0641333837824066
685 	0.0619334214202862
686 	0.0597334590581659
687 	0.0575334966960455
688 	0.0568630469383504
689 	0.0563041925208922
690 	0.055745338103434
691 	0.0551864836859759
692 	0.0546276292685177
693 	0.0540687748510595
694 	0.053927175249616
695 	0.0537993691958093
696 	0.0536715631420026
697 	0.053543757088196
698 	0.0534159510343893
699 	0.053277583583886
700 	0.0519762890082375
701 	0.0506749944325889
702 	0.0493736998569404
703 	0.0480724052812918
704 	0.0467711107056432
705 	0.0454891581445088
706 	0.0445213465777253
707 	0.0435535350109418
708 	0.0425857234441583
709 	0.0416179118773748
710 	0.0406501003105913
711 	0.0395112787610986
712 	0.0370165923486971
713 	0.0345219059362956
714 	0.0320272195238941
715 	0.0295325331114926
716 	0.0270378466990911
717 	0.0247113530169556
718 	0.0231832914911403
719 	0.0216552299653251
720 	0.0201271684395098
721 	0.0185991069136946
722 	0.0170710453878793
723 	0.0159978595363939
724 	0.0163494495573963
725 	0.0167010395783987
726 	0.0170526295994011
727 	0.0174042196204035
728 	0.0177558096414059
729 	0.0191223750073711
730 	0.0226757799967103
731 	0.0262291849860495
732 	0.0297825899753887
733 	0.033335994964728
734 	0.0368893999540672
735 	0.0385102071845549
736 	0.0372078389104484
737 	0.0359054706363419
738 	0.0346031023622354
739 	0.0333007340881289
740 	0.0319983658140225
741 	0.0348915339167945
742 	0.0422219565416151
743 	0.0495523791664357
744 	0.0568828017912564
745 	0.064213224416077
746 	0.0715436470408977
747 	0.0884040666882556
748 	0.112165518662277
749 	0.135926970636299
750 	0.159688422610321
751 	0.183449874584342
752 	0.207211326558364
753 	0.239969745323286
754 	0.276942602276601
755 	0.313915459229917
756 	0.350888316183232
757 	0.387861173136548
758 	0.424834030089863
759 	0.422921206682785
760 	0.410609297653345
761 	0.398297388623904
762 	0.385985479594464
763 	0.373673570565024
764 	0.361361661535583
765 	0.324952667986472
766 	0.28595517255651
767 	0.246957677126548
768 	0.207960181696587
769 	0.168962686266625
770 	0.130728865656818
771 	0.123551154399986
772 	0.116373443143154
773 	0.109195731886321
774 	0.102018020629489
775 	0.0948403093726562
776 	0.0894342934483285
777 	0.0939124725369185
778 	0.0983906516255085
779 	0.102868830714099
780 	0.107347009802689
781 	0.111825188891279
782 	0.116145399223807
783 	0.12007124000449
784 	0.123997080785173
785 	0.127922921565855
786 	0.131848762346538
787 	0.135774603127221
788 	0.137301386095405
789 	0.135608824504896
790 	0.133916262914388
791 	0.132223701323879
792 	0.130531139733371
793 	0.128838578142863
794 	0.132534708168215
795 	0.140213784170507
796 	0.1478928601728
797 	0.155571936175092
798 	0.163251012177384
799 	0.170930088179677
800 	0.169878498701228
801 	0.165581353193589
802 	0.16128420768595
803 	0.156987062178311
804 	0.152689916670672
805 	0.148392771163033
806 	0.13381462434274
807 	0.117978756823144
808 	0.102142889303548
809 	0.0863070217839513
810 	0.0704711542643549
811 	0.0552353844763411
812 	0.049746029570239
813 	0.0442566746641369
814 	0.0387673197580348
815 	0.0332779648519326
816 	0.0277886099458305
817 	0.0235679954277294
818 	0.0235238782383709
819 	0.0234797610490124
820 	0.0234356438596539
821 	0.0233915266702954
822 	0.0233474094809369
823 	0.0225866717168968
824 	0.0208115869558435
825 	0.0190365021947903
826 	0.017261417433737
827 	0.0154863326726838
828 	0.0137112479116305
829 	0.013932320410683
830 	0.0154676125320608
831 	0.0170029046534386
832 	0.0185381967748163
833 	0.0200734888961941
834 	0.0216087810175719
835 	0.0269731007734493
836 	0.0333066731385608
837 	0.0396402455036724
838 	0.045973817868784
839 	0.0523073902338956
840 	0.0586409625990072
841 	0.0663312826407575
842 	0.0740229607882903
843 	0.081714638935823
844 	0.0894063170833557
845 	0.0970979952308884
846 	0.102107969101992
847 	0.0969068382282287
848 	0.0917057073544654
849 	0.0865045764807022
850 	0.0813034456069389
851 	0.0761023147331757
852 	0.0716341614726602
853 	0.0681658381952275
854 	0.0646975149177947
855 	0.061229191640362
856 	0.0577608683629292
857 	0.0542925450854965
858 	0.0511885546449086
859 	0.0482850884788633
860 	0.045381622312818
861 	0.0424781561467727
862 	0.0395746899807274
863 	0.0366712238146821
864 	0.0383069085149339
865 	0.0405969788091827
866 	0.0428870491034314
867 	0.0451771193976802
868 	0.047467189691929
869 	0.0496319781357818
870 	0.0507831225173403
871 	0.0519342668988988
872 	0.0530854112804574
873 	0.0542365556620159
874 	0.0553877000435744
875 	0.0571289457210517
876 	0.059956514238743
877 	0.0627840827564344
878 	0.0656116512741257
879 	0.0684392197918171
880 	0.0712667883095084
881 	0.0723042136652557
882 	0.0721581224454983
883 	0.072012031225741
884 	0.0718659400059836
885 	0.0717198487862262
886 	0.0715737575664688
887 	0.072553869450787
888 	0.0737203692614208
889 	0.0748868690720546
890 	0.0760533688826884
891 	0.0772198686933222
892 	0.0772803176421173
893 	0.0693059012392068
894 	0.0613314848362963
895 	0.0533570684333858
896 	0.0453826520304753
897 	0.0374082356275649
898 	0.0320600460320809
899 	0.0308023222312851
900 	0.0295445984304892
901 	0.0282868746296934
902 	0.0270291508288975
903 	0.0257714270281016
904 	0.0270366726161227
905 	0.0295558490979867
906 	0.0320750255798508
907 	0.0345942020617149
908 	0.0371133785435789
909 	0.039632555025443
910 	0.0435193087998796
911 	0.0474750160512526
912 	0.0514307233026256
913 	0.0553864305539986
914 	0.0593421378053716
915 	0.0630789371541102
916 	0.0661337888390867
917 	0.0691886405240633
918 	0.0722434922090398
919 	0.0752983438940164
920 	0.0783531955789929
921 	0.0774960325293177
922 	0.0733198033739035
923 	0.0691435742184894
924 	0.0649673450630753
925 	0.0607911159076611
926 	0.056614886752247
927 	0.053337003344651
928 	0.0502239052517436
929 	0.0471108071588361
930 	0.0439977090659287
931 	0.0408846109730212
932 	0.0382937696205099
933 	0.0385071475810797
934 	0.0387205255416496
935 	0.0389339035022194
936 	0.0391472814627893
937 	0.0393606594233591
938 	0.0406037627006026
939 	0.0429849834331168
940 	0.045366204165631
941 	0.0477474248981452
942 	0.0501286456306594
943 	0.0525098663631736
944 	0.0536873969016015
945 	0.0545658833094138
946 	0.0554443697172261
947 	0.0563228561250385
948 	0.0572013425328508
949 	0.0586134955958831
950 	0.0635045132459498
951 	0.0683955308960164
952 	0.0732865485460831
953 	0.0781775661961497
954 	0.0830685838462164
955 	0.0845916384199502
956 	0.082347141077786
957 	0.0801026437356218
958 	0.0778581463934576
959 	0.0756136490512934
960 	0.0733691517091292
961 	0.0665909460384271
962 	0.0588107852914544
963 	0.0510306245444817
964 	0.0432504637975089
965 	0.0354703030505362
966 	0.0294037368572318
967 	0.0315863351432124
968 	0.0337689334291931
969 	0.0359515317151738
970 	0.0381341300011545
971 	0.0403167282871351
972 	0.0425219222066877
973 	0.0447469934881042
974 	0.0469720647695207
975 	0.0491971360509372
976 	0.0514222073323537
977 	0.0536472786137702
978 	0.0525588197399999
979 	0.0511021908489865
980 	0.0496455619579731
981 	0.0481889330669597
982 	0.0467323041759463
983 	0.0454625017666686
984 	0.0446877213491432
985 	0.0439129409316178
986 	0.0431381605140924
987 	0.042363380096567
988 	0.0415885996790416
989 	0.0421510402430103
990 	0.0434147064436163
991 	0.0446783726442224
992 	0.0459420388448284
993 	0.0472057050454344
994 	0.0484394304788241
995 	0.0490226246972412
996 	0.0496058189156584
997 	0.0501890131340754
998 	0.0507722073524926
999 	0.0513554015709097
1000 	0.0518125543627527
1001 	0.0521092907935016
1002 	0.0524060272242505
1003 	0.0527027636549994
1004 	0.0529995000857483
1005 	0.0532962365164972
1006 	0.054913226594029
1007 	0.0567779602299834
1008 	0.0586426938659378
1009 	0.0605074275018921
1010 	0.0623721611378465
1011 	0.06367273245718
1012 	0.0632987267414637
1013 	0.0629247210257473
1014 	0.062550715310031
1015 	0.0621767095943147
1016 	0.0618027038785984
1017 	0.0591260359283301
1018 	0.0553100836736721
1019 	0.0514941314190141
1020 	0.0476781791643561
1021 	0.0438622269096981
1022 	0.0404443101661607
1023 	0.0409083096439846
1024 	0.0413723091218085
1025 	0.0418363085996324
1026 	0.0423003080774563
1027 	0.0427643075552802
1028 	0.0436500810336005
1029 	0.0449189927261122
1030 	0.046187904418624
1031 	0.0474568161111358
1032 	0.0487257278036476
1033 	0.0499946394961594
1034 	0.0490934373301554
1035 	0.0481065134109045
1036 	0.0471195894916535
1037 	0.0461326655724026
1038 	0.0451457416531516
1039 	0.0442772572834263
1040 	0.0435813396283662
1041 	0.042885421973306
1042 	0.0421895043182459
1043 	0.0414935866631857
1044 	0.0407976690081256
1045 	0.0409571780296553
1046 	0.0412571005103227
1047 	0.04155702299099
1048 	0.0418569454716574
1049 	0.0421568679523248
1050 	0.042482154661322
1051 	0.0428615888295437
1052 	0.0432410229977654
1053 	0.0436204571659871
1054 	0.0439998913342088
1055 	0.0443793255024306
1056 	0.0446155170282129
1057 	0.0448124764926901
1058 	0.0450094359571674
1059 	0.0452063954216446
1060 	0.0454033548861219
1061 	0.0459788463740586
1062 	0.0476373194426261
1063 	0.0492957925111936
1064 	0.0509542655797611
1065 	0.0526127386483286
1066 	0.0542712117168961
1067 	0.0571822291959496
1068 	0.0605333298462549
1069 	0.0638844304965602
1070 	0.0672355311468655
1071 	0.0705866317971708
1072 	0.0742677879978811
1073 	0.0790665007113655
1074 	0.0838652134248499
1075 	0.0886639261383344
1076 	0.0934626388518188
1077 	0.0982613515653033
1078 	0.0985639586485761
1079 	0.0971525807125965
1080 	0.0957412027766169
1081 	0.0943298248406373
1082 	0.0929184469046577
1083 	0.090285948231715
1084 	0.0834713811941315
1085 	0.0766568141565479
1086 	0.0698422471189644
1087 	0.0630276800813808
1088 	0.0562131130437973
1089 	0.0509284397964751
1090 	0.0461925328000072
1091 	0.0414566258035393
1092 	0.0367207188070714
1093 	0.0319848118106035
1094 	0.0293339228813341
1095 	0.0328391940160883
1096 	0.0363444651508424
1097 	0.0398497362855966
1098 	0.0433550074203507
1099 	0.0468602785551049
1100 	0.0502161434926402
1101 	0.0535291286592877
1102 	0.0568421138259352
1103 	0.0601550989925828
1104 	0.0634680841592303
1105 	0.0650909306386852
1106 	0.0629342113160359
1107 	0.0607774919933865
1108 	0.0586207726707372
1109 	0.0564640533480878
1110 	0.0543073340254385
1111 	0.0532638001235755
1112 	0.0524197994575139
1113 	0.0515757987914523
1114 	0.0507317981253907
1115 	0.0498877974593291
1116 	0.0483954199163017
1117 	0.0459057926589563
1118 	0.0434161654016109
1119 	0.0409265381442656
1120 	0.0384369108869202
1121 	0.0359472836295748
1122 	0.0353800989969789
1123 	0.0349205061902668
1124 	0.0344609133835546
1125 	0.0340013205768425
1126 	0.0335417277701303
1127 	0.0334814974050518
1128 	0.0338096017218774
1129 	0.0341377060387029
1130 	0.0344658103555284
1131 	0.034793914672354
1132 	0.0351039610328373
1133 	0.0351912925984334
1134 	0.0352786241640295
1135 	0.0353659557296256
1136 	0.0354532872952217
1137 	0.0355406188608178
1138 	0.0372701305182202
1139 	0.0398800121480347
1140 	0.0424898937778491
1141 	0.0450997754076636
1142 	0.0477096570374781
1143 	0.0508122727620477
1144 	0.0555368929959619
1145 	0.0602615132298762
1146 	0.0649861334637904
1147 	0.0697107536977046
1148 	0.0744353739316189
1149 	0.0789099114202382
1150 	0.0833306644059206
1151 	0.0877514173916029
1152 	0.0921721703772853
1153 	0.0965929233629676
1154 	0.100347867113165
1155 	0.10318336001436
1156 	0.106018852915555
1157 	0.10885434581675
1158 	0.111689838717945
1159 	0.114321315755218
1160 	0.108996174099568
1161 	0.103671032443917
1162 	0.0983458907882666
1163 	0.093020749132616
1164 	0.0876956074769655
1165 	0.0827030060127744
1166 	0.0779007262933808
1167 	0.0730984465739873
1168 	0.0682961668545938
1169 	0.0634938871352003
1170 	0.0590322572583445
1171 	0.0555606409863637
1172 	0.052089024714383
1173 	0.0486174084424022
1174 	0.0451457921704214
1175 	0.0416741758984406
1176 	0.0405676495207882
1177 	0.0397775410655061
1178 	0.038987432610224
1179 	0.038197324154942
1180 	0.0374072156996599
1181 	0.0367570708912741
1182 	0.0362382098136979
1183 	0.0357193487361216
1184 	0.0352004876585454
1185 	0.0346816265809693
1186 	0.0340715066424228
1187 	0.0329713789344623
1188 	0.0318712512265018
1189 	0.0307711235185413
1190 	0.0296709958105808
1191 	0.0285708681026203
1192 	0.0293255630006002
1193 	0.0305267040345013
1194 	0.0317278450684023
1195 	0.0329289861023033
1196 	0.0341301271362043
1197 	0.0380960973078651
1198 	0.045281716994926
1199 	0.0524673366819868
1200 	0.0596529563690476
1201 	0.0668385760561084
1202 	0.0735303996197742
1203 	0.0767970024544927
1204 	0.0800636052892112
1205 	0.0833302081239297
1206 	0.0865968109586482
1207 	0.0898634137933667
1208 	0.0901340314238201
1209 	0.0896415562105272
1210 	0.0891490809972344
1211 	0.0886566057839416
1212 	0.0881641305706488
1213 	0.0886470715415006
1214 	0.0902081040843023
1215 	0.0917691366271039
1216 	0.0933301691699055
1217 	0.0948912017127071
1218 	0.0964287977083817
1219 	0.0978442616354874
1220 	0.0992597255625931
1221 	0.100675189489699
1222 	0.102090653416805
1223 	0.10350611734391
1224 	0.104075342338816
1225 	0.104501053128845
1226 	0.104926763918874
1227 	0.105352474708903
1228 	0.105778185498932
1229 	0.102892695820995
1230 	0.0973630100859044
1231 	0.0918333243508141
1232 	0.0863036386157237
1233 	0.0807739528806334
1234 	0.075459685419287
1235 	0.0707459779938332
1236 	0.0660322705683793
1237 	0.0613185631429255
1238 	0.0566048557174716
1239 	0.0518911482920178
1240 	0.0488905807828018
1241 	0.0459249753126927
1242 	0.0429593698425836
1243 	0.0399937643724744
1244 	0.0370281589023653
1245 	0.0353437920073277
1246 	0.0342007165159833
1247 	0.0330576410246388
1248 	0.0319145655332944
1249 	0.03077149004195
1250 	0.0309100027314339
1251 	0.0327198953986805
1252 	0.0345297880659271
1253 	0.0363396807331737
1254 	0.0381495734004203
1255 	0.0392220460677795
1256 	0.0367446131542862
1257 	0.0342671802407928
1258 	0.0317897473272995
1259 	0.0293123144138062
1260 	0.0268348815003129
1261 	0.0295957921070696
1262 	0.0328246157515835
1263 	0.0360534393960974
1264 	0.0392822630406113
1265 	0.0425110866851252
1266 	0.0456375475323001
1267 	0.0487140455855359
1268 	0.0517905436387716
1269 	0.0548670416920073
1270 	0.057943539745243
1271 	0.0606814517909904
1272 	0.0629759960163085
1273 	0.0652705402416267
1274 	0.0675650844669448
1275 	0.0698596286922629
1276 	0.0712847436995296
1277 	0.0692537694270802
1278 	0.0672227951546308
1279 	0.0651918208821813
1280 	0.0631608466097319
1281 	0.0611298723372824
1282 	0.0671830971245529
1283 	0.0734181750604055
1284 	0.0796532529962581
1285 	0.0858883309321107
1286 	0.0921234088679633
1287 	0.100543077789107
1288 	0.109648840331124
1289 	0.118754602873142
1290 	0.127860365415159
1291 	0.136966127957176
1292 	0.141571140657227
1293 	0.142523370876839
1294 	0.143475601096451
1295 	0.144427831316064
1296 	0.145380061535676
1297 	0.144101065472259
1298 	0.138696525654754
1299 	0.133291985837248
1300 	0.127887446019742
1301 	0.122482906202237
1302 	0.118149664868017
1303 	0.119525495197898
1304 	0.120901325527779
1305 	0.122277155857659
1306 	0.12365298618754
1307 	0.125028816517421
1308 	0.124138629174231
1309 	0.123183165601776
1310 	0.122227702029321
1311 	0.121272238456866
1312 	0.120316774884411
1313 	0.108429822546943
1314 	0.0937067408825351
1315 	0.0789836592181268
1316 	0.0642605775537185
1317 	0.0495374958893101
1318 	0.0418856320383256
1319 	0.0385128197373576
1320 	0.0351400074363895
1321 	0.0317671951354215
1322 	0.0283943828344534
1323 	0.0312901134799435
1324 	0.0415445684538833
1325 	0.0517990234278231
1326 	0.062053478401763
1327 	0.0723079333757028
1328 	0.0796427313140904
1329 	0.0803245402698279
1330 	0.0810063492255655
1331 	0.0816881581813031
1332 	0.0823699671370407
1333 	0.0820690133890797
1334 	0.0764911872894099
1335 	0.0709133611897401
1336 	0.0653355350900703
1337 	0.0597577089904005
1338 	0.0542140009115983
1339 	0.050531620415682
1340 	0.0468492399197658
1341 	0.0431668594238496
1342 	0.0394844789279333
1343 	0.0358020984320171
1344 	0.0329919074811167
1345 	0.0302950518948229
1346 	0.0275981963085291
1347 	0.0249013407222352
1348 	0.0222044851359414
1349 	0.0233144769083325
1350 	0.0256200488630176
1351 	0.0279256208177028
1352 	0.030231192772388
1353 	0.0325367647270732
1354 	0.034744711144625
1355 	0.0368986906503452
1356 	0.0390526701560655
1357 	0.0412066496617858
1358 	0.043360629167506
1359 	0.0517680239925202
1360 	0.0656106302632741
1361 	0.0794532365340279
1362 	0.0932958428047817
1363 	0.107138449075536
1364 	0.123468584174302
1365 	0.143056060717602
1366 	0.162643537260902
1367 	0.182231013804202
1368 	0.201818490347501
1369 	0.217701053197696
1370 	0.226391724761274
1371 	0.235082396324851
1372 	0.243773067888428
1373 	0.252463739452005
1374 	0.260324581144623
1375 	0.265748205972137
1376 	0.271171830799652
1377 	0.276595455627167
1378 	0.282019080454681
1379 	0.283854755988437
1380 	0.268892305283225
1381 	0.253929854578012
1382 	0.238967403872799
1383 	0.224004953167587
1384 	0.207989714522734
1385 	0.183095302122802
1386 	0.15820088972287
1387 	0.133306477322937
1388 	0.108412064923005
1389 	0.0840482483606822
1390 	0.0714932740447197
1391 	0.0589382997287572
1392 	0.0463833254127947
1393 	0.0338283510968322
1394 	0.0212733767808697
1395 	0.0181984176580356
1396 	0.0152386004201377
1397 	0.0122787831822399
1398 	0.00931896594434203
1399 	0.00635914870644419
1400 	0.00665489044869201
1401 	0.00715475331721877
1402 	0.00765461618574553
1403 	0.00815447905427229
1404 	0.00865434192279906
1405 	0.0167060088058107
1406 	0.0255781599387328
1407 	0.0344503110716548
1408 	0.0433224622045769
1409 	0.0521946133374989
1410 	0.0691581921892343
1411 	0.087320157006212
1412 	0.10548212182319
1413 	0.123644086640167
1414 	0.141806051457145
1415 	0.158412664096486
1416 	0.174738321737978
1417 	0.19106397937947
1418 	0.207389637020962
1419 	0.223715294662454
1420 	0.241471586721822
1421 	0.259518826093609
1422 	0.277566065465397
1423 	0.295613304837185
1424 	0.313660544208972
1425 	0.358579603231714
1426 	0.409238274218735
1427 	0.459896945205756
1428 	0.510555616192777
1429 	0.561214287179798
1430 	0.627595299840156
1431 	0.697334482566662
1432 	0.767073665293168
1433 	0.836812848019673
1434 	0.906552030746179
1435 	0.931854740593846
1436 	0.948184701110216
1437 	0.964514661626585
1438 	0.980844622142955
1439 	0.997174582659325
1440 	0.998910806164519
1441 	0.998010852854234
1442 	0.99711089954395
1443 	0.996210946233666
1444 	0.995310992923381
1445 	0.991806148969133
1446 	0.987915506056134
1447 	0.984024863143135
1448 	0.980134220230137
1449 	0.976243577317138
1450 	0.959598160427727
1451 	0.941582629390241
1452 	0.923567098352755
1453 	0.905551567315269
1454 	0.887536036277783
1455 	0.86169826653488
1456 	0.835378872752789
1457 	0.809059478970699
1458 	0.782740085188608
1459 	0.756420691406518
1460 	0.721711084035047
1461 	0.686908157806668
1462 	0.652105231578289
1463 	0.61730230534991
1464 	0.582762753674359
1465 	0.55381259528661
1466 	0.524862436898861
1467 	0.495912278511111
1468 	0.466962120123362
1469 	0.437791122181552
1470 	0.406796153108054
1471 	0.375801184034556
1472 	0.344806214961058
1473 	0.31381124588756
1474 	0.283750203156636
1475 	0.257972699684108
1476 	0.232195196211579
1477 	0.206417692739051
1478 	0.180640189266522
1479 	0.15743452463963
1480 	0.141625388785846
1481 	0.125816252932061
1482 	0.110007117078277
1483 	0.094197981224492
1484 	0.0814136333515851
1485 	0.0743719988916478
1486 	0.0673303644317106
1487 	0.0602887299717733
1488 	0.0532470955118361
1489 	0.0479874788780727
1490 	0.0449867011668289
1491 	0.041985923455585
1492 	0.0389851457443411
1493 	0.0359843680330972
1494 	0.0341149223402274
1495 	0.0331937990745238
1496 	0.0322726758088202
1497 	0.0313515525431166
1498 	0.030430429277413
1499 	0.0298557161574191
1500 	0.0294634633431807
1501 	0.0290712105289423
1502 	0.0286789577147039
1503 	0.0282867049004655
1504 	0.0275201699438981
1505 	0.0266443484703198
1506 	0.0257685269967415
1507 	0.0248927055231632
1508 	0.024016884049585
1509 	0.0227184119051551
1510 	0.0213734997869025
1511 	0.0200285876686499
1512 	0.0186836755503973
1513 	0.0174103565875849
1514 	0.0180541432315582
1515 	0.0186979298755315
1516 	0.0193417165195048
1517 	0.0199855031634781
1518 	0.0207607568579007
1519 	0.0221389962976799
1520 	0.023517235737459
1521 	0.0248954751772382
1522 	0.0262737146170173
1523 	0.0275362905833127
1524 	0.0285650935473099
1525 	0.0295938965113071
1526 	0.0306226994753043
1527 	0.0316515024393016
1528 	0.0329330729057984
1529 	0.0344777279157133
1530 	0.0360223829256283
1531 	0.0375670379355432
1532 	0.0391116929454581
1533 	0.0399932840903396
1534 	0.0405287094731108
1535 	0.0410641348558819
1536 	0.0415995602386531
1537 	0.0421349856214243
1538 	0.0424263544630146
1539 	0.0426687948023513
1540 	0.0429112351416881
1541 	0.0431536754810249
1542 	0.0434139879943397
1543 	0.0447734392072936
1544 	0.0461328904202476
1545 	0.0474923416332015
1546 	0.0488517928461555
1547 	0.0507775579113019
1548 	0.0548596718751803
1549 	0.0589417858390587
1550 	0.0630238998029371
1551 	0.0671060137668155
1552 	0.0747003713361023
1553 	0.0874120764680621
1554 	0.100123781600022
1555 	0.112835486731982
1556 	0.125547191863941
1557 	0.14687067926115
1558 	0.173585282385383
1559 	0.200299885509616
1560 	0.227014488633849
1561 	0.253729091758082
1562 	0.26566954226801
1563 	0.274605381716783
1564 	0.283541221165556
1565 	0.29247706061433
1566 	0.299302147879369
1567 	0.269860674896657
1568 	0.240419201913946
1569 	0.210977728931234
1570 	0.181536255948522
1571 	0.154875970251567
1572 	0.135091397566619
1573 	0.115306824881671
1574 	0.0955222521967223
1575 	0.0757376795117742
1576 	0.0628504802660091
1577 	0.0561291148522405
1578 	0.0494077494384719
1579 	0.0426863840247033
1580 	0.0359650186109347
1581 	0.0332105526902757
1582 	0.0315945920295436
1583 	0.0299786313688115
1584 	0.0283626707080794
1585 	0.0267375998355993
1586 	0.0248455721522017
1587 	0.022953544468804
1588 	0.0210615167854064
1589 	0.0191694891020087
1590 	0.017045767410769
1591 	0.0143762430567603
1592 	0.0117067187027516
1593 	0.00903719434874285
1594 	0.00636766999473415
1595 	0.00669917029737373
1596 	0.00928538089371308
1597 	0.0118715914900524
1598 	0.0144578020863918
1599 	0.0170440126827311
1600 	0.0240813171223748
1601 	0.0318856916616262
1602 	0.0396900662008775
1603 	0.0474944407401289
1604 	0.0563592343810173
1605 	0.071631349072639
1606 	0.0869034637642607
1607 	0.102175578455882
1608 	0.117447693147504
1609 	0.130860189521061
1610 	0.141905898944355
1611 	0.152951608367649
1612 	0.163997317790942
1613 	0.175043027214236
1614 	0.182649494592754
1615 	0.189084959988199
1616 	0.195520425383644
1617 	0.201955890779089
1618 	0.208363377794936
1619 	0.214332536863744
1620 	0.220301695932552
1621 	0.22627085500136
1622 	0.232240014070168
1623 	0.245863710442339
1624 	0.271818606595643
1625 	0.297773502748947
1626 	0.323728398902251
1627 	0.349683295055555
1628 	0.383790499310881
1629 	0.421163193926403
1630 	0.458535888541924
1631 	0.495908583157445
1632 	0.53278060131067
1633 	0.560706570222504
1634 	0.588632539134339
1635 	0.616558508046173
1636 	0.644484476958007
1637 	0.669506548461768
1638 	0.690172773853418
1639 	0.710838999245069
1640 	0.731505224636719
1641 	0.752171450028369
1642 	0.772428036392204
1643 	0.792552411217961
1644 	0.812676786043718
1645 	0.832801160869474
1646 	0.846065750527685
1647 	0.809025248957176
1648 	0.771984747386666
1649 	0.734944245816156
1650 	0.697903744245647
1651 	0.660973335117672
1652 	0.624156598674266
1653 	0.587339862230859
1654 	0.550523125787453
1655 	0.513706389344047
1656 	0.497099419242317
1657 	0.483459020346703
1658 	0.469818621451089
1659 	0.456178222555475
1660 	0.445387724555377
1661 	0.442666486178982
1662 	0.439945247802587
1663 	0.437224009426192
1664 	0.434502771049797
1665 	0.44202057591984
1666 	0.454836580709508
1667 	0.467652585499176
1668 	0.480468590288844
1669 	0.493278786139209
1670 	0.506004026252258
1671 	0.518729266365308
1672 	0.531454506478357
1673 	0.544179746591407
1674 	0.553144790763885
1675 	0.558003512172813
1676 	0.56286223358174
1677 	0.567720954990668
1678 	0.572579676399595
1679 	0.528429686278505
1680 	0.47889472119463
1681 	0.429359756110756
1682 	0.379824791026881
1683 	0.331371445878864
1684 	0.285104214740178
1685 	0.238836983601493
1686 	0.192569752462807
1687 	0.146302521324122
1688 	0.12251585720117
1689 	0.10544416764136
1690 	0.0883724780815493
1691 	0.071300788521739
1692 	0.0567887564189542
1693 	0.0514586148271464
1694 	0.0461284732353385
1695 	0.0407983316435307
1696 	0.0354681900517229
1697 	0.0319529614535289
1698 	0.0293155691104062
1699 	0.0266781767672836
1700 	0.024040784424161
1701 	0.0216536029522259
1702 	0.0208293328640861
1703 	0.0200050627759463
1704 	0.0191807926878066
1705 	0.0183565225996668
1706 	0.0187841284625321
1707 	0.0200087551845475
1708 	0.0212333819065629
1709 	0.0224580086285783
1710 	0.0238160666581165
1711 	0.0264910336792908
1712 	0.0291660007004652
1713 	0.0318409677216395
1714 	0.0345159347428138
1715 	0.0368475717286978
1716 	0.038932624599889
1717 	0.0410176774710801
1718 	0.0431027303422712
1719 	0.0450049925070772
1720 	0.0448051615484517
1721 	0.0446053305898262
1722 	0.0444054996312007
1723 	0.0442056686725752
1724 	0.0437645661733219
1725 	0.0431537104436099
1726 	0.0425428547138979
1727 	0.0419319989841859
1728 	0.0415527744270878
1729 	0.0432128125465301
1730 	0.0448728506659725
1731 	0.0465328887854148
1732 	0.0481929269048571
1733 	0.0489466009865598
1734 	0.0491564566456186
1735 	0.0493663123046775
1736 	0.0495761679637363
1737 	0.0495967874978949
1738 	0.0486089461639135
1739 	0.0476211048299321
1740 	0.0466332634959507
1741 	0.0456454221619692
1742 	0.0452409085979452
1743 	0.0450887804014384
1744 	0.0449366522049316
1745 	0.0447845240084248
1746 	0.0449271351287537
1747 	0.0459682835186261
1748 	0.0470094319084985
1749 	0.0480505802983709
1750 	0.0490917286882433
1751 	0.0501991630348532
1752 	0.0513226542281262
1753 	0.0524461454213991
1754 	0.0535696366146721
1755 	0.0541562620892378
1756 	0.0538326758735966
1757 	0.0535090896579554
1758 	0.0531855034423142
1759 	0.052861917226673
1760 	0.0519433789669134
1761 	0.0509908793853964
1762 	0.0500383798038795
1763 	0.0490858802223625
1764 	0.0493557496379484
1765 	0.0507139664970795
1766 	0.0520721833562106
1767 	0.0534304002153418
1768 	0.0548961287535584
1769 	0.0571428718861228
1770 	0.0593896150186871
1771 	0.0616363581512515
1772 	0.0638831012838159
1773 	0.0630995651742878
1774 	0.0611492456446741
1775 	0.0591989261150604
1776 	0.0572486065854467
1777 	0.0556910309932423
1778 	0.0549272490388835
1779 	0.0541634670845246
1780 	0.0533996851301658
1781 	0.052635903175807
1782 	0.051822415476894
1783 	0.0510062565525097
1784 	0.0501900976281255
1785 	0.0493739387037412
1786 	0.0487742123531998
1787 	0.048334457905064
1788 	0.0478947034569282
1789 	0.0474549490087923
1790 	0.0469811967325462
1791 	0.0463795478648376
1792 	0.0457778989971289
1793 	0.0451762501294203
1794 	0.0445746012617117
1795 	0.0449119144759866
1796 	0.045411041788798
1797 	0.0459101691016093
1798 	0.0464092964144207
1799 	0.0465352262817182
1800 	0.0462968092358068
1801 	0.0460583921898954
1802 	0.045819975143984
1803 	0.0456881104507958
1804 	0.0460877314451434
1805 	0.046487352439491
1806 	0.0468869734338386
1807 	0.0472865944281863
1808 	0.0471582865973742
1809 	0.0469264137817222
1810 	0.0466945409660702
1811 	0.0464626681504182
1812 	0.0461331475365398
1813 	0.0457112984597468
1814 	0.0452894493829538
1815 	0.0448676003061608
1816 	0.0444924969105591
1817 	0.0443032134118322
1818 	0.0441139299131053
1819 	0.0439246464143785
1820 	0.0437353629156516
1821 	0.0444630417610115
1822 	0.0452960128264839
1823 	0.0461289838919564
1824 	0.0469619549574289
1825 	0.0475940279785322
1826 	0.0480927260916434
1827 	0.0485914242047546
1828 	0.0490901223178658
1829 	0.0494514580269419
1830 	0.0495126962545912
1831 	0.0495739344822404
1832 	0.0496351727098896
1833 	0.0496633355285942
1834 	0.0488058123966703
1835 	0.0479482892647463
1836 	0.0470907661328224
1837 	0.0462332430008985
1838 	0.0464263932140862
1839 	0.0469405063029344
1840 	0.0474546193917826
1841 	0.0479687324806309
1842 	0.0482408709007624
1843 	0.0482758262297756
1844 	0.0483107815587888
1845 	0.0483457368878021
1846 	0.048471402110939
1847 	0.048864894570876
1848 	0.049258387030813
1849 	0.04965187949075
1850 	0.0500431134511524
1851 	0.0502107559576223
1852 	0.0503783984640923
1853 	0.0505460409705623
1854 	0.0507136834770322
1855 	0.0506900543543545
1856 	0.0506108947586985
1857 	0.0505317351630425
1858 	0.0504525755673865
1859 	0.0504852512061669
1860 	0.0506097987770616
1861 	0.0507343463479563
1862 	0.0508588939188511
1863 	0.0509500930445702
1864 	0.0509741934914421
1865 	0.0509982939383139
1866 	0.0510223943851858
1867 	0.0510020769483369
1868 	0.0506679686555246
1869 	0.0503338603627123
1870 	0.0499997520699
1871 	0.0496656437770877
1872 	0.0496045441618238
1873 	0.0495655803852801
1874 	0.0495266166087364
1875 	0.0494876528321926
1876 	0.0496743033824438
1877 	0.0499427160729231
1878 	0.0502111287634024
1879 	0.0504795414538817
1880 	0.049913743862105
1881 	0.0486709060412507
1882 	0.0474280682203964
1883 	0.0461852303995422
1884 	0.0451053958576536
1885 	0.0442915140340774
1886 	0.0434776322105011
1887 	0.0426637503869249
1888 	0.0421406147341709
1889 	0.0426727799977353
1890 	0.0432049452612997
1891 	0.043737110524864
1892 	0.0442446022184672
1893 	0.0443655413160111
1894 	0.044486480413555
1895 	0.0446074195110989
1896 	0.0447283586086428
1897 	0.0449261104587214
1898 	0.0451310897669159
1899 	0.0453360690751104
1900 	0.045541048383305
1901 	0.0461428759927213
1902 	0.0468585995753325
1903 	0.0475743231579437
1904 	0.048290046740555
1905 	0.0485257586527547
1906 	0.0485007234847309
1907 	0.0484756883167071
1908 	0.0484506531486833
1909 	0.0486214654115354
1910 	0.0489666522300445
1911 	0.0493118390485537
1912 	0.0496570258670629
1913 	0.0498443930223245
1914 	0.0498120208378491
1915 	0.0497796486533736
1916 	0.0497472764688982
1917 	0.0497037544430318
1918 	0.0496360979503571
1919 	0.0495684414576824
1920 	0.0495007849650076
1921 	0.0494945804977028
1922 	0.0497024936255206
1923 	0.0499104067533385
1924 	0.0501183198811564
1925 	0.0502986789433573
1926 	0.050308361383283
1927 	0.0503180438232088
1928 	0.0503277262631346
1929 	0.0503343503301423
1930 	0.0502962456932241
1931 	0.0502581410563058
1932 	0.0502200364193875
1933 	0.0501819317824692
1934 	0.0497535840851553
1935 	0.0493244543376202
1936 	0.0488953245900851
1937 	0.0484661948425501
1938 	0.0489208521355044
1939 	0.0494309222184576
1940 	0.0499409923014107
1941 	0.0504510623843639
1942 	0.0510158022905024
1943 	0.051587092780158
1944 	0.0521583832698137
1945 	0.0527296737594693
1946 	0.053079247759033
1947 	0.0533909170659112
1948 	0.0537025863727895
1949 	0.0540142556796677
1950 	0.0537344310177894
1951 	0.0533282678383127
1952 	0.052922104658836
1953 	0.0525159414793593
1954 	0.0513736958072922
1955 	0.0500508670081512
1956 	0.0487280382090103
1957 	0.0474052094098694
1958 	0.0473633118772306
1959 	0.0476598652102036
1960 	0.0479564185431766
1961 	0.0482529718761497
1962 	0.048502923479638
1963 	0.048740337561996
1964 	0.0489777516443539
1965 	0.0492151657267119
1966 	0.0488335533299916
1967 	0.0482913370860547
1968 	0.0477491208421178
1969 	0.0472069045981808
1970 	0.0471747138643862
1971 	0.0472629370643828
1972 	0.0473511602643795
1973 	0.0474393834643761
1974 	0.046828395380126
1975 	0.0460772292833079
1976 	0.0453260631864898
1977 	0.0445748970896716
1978 	0.0449918103946147
1979 	0.0455894657778904
1980 	0.046187121161166
1981 	0.0467847765444416
1982 	0.0471852729387632
1983 	0.0475657928716489
1984 	0.0479463128045346
1985 	0.0483268327374202
1986 	0.0484598685569452
1987 	0.0485823237209459
1988 	0.0487047788849466
1989 	0.0488130681901997
1990 	0.0482272304168244
1991 	0.0476413926434491
1992 	0.0470555548700739
1993 	0.0465735907531057
1994 	0.0471548727146431
1995 	0.0477361546761805
1996 	0.0483174366377178
1997 	0.0487928772636491
1998 	0.0487441512751496
1999 	0.04869542528665
2000 	0.0486466992981505
2001 	0.0486119779248198
2002 	0.0486179574643237
2003 	0.0486239370038275
2004 	0.0486299165433314
2005 	0.0486133706618566
2006 	0.0485555388104859
2007 	0.0484977069591153
2008 	0.0484398751077447
2009 	0.0484350124412308
2010 	0.0484925818640579
2011 	0.0485501512868849
2012 	0.048607720709712
2013 	0.0487032296789532
2014 	0.0488268958725365
2015 	0.0489505620661198
2016 	0.0490742282597032
2017 	0.0491757253443444
2018 	0.0492676760744913
2019 	0.0493596268046381
2020 	0.049451577534785
2021 	0.0493693142278897
2022 	0.0492518730865916
2023 	0.0491344319452935
2024 	0.0490169908039954
2025 	0.0489931987482223
2026 	0.0489718079510524
2027 	0.0489504171538825
2028 	0.0489297666138753
2029 	0.048914204613262
2030 	0.0488986426126488
2031 	0.0488830806120355
2032 	0.0489197632707542
2033 	0.0490856063372656
2034 	0.049251449403777
2035 	0.0494172924702884
2036 	0.049606996065396
2037 	0.0498249363559166
2038 	0.0500428766464371
2039 	0.0502608169369577
2040 	0.0502238813869171
2041 	0.0500423297643325
2042 	0.0498607781417479
2043 	0.0496792265191632
2044 	0.0494018321615017
2045 	0.0491043884771554
2046 	0.0488069447928091
2047 	0.0485019965087674
2048 	0.0479043688366022
2049 	0.047306741164437
2050 	0.0467091134922719
2051 	0.0462645272082006
2052 	0.0463265606916129
2053 	0.0463885941750252
2054 	0.0464506276584375
2055 	0.0465941353347094
2056 	0.046837625817809
2057 	0.0470811163009086
2058 	0.0473246067840082
2059 	0.0475122286343374
2060 	0.047672950772592
2061 	0.0478336729108466
2062 	0.0479943950491012
2063 	0.0478920412816563
2064 	0.0477636690180432
2065 	0.0476352967544301
2066 	0.0474875774115472
2067 	0.0472335747630655
2068 	0.0469795721145838
2069 	0.046725569466102
2070 	0.0466330442957637
2071 	0.0467748197799864
2072 	0.0469165952642091
2073 	0.0470583707484317
2074 	0.047508160536481
2075 	0.0481089737313246
2076 	0.0487097869261681
2077 	0.0493106001210117
2078 	0.0494420329826305
2079 	0.0495456212482106
2080 	0.0496492095137906
2081 	0.0496348388950688
2082 	0.0492141654526404
2083 	0.0487934920102121
2084 	0.0483728185677837
2085 	0.0482284986054787
2086 	0.0483433939229794
2087 	0.0484582892404801
2088 	0.0485731845579808
2089 	0.0488280654108489
2090 	0.0491143016529119
2091 	0.049400537894975
2092 	0.0496464704842759
2093 	0.0496153551297867
2094 	0.0495842397752974
2095 	0.0495531244208082
2096 	0.0495568308600599
2097 	0.0496037912762901
2098 	0.0496507516925203
2099 	0.0496977121087505
2100 	0.049524652437584
2101 	0.0492873491750072
2102 	0.0490500459124303
2103 	0.0488126121800848
2104 	0.0485741543177856
2105 	0.0483356964554864
2106 	0.0480972385931872
2107 	0.047955240337611
2108 	0.0479264772725356
2109 	0.0478977142074603
2110 	0.0478689511423849
2111 	0.0480259426839789
2112 	0.0482245414385722
2113 	0.0484231401931655
2114 	0.0485597096536095
2115 	0.0484193505166765
2116 	0.0482789913797434
2117 	0.0481386322428104
2118 	0.048196912228076
2119 	0.0484125371811047
2120 	0.0486281621341334
2121 	0.0488437870871622
2122 	0.0489566946990946
2123 	0.0490635089094366
2124 	0.0491703231197786
2125 	0.0490930946595898
2126 	0.0486554039275335
2127 	0.0482177131954772
2128 	0.0477800224634208
2129 	0.0477681811087671
2130 	0.0479044113705146
2131 	0.0480406416322621
2132 	0.0481433189313604
2133 	0.0480644660992023
2134 	0.0479856132670442
2135 	0.0479067604348862
2136 	0.0476886253275585
2137 	0.04736921588889
2138 	0.0470498064502215
2139 	0.0467311426411804
2140 	0.0464795177140945
2141 	0.0462278927870086
2142 	0.0459762678599227
2143 	0.0458390430693358
2144 	0.0458399570749187
2145 	0.0458408710805016
2146 	0.0458417850860845
2147 	0.0461672187797754
2148 	0.0465267180760853
2149 	0.0468862173723952
2150 	0.0474312908088713
2151 	0.0482992124070066
2152 	0.0491671340051419
2153 	0.0500350556032772
2154 	0.050133834377702
2155 	0.0500817286747479
2156 	0.0500296229717938
2157 	0.049922892643981
2158 	0.0496979242041324
2159 	0.0494729557642837
2160 	0.049247987324435
2161 	0.0491797114233166
2162 	0.0491491505997586
2163 	0.0491185897762005
2164 	0.0490195808839592
2165 	0.0487646001630787
2166 	0.0485096194421982
2167 	0.0482546387213177
2168 	0.0481435279672417
2169 	0.0480652916773249
2170 	0.0479870553874081
2171 	0.0480975397632134
2172 	0.0485877392134236
2173 	0.0490779386636337
2174 	0.0495681381138439
2175 	0.0496142536800364
2176 	0.0495880765209239
2177 	0.0495618993618113
2178 	0.0494603689386667
2179 	0.0492443850691459
2180 	0.0490284011996251
2181 	0.0488124173301043
2182 	0.0487894399079877
2183 	0.0487776956653497
2184 	0.0487659514227116
2185 	0.0487406931017501
2186 	0.0487019746508815
2187 	0.048663256200013
2188 	0.048630526557198
2189 	0.048679878812998
2190 	0.048729231068798
2191 	0.0487785833245979
2192 	0.0488461995717924
2193 	0.0489239120626769
2194 	0.0490016245535615
2195 	0.049064912720928
2196 	0.0490799107617342
2197 	0.0490949088025403
2198 	0.0491099068433464
2199 	0.0483547556667535
2200 	0.0474362395046515
2201 	0.0465177233425495
2202 	0.0460736781193147
2203 	0.0462585827452763
2204 	0.046443487371238
2205 	0.0466358060695328
2206 	0.046985467858453
2207 	0.0473351296473733
2208 	0.0476847914362936
2209 	0.0476203330783778
2210 	0.0473509811948974
2211 	0.0470816293114169
2212 	0.0468570021654972
2213 	0.0467352566766068
2214 	0.0466135111877164
2215 	0.046491765698826
2216 	0.0469378434214674
2217 	0.0474157000566866
2218 	0.0478935566919058
2219 	0.0479834930532123
2220 	0.0478158916619547
2221 	0.0476482902706971
2222 	0.0476574498437616
2223 	0.0481593975597841
2224 	0.0486613452758066
2225 	0.0491632929918291
2226 	0.0495140638740995
2227 	0.0498546702520728
2228 	0.0501952766300461
2229 	0.0503389818854189
2230 	0.0503620058075849
2231 	0.0503850297297508
2232 	0.0502822145593818
2233 	0.049901908056756
2234 	0.0495216015541303
2235 	0.0491457262052336
2236 	0.0490608299512177
2237 	0.0489759336972018
2238 	0.0488910374431859
2239 	0.0486989178865766
2240 	0.0484665342837389
2241 	0.0482341506809012
2242 	0.0480960066960862
2243 	0.0480739793834778
2244 	0.0480519520708693
2245 	0.0480332339099755
2246 	0.0480295907735595
2247 	0.0480259476371434
2248 	0.0480223045007274
2249 	0.0484018270330739
2250 	0.0488137648823005
2251 	0.0492257027315271
2252 	0.049377100176004
2253 	0.0494019051801344
2254 	0.0494267101842647
2255 	0.0494436505738339
2256 	0.0494503343462565
2257 	0.0494570181186791
2258 	0.0494427826504633
2259 	0.0493474213466006
2260 	0.049252060042738
2261 	0.0491566987388753
2262 	0.0490335705697904
2263 	0.0489100481450127
2264 	0.048786525720235
2265 	0.0487268856413318
2266 	0.0486855798779112
2267 	0.0486442741144907
2268 	0.0483923881736543
2269 	0.0479861254303106
2270 	0.0475798626869668
2271 	0.047406099486566
2272 	0.047599062369364
2273 	0.047792025252162
2274 	0.047902350792681
2275 	0.0476980187606762
2276 	0.0474936867286714
2277 	0.0473109353807263
2278 	0.0476745160871333
2279 	0.0480380967935403
2280 	0.0484016774999474
2281 	0.0481713842200871
2282 	0.0478585708646865
2283 	0.0475457575092858
2284 	0.0474239076813913
2285 	0.0473730470386192
2286 	0.0473221863958471
2287 	0.0473319998972009
2288 	0.0473841513836748
2289 	0.0474363028701488
2290 	0.0476637317738479
2291 	0.048098585044656
2292 	0.0485334383154642
2293 	0.048835437981624
2294 	0.0488772332505139
2295 	0.0489190285194037
2296 	0.048919241594106
2297 	0.0487786588183133
2298 	0.0486380760425206
2299 	0.0485189884701776
2300 	0.0485463369713354
2301 	0.0485736854724932
2302 	0.0486138622095443
2303 	0.0489787958657898
2304 	0.0493437295220353
2305 	0.0497086631782808
2306 	0.0496158244761929
2307 	0.0495029164222783
2308 	0.0493900083683637
2309 	0.0491724951604188
2310 	0.0489416557039897
2311 	0.0487108162475607
2312 	0.0485767510509305
2313 	0.0484629300464951
2314 	0.0483491090420598
2315 	0.0483461630376
2316 	0.0483750383008296
2317 	0.0484039135640591
2318 	0.0483105697315837
2319 	0.0481736117577645
2320 	0.0480366537839454
2321 	0.047885133010145
2322 	0.0477275770165505
2323 	0.047570021022956
2324 	0.0475947357400495
2325 	0.0477024937358117
2326 	0.0478102517315738
2327 	0.048097204724019
2328 	0.0484696525228578
2329 	0.0488421003216967
2330 	0.0490997483807421
2331 	0.049302624924347
2332 	0.0495055014679518
2333 	0.04899063162958
2334 	0.0481487536142667
2335 	0.0473068755989534
2336 	0.0471574313457754
2337 	0.0472949504480511
2338 	0.0474324695503268
2339 	0.0474160170086754
2340 	0.0473449024470933
2341 	0.0472737878855112
2342 	0.0473639350769783
2343 	0.0475000978329404
2344 	0.0476362605889024
2345 	0.0477710211279622
2346 	0.0479054903852501
2347 	0.0480399596425379
2348 	0.0479704450245841
2349 	0.0478754611038723
2350 	0.0477804771831606
2351 	0.0477759403818069
2352 	0.0477751722104265
2353 	0.0477936436484712
2354 	0.0482621342435545
2355 	0.0487306248386377
2356 	0.0491318086811906
2357 	0.0490903996358929
2358 	0.0490489905905953
2359 	0.0490057707359997
2360 	0.0489565899769767
2361 	0.0489074092179538
2362 	0.0488591818052066
2363 	0.048812764368722
2364 	0.0487663469322375
2365 	0.0488308635486609
2366 	0.0490225020197041
2367 	0.0492141404907474
2368 	0.0491833947158382
2369 	0.0490031531769274
2370 	0.0488229116380166
2371 	0.048659002303261
2372 	0.0485008313105059
2373 	0.0483426603177509
2374 	0.048365932724101
2375 	0.0484109458288882
2376 	0.0484646445345261
2377 	0.0486675776547821
2378 	0.0488705107750381
2379 	0.0490454236028711
2380 	0.0491254607037278
2381 	0.0492054978045845
2382 	0.0491791038437047
2383 	0.0490001845899714
2384 	0.0488212653362381
2385 	0.0488904981872499
2386 	0.049122426789055
2387 	0.0493543553908602
2388 	0.0494663241934749
2389 	0.0495497876972721
2390 	0.0496281330298647
2391 	0.0494678740953457
2392 	0.0493076151608268
2393 	0.0489656506258643
2394 	0.0480637361793302
2395 	0.0471618217327962
2396 	0.0468531948896904
2397 	0.0471872962836318
2398 	0.0475213976775732
2399 	0.0474998564965284
2400 	0.0473427388642459
