 	avca10
200 	0
201 	0
202 	0
203 	0.0567748170890824
204 	0.0556665867785253
205 	0.0545583564679682
206 	0.0534501261574111
207 	0.0523418958468539
208 	0.0512336655362968
209 	0.0501748753459757
210 	0.0508613404487672
211 	0.0515478055515588
212 	0.0522342706543504
213 	0.0529207357571419
214 	0.0536072008599335
215 	0.054293665962725
216 	0.0530574886571003
217 	0.0505365143574506
218 	0.0480155400578008
219 	0.0454945657581511
220 	0.0429735914585013
221 	0.0404526171588516
222 	0.0382988800219894
223 	0.0378334215409026
224 	0.0373679630598159
225 	0.0369025045787291
226 	0.0364370460976424
227 	0.0359715876165556
228 	0.0355061291354688
229 	0.035046851434319
230 	0.0345924210372829
231 	0.0341379906402467
232 	0.0336835602432105
233 	0.0332291298461744
234 	0.0327746994491382
235 	0.0326635541180999
236 	0.0331762564358973
237 	0.0336889587536948
238 	0.0342016610714922
239 	0.0347143633892897
240 	0.0352270657070871
241 	0.0357397680248845
242 	0.037700396953573
243 	0.0397360902478706
244 	0.0417717835421682
245 	0.0438074768364659
246 	0.0458431701307635
247 	0.0478788634250611
248 	0.0503032193892548
249 	0.0530456933256016
250 	0.0557881672619484
251 	0.0585306411982952
252 	0.061273115134642
253 	0.0640155890709889
254 	0.066321481529317
255 	0.0663028305150531
256 	0.0662841795007893
257 	0.0662655284865254
258 	0.0662468774722616
259 	0.0662282264579978
260 	0.0662095754437339
261 	0.0653782267298706
262 	0.0643255763219475
263 	0.0632729259140243
264 	0.0622202755061011
265 	0.0611676250981779
266 	0.0601149746902548
267 	0.0578235290010908
268 	0.0535142627943713
269 	0.0492049965876518
270 	0.0448957303809323
271 	0.0405864641742128
272 	0.0362771979674933
273 	0.0320324210878529
274 	0.031895704048089
275 	0.0317861330188283
276 	0.0316765619895676
277 	0.031566990960307
278 	0.0314574199310463
279 	0.0313478489017856
280 	0.0344675270203647
281 	0.0393584713591581
282 	0.0442494156979515
283 	0.0491403600367449
284 	0.0540313043755383
285 	0.0589222487143317
286 	0.0645753148442433
287 	0.0722025285716931
288 	0.0798297422991429
289 	0.0874569560265927
290 	0.0950841697540425
291 	0.102711383481492
292 	0.110338597208942
293 	0.115773286159342
294 	0.121010976551393
295 	0.126248666943444
296 	0.131486357335495
297 	0.136724047727546
298 	0.141961738119596
299 	0.14537616565191
300 	0.14743800651192
301 	0.14949984737193
302 	0.15156168823194
303 	0.15362352909195
304 	0.15568536995196
305 	0.156367385780706
306 	0.152045372282877
307 	0.147723358785049
308 	0.14340134528722
309 	0.139079331789392
310 	0.134757318291563
311 	0.130435304793735
312 	0.125845947942746
313 	0.121266915863649
314 	0.116687883784552
315 	0.112108851705455
316 	0.107529819626357
317 	0.10295078754726
318 	0.103062791874958
319 	0.107069711843621
320 	0.111076631812284
321 	0.115083551780947
322 	0.119090471749609
323 	0.123097391718272
324 	0.126639465628394
325 	0.128421192981387
326 	0.13020292033438
327 	0.131984647687374
328 	0.133766375040367
329 	0.13554810239336
330 	0.137329829746353
331 	0.130457556815838
332 	0.122564786660306
333 	0.114672016504774
334 	0.106779246349242
335 	0.0988864761937099
336 	0.090993706038178
337 	0.0856706011792351
338 	0.0821898591472489
339 	0.0787091171152626
340 	0.0752283750832764
341 	0.0717476330512902
342 	0.068266891019304
343 	0.0653876213214862
344 	0.0642959171947845
345 	0.0632042130680828
346 	0.0621125089413811
347 	0.0610208048146794
348 	0.0599291006879778
349 	0.0588373965612761
350 	0.0593812189012712
351 	0.0600152147724157
352 	0.0606492106435603
353 	0.0612832065147048
354 	0.0619172023858494
355 	0.0625511982569939
356 	0.0626687455620792
357 	0.0624648113275861
358 	0.062260877093093
359 	0.0620569428585999
360 	0.0618530086241067
361 	0.0616490743896136
362 	0.0614736036240085
363 	0.0614614348859752
364 	0.0614492661479419
365 	0.0614370974099085
366 	0.0614249286718752
367 	0.0614127599338419
368 	0.0611335921044335
369 	0.0572373633052282
370 	0.0532788929873846
371 	0.049320422669541
372 	0.0453619523516974
373 	0.0414034820338539
374 	0.0374450117160103
375 	0.0353855406615054
376 	0.0339225897288824
377 	0.0324596387962593
378 	0.0309966878636363
379 	0.0295337369310132
380 	0.0280707859983902
381 	0.0286924802629287
382 	0.0313195593471277
383 	0.0339466384313267
384 	0.0365737175155258
385 	0.0392007965997248
386 	0.0418278756839238
387 	0.0446615067508571
388 	0.0482771184593188
389 	0.0518927301677806
390 	0.0555083418762424
391 	0.0591239535847042
392 	0.062739565293166
393 	0.0663551770016278
394 	0.0650021662563599
395 	0.0634011006895483
396 	0.0618000351227366
397 	0.060198969555925
398 	0.0585979039891134
399 	0.0569968384223018
400 	0.0527844659852772
401 	0.047638839575613
402 	0.0424932131659487
403 	0.0373475867562844
404 	0.0322019603466201
405 	0.0270563339369558
406 	0.0245325257979454
407 	0.0251478964715084
408 	0.0257632671450714
409 	0.0263786378186343
410 	0.0269940084921973
411 	0.0276093791657603
412 	0.0291631200541958
413 	0.0339618489894022
414 	0.0387578307909682
415 	0.0435538125925343
416 	0.0483497943941003
417 	0.0531457761956664
418 	0.0579417579972324
419 	0.0678421806350064
420 	0.0779287347006739
421 	0.0880152887663413
422 	0.0981018428320088
423 	0.108188396897676
424 	0.118274950963344
425 	0.122098995785474
426 	0.123656813393831
427 	0.125214631002187
428 	0.126772448610543
429 	0.128330266218899
430 	0.129888083827256
431 	0.130942672865427
432 	0.131501242500151
433 	0.132059812134876
434 	0.132618381769601
435 	0.133176951404325
436 	0.13373552103905
437 	0.132292022086884
438 	0.125547024000335
439 	0.118801625630565
440 	0.112056227260794
441 	0.105310828891024
442 	0.0985654305212531
443 	0.0919263509686096
444 	0.0866712531775151
445 	0.0814201411448459
446 	0.0761690291121767
447 	0.0709179170795075
448 	0.0656668050468383
449 	0.0604156930141691
450 	0.0584645211356196
451 	0.0571411998792042
452 	0.0558178786227888
453 	0.0544945573663734
454 	0.053171236109958
455 	0.0518479148535426
456 	0.0511652392122553
457 	0.0508049138899355
458 	0.0504445885676157
459 	0.0500842632452958
460 	0.049723937922976
461 	0.0493636126006562
462 	0.0490743490039011
463 	0.0489167169095599
464 	0.0487590848152187
465 	0.0486014527208775
466 	0.0484438206265363
467 	0.0482861885321951
468 	0.047976275626614
469 	0.0472660205328783
470 	0.0465578031362101
471 	0.0458495857395419
472 	0.0451413683428737
473 	0.0444331509462056
474 	0.0441649119899429
475 	0.0496505399244778
476 	0.0551935419348276
477 	0.0607365439451775
478 	0.0662795459555274
479 	0.0718225479658773
480 	0.0773655499762271
481 	0.0836895340510324
482 	0.0901242096835595
483 	0.0965588853160867
484 	0.102993560948614
485 	0.109428236581141
486 	0.115862912213668
487 	0.116896349762119
488 	0.115585425297963
489 	0.114274500833807
490 	0.112963576369651
491 	0.111652651905495
492 	0.110341727441339
493 	0.109818944848815
494 	0.109947697022573
495 	0.110076449196331
496 	0.110205201370089
497 	0.110333953543848
498 	0.110462705717606
499 	0.10752261541611
500 	0.0996489501859804
501 	0.0917752849558508
502 	0.0839016197257213
503 	0.0760279544955917
504 	0.0681542892654621
505 	0.061249963698661
506 	0.0574957626743815
507 	0.0537131136847339
508 	0.0499304646950864
509 	0.0461478157054388
510 	0.0423651667157912
511 	0.0390677807521814
512 	0.0421801829306612
513 	0.0454290787888459
514 	0.0486779746470306
515 	0.0519268705052153
516 	0.0551757663634
517 	0.0584246622215846
518 	0.064985812470814
519 	0.0718134875423456
520 	0.0786411626138772
521 	0.0854688376854088
522 	0.0922965127569404
523 	0.0991241878284719
524 	0.0958087152322937
525 	0.0896116251297876
526 	0.0834145350272814
527 	0.0772174449247753
528 	0.0710203548222692
529 	0.0648232647197631
530 	0.0611016490289254
531 	0.0586927879748978
532 	0.0562839269208702
533 	0.0538750658668426
534 	0.051466204812815
535 	0.0490573437587874
536 	0.0482286500665253
537 	0.0489237833659228
538 	0.0496189166653203
539 	0.0503140499647178
540 	0.0510091832641153
541 	0.0517043165635128
542 	0.0525461729662015
543 	0.053627331781111
544 	0.0547084905960204
545 	0.0557896494109299
546 	0.0568708082258393
547 	0.0579519670407488
548 	0.0599280407281679
549 	0.064148445401364
550 	0.0683788558021264
551 	0.0726092662028887
552 	0.076839676603651
553 	0.0810700870044134
554 	0.0866057063474529
555 	0.0981276591312442
556 	0.109721210945396
557 	0.121314762759547
558 	0.132908314573699
559 	0.14450186638785
560 	0.154555846256392
561 	0.147035577678335
562 	0.13925800177503
563 	0.131480425871725
564 	0.12370284996842
565 	0.115925274065116
566 	0.108147698161811
567 	0.0977528847612343
568 	0.087262593687464
569 	0.0767723026136938
570 	0.0662820115399235
571 	0.0557917204661533
572 	0.045301429392383
573 	0.0431804415493195
574 	0.0422242046161074
575 	0.0412679676828954
576 	0.0403117307496833
577 	0.0393554938164713
578 	0.0383992568832593
579 	0.0391829016735002
580 	0.0403721322045479
581 	0.0415613627355956
582 	0.0427505932666433
583 	0.043939823797691
584 	0.0451290543287387
585 	0.045724402382179
586 	0.0460890641035762
587 	0.0464537258249734
588 	0.0468183875463706
589 	0.0471830492677678
590 	0.0475477109891651
591 	0.0472794643896946
592 	0.0466198601694769
593 	0.0459602559492592
594 	0.0453006517290415
595 	0.0446410475088238
596 	0.0439814432886061
597 	0.0431885007429036
598 	0.0424123225539373
599 	0.041636144364971
600 	0.0408599661760046
601 	0.0400837879870383
602 	0.039307609798072
603 	0.038743516296227
604 	0.0383461074232507
605 	0.0379486985502744
606 	0.0375512896772982
607 	0.0371538808043219
608 	0.0367564719313456
609 	0.0382845043709563
610 	0.0419763543959157
611 	0.045668204420875
612 	0.0493600544458344
613 	0.0530519044707937
614 	0.0567437544957531
615 	0.059596957003932
616 	0.0612381711775634
617 	0.0628793853511947
618 	0.0645205995248261
619 	0.0661618136984574
620 	0.0678030278720888
621 	0.0685597874699954
622 	0.0679831407093822
623 	0.0674057300470153
624 	0.0668283193846484
625 	0.0662509087222816
626 	0.0656734980599147
627 	0.0660875327916495
628 	0.0682843229850379
629 	0.0704873672935555
630 	0.0726904116020731
631 	0.0748934559105907
632 	0.0770965002191083
633 	0.0806991587140224
634 	0.0872016984362655
635 	0.0937264263275759
636 	0.100251154218886
637 	0.106775882110197
638 	0.113300610001507
639 	0.119525809127894
640 	0.125069197305042
641 	0.130605567743418
642 	0.136141938181794
643 	0.14167830862017
644 	0.147214679058546
645 	0.152079545530266
646 	0.15530427481439
647 	0.158509016520081
648 	0.161713758225773
649 	0.164918499931464
650 	0.168123241637156
651 	0.170812799147642
652 	0.172339939166144
653 	0.173873646099351
654 	0.175407353032558
655 	0.176941059965765
656 	0.178474766898972
657 	0.179100781512807
658 	0.177508793716596
659 	0.175903172298662
660 	0.174297550880729
661 	0.172691929462795
662 	0.171086308044861
663 	0.170231530246348
664 	0.171008921593896
665 	0.171770457965488
666 	0.17253199433708
667 	0.173293530708673
668 	0.174055067080265
669 	0.170379966468715
670 	0.156437649483885
671 	0.142406447449984
672 	0.128375245416083
673 	0.114344043382182
674 	0.100312841348281
675 	0.0901071063417148
676 	0.0880929004611194
677 	0.0861401955859648
678 	0.0841874907108102
679 	0.0822347858356556
680 	0.0802820809605011
681 	0.0779872344899457
682 	0.0750269975143301
683 	0.0720621142068399
684 	0.0690972308993496
685 	0.0661323475918593
686 	0.063167464284369
687 	0.0611200892365735
688 	0.0607484824520573
689 	0.060392207638201
690 	0.0600359328243447
691 	0.0596796580104884
692 	0.0593233831966321
693 	0.0592075074369213
694 	0.0596362159535813
695 	0.0600720423983548
696 	0.0605078688431282
697 	0.0609436952879017
698 	0.0613795217326752
699 	0.0610365965318376
700 	0.0593475725638477
701 	0.0576585485958578
702 	0.0559695246278678
703 	0.0542805006598779
704 	0.052591476691888
705 	0.0514090025115315
706 	0.0507882577085626
707 	0.0501675129055938
708 	0.0495467681026249
709 	0.0489260232996561
710 	0.0483052784966873
711 	0.0465740619244677
712 	0.0440791022027509
713 	0.041584142481034
714 	0.0390891827593171
715 	0.0365942230376002
716 	0.0340992633158833
717 	0.0323998592162777
718 	0.0311332075659931
719 	0.0298665559157085
720 	0.0285999042654239
721 	0.0273332526151393
722 	0.0260666009648548
723 	0.0265895241326283
724 	0.0280427766466568
725 	0.0294960291606853
726 	0.0309492816747137
727 	0.0324025341887422
728 	0.0338557867027707
729 	0.0350798025556355
730 	0.0361061042570537
731 	0.037132405958472
732 	0.0381587076598902
733 	0.0391850093613085
734 	0.0402113110627267
735 	0.0400928141769851
736 	0.0398383168559798
737 	0.0395838195349746
738 	0.0393293222139694
739 	0.0390748248929642
740 	0.038820327571959
741 	0.046858427964001
742 	0.055551126200199
743 	0.0642438244363971
744 	0.0729365226725952
745 	0.0816292209087933
746 	0.091010953016003
747 	0.11660827632091
748 	0.142566985520207
749 	0.168525694719505
750 	0.194484403918802
751 	0.220443113118099
752 	0.24806875422576
753 	0.286121079480664
754 	0.324377990801318
755 	0.362634902121972
756 	0.400891813442625
757 	0.439148724763279
758 	0.463482152885865
759 	0.443948121739029
760 	0.423793954410794
761 	0.403639787082558
762 	0.383485619754322
763 	0.363331452426087
764 	0.337493277101022
765 	0.301036117111955
766 	0.264495930690799
767 	0.227955744269643
768 	0.191415557848487
769 	0.154875371427331
770 	0.132786573239672
771 	0.127442947784071
772 	0.122099322328469
773 	0.116755696872867
774 	0.111412071417266
775 	0.106068445961664
776 	0.10612822327115
777 	0.109985507000656
778 	0.113842790730162
779 	0.117700074459668
780 	0.121557358189174
781 	0.12541464191868
782 	0.129821641596278
783 	0.134268895866343
784 	0.138716150136407
785 	0.143163404406471
786 	0.147610658676535
787 	0.152057912946599
788 	0.151287095746799
789 	0.149816568222075
790 	0.148346040697352
791 	0.146875513172628
792 	0.145404985647904
793 	0.144259397379455
794 	0.151811027600367
795 	0.159540060718291
796 	0.167269093836214
797 	0.174998126954137
798 	0.182727160072061
799 	0.188043639015799
800 	0.182748596371386
801 	0.177307495479428
802 	0.171866394587469
803 	0.16642529369551
804 	0.160984192803552
805 	0.151878841543691
806 	0.13534163305419
807 	0.118720465765199
808 	0.102099298476209
809 	0.0854781311872189
810 	0.0688569638982287
811 	0.0578186604596158
812 	0.0526790415554106
813 	0.0475394226512054
814 	0.0423998037470002
815 	0.037260184842795
816 	0.0321205659385898
817 	0.0303180693375
818 	0.0300692222160168
819 	0.0298203750945337
820 	0.0295715279730505
821 	0.0293226808515674
822 	0.0290738337300843
823 	0.0282951606008561
824 	0.0273859954380022
825 	0.0264768302751483
826 	0.0255676651122945
827 	0.0246584999494406
828 	0.0238770325548923
829 	0.0251942460434222
830 	0.0266212351192803
831 	0.0280482241951385
832 	0.0294752132709966
833 	0.0309022023468547
834 	0.0342213738085169
835 	0.0432420478955232
836 	0.0523139427951277
837 	0.0613858376947321
838 	0.0704577325943366
839 	0.079529627493941
840 	0.0869176461558385
841 	0.0921002756219489
842 	0.0972827083369223
843 	0.102465141051896
844 	0.107647573766869
845 	0.112830006481843
846 	0.111122691043634
847 	0.105595603603721
848 	0.100068516163807
849 	0.0945414287238935
850 	0.08901434128398
851 	0.0834872538440666
852 	0.0780756326825617
853 	0.0727105010701943
854 	0.0673453694578269
855 	0.0619802378454595
856 	0.0566151062330921
857 	0.0515813925981217
858 	0.0496384480635149
859 	0.047736524324023
860 	0.0458346005845311
861 	0.0439326768450392
862 	0.0420307531055474
863 	0.0415982118586991
864 	0.0442176188636547
865 	0.0468410345574731
866 	0.0494644502512916
867 	0.05208786594511
868 	0.0547112816389285
869 	0.0571445173777539
870 	0.059787513103246
871 	0.0624305088287381
872 	0.0650735045542302
873 	0.0677165002797224
874 	0.0703594960052145
875 	0.0727505697910025
876 	0.0748336809194635
877 	0.0769167920479245
878 	0.0789999031763855
879 	0.0810830143048465
880 	0.0830900590562635
881 	0.0837613207854102
882 	0.084504961751009
883 	0.0852486027166077
884 	0.0859922436822065
885 	0.0867358846478052
886 	0.0874835269545177
887 	0.0879444484365697
888 	0.0883564082797721
889 	0.0887683681229745
890 	0.0891803279661769
891 	0.0895922878093793
892 	0.0846374151134701
893 	0.075604490509111
894 	0.0665715659047519
895 	0.0575386413003928
896 	0.0485057166960336
897 	0.0394727920916745
898 	0.037969800841947
899 	0.0380386110396301
900 	0.0381074212373133
901 	0.0381762314349964
902 	0.0382450416326796
903 	0.0385811761324242
904 	0.041083543873444
905 	0.0435875699323496
906 	0.0460915959912551
907 	0.0485956220501607
908 	0.0510996481090662
909 	0.0545692914334891
910 	0.0597083917189746
911 	0.0648561524183644
912 	0.0700039131177542
913 	0.075151673817144
914 	0.0802994345165338
915 	0.0826816430826065
916 	0.0837535350175612
917 	0.0848254269525159
918 	0.0858973188874706
919 	0.0869692108224253
920 	0.08804110275738
921 	0.083920564023584
922 	0.079512358517998
923 	0.075104153012412
924 	0.0706959475068261
925 	0.0662877420012401
926 	0.0622718820340862
927 	0.0593920024444023
928 	0.0565345143025188
929 	0.0536770261606353
930 	0.0508195380187519
931 	0.0479620498768684
932 	0.0471067668531678
933 	0.0477677001239655
934 	0.0484286333947632
935 	0.0490895666655609
936 	0.0497504999363586
937 	0.0504114332071563
938 	0.0520209194165292
939 	0.0536660380367567
940 	0.0553111566569842
941 	0.0569562752772117
942 	0.0586013938974391
943 	0.0601202588843174
944 	0.0613349094198263
945 	0.0625801865574808
946 	0.0638254636951354
947 	0.0650707408327899
948 	0.0663160179704444
949 	0.0699836862524429
950 	0.0757951491907377
951 	0.0816066121290325
952 	0.0874180750673273
953 	0.093229538005622
954 	0.0990410009439168
955 	0.0962249383239333
956 	0.0920277872671906
957 	0.0878306362104479
958 	0.0836334851537052
959 	0.0794363340969624
960 	0.074572313870281
961 	0.0676167186339187
962 	0.0606681519863179
963 	0.0537195853387171
964 	0.0467710186911162
965 	0.0398224520435154
966 	0.0380681147937884
967 	0.0402146317998439
968 	0.0423611488058995
969 	0.044507665811955
970 	0.0466541828180106
971 	0.0488006998240662
972 	0.0510847595910268
973 	0.0534501057633793
974 	0.0558154519357317
975 	0.0581807981080842
976 	0.0605461442804367
977 	0.0616182515364017
978 	0.0594023552549689
979 	0.0571379872038802
980 	0.0548736191527915
981 	0.0526092511017028
982 	0.0503448830506141
983 	0.0494680964022959
984 	0.0494020930708604
985 	0.049336089739425
986 	0.0492700864079895
987 	0.0492040830765541
988 	0.0492323688436853
989 	0.0507038984546831
990 	0.0521968654452169
991 	0.0536898324357508
992 	0.0551827994262846
993 	0.0566757664168184
994 	0.0576475555338659
995 	0.0579351294436641
996 	0.0582227033534623
997 	0.0585102772632606
998 	0.0587978511730588
999 	0.059085425082857
1000 	0.0600140194360988
1001 	0.0610182340622443
1002 	0.0620224486883897
1003 	0.0630266633145352
1004 	0.0640308779406806
1005 	0.0652994019351961
1006 	0.0675771409141482
1007 	0.0698880570749915
1008 	0.0721989732358348
1009 	0.0745098893966781
1010 	0.0768208055575214
1011 	0.0769633089297483
1012 	0.0757736569195903
1013 	0.0745840049094322
1014 	0.0733943528992741
1015 	0.072204700889116
1016 	0.0708383443198977
1017 	0.0666915817434544
1018 	0.0625149774557479
1019 	0.0583383731680414
1020 	0.0541617688803348
1021 	0.0499851645926283
1022 	0.0478775563710018
1023 	0.0481035294712527
1024 	0.0483295025715037
1025 	0.0485554756717546
1026 	0.0487814487720056
1027 	0.0490074218722565
1028 	0.0504489966659416
1029 	0.0520180970460897
1030 	0.0535871974262379
1031 	0.055156297806386
1032 	0.0567253981865342
1033 	0.05744439005823
1034 	0.0565167342471591
1035 	0.055587787796582
1036 	0.0546588413460049
1037 	0.0537298948954279
1038 	0.0528009484448508
1039 	0.0524463860498265
1040 	0.0522851645370185
1041 	0.0521239430242104
1042 	0.0519627215114023
1043 	0.0518014999985942
1044 	0.051661997453378
1045 	0.0517216480641887
1046 	0.0518024474603188
1047 	0.0518832468564489
1048 	0.051964046252579
1049 	0.0520448456487091
1050 	0.0524487463030562
1051 	0.0529177523082998
1052 	0.0533867583135434
1053 	0.053855764318787
1054 	0.0543247703240306
1055 	0.0547396723055411
1056 	0.0548251505064849
1057 	0.0549005751597103
1058 	0.0549759998129357
1059 	0.0550514244661611
1060 	0.0551268491193865
1061 	0.0560196779636078
1062 	0.0574348633265196
1063 	0.0588500486894313
1064 	0.060265234052343
1065 	0.0616804194152547
1066 	0.0633797559437909
1067 	0.0676391863733527
1068 	0.07193797599652
1069 	0.0762367656196872
1070 	0.0805355552428545
1071 	0.0848343448660217
1072 	0.0890792921470497
1073 	0.0932177750253664
1074 	0.0973562579036831
1075 	0.101494740782
1076 	0.105633223660317
1077 	0.109290652566496
1078 	0.107342084445281
1079 	0.105337053329806
1080 	0.103332022214332
1081 	0.101326991098857
1082 	0.0993219599833817
1083 	0.093978585283158
1084 	0.0860900272898338
1085 	0.0782014692965095
1086 	0.0703129113031853
1087 	0.062424353309861
1088 	0.0549777396678239
1089 	0.052372480767232
1090 	0.0498190215674367
1091 	0.0472655623676414
1092 	0.0447121031678461
1093 	0.0421586439680508
1094 	0.0428586691535047
1095 	0.0459065637439971
1096 	0.0489544583344894
1097 	0.0520023529249817
1098 	0.0550502475154741
1099 	0.0579858764689741
1100 	0.0600537432259669
1101 	0.0621088439193053
1102 	0.0641639446126437
1103 	0.0662190453059822
1104 	0.0682741459993206
1105 	0.0681145332585253
1106 	0.0666524031458129
1107 	0.0651902730331005
1108 	0.0637281429203881
1109 	0.0622660128076758
1110 	0.0609707272864238
1111 	0.0604506612613611
1112 	0.0599360344359587
1113 	0.0594214076105563
1114 	0.0589067807851539
1115 	0.0583921539597515
1116 	0.0564823432965222
1117 	0.0539883020889237
1118 	0.0514942608813251
1119 	0.0490002196737265
1120 	0.046506178466128
1121 	0.0444429689914814
1122 	0.0436238849901866
1123 	0.0428108619255738
1124 	0.041997838860961
1125 	0.0411848157963483
1126 	0.0403717927317355
1127 	0.0401173161215061
1128 	0.0400165518942925
1129 	0.039915787667079
1130 	0.0398150234398655
1131 	0.039714259212652
1132 	0.0398980059814218
1133 	0.0404588024358559
1134 	0.04101959889029
1135 	0.0415803953447241
1136 	0.0421411917991582
1137 	0.0427019882535922
1138 	0.0464926098337901
1139 	0.0504705050123315
1140 	0.0544484001908728
1141 	0.0584262953694141
1142 	0.0624041905479555
1143 	0.0664865197581549
1144 	0.0705284544087599
1145 	0.0745703890593649
1146 	0.0786123237099699
1147 	0.0826542583605749
1148 	0.0868334641343846
1149 	0.0922735969692532
1150 	0.0977907808145594
1151 	0.103307964659866
1152 	0.108825148505172
1153 	0.114342332350478
1154 	0.116933945546646
1155 	0.11823362814763
1156 	0.119533310748614
1157 	0.120832993349598
1158 	0.122132675950582
1159 	0.1214725120116
1160 	0.116580106120653
1161 	0.111687700229706
1162 	0.106795294338759
1163 	0.101902888447812
1164 	0.0970104825568653
1165 	0.0910714531253981
1166 	0.0850079685094793
1167 	0.0789444838935606
1168 	0.0728809992776418
1169 	0.0668175146617231
1170 	0.0623179956463924
1171 	0.05922604653091
1172 	0.0561340974154276
1173 	0.0530421482999452
1174 	0.0499501991844628
1175 	0.0473114322484667
1176 	0.0469636607141722
1177 	0.0466305251222946
1178 	0.0462973895304171
1179 	0.0459642539385396
1180 	0.0456311183466621
1181 	0.0451501239056056
1182 	0.044593587493316
1183 	0.0440370510810263
1184 	0.0434805146687367
1185 	0.0429239782564471
1186 	0.0419559537078259
1187 	0.0405454497970732
1188 	0.0391349458863205
1189 	0.0377244419755678
1190 	0.036313938064815
1191 	0.0352155951386789
1192 	0.0375800747603557
1193 	0.0399587027429698
1194 	0.0423373307255839
1195 	0.0447159587081981
1196 	0.0470945866908122
1197 	0.0531458327840475
1198 	0.0605658743337752
1199 	0.0679859158835029
1200 	0.0754059574332307
1201 	0.0828259989829584
1202 	0.0880434073517352
1203 	0.0898376995496644
1204 	0.0916319917475935
1205 	0.0934262839455227
1206 	0.0952205761434519
1207 	0.096860137017253
1208 	0.0960293153130403
1209 	0.0951554328672261
1210 	0.094281550421412
1211 	0.0934076679755979
1212 	0.0925337855297837
1213 	0.093886218921335
1214 	0.0960736189835954
1215 	0.0982610190458559
1216 	0.100448419108116
1217 	0.102635819170377
1218 	0.104562403866239
1219 	0.106073773525696
1220 	0.107585143185154
1221 	0.109096512844612
1222 	0.110607882504069
1223 	0.111888504340021
1224 	0.11134904351537
1225 	0.110820796367496
1226 	0.110292549219622
1227 	0.109764302071747
1228 	0.109236054923873
1229 	0.104597132710107
1230 	0.0988713667137249
1231 	0.0931456007173432
1232 	0.0874198347209615
1233 	0.0816940687245797
1234 	0.0767392347322362
1235 	0.0725161686586216
1236 	0.068293102585007
1237 	0.0640700365113924
1238 	0.0598469704377778
1239 	0.0558500441093083
1240 	0.0528180575607904
1241 	0.0497895900331796
1242 	0.0467611225055688
1243 	0.0437326549779579
1244 	0.0407041874503471
1245 	0.0406155729208038
1246 	0.0407330497064654
1247 	0.0408505264921269
1248 	0.0409680032777885
1249 	0.04108548006345
1250 	0.0415586923222142
1251 	0.0422390989491334
1252 	0.0429195055760525
1253 	0.0435999122029716
1254 	0.0442803188298908
1255 	0.0441596736478161
1256 	0.0427035428908088
1257 	0.0412474121338014
1258 	0.039791281376794
1259 	0.0383351506197866
1260 	0.0375124526884465
1261 	0.0407624762710844
1262 	0.0440399506732713
1263 	0.0473174250754583
1264 	0.0505948994776453
1265 	0.0538723738798322
1266 	0.0566127086031517
1267 	0.0593114085097921
1268 	0.0620101084164324
1269 	0.0647088083230728
1270 	0.0674075082297132
1271 	0.0697555260753218
1272 	0.0718076436793218
1273 	0.0738597612833218
1274 	0.0759118788873217
1275 	0.0779639964913217
1276 	0.0784704205645601
1277 	0.0768027326808737
1278 	0.0751350447971874
1279 	0.073467356913501
1280 	0.0717996690298146
1281 	0.0719219337149372
1282 	0.0802707449076864
1283 	0.0886283987995306
1284 	0.0969860526913748
1285 	0.105343706583219
1286 	0.113701360475063
1287 	0.121986602531616
1288 	0.130281815659443
1289 	0.138577028787271
1290 	0.146872241915099
1291 	0.155167455042927
1292 	0.156306782896184
1293 	0.154987785975085
1294 	0.153668789053985
1295 	0.152349792132886
1296 	0.151030795211787
1297 	0.148106205683938
1298 	0.14380592890762
1299 	0.139505652131302
1300 	0.135205375354983
1301 	0.130905098578665
1302 	0.128717190423763
1303 	0.130559159863204
1304 	0.132401129302645
1305 	0.134243098742086
1306 	0.136085068181527
1307 	0.137216368074882
1308 	0.13442200074652
1309 	0.131622026155882
1310 	0.128822051565243
1311 	0.126022076974604
1312 	0.123222102383965
1313 	0.108107573165519
1314 	0.0925497500472111
1315 	0.0769919269289029
1316 	0.0614341038105946
1317 	0.0458762806922864
1318 	0.0421882885218602
1319 	0.0416679709387542
1320 	0.0411476533556483
1321 	0.0406273357725423
1322 	0.0401070181894363
1323 	0.0465469615262377
1324 	0.0570853478535563
1325 	0.067623734180875
1326 	0.0781621205081936
1327 	0.0887005068355123
1328 	0.093909309021867
1329 	0.0930735614325108
1330 	0.0922378138431545
1331 	0.0914020662537983
1332 	0.090566318664442
1333 	0.0880916791352106
1334 	0.0821288711977763
1335 	0.076166063260342
1336 	0.0702032553229077
1337 	0.0642404473854734
1338 	0.0587271929830039
1339 	0.0553016337788617
1340 	0.0518760745747194
1341 	0.0484505153705771
1342 	0.0450249561664348
1343 	0.041661363316421
1344 	0.0394882693243803
1345 	0.0372989889355502
1346 	0.0351097085467201
1347 	0.0329204281578899
1348 	0.0307311477690598
1349 	0.0325971902376707
1350 	0.0348985937587806
1351 	0.0371999972798904
1352 	0.0395014008010003
1353 	0.0418028043221102
1354 	0.0443984470304958
1355 	0.0470924436225353
1356 	0.0497864402145749
1357 	0.0524804368066144
1358 	0.0551744333986539
1359 	0.067675945427931
1360 	0.0848776657909093
1361 	0.102079386153888
1362 	0.119281106516866
1363 	0.136482826879844
1364 	0.152931967651077
1365 	0.168794955689508
1366 	0.184657943727939
1367 	0.20052093176637
1368 	0.2163839198048
1369 	0.229730181107549
1370 	0.24024062307818
1371 	0.25075106504881
1372 	0.26126150701944
1373 	0.27177194899007
1374 	0.278833513147182
1375 	0.280441380308474
1376 	0.282049247469766
1377 	0.283657114631059
1378 	0.285264981792351
1379 	0.280751844524676
1380 	0.261916888110178
1381 	0.24308193169568
1382 	0.224246975281182
1383 	0.205412018866684
1384 	0.185496942983398
1385 	0.162042465729992
1386 	0.138587988476586
1387 	0.11513351122318
1388 	0.0916790339697734
1389 	0.0702992544497206
1390 	0.0596145968124402
1391 	0.0489299391751598
1392 	0.0382452815378794
1393 	0.0275606239005989
1394 	0.0177564237963347
1395 	0.0154219982722728
1396 	0.0130908841660309
1397 	0.010759770059789
1398 	0.00842865595354717
1399 	0.00628555929901586
1400 	0.00774929246265223
1401 	0.00924770878995524
1402 	0.0107461251172583
1403 	0.0122445414445613
1404 	0.0138789009948006
1405 	0.0238954217832109
1406 	0.0339142951178599
1407 	0.043933168452509
1408 	0.0539520417871581
1409 	0.0639709151218072
1410 	0.0835403980683842
1411 	0.103393778273664
1412 	0.123247158478943
1413 	0.143100538684222
1414 	0.162953918889502
1415 	0.177537753556369
1416 	0.191790239650022
1417 	0.206042725743675
1418 	0.220295211837327
1419 	0.23454769793098
1420 	0.255343425341322
1421 	0.276687659699301
1422 	0.29803189405728
1423 	0.319376128415259
1424 	0.340720362773238
1425 	0.398183800371117
1426 	0.458896699497776
1427 	0.519609598624435
1428 	0.580322497751094
1429 	0.641035396877753
1430 	0.702952145848074
1431 	0.764960311469846
1432 	0.826968477091618
1433 	0.88897664271339
1434 	0.950984808335162
1435 	0.963545373916151
1436 	0.9717092267842
1437 	0.979873079652249
1438 	0.988036932520299
1439 	0.996200785388348
1440 	0.995556010085684
1441 	0.99428661659165
1442 	0.993017223097616
1443 	0.991747829603581
1444 	0.990478436109547
1445 	0.984437751645172
1446 	0.978136168809411
1447 	0.971834585973649
1448 	0.965533003137888
1449 	0.959231420302127
1450 	0.940999499041948
1451 	0.92250708162193
1452 	0.904014664201912
1453 	0.885522246781895
1454 	0.866812077676642
1455 	0.837054638976693
1456 	0.807273961054818
1457 	0.777493283132943
1458 	0.747712605211068
1459 	0.717686057270437
1460 	0.684232238862133
1461 	0.650780295442831
1462 	0.61732835202353
1463 	0.583876408604228
1464 	0.551073250686573
1465 	0.52307692472562
1466 	0.495080598764666
1467 	0.467084272803713
1468 	0.43908794684276
1469 	0.410714720846275
1470 	0.380672054563405
1471 	0.350629388280535
1472 	0.320586721997664
1473 	0.290544055714794
1474 	0.261798651264464
1475 	0.23715786998652
1476 	0.212517088708576
1477 	0.187876307430632
1478 	0.163235526152688
1479 	0.142346969924096
1480 	0.129562133621063
1481 	0.116777297318029
1482 	0.103992461014995
1483 	0.0912076247119618
1484 	0.0810170781938626
1485 	0.0747187602208636
1486 	0.0684204422478646
1487 	0.0621221242748656
1488 	0.0558238063018666
1489 	0.0519713072241896
1490 	0.0506656815370611
1491 	0.0493600558499326
1492 	0.0480544301628041
1493 	0.0467488044756756
1494 	0.0459716219330445
1495 	0.0455265177013161
1496 	0.0450814134695877
1497 	0.0446363092378593
1498 	0.0441912050061308
1499 	0.0427773450785598
1500 	0.0409442990337308
1501 	0.0391112529889019
1502 	0.037278206944073
1503 	0.0354451608992441
1504 	0.0339042557285042
1505 	0.0324484146313139
1506 	0.0309925735341235
1507 	0.0295367324369331
1508 	0.0280808913397428
1509 	0.0283621853825697
1510 	0.0287488828253677
1511 	0.0291355802681657
1512 	0.0295222777109637
1513 	0.0299687562919629
1514 	0.0311388061003586
1515 	0.0323088559087544
1516 	0.0334789057171501
1517 	0.0346489555255458
1518 	0.0356137116602706
1519 	0.0358149856707337
1520 	0.0360162596811969
1521 	0.0362175336916601
1522 	0.0364188077021233
1523 	0.0367790781571852
1524 	0.0374203587816676
1525 	0.03806163940615
1526 	0.0387029200306324
1527 	0.0393442006551148
1528 	0.0403810978108674
1529 	0.0417891280570239
1530 	0.0431971583031804
1531 	0.0446051885493369
1532 	0.0460132187954934
1533 	0.0470490798972939
1534 	0.0479132432500383
1535 	0.0487774066027826
1536 	0.049641569955527
1537 	0.0505057333082714
1538 	0.0504096397943363
1539 	0.0501502456128984
1540 	0.0498908514314604
1541 	0.0496314572500225
1542 	0.0494479864870687
1543 	0.0512360551798153
1544 	0.0530241238725618
1545 	0.0548121925653083
1546 	0.0566002612580548
1547 	0.0593842711630343
1548 	0.0655598431688674
1549 	0.0717354151747005
1550 	0.0779109871805336
1551 	0.0840865591863667
1552 	0.0931238428698061
1553 	0.106027294511828
1554 	0.11893074615385
1555 	0.131834197795872
1556 	0.144737649437894
1557 	0.166027340928525
1558 	0.192244011215827
1559 	0.21846068150313
1560 	0.244677351790433
1561 	0.270894022077736
1562 	0.275449399843488
1563 	0.27600429181716
1564 	0.276559183790831
1565 	0.277114075764502
1566 	0.275732233777775
1567 	0.247163212214719
1568 	0.218594190651662
1569 	0.190025169088606
1570 	0.161456147525549
1571 	0.136676827095318
1572 	0.120888268192572
1573 	0.105099709289826
1574 	0.0893111503870801
1575 	0.0735225914843342
1576 	0.0637407916099725
1577 	0.0591847312506293
1578 	0.0546286708912861
1579 	0.0500726105319429
1580 	0.0455165501725996
1581 	0.0427187940141641
1582 	0.0404145642866572
1583 	0.0381103345591504
1584 	0.0358061048316435
1585 	0.0334994161656364
1586 	0.0311425864152611
1587 	0.0287857566648857
1588 	0.0264289269145103
1589 	0.0240720971641349
1590 	0.0219146596054818
1591 	0.0202247114028759
1592 	0.0185347632002701
1593 	0.0168448149976643
1594 	0.0151548667950585
1595 	0.0161435776239088
1596 	0.0191521650774742
1597 	0.0221607525310397
1598 	0.0251693399846051
1599 	0.0281779274381705
1600 	0.0358539347483023
1601 	0.0443539397044833
1602 	0.0528539446606643
1603 	0.0613539496168452
1604 	0.0707116331554005
1605 	0.0854728090299306
1606 	0.100233984904461
1607 	0.114995160778991
1608 	0.129756336653521
1609 	0.141865863635732
1610 	0.150497507334862
1611 	0.159129151033991
1612 	0.167760794733121
1613 	0.17639243843225
1614 	0.181293744915535
1615 	0.184877047566381
1616 	0.188460350217226
1617 	0.192043652868072
1618 	0.195884952748686
1619 	0.204421660870997
1620 	0.212958368993309
1621 	0.221495077115621
1622 	0.230031785237933
1623 	0.246274747374014
1624 	0.275556749903841
1625 	0.304838752433667
1626 	0.334120754963493
1627 	0.363402757493319
1628 	0.397158083305505
1629 	0.432819944060841
1630 	0.468481804816177
1631 	0.504143665571513
1632 	0.539288857224889
1633 	0.561834912488931
1634 	0.584380967752973
1635 	0.606927023017016
1636 	0.629473078281058
1637 	0.652172203098032
1638 	0.675122101899416
1639 	0.6980720007008
1640 	0.721021899502184
1641 	0.743971798303568
1642 	0.756036054127341
1643 	0.764269948778623
1644 	0.772503843429906
1645 	0.780737738081188
1646 	0.783353312251278
1647 	0.73702515980892
1648 	0.690697007366561
1649 	0.644368854924202
1650 	0.598040702481844
1651 	0.560852188296436
1652 	0.533800815122165
1653 	0.506749441947894
1654 	0.479698068773622
1655 	0.452646695599351
1656 	0.441751374370361
1657 	0.433613132333697
1658 	0.425474890297033
1659 	0.41733664826037
1660 	0.411558259970781
1661 	0.413193189077516
1662 	0.414828118184251
1663 	0.416463047290986
1664 	0.418097976397721
1665 	0.427186773546109
1666 	0.440509620165293
1667 	0.453832466784476
1668 	0.467155313403659
1669 	0.480594639413532
1670 	0.496488717169417
1671 	0.512382794925303
1672 	0.528276872681189
1673 	0.544170950437075
1674 	0.552712415084011
1675 	0.552534877265257
1676 	0.552357339446504
1677 	0.552179801627751
1678 	0.552002263808998
1679 	0.502732576518082
1680 	0.446642707109874
1681 	0.390552837701665
1682 	0.334462968293456
1683 	0.284112130133086
1684 	0.246597909782053
1685 	0.209083689431019
1686 	0.171569469079985
1687 	0.134055248728952
1688 	0.113530223985529
1689 	0.0987511165475656
1690 	0.0839720091096022
1691 	0.0691929016716387
1692 	0.0562764210101508
1693 	0.0510796463784003
1694 	0.0458828717466499
1695 	0.0406860971148994
1696 	0.0354893224831489
1697 	0.0329459535622782
1698 	0.0318173555333945
1699 	0.0306887575045108
1700 	0.0295601594756271
1701 	0.0285576264658658
1702 	0.0285066565604452
1703 	0.0284556866550246
1704 	0.028404716749604
1705 	0.0283537468441834
1706 	0.0294044705262724
1707 	0.0312245892525183
1708 	0.0330447079787642
1709 	0.0348648267050102
1710 	0.0366561916763298
1711 	0.0381018783161769
1712 	0.039547564956024
1713 	0.0409932515958711
1714 	0.0424389382357182
1715 	0.044383415776237
1716 	0.0467272140349495
1717 	0.0490710122936619
1718 	0.0514148105523743
1719 	0.0536449682325915
1720 	0.0538719944640362
1721 	0.0540990206954809
1722 	0.0543260469269256
1723 	0.0545530731583704
1724 	0.0554388140623007
1725 	0.0568315913367661
1726 	0.0582243686112316
1727 	0.059617145885697
1728 	0.0609139196496912
1729 	0.0611885104493153
1730 	0.0614631012489395
1731 	0.0617376920485636
1732 	0.0620122828481877
1733 	0.061407053069497
1734 	0.0602240882645227
1735 	0.0590411234595484
1736 	0.0578581586545742
1737 	0.056827837967144
1738 	0.0567536283391327
1739 	0.0566794187111215
1740 	0.0566052090831102
1741 	0.056530999455099
1742 	0.0566851778454847
1743 	0.0569477194915064
1744 	0.0572102611375281
1745 	0.0574728027835498
1746 	0.0575843762554727
1747 	0.0571868437236156
1748 	0.0567893111917586
1749 	0.0563917786599015
1750 	0.0559942461280445
1751 	0.0560509262017737
1752 	0.0562280657211957
1753 	0.0564052052406177
1754 	0.0565823447600397
1755 	0.0569187729604289
1756 	0.0575485392670333
1757 	0.0581783055736378
1758 	0.0588080718802422
1759 	0.0594378381868467
1760 	0.0608902558576016
1761 	0.0623992127583081
1762 	0.0639081696590146
1763 	0.0654171265597211
1764 	0.0661394050531767
1765 	0.0661321609068043
1766 	0.0661249167604319
1767 	0.0661176726140596
1768 	0.066038714447665
1769 	0.0653538657191893
1770 	0.0646690169907135
1771 	0.0639841682622377
1772 	0.0632993195337619
1773 	0.0633166256719311
1774 	0.0636213331872946
1775 	0.0639260407026581
1776 	0.0642307482180215
1777 	0.0642387684104563
1778 	0.0636171189156819
1779 	0.0629954694209076
1780 	0.0623738199261332
1781 	0.0617521704313589
1782 	0.0611212529699846
1783 	0.0604899657452964
1784 	0.0598586785206082
1785 	0.0592273912959201
1786 	0.0587178378498251
1787 	0.0583007811440024
1788 	0.0578837244381798
1789 	0.0574666677323571
1790 	0.0569763097160343
1791 	0.0562020631676336
1792 	0.0554278166192328
1793 	0.054653570070832
1794 	0.0538793235224312
1795 	0.0532976706470453
1796 	0.0527489946477767
1797 	0.0522003186485082
1798 	0.0516516426492396
1799 	0.0515158236536899
1800 	0.0517847732836995
1801 	0.0520537229137092
1802 	0.0523226725437188
1803 	0.0525046341655763
1804 	0.0522545051657871
1805 	0.0520043761659978
1806 	0.0517542471662085
1807 	0.0515041181664192
1808 	0.0518738506671824
1809 	0.0523618421851215
1810 	0.0528498337030607
1811 	0.0533378252209998
1812 	0.0537340589386293
1813 	0.0540462731134969
1814 	0.0543584872883645
1815 	0.0546707014632321
1816 	0.0549579599334298
1817 	0.0551494617627865
1818 	0.0553409635921433
1819 	0.0555324654215001
1820 	0.0557239672508569
1821 	0.0564550435148944
1822 	0.0572429598654813
1823 	0.0580308762160682
1824 	0.058818792566655
1825 	0.058856926934738
1826 	0.0584233822515227
1827 	0.0579898375683075
1828 	0.0575562928850923
1829 	0.0572696232930388
1830 	0.0572779844070194
1831 	0.057286345521
1832 	0.0572947066349806
1833 	0.0573503236572459
1834 	0.0582392061138607
1835 	0.0591280885704754
1836 	0.0600169710270902
1837 	0.0609058534837049
1838 	0.0610064028374461
1839 	0.0608933212340479
1840 	0.0607802396306497
1841 	0.0606671580272515
1842 	0.0602471963865301
1843 	0.0595550107876159
1844 	0.0588628251887017
1845 	0.0581706395897875
1846 	0.0575694017914666
1847 	0.0572121334077328
1848 	0.0568548650239989
1849 	0.056497596640265
1850 	0.0561621243986904
1851 	0.0563124258870109
1852 	0.0564627273753313
1853 	0.0566130288636518
1854 	0.0567633303519722
1855 	0.0568156983359906
1856 	0.0568374609912477
1857 	0.0568592236465047
1858 	0.0568809863017618
1859 	0.05669437922568
1860 	0.056359652499457
1861 	0.056024925773234
1862 	0.055690199047011
1863 	0.0555101778047672
1864 	0.0556079601292089
1865 	0.0557057424536506
1866 	0.0558035247780923
1867 	0.0561237998005753
1868 	0.0575859491101923
1869 	0.0590480984198092
1870 	0.0605102477294261
1871 	0.061972397039043
1872 	0.061813939024502
1873 	0.0616020439903249
1874 	0.0613901489561478
1875 	0.0611782539219707
1876 	0.0602334925434054
1877 	0.0590933044565061
1878 	0.0579531163696068
1879 	0.0568129282827075
1880 	0.0561321177789894
1881 	0.0557354745876481
1882 	0.0553388313963069
1883 	0.0549421882049656
1884 	0.0549694170425186
1885 	0.0555266823748879
1886 	0.0560839477072572
1887 	0.0566412130396265
1888 	0.0570256853966857
1889 	0.0569922853254301
1890 	0.0569588852541746
1891 	0.056925485182919
1892 	0.0569137033238538
1893 	0.0570539428001129
1894 	0.0571941822763719
1895 	0.0573344217526309
1896 	0.0574746612288899
1897 	0.0579787383679932
1898 	0.0584824854894178
1899 	0.0589862326108425
1900 	0.0594899797322671
1901 	0.0587835716529771
1902 	0.0578846133847212
1903 	0.0569856551164652
1904 	0.0560866968482093
1905 	0.0557261409298285
1906 	0.055546709949981
1907 	0.0553672789701335
1908 	0.055187847990286
1909 	0.0553112046517425
1910 	0.0556290246454445
1911 	0.0559468446391465
1912 	0.0562646646328485
1913 	0.0564069667272371
1914 	0.0563859617089348
1915 	0.0563649566906324
1916 	0.05634395167233
1917 	0.0565261732155427
1918 	0.0569869058914925
1919 	0.0574476385674423
1920 	0.057908371243392
1921 	0.058115063819331
1922 	0.0578202310893316
1923 	0.0575253983593321
1924 	0.0572305656293326
1925 	0.0569016164268688
1926 	0.0564749866014571
1927 	0.0560483567760454
1928 	0.0556217269506337
1929 	0.0553449795569588
1930 	0.0556861930039642
1931 	0.0560274064509696
1932 	0.056368619897975
1933 	0.056676601509209
1934 	0.0567727099112065
1935 	0.0568688278490393
1936 	0.0569649457868722
1937 	0.0570577717908217
1938 	0.0570745332435336
1939 	0.0570888058724036
1940 	0.0571030785012735
1941 	0.0571000692558243
1942 	0.0567262165255213
1943 	0.0563563638662712
1944 	0.0559865112070212
1945 	0.0556150488790763
1946 	0.055020565198311
1947 	0.0544182551406508
1948 	0.0538159450829905
1949 	0.0532136350253303
1950 	0.0535938262438614
1951 	0.0540037868194854
1952 	0.0544137473951095
1953 	0.0548237079707335
1954 	0.0561234242607702
1955 	0.0574543863049419
1956 	0.0587853483491137
1957 	0.0601163103932854
1958 	0.0600381948384297
1959 	0.0599266951439449
1960 	0.05981519544946
1961 	0.0597036957549752
1962 	0.0590885191564148
1963 	0.0584229963451318
1964 	0.0577574735338488
1965 	0.0570919507225658
1966 	0.0565979127745841
1967 	0.0560998112143503
1968 	0.0556017096541165
1969 	0.0551075595167497
1970 	0.0551393695956109
1971 	0.0551796752271524
1972 	0.0552199808586938
1973 	0.0552618843130302
1974 	0.0553496032861898
1975 	0.0554388193996633
1976 	0.0555280355131368
1977 	0.0556213792967251
1978 	0.0557607621130224
1979 	0.0559000223506561
1980 	0.0560392825882899
1981 	0.0561590680448424
1982 	0.0561461266927545
1983 	0.0561328267495186
1984 	0.0561195268062828
1985 	0.0561002212446426
1986 	0.0560476136028403
1987 	0.0559946697238314
1988 	0.0559417258448225
1989 	0.0559474726723197
1990 	0.0561474831272086
1991 	0.0563474935820975
1992 	0.0565475040369864
1993 	0.0567729354318305
1994 	0.0570988169293796
1995 	0.0574246984269288
1996 	0.0577505799244779
1997 	0.0578586082566337
1998 	0.0576431237371095
1999 	0.0574276392175853
2000 	0.0572121546980611
2001 	0.0571880178333476
2002 	0.0573273132599855
2003 	0.0574666086866235
2004 	0.0576059041132614
2005 	0.0575388988301274
2006 	0.0573486489238563
2007 	0.0571583990175852
2008 	0.0569681491113142
2009 	0.0568766683999996
2010 	0.0568208051460936
2011 	0.0567649418921877
2012 	0.0567090786382817
2013 	0.0565898764258092
2014 	0.0564669460008032
2015 	0.0563440155757971
2016 	0.0562212518150292
2017 	0.056147391791145
2018 	0.0560707395100074
2019 	0.0559940872288698
2020 	0.0559535077717978
2021 	0.0561190284478844
2022 	0.0562838988501336
2023 	0.0564487692523828
2024 	0.0565941646183972
2025 	0.0566997520241446
2026 	0.0568054894530702
2027 	0.0569112268819958
2028 	0.0568976453926228
2029 	0.0567263006197917
2030 	0.0565549558469607
2031 	0.0563836110741296
2032 	0.0564559221341588
2033 	0.0566400535337082
2034 	0.0568241849332576
2035 	0.057008316332807
2036 	0.057353471025146
2037 	0.0577717839958137
2038 	0.0581900969664814
2039 	0.0586063263351508
2040 	0.0585053776263774
2041 	0.0584053587810695
2042 	0.0583053399357616
2043 	0.0582343284289437
2044 	0.0582732157827475
2045 	0.0583114156055527
2046 	0.0583496154283579
2047 	0.0580271464921741
2048 	0.0571757165610141
2049 	0.056324286629854
2050 	0.055472856698694
2051 	0.0549405503768485
2052 	0.054600030162211
2053 	0.0542595099475735
2054 	0.053918989732936
2055 	0.0539207146865722
2056 	0.0539773377367521
2057 	0.0540339607869321
2058 	0.0541338708062211
2059 	0.0546627318411825
2060 	0.0552041020400969
2061 	0.0557454722390113
2062 	0.0561514697392887
2063 	0.056255342564353
2064 	0.0563548665016807
2065 	0.0564543904390084
2066 	0.0562283901665784
2067 	0.0557591325938679
2068 	0.0552898750211573
2069 	0.0548206174484468
2070 	0.0547210897044067
2071 	0.0547127417600421
2072 	0.0547043938156774
2073 	0.0548244124126042
2074 	0.0557445956863549
2075 	0.0566768119711986
2076 	0.0576090282560422
2077 	0.0579998718603807
2078 	0.0575911192460347
2079 	0.0571780291713595
2080 	0.0567649390966843
2081 	0.0566317438403515
2082 	0.0566224497705586
2083 	0.0566131557007658
2084 	0.0566048042596177
2085 	0.0566328931723359
2086 	0.0566620401640537
2087 	0.0566911871557715
2088 	0.0567420914414246
2089 	0.0568360388098787
2090 	0.0569301249556474
2091 	0.0570242111014162
2092 	0.0573283559827017
2093 	0.057740317160513
2094 	0.0581522783383242
2095 	0.0585642395161355
2096 	0.0583364547222217
2097 	0.0581035496185448
2098 	0.057870644514868
2099 	0.0575148322049622
2100 	0.0569145856959145
2101 	0.0563135707884429
2102 	0.0557125558809712
2103 	0.0555641148870617
2104 	0.0556187377647067
2105 	0.0556733606423517
2106 	0.0557394135655159
2107 	0.0560041638772821
2108 	0.0562524898478423
2109 	0.0565008158184025
2110 	0.0566709874917039
2111 	0.0567658556086467
2112 	0.0568678336010293
2113 	0.056969811593412
2114 	0.0570486121788074
2115 	0.0571152143975446
2116 	0.0571818166162818
2117 	0.0572193199687254
2118 	0.0571355723549529
2119 	0.0570521586139094
2120 	0.0569687448728658
2121 	0.0569318104273787
2122 	0.0569404235561307
2123 	0.0569498462494013
2124 	0.0569579776504031
2125 	0.0563098480978116
2126 	0.0556383994748678
2127 	0.054966950851924
2128 	0.0545952024192193
2129 	0.0546771559644867
2130 	0.0547735482022046
2131 	0.0548699404399225
2132 	0.0549372577672522
2133 	0.0549722791861062
2134 	0.0550073006049603
2135 	0.055123701462075
2136 	0.0554381770452997
2137 	0.0557510998093639
2138 	0.0560640225734282
2139 	0.0561747109505732
2140 	0.0562083649773675
2141 	0.0562420190041618
2142 	0.0562397516062302
2143 	0.0560898881604303
2144 	0.0559408638849565
2145 	0.0557918396094827
2146 	0.0556497738556196
2147 	0.0555188389786231
2148 	0.0553887012503813
2149 	0.0553692480258534
2150 	0.0560300719655017
2151 	0.0567012736973624
2152 	0.0573724754292231
2153 	0.0575253573852536
2154 	0.0573532440642659
2155 	0.0571776064909109
2156 	0.0570015216060092
2157 	0.0568224675093724
2158 	0.0566437640040612
2159 	0.0564650604987499
2160 	0.0565327708725649
2161 	0.0568072797617582
2162 	0.0570970287267967
2163 	0.0573878417260611
2164 	0.0576474263211651
2165 	0.0578218932627806
2166 	0.0579963602043962
2167 	0.0577769708282005
2168 	0.0573472795374929
2169 	0.0569130635391029
2170 	0.0565542465083035
2171 	0.0565217233283931
2172 	0.056575014236632
2173 	0.0566283051448709
2174 	0.0565799550816813
2175 	0.0565003007904628
2176 	0.0564208907715609
2177 	0.056280936083181
2178 	0.0559822807735064
2179 	0.0556453617525872
2180 	0.0553084427316679
2181 	0.0556055943587722
2182 	0.0559668414506064
2183 	0.056326643207282
2184 	0.0566948279684048
2185 	0.0570876322702926
2186 	0.0574948757164899
2187 	0.0578828855716887
2188 	0.0577842379441994
2189 	0.05768909981551
2190 	0.0575939616868207
2191 	0.0575998418362662
2192 	0.0576298163890128
2193 	0.0576407339655154
2194 	0.0575994557856893
2195 	0.0574022217044573
2196 	0.0572423434795761
2197 	0.0570824652546949
2198 	0.0564619019022734
2199 	0.0557442656968669
2200 	0.0550228788428075
2201 	0.0546479264127962
2202 	0.0546838862318146
2203 	0.0547630447121125
2204 	0.0548375446709503
2205 	0.054875176751447
2206 	0.0549142422191687
2207 	0.0549533076868904
2208 	0.0552024827636594
2209 	0.0554620098353105
2210 	0.0556932885939903
2211 	0.0559318576816315
2212 	0.0561378415030168
2213 	0.0562448353049847
2214 	0.0563235909396964
2215 	0.0560590299093465
2216 	0.0560928343324944
2217 	0.0561433371389954
2218 	0.0562197049234516
2219 	0.0562630261576949
2220 	0.0562786841380229
2221 	0.0565700245034563
2222 	0.0572109950128166
2223 	0.0578284356010465
2224 	0.0583248532229519
2225 	0.0580041312815331
2226 	0.0576352316736435
2227 	0.0572630927989581
2228 	0.0569736222999368
2229 	0.0566898034034132
2230 	0.0563992905192332
2231 	0.0562923861132993
2232 	0.0563358892704719
2233 	0.0563757573781032
2234 	0.0563707235028288
2235 	0.0562462967560021
2236 	0.0561734817140115
2237 	0.0561023631020008
2238 	0.0563122863900143
2239 	0.0565324738263933
2240 	0.0567565156128464
2241 	0.056663600416288
2242 	0.0564452122332597
2243 	0.0562024021670677
2244 	0.0561486739170457
2245 	0.0562713002204666
2246 	0.0563530036569728
2247 	0.0564031227790887
2248 	0.0563674124074525
2249 	0.0564191363827744
2250 	0.0565039854709614
2251 	0.0571614383924162
2252 	0.0578007350153102
2253 	0.0584312097813997
2254 	0.058298449642224
2255 	0.0580051014025193
2256 	0.0577090904598401
2257 	0.0574349197094276
2258 	0.0571787847869238
2259 	0.0569413402437839
2260 	0.0568927863528215
2261 	0.0570977086766079
2262 	0.0573619728437994
2263 	0.0576348665448735
2264 	0.0579321507813239
2265 	0.0581211389945293
2266 	0.058235969869678
2267 	0.0577509480294905
2268 	0.057229843265893
2269 	0.0566822860298476
2270 	0.0565753427665246
2271 	0.0565829308578311
2272 	0.0566956627100813
2273 	0.056416553537794
2274 	0.0559948941865575
2275 	0.0555357736448035
2276 	0.0552264917590244
2277 	0.055015638518614
2278 	0.0547991816611755
2279 	0.0547145131083493
2280 	0.0547796551923903
2281 	0.0548602374615218
2282 	0.054853814655419
2283 	0.0546773838764334
2284 	0.0545129900999986
2285 	0.0543807717235738
2286 	0.0543418165347679
2287 	0.0542633278910891
2288 	0.0542310931768854
2289 	0.0547157391093628
2290 	0.0552243096723927
2291 	0.0557549746890794
2292 	0.0560975421685738
2293 	0.0564330333808701
2294 	0.0567546651585946
2295 	0.0569069445616022
2296 	0.0570359481022487
2297 	0.057117593873105
2298 	0.0572728382947713
2299 	0.0574508117732064
2300 	0.0577119996925009
2301 	0.0580008510374517
2302 	0.0582970222057961
2303 	0.0586163570899281
2304 	0.0585230862916593
2305 	0.0582988036759219
2306 	0.0579738980246701
2307 	0.0576728705626016
2308 	0.0573830641299344
2309 	0.0571096917326186
2310 	0.0568169769723126
2311 	0.0565143590359457
2312 	0.0562344898356759
2313 	0.0562742093317441
2314 	0.0564746727907002
2315 	0.0566767797950612
2316 	0.0566093746038003
2317 	0.0563965934689333
2318 	0.056199301892338
2319 	0.0560327945638921
2320 	0.0558800069605694
2321 	0.0557486592442155
2322 	0.0559640514930865
2323 	0.0563558275471032
2324 	0.0567284247176581
2325 	0.0568445650270765
2326 	0.0568425174496066
2327 	0.0568217736064665
2328 	0.056896932861309
2329 	0.0570157436943037
2330 	0.0571286913300847
2331 	0.0566605251206109
2332 	0.0559954522257991
2333 	0.0552975771150098
2334 	0.0551188351414087
2335 	0.0550769674189859
2336 	0.0550846626790793
2337 	0.0550768481144442
2338 	0.0550629690519401
2339 	0.0550518139271931
2340 	0.0551375336607827
2341 	0.0552308060061493
2342 	0.0553334234792317
2343 	0.0557262975646474
2344 	0.0561191716500632
2345 	0.0564511577263834
2346 	0.0563380328231964
2347 	0.0562249079200093
2348 	0.0560674922023897
2349 	0.055988096397742
2350 	0.0559087005930943
2351 	0.0561102823411953
2352 	0.0567614786600821
2353 	0.0574141008996752
2354 	0.0576835501941141
2355 	0.0574185534269533
2356 	0.0571474877157311
2357 	0.0569520839578435
2358 	0.0568435093929116
2359 	0.0567418583040618
2360 	0.0567198852121131
2361 	0.0567205873512939
2362 	0.0567064166186649
2363 	0.0565673567536506
2364 	0.0564138546012704
2365 	0.0562439974896301
2366 	0.0560374480353819
2367 	0.0558308985811337
2368 	0.0557800473589735
2369 	0.0562440632843948
2370 	0.056708079209816
2371 	0.0570636496692687
2372 	0.0572199063596885
2373 	0.0573761630501082
2374 	0.0574712941438825
2375 	0.0575330139166993
2376 	0.0575944491876835
2377 	0.0576316302237786
2378 	0.0576639090954906
2379 	0.0576858650897383
2380 	0.0574372731015931
2381 	0.0571886811134479
2382 	0.0570426053052932
2383 	0.0572655234785598
2384 	0.0574884416518264
2385 	0.0576875093956962
2386 	0.0578149143696072
2387 	0.0579423193435184
2388 	0.0578809598749875
2389 	0.0577540147430297
2390 	0.0576261800545238
2391 	0.056963027892563
2392 	0.0562948873751033
2393 	0.0557562954621153
2394 	0.0555826715334348
2395 	0.0554090476047542
2396 	0.0551053592764144
2397 	0.0546946750660139
2398 	0.0542839908556133
2399 	0.054415118521727
2400 	0.0546523626360908
