 	avca15
200 	0
201 	0
202 	0
203 	0.0615734512551204
204 	0.0598876524983919
205 	0.0582018537416633
206 	0.0565160549849348
207 	0.0548302562282062
208 	0.0531444574714776
209 	0.0516180771673524
210 	0.051876405881396
211 	0.0521347345954397
212 	0.0523930633094833
213 	0.052651392023527
214 	0.0529097207375706
215 	0.0531680494516143
216 	0.0519391114247714
217 	0.0498844281001113
218 	0.0478297447754512
219 	0.0457750614507911
220 	0.0437203781261311
221 	0.041665694801471
222 	0.039896500998095
223 	0.0392012915843115
224 	0.038506082170528
225 	0.0378108727567446
226 	0.0371156633429611
227 	0.0364204539291776
228 	0.0357252445153941
229 	0.03531503752793
230 	0.0349838158872235
231 	0.034652594246517
232 	0.0343213726058105
233 	0.033990150965104
234 	0.0336589293243975
235 	0.0336393020624439
236 	0.0341688383740932
237 	0.0346983746857425
238 	0.0352279109973919
239 	0.0357574473090412
240 	0.0362869836206905
241 	0.0368165199323399
242 	0.0385233955687764
243 	0.0402974766212156
244 	0.0420715576736547
245 	0.0438456387260939
246 	0.0456197197785331
247 	0.0473938008309723
248 	0.0493983209337586
249 	0.0516023255875917
250 	0.0538063302414247
251 	0.0560103348952578
252 	0.0582143395490909
253 	0.0604183442029239
254 	0.0625260570783795
255 	0.0640005785626862
256 	0.0654751000469929
257 	0.0669496215312995
258 	0.0684241430156062
259 	0.0698986644999129
260 	0.0713731859842195
261 	0.0704137808795077
262 	0.0685723260844975
263 	0.0667308712894872
264 	0.064889416494477
265 	0.0630479616994668
266 	0.0612065069044566
267 	0.0588456950222291
268 	0.0554856522528995
269 	0.0521256094835698
270 	0.0487655667142402
271 	0.0454055239449105
272 	0.0420454811755809
273 	0.0386854384062512
274 	0.0368151958841899
275 	0.035013521574346
276 	0.0332118472645021
277 	0.0314101729546582
278 	0.0296084986448143
279 	0.0278068243349704
280 	0.0299707836133645
281 	0.0350658633700216
282 	0.0401609431266786
283 	0.0452560228833357
284 	0.0503511026399928
285 	0.0554461823966498
286 	0.06112509106399
287 	0.0691247922668312
288 	0.0771244934696723
289 	0.0851241946725135
290 	0.0931238958753547
291 	0.101123597078196
292 	0.109123298281037
293 	0.114631397036429
294 	0.119636383759162
295 	0.124641370481896
296 	0.129646357204629
297 	0.134651343927363
298 	0.139656330650096
299 	0.143782079194441
300 	0.14691235764769
301 	0.150042636100938
302 	0.153172914554187
303 	0.156303193007435
304 	0.159433471460684
305 	0.161668083624476
306 	0.156801341636155
307 	0.151934599647834
308 	0.147067857659513
309 	0.142201115671192
310 	0.137334373682871
311 	0.13246763169455
312 	0.12738189987143
313 	0.122227392002953
314 	0.117072884134476
315 	0.111918376266
316 	0.106763868397523
317 	0.101609360529046
318 	0.100469673883613
319 	0.10496617857053
320 	0.109462683257447
321 	0.113959187944364
322 	0.118455692631281
323 	0.122952197318199
324 	0.127298937511047
325 	0.129850448768501
326 	0.132401960025955
327 	0.134953471283409
328 	0.137504982540863
329 	0.140056493798317
330 	0.142608005055771
331 	0.137447679320246
332 	0.129633818275308
333 	0.121819957230371
334 	0.114006096185433
335 	0.106192235140496
336 	0.0983783740955584
337 	0.092306777247487
338 	0.0886710078017491
339 	0.0850352383560112
340 	0.0813994689102733
341 	0.0777636994645354
342 	0.0741279300187976
343 	0.0707068277632641
344 	0.0693307129512562
345 	0.0679545981392483
346 	0.0665784833272404
347 	0.0652023685152324
348 	0.0638262537032245
349 	0.0624501388912166
350 	0.0621242004929286
351 	0.0620944656985104
352 	0.0620647309040922
353 	0.062034996109674
354 	0.0620052613152558
355 	0.0619755265208376
356 	0.0623437679659635
357 	0.0631589933404286
358 	0.0639742187148937
359 	0.0647894440893588
360 	0.0656046694638239
361 	0.066419894838289
362 	0.0669802172105589
363 	0.0662690773024176
364 	0.0655579373942763
365 	0.064846797486135
366 	0.0641356575779938
367 	0.0634245176698525
368 	0.0627133777617112
369 	0.0592114565459955
370 	0.0552925220314469
371 	0.0513735875168982
372 	0.0474546530023496
373 	0.0435357184878009
374 	0.0396167839732523
375 	0.0373674234436151
376 	0.036332036398689
377 	0.0352966493537629
378 	0.0342612623088367
379 	0.0332258752639106
380 	0.0321904882189844
381 	0.0322273329808108
382 	0.0348514401568827
383 	0.0374755473329547
384 	0.0400996545090267
385 	0.0427237616850986
386 	0.0453478688611706
387 	0.047975005224391
388 	0.0508154829110697
389 	0.0536559605977483
390 	0.0564964382844269
391 	0.0593369159711056
392 	0.0621773936577842
393 	0.0650178713444628
394 	0.0656137506235184
395 	0.0654250806615828
396 	0.0652364106996472
397 	0.0650477407377116
398 	0.064859070775776
399 	0.0646704008138404
400 	0.0617529867742638
401 	0.0558074727666721
402 	0.0498619587590803
403 	0.0439164447514886
404 	0.0379709307438968
405 	0.032025416736305
406 	0.0272274815521249
407 	0.0266696615511596
408 	0.0261118415501944
409 	0.0255540215492292
410 	0.0249962015482639
411 	0.0244383815472987
412 	0.0238805615463334
413 	0.0300235292568239
414 	0.0364602684536201
415 	0.0428970076504163
416 	0.0493337468472125
417 	0.0557704860440087
418 	0.062207225240805
419 	0.0710740824406735
420 	0.0809383505557663
421 	0.0908026186708592
422 	0.100666886785952
423 	0.110531154901045
424 	0.120395423016138
425 	0.126428623138806
426 	0.128071715304489
427 	0.129714807470173
428 	0.131357899635856
429 	0.13300099180154
430 	0.134644083967223
431 	0.13576066349373
432 	0.135104573828946
433 	0.134448484164162
434 	0.133792394499378
435 	0.133136304834594
436 	0.13248021516981
437 	0.131824125505026
438 	0.126243375252
439 	0.120657695408795
440 	0.11507201556559
441 	0.109486335722385
442 	0.10390065587918
443 	0.098314976035975
444 	0.0926912797694856
445 	0.0870564831003318
446 	0.0814216864311779
447 	0.0757868897620241
448 	0.0701520930928703
449 	0.0645172964237164
450 	0.0610637426944197
451 	0.0593520448379585
452 	0.0576403469814974
453 	0.0559286491250362
454 	0.0542169512685751
455 	0.052505253412114
456 	0.0510563412285663
457 	0.0501085552119699
458 	0.0491607691953735
459 	0.0482129831787771
460 	0.0472651971621807
461 	0.0463174111455843
462 	0.0456030390895327
463 	0.0463466585841314
464 	0.04709027807873
465 	0.0478338975733286
466 	0.0485775170679273
467 	0.0493211365625259
468 	0.0500647560571245
469 	0.0501302356625379
470 	0.0501508915226106
471 	0.0501715473826834
472 	0.0501922032427561
473 	0.0502128591028289
474 	0.0502335149629016
475 	0.0535326686672308
476 	0.0579599076513039
477 	0.062387146635377
478 	0.0668143856194501
479 	0.0712416246035232
480 	0.0756688635875963
481 	0.0814952166085349
482 	0.088434329985544
483 	0.0953734433625532
484 	0.102312556739562
485 	0.109251670116571
486 	0.116190783493581
487 	0.120178964306468
488 	0.119269852778896
489 	0.118360741251325
490 	0.117451629723753
491 	0.116542518196182
492 	0.115633406668611
493 	0.11511166690622
494 	0.116139414204551
495 	0.117167161502882
496 	0.118194908801214
497 	0.119222656099545
498 	0.120250403397876
499 	0.120994976915236
500 	0.113173543558209
501 	0.105352110201182
502 	0.0975306768441543
503 	0.089709243487127
504 	0.0818878101300997
505 	0.0740663767730724
506 	0.0683784277459475
507 	0.0630120971851254
508 	0.0576457666243032
509 	0.0522794360634811
510 	0.046913105502659
511 	0.0415467749418368
512 	0.0421561640933468
513 	0.0451826982970361
514 	0.0482092325007254
515 	0.0512357667044147
516 	0.054262300908104
517 	0.0572888351117933
518 	0.0627787121944257
519 	0.0701884187805759
520 	0.0775981253667261
521 	0.0850078319528764
522 	0.0924175385390266
523 	0.0998272451251768
524 	0.101571685467663
525 	0.095428123528301
526 	0.0892845615889391
527 	0.0831409996495772
528 	0.0769974377102154
529 	0.0708538757708535
530 	0.0656927736268614
531 	0.0630455098916631
532 	0.0603982461564648
533 	0.0577509824212665
534 	0.0551037186860681
535 	0.0524564549508698
536 	0.0503955477084572
537 	0.0516835624483306
538 	0.052971577188204
539 	0.0542595919280773
540 	0.0555476066679507
541 	0.0568356214078241
542 	0.0580999463854107
543 	0.0584008876966691
544 	0.0587018290079275
545 	0.0590027703191859
546 	0.0593037116304443
547 	0.0596046529417027
548 	0.0599055942529611
549 	0.0648900178745745
550 	0.0703660777608111
551 	0.0758421376470476
552 	0.0813181975332841
553 	0.0867942574195206
554 	0.0922703173057571
555 	0.102923811740801
556 	0.114928792873958
557 	0.126933774007115
558 	0.138938755140272
559 	0.150943736273429
560 	0.162948717406586
561 	0.16165920272841
562 	0.154312661574329
563 	0.146966120420248
564 	0.139619579266167
565 	0.132273038112086
566 	0.124926496958006
567 	0.114830697762136
568 	0.102800582431244
569 	0.0907704671003511
570 	0.0787403517694586
571 	0.066710236438566
572 	0.0546801211076735
573 	0.047361713532413
574 	0.0448888147443838
575 	0.0424159159563546
576 	0.0399430171683253
577 	0.0374701183802961
578 	0.0349972195922669
579 	0.0341383311139572
580 	0.0356408271774543
581 	0.0371433232409515
582 	0.0386458193044487
583 	0.0401483153679458
584 	0.041650811431443
585 	0.0431252007037867
586 	0.0445412143329655
587 	0.0459572279621442
588 	0.047373241591323
589 	0.0487892552205018
590 	0.0502052688496805
591 	0.0511536993821489
592 	0.0507068321479394
593 	0.0502599649137299
594 	0.0498130976795204
595 	0.0493662304453109
596 	0.0489193632111014
597 	0.0484928241547456
598 	0.0481570398596276
599 	0.0478212555645095
600 	0.0474854712693914
601 	0.0471496869742734
602 	0.0468139026791553
603 	0.0464966036046974
604 	0.0463135897282582
605 	0.0461305758518191
606 	0.04594756197538
607 	0.0457645480989408
608 	0.0455815342225017
609 	0.0455950353914591
610 	0.048435329905733
611 	0.0512756244200069
612 	0.0541159189342809
613 	0.0569562134485548
614 	0.0597965079628287
615 	0.0626225937674947
616 	0.0646270818342432
617 	0.0666315699009917
618 	0.0686360579677402
619 	0.0706405460344887
620 	0.0726450341012372
621 	0.0746495221679857
622 	0.0737844566363968
623 	0.0728427911114233
624 	0.0719011255864498
625 	0.0709594600614762
626 	0.0700177945365027
627 	0.0690761290115292
628 	0.0710807496676926
629 	0.0732801141865752
630 	0.0754794787054578
631 	0.0776788432243404
632 	0.079878207743223
633 	0.0820775722621056
634 	0.0878625502680693
635 	0.0940108283189795
636 	0.10015910636989
637 	0.1063073844208
638 	0.11245566247171
639 	0.11860394052262
640 	0.124899568678365
641 	0.131214344022874
642 	0.137529119367382
643 	0.143843894711891
644 	0.1501586700564
645 	0.156473445400908
646 	0.16026539618287
647 	0.163673691616611
648 	0.167081987050351
649 	0.170490282484092
650 	0.173898577917833
651 	0.177306873351573
652 	0.179118067586246
653 	0.180664939711049
654 	0.182211811835852
655 	0.183758683960655
656 	0.185305556085458
657 	0.186852428210262
658 	0.184099286560096
659 	0.180611013749338
660 	0.17712274093858
661 	0.173634468127823
662 	0.170146195317065
663 	0.166657922506307
664 	0.167583251055838
665 	0.169245038175406
666 	0.170906825294973
667 	0.172568612414541
668 	0.174230399534108
669 	0.175892186653675
670 	0.163902994693705
671 	0.149801526525122
672 	0.135700058356539
673 	0.121598590187955
674 	0.107497122019372
675 	0.0933956538507892
676 	0.090633834602887
677 	0.089389111242333
678 	0.0881443878817788
679 	0.0868996645212248
680 	0.0856549411606707
681 	0.0844102178001166
682 	0.0816373061580525
683 	0.0787021090347661
684 	0.0757669119114798
685 	0.0728317147881934
686 	0.069896517664907
687 	0.0669613205416207
688 	0.0663254077394792
689 	0.0658572538792238
690 	0.0653891000189683
691 	0.0649209461587129
692 	0.0644527922984574
693 	0.063984638438202
694 	0.0644281918329853
695 	0.0649018843105799
696 	0.0653755767881744
697 	0.065849269265769
698 	0.0663229617433636
699 	0.0667758731540808
700 	0.0649405582008643
701 	0.0631052432476479
702 	0.0612699282944314
703 	0.059434613341215
704 	0.0575992983879986
705 	0.0558415078921259
706 	0.0553428215138015
707 	0.0548441351354772
708 	0.0543454487571529
709 	0.0538467623788286
710 	0.0533480760005043
711 	0.0525648323027176
712 	0.04952545557205
713 	0.0464860788413823
714 	0.0434467021107146
715 	0.040407325380047
716 	0.0373679486493793
717 	0.034605956113418
718 	0.0331607414212925
719 	0.0317155267291671
720 	0.0302703120370416
721 	0.0288250973449161
722 	0.0273798826527907
723 	0.0263075300343306
724 	0.0264030677127234
725 	0.0264986053911162
726 	0.0265941430695091
727 	0.0266896807479019
728 	0.0267852184262947
729 	0.027734633803735
730 	0.0305237919838546
731 	0.0333129501639743
732 	0.0361021083440939
733 	0.0388912665242136
734 	0.0416804247043333
735 	0.0430583871458912
736 	0.0423018273899264
737 	0.0415452676339616
738 	0.0407887078779968
739 	0.040032148122032
740 	0.0392755883660672
741 	0.0432160308674597
742 	0.0521240848097611
743 	0.0610321387520624
744 	0.0699401926943638
745 	0.0788482466366652
746 	0.0877563005789665
747 	0.106804008595644
748 	0.133194224735146
749 	0.159584440874647
750 	0.185974657014148
751 	0.212364873153649
752 	0.23875508929315
753 	0.275095671961101
754 	0.316097292694508
755 	0.357098913427915
756 	0.398100534161322
757 	0.439102154894729
758 	0.480103775628136
759 	0.475969403214747
760 	0.459764442013051
761 	0.443559480811356
762 	0.42735451960966
763 	0.411149558407964
764 	0.394944597206268
765 	0.356427413435809
766 	0.315513457141352
767 	0.274599500846895
768 	0.233685544552438
769 	0.192771588257981
770 	0.152654641270913
771 	0.144949406117622
772 	0.137244170964331
773 	0.12953893581104
774 	0.121833700657749
775 	0.114128465504458
776 	0.108217702680909
777 	0.112318206539076
778 	0.116418710397244
779 	0.120519214255412
780 	0.124619718113579
781 	0.128720221971747
782 	0.133003982053178
783 	0.13774524193674
784 	0.142486501820303
785 	0.147227761703865
786 	0.151969021587428
787 	0.156710281470991
788 	0.158658470080651
789 	0.156858579439854
790 	0.155058688799056
791 	0.153258798158258
792 	0.151458907517461
793 	0.149659016876663
794 	0.153803628429514
795 	0.162342002473322
796 	0.17088037651713
797 	0.179418750560938
798 	0.187957124604746
799 	0.196495498648554
800 	0.194980599052948
801 	0.189728474277258
802 	0.184476349501567
803 	0.179224224725877
804 	0.173972099950187
805 	0.168719975174497
806 	0.153103415884831
807 	0.136218929140593
808 	0.119334442396355
809 	0.102449955652116
810 	0.0855654689078783
811 	0.069257468352814
812 	0.0623123986633
813 	0.055367328973786
814 	0.048422259284272
815 	0.041477189594758
816 	0.034532119905244
817 	0.0291432316348208
818 	0.0288770521559986
819 	0.0286108726771763
820 	0.0283446931983541
821 	0.0280785137195318
822 	0.0278123342407096
823 	0.0270738513559983
824 	0.0256668423943523
825 	0.0242598334327063
826 	0.0228528244710603
827 	0.0214458155094143
828 	0.0200388065477683
829 	0.0206993539312922
830 	0.0227211282949698
831 	0.0247429026586473
832 	0.0267646770223249
833 	0.0287864513860024
834 	0.03080822574968
835 	0.0372966357123262
836 	0.0449156977940095
837 	0.0525347598756928
838 	0.0601538219573762
839 	0.0677728840390595
840 	0.0753919461207428
841 	0.081877787443705
842 	0.0883624944115533
843 	0.0948472013794016
844 	0.10133190834725
845 	0.107816615315098
846 	0.111894353901814
847 	0.106807097498833
848 	0.101719841095852
849 	0.0966325846928707
850 	0.0915453282898895
851 	0.0864580718869083
852 	0.0813881741816855
853 	0.0763419548892444
854 	0.0712957355968033
855 	0.0662495163043622
856 	0.0612032970119211
857 	0.05615707771948
858 	0.0527494768925405
859 	0.0502437513450633
860 	0.047738025797586
861 	0.0452323002501087
862 	0.0427265747026315
863 	0.0402208491551542
864 	0.0429875525944653
865 	0.0465143544918258
866 	0.0500411563891863
867 	0.0535679582865468
868 	0.0570947601839073
869 	0.0603701112781865
870 	0.0616109967838988
871 	0.0628518822896111
872 	0.0640927677953233
873 	0.0653336533010356
874 	0.0665745388067479
875 	0.0686207218190065
876 	0.072149384331953
877 	0.0756780468448996
878 	0.0792067093578461
879 	0.0827353718707926
880 	0.0862640343837392
881 	0.0882248598617023
882 	0.0891491419178657
883 	0.0900734239740291
884 	0.0909977060301926
885 	0.091921988086356
886 	0.0928462701425194
887 	0.0932372692618454
888 	0.0935400094335829
889 	0.0938427496053204
890 	0.0941454897770578
891 	0.0944482299487953
892 	0.0936512020565892
893 	0.0848649499643285
894 	0.0760786978720678
895 	0.0672924457798071
896 	0.0585061936875463
897 	0.0497199415952856
898 	0.0438728286417767
899 	0.0426035564440227
900 	0.0413342842462686
901 	0.0400650120485145
902 	0.0387957398507605
903 	0.0375264676530064
904 	0.0388606797438122
905 	0.0414888391157584
906 	0.0441169984877046
907 	0.0467451578596508
908 	0.049373317231597
909 	0.0520014766035432
910 	0.0565517857365831
911 	0.0611990099836278
912 	0.0658462342306724
913 	0.0704934584777171
914 	0.0751406827247617
915 	0.0792569518511939
916 	0.0817191756018912
917 	0.0841813993525885
918 	0.0866436231032859
919 	0.0891058468539832
920 	0.0915680706046805
921 	0.0905011187521492
922 	0.086439912552332
923 	0.0823787063525149
924 	0.0783175001526977
925 	0.0742562939528806
926 	0.0701950877530634
927 	0.0663634858158024
928 	0.0625740006367616
929 	0.0587845154577209
930 	0.0549950302786802
931 	0.0512055450996395
932 	0.0480263145387245
933 	0.0481238014496555
934 	0.0482212883605866
935 	0.0483187752715176
936 	0.0484162621824487
937 	0.0485137490933797
938 	0.0498889330024137
939 	0.0526763083304033
940 	0.055463683658393
941 	0.0582510589863826
942 	0.0610384343143723
943 	0.0638258096423619
944 	0.0645584432119981
945 	0.0647805978678862
946 	0.0650027525237743
947 	0.0652249071796624
948 	0.0654470618355505
949 	0.066371855978903
950 	0.0718770142999353
951 	0.0773821726209675
952 	0.0828873309419998
953 	0.0883924892630321
954 	0.0938976475840644
955 	0.0953921711830664
956 	0.0924002220421699
957 	0.0894082729012734
958 	0.0864163237603769
959 	0.0834243746194804
960 	0.0804324254785839
961 	0.0733834041207896
962 	0.0654377648493705
963 	0.0574921255779514
964 	0.0495464863065322
965 	0.0416008470351131
966 	0.0354160024208235
967 	0.0377075413885275
968 	0.0399990803562316
969 	0.0422906193239357
970 	0.0445821582916398
971 	0.0468736972593438
972 	0.0495442078804601
973 	0.052548099580142
974 	0.0555519912798239
975 	0.0585558829795057
976 	0.0615597746791876
977 	0.0645636663788695
978 	0.063223771549808
979 	0.0614012337731083
980 	0.0595786959964087
981 	0.057756158219709
982 	0.0559336204430093
983 	0.0545132815454163
984 	0.0541586228895439
985 	0.0538039642336716
986 	0.0534493055777993
987 	0.0530946469219269
988 	0.0527399882660546
989 	0.0533095958246718
990 	0.0543638795689361
991 	0.0554181633132003
992 	0.0564724470574646
993 	0.0575267308017289
994 	0.058539116220665
995 	0.05864116529838
996 	0.0587432143760951
997 	0.0588452634538101
998 	0.0589473125315251
999 	0.0590493616092401
1000 	0.0593525253702728
1001 	0.0599116532737097
1002 	0.0604707811771465
1003 	0.0610299090805834
1004 	0.0615890369840203
1005 	0.0621481648874572
1006 	0.0650287670299856
1007 	0.0683449902292556
1008 	0.0716612134285257
1009 	0.0749774366277958
1010 	0.0782936598270659
1011 	0.0804867649464564
1012 	0.079346170368426
1013 	0.0782055757903956
1014 	0.0770649812123652
1015 	0.0759243866343348
1016 	0.0747837920563044
1017 	0.071219238619209
1018 	0.0664553871516943
1019 	0.0616915356841796
1020 	0.0569276842166649
1021 	0.0521638327491502
1022 	0.0479026376888489
1023 	0.0485436938257819
1024 	0.0491847499627149
1025 	0.0498258060996478
1026 	0.0504668622365808
1027 	0.0511079183735138
1028 	0.0524101840255058
1029 	0.0543130903820175
1030 	0.0562159967385291
1031 	0.0581189030950408
1032 	0.0600218094515524
1033 	0.0619247158080641
1034 	0.0607775446684053
1035 	0.0595098922970891
1036 	0.0582422399257729
1037 	0.0569745875544567
1038 	0.0557069351831405
1039 	0.0546670403683342
1040 	0.0539589888729638
1041 	0.0532509373775935
1042 	0.0525428858822231
1043 	0.0518348343868527
1044 	0.0511267828914824
1045 	0.0511925286469183
1046 	0.0513852888521375
1047 	0.0515780490573566
1048 	0.0517708092625757
1049 	0.0519635694677948
1050 	0.0521672348118407
1051 	0.0523941804052314
1052 	0.0526211259986221
1053 	0.0528480715920128
1054 	0.0530750171854035
1055 	0.0533019627787942
1056 	0.0535388028080534
1057 	0.0537783527783466
1058 	0.0540179027486399
1059 	0.0542574527189332
1060 	0.0544970026892264
1061 	0.0550985952586667
1062 	0.0567359931021143
1063 	0.0583733909455618
1064 	0.0600107887890094
1065 	0.061648186632457
1066 	0.0632855844759045
1067 	0.066199016139072
1068 	0.0695607840091681
1069 	0.0729225518792642
1070 	0.0762843197493603
1071 	0.0796460876194564
1072 	0.0834562892700674
1073 	0.088784871966983
1074 	0.0941134546638985
1075 	0.099442037360814
1076 	0.10477062005773
1077 	0.110099202754645
1078 	0.110429613690179
1079 	0.108854644230489
1080 	0.107279674770799
1081 	0.105704705311109
1082 	0.104129735851419
1083 	0.101208675816903
1084 	0.093677553371259
1085 	0.0861464309256152
1086 	0.0786153084799713
1087 	0.0710841860343275
1088 	0.0635530635886836
1089 	0.0585534152465925
1090 	0.054461795659036
1091 	0.0503701760714796
1092 	0.0462785564839231
1093 	0.0421869368963667
1094 	0.0399075160495017
1095 	0.0429787373342458
1096 	0.04604995861899
1097 	0.0491211799037341
1098 	0.0521924011884782
1099 	0.0552636224732223
1100 	0.0582913100717519
1101 	0.06130650344631
1102 	0.0643216968208681
1103 	0.0673368901954263
1104 	0.0703520835699844
1105 	0.0719632842491588
1106 	0.070434811942863
1107 	0.0689063396365671
1108 	0.0673778673302713
1109 	0.0658493950239755
1110 	0.0643209227176796
1111 	0.0631545349732934
1112 	0.0620530491786836
1113 	0.0609515633840737
1114 	0.0598500775894638
1115 	0.0587485917948539
1116 	0.0570935381667591
1117 	0.0545870578709185
1118 	0.0520805775750779
1119 	0.0495740972792372
1120 	0.0470676169833966
1121 	0.0445611366875559
1122 	0.0440449410034571
1123 	0.0436401340040705
1124 	0.0432353270046839
1125 	0.0428305200052973
1126 	0.0424257130059107
1127 	0.0422743693199959
1128 	0.0423694899605931
1129 	0.0424646106011902
1130 	0.0425597312417873
1131 	0.0426548518823844
1132 	0.042751336924259
1133 	0.0428646495818889
1134 	0.0429779622395189
1135 	0.0430912748971488
1136 	0.0432045875547788
1137 	0.0433179002124087
1138 	0.0456382326507353
1139 	0.0491417446642738
1140 	0.0526452566778123
1141 	0.0561487686913507
1142 	0.0596522807048892
1143 	0.0633899910240893
1144 	0.0678986459803821
1145 	0.0724073009366749
1146 	0.0769159558929677
1147 	0.0814246108492605
1148 	0.0859332658055533
1149 	0.0911220537188498
1150 	0.0964571156702867
1151 	0.101792177621724
1152 	0.107127239573161
1153 	0.112462301524597
1154 	0.116654076868803
1155 	0.119267027850642
1156 	0.121879978832481
1157 	0.12449292981432
1158 	0.127105880796159
1159 	0.129517500576157
1160 	0.124077203484371
1161 	0.118636906392585
1162 	0.113196609300799
1163 	0.107756312209013
1164 	0.102316015117228
1165 	0.0968400793178758
1166 	0.0913437465223701
1167 	0.0858474137268643
1168 	0.0803510809313586
1169 	0.0748547481358528
1170 	0.0697236516510248
1171 	0.0656540231941037
1172 	0.0615843947371825
1173 	0.0575147662802614
1174 	0.0534451378233402
1175 	0.0493755093664191
1176 	0.0485405144555857
1177 	0.0481382709715528
1178 	0.04773602748752
1179 	0.0473337840034872
1180 	0.0469315405194544
1181 	0.046290766481906
1182 	0.0454262544833083
1183 	0.0445617424847106
1184 	0.0436972304861129
1185 	0.0428327184875151
1186 	0.0419611768829368
1187 	0.0410518903239527
1188 	0.0401426037649686
1189 	0.0392333172059845
1190 	0.0383240306470004
1191 	0.0374147440880164
1192 	0.0383673800034302
1193 	0.039768170956106
1194 	0.0411689619087818
1195 	0.0425697528614576
1196 	0.0439705438141333
1197 	0.0480215546342684
1198 	0.0551587522264664
1199 	0.0622959498186645
1200 	0.0694331474108625
1201 	0.0765703450030606
1202 	0.0832062315467425
1203 	0.086364770023732
1204 	0.0895233085007214
1205 	0.0926818469777109
1206 	0.0958403854547004
1207 	0.0989989239316898
1208 	0.0992291593863262
1209 	0.0987135409971262
1210 	0.0981979226079263
1211 	0.0976823042187263
1212 	0.0971666858295263
1213 	0.0977777757853999
1214 	0.0996341749647762
1215 	0.101490574144153
1216 	0.103346973323529
1217 	0.105203372502905
1218 	0.107016051525526
1219 	0.108600896936234
1220 	0.110185742346942
1221 	0.11177058775765
1222 	0.113355433168358
1223 	0.114940278579065
1224 	0.115398249594463
1225 	0.115665113256269
1226 	0.115931976918076
1227 	0.116198840579882
1228 	0.116465704241689
1229 	0.113524174937912
1230 	0.108020547654424
1231 	0.102516920370937
1232 	0.0970132930874492
1233 	0.0915096658039617
1234 	0.0863228056525081
1235 	0.0820190538691499
1236 	0.0777153020857916
1237 	0.0734115503024334
1238 	0.0691077985190751
1239 	0.0648040467357169
1240 	0.0607690782039351
1241 	0.0567395950446344
1242 	0.0527101118853338
1243 	0.0486806287260332
1244 	0.0446511455667325
1245 	0.0429590350001791
1246 	0.0422544061691108
1247 	0.0415497773380425
1248 	0.0408451485069741
1249 	0.0401405196759058
1250 	0.0403383689663574
1251 	0.0417131828116024
1252 	0.0430879966568474
1253 	0.0444628105020924
1254 	0.0458376243473374
1255 	0.0465879737905252
1256 	0.0443321806470664
1257 	0.0420763875036077
1258 	0.0398205943601489
1259 	0.0375648012166901
1260 	0.0353090080732313
1261 	0.0383571099318541
1262 	0.0418789801893564
1263 	0.0454008504468587
1264 	0.0489227207043609
1265 	0.0524445909618632
1266 	0.0552326699360204
1267 	0.0576625888790212
1268 	0.060092507822022
1269 	0.0625224267650228
1270 	0.0649523457080236
1271 	0.0674713244099849
1272 	0.0701069240896148
1273 	0.0727425237692449
1274 	0.0753781234488748
1275 	0.0780137231285049
1276 	0.0797320769551
1277 	0.0778042644305772
1278 	0.0758764519060544
1279 	0.0739486393815316
1280 	0.0720208268570088
1281 	0.070093014332486
1282 	0.0772500852499242
1283 	0.0846115195985715
1284 	0.0919729539472188
1285 	0.0993343882958661
1286 	0.106695822644513
1287 	0.115090859157285
1288 	0.123810509227514
1289 	0.132530159297743
1290 	0.141249809367973
1291 	0.149969459438202
1292 	0.154051910661175
1293 	0.154370838182024
1294 	0.154689765702873
1295 	0.155008693223722
1296 	0.155327620744572
1297 	0.153770853883665
1298 	0.148745922767034
1299 	0.143720991650402
1300 	0.138696060533771
1301 	0.13367112941714
1302 	0.129601591145973
1303 	0.130623450190516
1304 	0.131645309235058
1305 	0.132667168279601
1306 	0.133689027324143
1307 	0.134710886368685
1308 	0.134144048380321
1309 	0.133531445456852
1310 	0.132918842533382
1311 	0.132306239609913
1312 	0.131693636686444
1313 	0.119613812565187
1314 	0.104558865563901
1315 	0.0895039185626146
1316 	0.0744489715613284
1317 	0.0593940245600421
1318 	0.0520157327087779
1319 	0.0492828645999819
1320 	0.0465499964911859
1321 	0.0438171283823899
1322 	0.0410842602735939
1323 	0.0440580590646437
1324 	0.0537309885642071
1325 	0.0634039180637705
1326 	0.0730768475633339
1327 	0.0827497770628972
1328 	0.089578797023046
1329 	0.0899274329507603
1330 	0.0902760688784745
1331 	0.0906247048061888
1332 	0.090973340733903
1333 	0.0904141412596049
1334 	0.0849803860916962
1335 	0.0795466309237875
1336 	0.0741128757558788
1337 	0.0686791205879701
1338 	0.0632607465083382
1339 	0.0586814962446943
1340 	0.0541022459810503
1341 	0.0495229957174064
1342 	0.0449437454537625
1343 	0.0403644951901185
1344 	0.037860379131054
1345 	0.0356259132793643
1346 	0.0333914474276745
1347 	0.0311569815759848
1348 	0.0289225157242951
1349 	0.0303374001775709
1350 	0.0328984012180831
1351 	0.0354594022585954
1352 	0.0380204032991077
1353 	0.0405814043396199
1354 	0.0431211743382033
1355 	0.0456492079223044
1356 	0.0481772415064054
1357 	0.0507052750905064
1358 	0.0532333086746074
1359 	0.0622075877011351
1360 	0.0767846781869663
1361 	0.0913617686727975
1362 	0.105938859158629
1363 	0.12051594964446
1364 	0.136894917816518
1365 	0.155633388640057
1366 	0.174371859463595
1367 	0.193110330287133
1368 	0.211848801110672
1369 	0.227424146173924
1370 	0.236859305937798
1371 	0.246294465701671
1372 	0.255729625465544
1373 	0.265164785229417
1374 	0.273335701165348
1375 	0.277793523023934
1376 	0.282251344882521
1377 	0.286709166741107
1378 	0.291166988599693
1379 	0.291916365796357
1380 	0.27530347934856
1381 	0.258690592900763
1382 	0.242077706452966
1383 	0.225464820005169
1384 	0.207997492879352
1385 	0.183323845318156
1386 	0.15865019775696
1387 	0.133976550195764
1388 	0.109302902634568
1389 	0.08515262845424
1390 	0.0726504548667585
1391 	0.0601482812792769
1392 	0.0476461076917953
1393 	0.0351439341043137
1394 	0.0226417605168322
1395 	0.0198818397562032
1396 	0.0172402459529848
1397 	0.0145986521497665
1398 	0.0119570583465481
1399 	0.00931546454332975
1400 	0.0100722696888853
1401 	0.0110421519204956
1402 	0.0120120341521059
1403 	0.0129819163837162
1404 	0.0139517986153265
1405 	0.0220953593508774
1406 	0.0310183219637962
1407 	0.039941284576715
1408 	0.0488642471896338
1409 	0.0577872098025526
1410 	0.0750697626519264
1411 	0.0935904178440118
1412 	0.112111073036097
1413 	0.130631728228183
1414 	0.149152383420268
1415 	0.165302593551316
1416 	0.181024612307702
1417 	0.196746631064088
1418 	0.212468649820474
1419 	0.22819066857686
1420 	0.246219105438725
1421 	0.264716597246229
1422 	0.283214089053734
1423 	0.301711580861238
1424 	0.320209072668743
1425 	0.367419303270669
1426 	0.420762351867516
1427 	0.474105400464364
1428 	0.527448449061211
1429 	0.580791497658059
1430 	0.646964884993388
1431 	0.715878733030139
1432 	0.78479258106689
1433 	0.853706429103641
1434 	0.922620277140392
1435 	0.945240776476073
1436 	0.958513580400968
1437 	0.971786384325863
1438 	0.985059188250758
1439 	0.998331992175652
1440 	0.998462087905195
1441 	0.99621811710122
1442 	0.993974146297245
1443 	0.99173017549327
1444 	0.989486204689295
1445 	0.985277364253406
1446 	0.980777515571229
1447 	0.976277666889051
1448 	0.971777818206874
1449 	0.967277969524697
1450 	0.950829759087859
1451 	0.933098059071617
1452 	0.915366359055374
1453 	0.897634659039132
1454 	0.87990295902289
1455 	0.851952659800894
1456 	0.823373189927164
1457 	0.794793720053434
1458 	0.766214250179704
1459 	0.737634780305974
1460 	0.704298662941376
1461 	0.670909640498519
1462 	0.637520618055661
1463 	0.604131595612803
1464 	0.57095776760681
1465 	0.542350843760931
1466 	0.513743919915052
1467 	0.485136996069173
1468 	0.456530072223294
1469 	0.427755248608405
1470 	0.397593697271685
1471 	0.367432145934966
1472 	0.337270594598246
1473 	0.307109043261526
1474 	0.278031680827037
1475 	0.253927050731823
1476 	0.229822420636609
1477 	0.205717790541395
1478 	0.181613160446182
1479 	0.159724181022944
1480 	0.144207344229961
1481 	0.128690507436978
1482 	0.113173670643996
1483 	0.0976568338510129
1484 	0.0851721346518491
1485 	0.0784441024786307
1486 	0.0717160703054122
1487 	0.0649880381321938
1488 	0.0582600059589753
1489 	0.0535181863852532
1490 	0.0512940376576045
1491 	0.0490698889299557
1492 	0.0468457402023069
1493 	0.0446215914746581
1494 	0.0433854093451696
1495 	0.0429773756876681
1496 	0.0425693420301665
1497 	0.042161308372665
1498 	0.0417532747151635
1499 	0.0411618154125525
1500 	0.0404737426022121
1501 	0.0397856697918717
1502 	0.0390975969815313
1503 	0.0384095241711909
1504 	0.0373684492097532
1505 	0.036224301268796
1506 	0.0350801533278389
1507 	0.0339360053868817
1508 	0.0327918574459245
1509 	0.0313236901811685
1510 	0.0298199203492026
1511 	0.0283161505172368
1512 	0.0268123806852709
1513 	0.0254024435002941
1514 	0.0265051360846879
1515 	0.0276078286690816
1516 	0.0287105212534754
1517 	0.0298132138378692
1518 	0.0309239220554743
1519 	0.0320713947136745
1520 	0.0332188673718747
1521 	0.0343663400300749
1522 	0.0355138126882751
1523 	0.0366794778761947
1524 	0.0378819128598314
1525 	0.0390843478434681
1526 	0.0402867828271049
1527 	0.0414892178107416
1528 	0.0427477087761428
1529 	0.0440645437225644
1530 	0.0453813786689859
1531 	0.0466982136154075
1532 	0.0480150485618291
1533 	0.049089773331238
1534 	0.0500380996368487
1535 	0.0509864259424595
1536 	0.0519347522480703
1537 	0.0528830785536811
1538 	0.05305442030113
1539 	0.0530699920351179
1540 	0.0530855637691059
1541 	0.0531011355030938
1542 	0.0531386927618299
1543 	0.0545283597925727
1544 	0.0559180268233155
1545 	0.0573076938540583
1546 	0.0586973608848011
1547 	0.0607672772159227
1548 	0.0654273735754084
1549 	0.0700874699348942
1550 	0.07474756629438
1551 	0.0794076626538657
1552 	0.0868262008454751
1553 	0.0982637955639881
1554 	0.109701390282501
1555 	0.121138985001014
1556 	0.132576579719527
1557 	0.151799351305932
1558 	0.175895770199878
1559 	0.199992189093824
1560 	0.224088607987771
1561 	0.248185026881717
1562 	0.257480736524339
1563 	0.263766434297556
1564 	0.270052132070773
1565 	0.27633782984399
1566 	0.280770031374169
1567 	0.253355797455828
1568 	0.225941563537486
1569 	0.198527329619145
1570 	0.171113095700803
1571 	0.146927260347842
1572 	0.130722743670401
1573 	0.114518226992961
1574 	0.0983137103155213
1575 	0.0821091936380812
1576 	0.0713706689263065
1577 	0.0655184097595959
1578 	0.0596661505928854
1579 	0.0538138914261748
1580 	0.0479616322594642
1581 	0.0450591820026842
1582 	0.043003330699462
1583 	0.0409474793962397
1584 	0.0388916280930175
1585 	0.0367929522164032
1586 	0.0334393865679631
1587 	0.030085820919523
1588 	0.0267322552710829
1589 	0.0233786896226428
1590 	0.0205929479917836
1591 	0.0191448320667695
1592 	0.0176967161417553
1593 	0.0162486002167412
1594 	0.0148004842917271
1595 	0.0155544533097996
1596 	0.0179628784409799
1597 	0.0203713035721602
1598 	0.0227797287033405
1599 	0.0251881538345208
1600 	0.0325605501870263
1601 	0.0407884023068639
1602 	0.0490162544267016
1603 	0.0572441065465393
1604 	0.0665389125749841
1605 	0.0822805246145875
1606 	0.0980221366541909
1607 	0.113763748693794
1608 	0.129505360733398
1609 	0.142487005753869
1610 	0.151955965477265
1611 	0.161424925200661
1612 	0.170893884924056
1613 	0.180362844647452
1614 	0.185102313332159
1615 	0.188231472735598
1616 	0.191360632139036
1617 	0.194489791542475
1618 	0.197847011326781
1619 	0.204777177078021
1620 	0.211707342829261
1621 	0.2186375085805
1622 	0.22556767433174
1623 	0.240272252215628
1624 	0.267501144161768
1625 	0.294730036107909
1626 	0.321958928054049
1627 	0.34918782000019
1628 	0.383068680547315
1629 	0.419614055127889
1630 	0.456159429708462
1631 	0.492704804289036
1632 	0.528699321745126
1633 	0.554851165675079
1634 	0.581003009605032
1635 	0.607154853534985
1636 	0.633306697464939
1637 	0.656997853208978
1638 	0.676997976674149
1639 	0.696998100139319
1640 	0.71699822360449
1641 	0.73699834706966
1642 	0.752684811684506
1643 	0.766979037199512
1644 	0.781273262714518
1645 	0.795567488229524
1646 	0.802904140465215
1647 	0.759218588652547
1648 	0.715533036839878
1649 	0.671847485027209
1650 	0.62816193321454
1651 	0.589541797216632
1652 	0.556151806003071
1653 	0.52276181478951
1654 	0.489371823575949
1655 	0.455981832362389
1656 	0.44409539081907
1657 	0.435365433631015
1658 	0.42663547644296
1659 	0.417905519254904
1660 	0.411733143095128
1661 	0.412802346934965
1662 	0.413871550774801
1663 	0.414940754614638
1664 	0.416009958454474
1665 	0.425717505606321
1666 	0.439894969403682
1667 	0.454072433201044
1668 	0.468249896998405
1669 	0.482413348712098
1670 	0.496371873702146
1671 	0.510330398692193
1672 	0.524288923682241
1673 	0.538247448672288
1674 	0.547752940444224
1675 	0.552395496358726
1676 	0.557038052273228
1677 	0.561680608187731
1678 	0.566323164102233
1679 	0.519965809031685
1680 	0.468004690157013
1681 	0.416043571282341
1682 	0.364082452407669
1683 	0.31518668832118
1684 	0.27248646004525
1685 	0.229786231769319
1686 	0.187086003493389
1687 	0.144385775217458
1688 	0.122027912021202
1689 	0.105746339692901
1690 	0.0894647673646004
1691 	0.0731831950362995
1692 	0.0593434733225974
1693 	0.0542630506025439
1694 	0.0491826278824904
1695 	0.0441022051624368
1696 	0.0390217824423833
1697 	0.0366177575513939
1698 	0.035508251491673
1699 	0.0343987454319521
1700 	0.0332892393722313
1701 	0.0322278661158978
1702 	0.0314671484865205
1703 	0.0307064308571432
1704 	0.0299457132277659
1705 	0.0291849955983886
1706 	0.029700666246776
1707 	0.0310289638019559
1708 	0.0323572613571358
1709 	0.0336855589123158
1710 	0.0351834539480727
1711 	0.038355202379088
1712 	0.0415269508101032
1713 	0.0446986992411185
1714 	0.0478704476721338
1715 	0.0500470508398722
1716 	0.0515089276845014
1717 	0.0529708045291306
1718 	0.0544326813737598
1719 	0.0557656526899185
1720 	0.0556162104286648
1721 	0.0554667681674112
1722 	0.0553173259061575
1723 	0.0551678836449039
1724 	0.0549311467235492
1725 	0.0546329912423618
1726 	0.0543348357611745
1727 	0.0540366802799871
1728 	0.0539343455517244
1729 	0.0555560013737184
1730 	0.0571776571957124
1731 	0.0587993130177064
1732 	0.0604209688397004
1733 	0.0606139557206934
1734 	0.0599497412370858
1735 	0.0592855267534782
1736 	0.0586213122698706
1737 	0.0580534774321647
1738 	0.0579992607074292
1739 	0.0579450439826936
1740 	0.057890827257958
1741 	0.0578366105332224
1742 	0.0583646211292795
1743 	0.059144540967284
1744 	0.0599244608052885
1745 	0.0607043806432931
1746 	0.0612469702701223
1747 	0.0610660390507371
1748 	0.060885107831352
1749 	0.0607041766119668
1750 	0.0605232453925817
1751 	0.0603339076518904
1752 	0.060142533548895
1753 	0.0599511594458997
1754 	0.0597597853429044
1755 	0.0597723342261888
1756 	0.0601306177681522
1757 	0.0604889013101156
1758 	0.060847184852079
1759 	0.0612054683940424
1760 	0.0615713220886405
1761 	0.0619376079061163
1762 	0.0623038937235921
1763 	0.0626701795410679
1764 	0.0636504929326335
1765 	0.0651775114043433
1766 	0.0667045298760531
1767 	0.0682315483477629
1768 	0.0695889786466883
1769 	0.0697144419714204
1770 	0.0698399052961525
1771 	0.0699653686208846
1772 	0.0700908319456167
1773 	0.0692329865490846
1774 	0.0679965264371626
1775 	0.0667600663252406
1776 	0.0655236062133186
1777 	0.0643840762176193
1778 	0.0634404563359773
1779 	0.0624968364543353
1780 	0.0615532165726934
1781 	0.0606095966910514
1782 	0.0600775042189011
1783 	0.0595675275506327
1784 	0.0590575508823644
1785 	0.0585475742140961
1786 	0.0580760363911352
1787 	0.057632909888619
1788 	0.0571897833861027
1789 	0.0567466568835864
1790 	0.0563010412263855
1791 	0.0558460616063231
1792 	0.0553910819862607
1793 	0.0549361023661984
1794 	0.054481122746136
1795 	0.0548928562199685
1796 	0.0554539529116234
1797 	0.0560150496032783
1798 	0.0565761462949332
1799 	0.0566101352663311
1800 	0.056129517095818
1801 	0.055648898925305
1802 	0.055168280754792
1803 	0.0548680550421645
1804 	0.0554676312302482
1805 	0.0560672074183318
1806 	0.0566667836064155
1807 	0.0572663597944991
1808 	0.0571153525914789
1809 	0.0568171017567109
1810 	0.056518850921943
1811 	0.0562206000871751
1812 	0.055871839310653
1813 	0.0554753201067136
1814 	0.0550788009027741
1815 	0.0546822816988347
1816 	0.0544080679006162
1817 	0.0546200333022539
1818 	0.0548319987038916
1819 	0.0550439641055293
1820 	0.0552559295071671
1821 	0.0563143991689515
1822 	0.0574700705462267
1823 	0.0586257419235019
1824 	0.0597814133007772
1825 	0.0603265453084789
1826 	0.0604663441906237
1827 	0.0606061430727685
1828 	0.0607459419549133
1829 	0.0607692983191573
1830 	0.0605382611570321
1831 	0.0603072239949069
1832 	0.0600761868327817
1833 	0.0598261981983663
1834 	0.0590687312504014
1835 	0.0583112643024366
1836 	0.0575537973544717
1837 	0.0567963304065068
1838 	0.0568315866034903
1839 	0.0571090062677295
1840 	0.0573864259319686
1841 	0.0576638455962078
1842 	0.0579829418574559
1843 	0.0583428894365644
1844 	0.0587028370156728
1845 	0.0590627845947813
1846 	0.0593866679950164
1847 	0.0596040694125701
1848 	0.0598214708301239
1849 	0.0600388722476776
1850 	0.0602555555438308
1851 	0.0604011448213273
1852 	0.0605467340988238
1853 	0.0606923233763203
1854 	0.0608379126538168
1855 	0.0606957752127671
1856 	0.0604701042082684
1857 	0.0602444332037698
1858 	0.0600187621992711
1859 	0.0601334107483905
1860 	0.0605276296411924
1861 	0.0609218485339943
1862 	0.0613160674267962
1863 	0.0615785317194653
1864 	0.0615758994070479
1865 	0.0615732670946305
1866 	0.0615706347822131
1867 	0.0615245132230929
1868 	0.0611711611792014
1869 	0.06081780913531
1870 	0.0604644570914186
1871 	0.0601111050475271
1872 	0.0601381786250687
1873 	0.0601960975232671
1874 	0.0602540164214655
1875 	0.0603119353196639
1876 	0.0601622804370714
1877 	0.059937401268797
1878 	0.0597125221005227
1879 	0.0594876429322484
1880 	0.0585037567276342
1881 	0.0569038648123672
1882 	0.0553039728971002
1883 	0.0537040809818332
1884 	0.0528236839296496
1885 	0.0531171995488121
1886 	0.0534107151679746
1887 	0.0537042307871372
1888 	0.0540645223427552
1889 	0.0546671858158788
1890 	0.0552698492890024
1891 	0.0558725127621259
1892 	0.0564556631751728
1893 	0.0567331089803511
1894 	0.0570105547855294
1895 	0.0572880005907077
1896 	0.057565446395886
1897 	0.0578695229569165
1898 	0.0581761052564626
1899 	0.0584826875560087
1900 	0.0587892698555548
1901 	0.0591386232719986
1902 	0.0595002520540385
1903 	0.0598618808360784
1904 	0.0602235096181183
1905 	0.0600820159763375
1906 	0.0596672212648267
1907 	0.0592524265533159
1908 	0.0588376318418052
1909 	0.0589305000827088
1910 	0.0594753706876713
1911 	0.0600202412926338
1912 	0.0605651118975963
1913 	0.060744311884351
1914 	0.0604143723979072
1915 	0.0600844329114634
1916 	0.0597544934250195
1917 	0.0595856597772435
1918 	0.0597655488941788
1919 	0.0599454380111141
1920 	0.0601253271280494
1921 	0.060253915463025
1922 	0.0602037562303653
1923 	0.0601535969977055
1924 	0.0601034377650458
1925 	0.0600459626865199
1926 	0.0599431714692112
1927 	0.0598403802519025
1928 	0.0597375890345938
1929 	0.0596431329057502
1930 	0.0596705774457075
1931 	0.0596980219856648
1932 	0.0597254665256221
1933 	0.0597529110655795
1934 	0.0595698147148944
1935 	0.0593862964385767
1936 	0.0592027781622591
1937 	0.0590192598859414
1938 	0.059613842825093
1939 	0.0602572121316332
1940 	0.0609005814381734
1941 	0.0615439507447136
1942 	0.062081024520039
1943 	0.0626053618767306
1944 	0.0631296992334222
1945 	0.0636540365901138
1946 	0.0634311272618077
1947 	0.0630804685002351
1948 	0.0627298097386625
1949 	0.0623791509770898
1950 	0.0616942952549013
1951 	0.0609380576576297
1952 	0.0601818200603582
1953 	0.0594255824630866
1954 	0.0598019107310228
1955 	0.0604560913967744
1956 	0.061110272062526
1957 	0.0617644527282776
1958 	0.061935834227116
1959 	0.0619796493215487
1960 	0.0620234644159814
1961 	0.0620672795104141
1962 	0.0621070358446868
1963 	0.0621457002282566
1964 	0.0621843646118264
1965 	0.0622230289953962
1966 	0.0616955738076826
1967 	0.0610212412500896
1968 	0.0603469086924966
1969 	0.0596725761349036
1970 	0.0592048010235542
1971 	0.0587857928741734
1972 	0.0583667847247926
1973 	0.0579477765754117
1974 	0.0570743673161953
1975 	0.0561098596351991
1976 	0.0551453519542029
1977 	0.0541808442732067
1978 	0.0548448469689052
1979 	0.0557608362586882
1980 	0.0566768255484712
1981 	0.0575928148382542
1982 	0.0580834818267495
1983 	0.0585310544851584
1984 	0.0589786271435673
1985 	0.0594261998019762
1986 	0.0586574838314608
1987 	0.0578367680342658
1988 	0.0570160522370708
1989 	0.0562063485323659
1990 	0.055936237359676
1991 	0.0556661261869861
1992 	0.0553960150142962
1993 	0.0552166439085879
1994 	0.055966084050299
1995 	0.0567155241920102
1996 	0.0574649643337213
1997 	0.058083096872044
1998 	0.0580509441364422
1999 	0.0580187914008404
2000 	0.0579866386652386
2001 	0.0579688794183671
2002 	0.0579929512481181
2003 	0.0580170230778691
2004 	0.0580410949076201
2005 	0.0580494311078157
2006 	0.0580289260833022
2007 	0.0580084210587888
2008 	0.0579879160342753
2009 	0.057962862127716
2010 	0.0579324466848022
2011 	0.0579020312418883
2012 	0.0578716157989744
2013 	0.0578886402892908
2014 	0.0579408728136769
2015 	0.057993105338063
2016 	0.0580453378624491
2017 	0.0578167548527783
2018 	0.0574672484157097
2019 	0.0571177419786411
2020 	0.0567682355415725
2021 	0.0571077079563413
2022 	0.0575863011008079
2023 	0.0580648942452745
2024 	0.0585434873897411
2025 	0.0585876695904324
2026 	0.0586207130489756
2027 	0.0586537565075188
2028 	0.0586922736388079
2029 	0.0587684168827519
2030 	0.0588445601266959
2031 	0.0589207033706399
2032 	0.0589929105182424
2033 	0.0590553867610005
2034 	0.0591178630037586
2035 	0.0591803392465167
2036 	0.0591660196866302
2037 	0.0590608195044001
2038 	0.05895561932217
2039 	0.05885041913994
2040 	0.0586795706175352
2041 	0.0584714733503917
2042 	0.0582633760832482
2043 	0.0580552788161047
2044 	0.0582005909337599
2045 	0.0584198327050669
2046 	0.058639074476374
2047 	0.0588387995249634
2048 	0.0582773723875669
2049 	0.0577159452501703
2050 	0.0571545181127738
2051 	0.0567146757023374
2052 	0.0566773206639069
2053 	0.0566399656254764
2054 	0.0566026105870459
2055 	0.0565822006848567
2056 	0.0565825853707942
2057 	0.0565829700567318
2058 	0.0565833547426693
2059 	0.0566207880063837
2060 	0.0566760594742128
2061 	0.0567313309420419
2062 	0.0567866024098711
2063 	0.056933339691155
2064 	0.0570891230419016
2065 	0.0572449063926481
2066 	0.0573438396785429
2067 	0.0571304667640181
2068 	0.0569170938494934
2069 	0.0567037209349686
2070 	0.0565484150615698
2071 	0.0564773633262753
2072 	0.0564063115909808
2073 	0.0563352598556862
2074 	0.0567498645035632
2075 	0.0574025927729954
2076 	0.0580553210424277
2077 	0.0587080493118599
2078 	0.0585812105655116
2079 	0.0584081263182271
2080 	0.0582350420709426
2081 	0.058124972707227
2082 	0.0582319546091376
2083 	0.0583389365110481
2084 	0.0584459184129587
2085 	0.05847836571906
2086 	0.0584409007298675
2087 	0.0584034357406749
2088 	0.0583659707514823
2089 	0.0584717004881873
2090 	0.0586095044413418
2091 	0.0587473083944963
2092 	0.0588429804273365
2093 	0.0586490369764412
2094 	0.0584550935255458
2095 	0.0582611500746505
2096 	0.058106105774041
2097 	0.0579993801488988
2098 	0.0578926545237566
2099 	0.0577859288986143
2100 	0.0576282243865976
2101 	0.057455634566527
2102 	0.0572830447464564
2103 	0.0571171395348358
2104 	0.0570037055417563
2105 	0.0568902715486768
2106 	0.0567768375555973
2107 	0.056909647503453
2108 	0.05733152642545
2109 	0.057753405347447
2110 	0.0581752842694441
2111 	0.0583461283208187
2112 	0.0584607430192876
2113 	0.0585753577177566
2114 	0.0586811540389619
2115 	0.058747580883531
2116 	0.0588140077281001
2117 	0.0588804345726692
2118 	0.0588884639255941
2119 	0.0588502357672165
2120 	0.0588120076088389
2121 	0.0587737794504613
2122 	0.05876794197501
2123 	0.0587640259807493
2124 	0.0587601099864886
2125 	0.0585432802343282
2126 	0.057909441879418
2127 	0.0572756035245078
2128 	0.0566417651695976
2129 	0.0564576761837657
2130 	0.0564299690540283
2131 	0.0564022619242908
2132 	0.0563926253294437
2133 	0.0564807549618236
2134 	0.0565688845942035
2135 	0.0566570142265834
2136 	0.056858893312626
2137 	0.0571434814141987
2138 	0.0574280695157714
2139 	0.0577055690780692
2140 	0.0573457445182869
2141 	0.0569859199585046
2142 	0.0566260953987222
2143 	0.0564344740380047
2144 	0.0564459589684318
2145 	0.0564574438988588
2146 	0.0564689288292858
2147 	0.05642960091407
2148 	0.0563849390537314
2149 	0.0563402771933927
2150 	0.0565497296073773
2151 	0.0572012712383353
2152 	0.0578528128692934
2153 	0.0585043545002514
2154 	0.0585180807437223
2155 	0.0584066853083079
2156 	0.0582952898728935
2157 	0.0582190476147806
2158 	0.0582188964113331
2159 	0.0582187452078856
2160 	0.0582185940044381
2161 	0.0581297079356746
2162 	0.0580194638472197
2163 	0.0579092197587649
2164 	0.0578004949441647
2165 	0.057695232081463
2166 	0.0575899692187613
2167 	0.0574847063560596
2168 	0.0577161097452716
2169 	0.058024441786641
2170 	0.0583327738280103
2171 	0.0585958866252104
2172 	0.0587680161239014
2173 	0.0589401456225924
2174 	0.0591122751212833
2175 	0.0591941550851591
2176 	0.0592613432642975
2177 	0.0593285314434359
2178 	0.0591865849715935
2179 	0.0587269856167754
2180 	0.0582673862619572
2181 	0.057807786907139
2182 	0.0575370623387123
2183 	0.0572773304827211
2184 	0.0570175986267298
2185 	0.0571120997990674
2186 	0.0575594198958279
2187 	0.0580067399925885
2188 	0.0584598212668988
2189 	0.0589918645629198
2190 	0.0595239078589407
2191 	0.0600559511549617
2192 	0.0600619429254643
2193 	0.0597771360265806
2194 	0.0594923291276969
2195 	0.0592209179059505
2196 	0.0589943530815771
2197 	0.0587677882572036
2198 	0.0585412234328302
2199 	0.0578730767862888
2200 	0.0571112612683783
2201 	0.0563494457504678
2202 	0.0559453250928217
2203 	0.0560153580871541
2204 	0.0560853910814865
2205 	0.0561563497718635
2206 	0.0562469537894077
2207 	0.0563375578069519
2208 	0.0564281618244961
2209 	0.0564165536460381
2210 	0.0563543741120095
2211 	0.056292194577981
2212 	0.0563025583697999
2213 	0.0564797957527598
2214 	0.0566570331357197
2215 	0.0568342705186797
2216 	0.0569380334910201
2217 	0.0570376843791338
2218 	0.0571373352672474
2219 	0.0571197511566128
2220 	0.0570243354910688
2221 	0.0569289198255249
2222 	0.0569798859838856
2223 	0.057438946924041
2224 	0.0578980078641964
2225 	0.0583570688043518
2226 	0.0584222728979742
2227 	0.0584609956881477
2228 	0.0584997184783212
2229 	0.0587120554245317
2230 	0.0590308010470229
2231 	0.0593495466695141
2232 	0.0595917676742871
2233 	0.0596652420861426
2234 	0.0597387164979981
2235 	0.0598091834112788
2236 	0.059682157918146
2237 	0.0595551324250132
2238 	0.0594281069318805
2239 	0.0591776851709978
2240 	0.0588809261596396
2241 	0.0585841671482813
2242 	0.0583397763103853
2243 	0.0581599105433626
2244 	0.0579800447763398
2245 	0.0578152484990131
2246 	0.0577191021191908
2247 	0.0576229557393685
2248 	0.0575268093595463
2249 	0.0574210211586619
2250 	0.0573144172722647
2251 	0.0572078133858675
2252 	0.0574941433434175
2253 	0.0579713936085022
2254 	0.0584486438735869
2255 	0.0587594178568438
2256 	0.0588530822190996
2257 	0.0589467465813555
2258 	0.0589905404778922
2259 	0.0588409342756649
2260 	0.0586913280734376
2261 	0.0585417218712103
2262 	0.0584514136208623
2263 	0.0583619473292631
2264 	0.0582724810376639
2265 	0.0584881840422693
2266 	0.0587914710276388
2267 	0.0590947580130082
2268 	0.058678308465055
2269 	0.0577342184429332
2270 	0.0567901284208114
2271 	0.0561864381244866
2272 	0.0561196669832849
2273 	0.0560528958420833
2274 	0.0560308496393635
2275 	0.056179102240863
2276 	0.0563273548423625
2277 	0.0564868624733955
2278 	0.0569313000626172
2279 	0.0573757376518388
2280 	0.0578201752410605
2281 	0.0576793036954738
2282 	0.0574571021789912
2283 	0.0572349006625087
2284 	0.0571119318717761
2285 	0.0570258520641412
2286 	0.0569397722565063
2287 	0.0568158017914656
2288 	0.0566653914958752
2289 	0.0565149812002848
2290 	0.0567778299001017
2291 	0.0575297318215576
2292 	0.0582816337430135
2293 	0.058737626548852
2294 	0.0586140577140439
2295 	0.0584904888792357
2296 	0.0584741907269281
2297 	0.0588211073416834
2298 	0.0591680239564387
2299 	0.0594695644859138
2300 	0.0594619804344188
2301 	0.0594543963829237
2302 	0.0594386109243632
2303 	0.0592152003711465
2304 	0.0589917898179297
2305 	0.0587683792647129
2306 	0.0584965941391421
2307 	0.0582226882076853
2308 	0.0579487822762284
2309 	0.057813469798087
2310 	0.0576958135321493
2311 	0.0575781572662116
2312 	0.0575209565097869
2313 	0.057476402431894
2314 	0.0574318483540011
2315 	0.0573337554140899
2316 	0.0572202967518749
2317 	0.0571068380896599
2318 	0.0569029935034526
2319 	0.0566668945101763
2320 	0.0564307955168999
2321 	0.0567708091125394
2322 	0.057349579410516
2323 	0.0579283497084926
2324 	0.0581398851512792
2325 	0.0581841068973052
2326 	0.0582283286433312
2327 	0.058278659791598
2328 	0.0583319057654538
2329 	0.0583851517393097
2330 	0.0585478165851406
2331 	0.058762685708147
2332 	0.0589775548311535
2333 	0.0584745563309913
2334 	0.0576444944159063
2335 	0.0568144325008214
2336 	0.056418626199804
2337 	0.0562027872183368
2338 	0.0559869482368695
2339 	0.0559739410642086
2340 	0.0560329419320726
2341 	0.0560919427999365
2342 	0.0562194114428715
2343 	0.0563664171630118
2344 	0.0565134228831522
2345 	0.0566352565440833
2346 	0.0567518612265314
2347 	0.0568684659089796
2348 	0.057067990290122
2349 	0.057277867974476
2350 	0.0574877456588299
2351 	0.0575939803157213
2352 	0.057695896513135
2353 	0.0578235362671746
2354 	0.0585528562847275
2355 	0.0592821763022804
2356 	0.0598757349562892
2357 	0.0595765597954786
2358 	0.059277384634668
2359 	0.0589917715494239
2360 	0.0587508027215166
2361 	0.0585098338936093
2362 	0.058418246510138
2363 	0.0586102673762483
2364 	0.0588022882423586
2365 	0.0588719418507402
2366 	0.0588013720350294
2367 	0.0587308022193186
2368 	0.0585565969177674
2369 	0.0583127236140292
2370 	0.058068850310291
2371 	0.0578512172644242
2372 	0.0576428037686203
2373 	0.0574343902728164
2374 	0.0574204774209394
2375 	0.057429869797394
2376 	0.0574532183508926
2377 	0.0577163594008729
2378 	0.0579795004508533
2379 	0.0582446629009419
2380 	0.0585166697408705
2381 	0.058788676580799
2382 	0.0588495217212646
2383 	0.0586077531367091
2384 	0.0583659845521535
2385 	0.0583013325576267
2386 	0.0583528033605359
2387 	0.0584042741634452
2388 	0.0584342362882341
2389 	0.0584590874400042
2390 	0.0584888393095133
2391 	0.0587470579726564
2392 	0.0590052766357994
2393 	0.0589895435952647
2394 	0.0581295920393141
2395 	0.0572696404833636
2396 	0.0568045736818456
2397 	0.0567672986976296
2398 	0.0567300237134136
2399 	0.0563491141430331
2400 	0.0558372057525128
