 	avcm20
200 	0
201 	0
202 	0
203 	0.047160967722883
204 	0.0459734313993221
205 	0.0447858950757611
206 	0.0435983587522001
207 	0.0424108224286392
208 	0.0412232861050782
209 	0.0401821721047991
210 	0.0408718450540829
211 	0.0415615180033667
212 	0.0422511909526505
213 	0.0429408639019343
214 	0.0436305368512181
215 	0.0443202098005018
216 	0.0433833951741369
217 	0.0414831197545533
218 	0.0395828443349696
219 	0.037682568915386
220 	0.0357822934958023
221 	0.0338820180762187
222 	0.0324314746098397
223 	0.0329621827210919
224 	0.0334928908323441
225 	0.0340235989435964
226 	0.0345543070548486
227 	0.0350850151661009
228 	0.0356157232773531
229 	0.0355537828671062
230 	0.035291119463634
231 	0.0350284560601619
232 	0.0347657926566897
233 	0.0345031292532175
234 	0.0342404658497454
235 	0.0340659596570118
236 	0.0340831604146144
237 	0.034100361172217
238 	0.0341175619298196
239 	0.0341347626874223
240 	0.0341519634450249
241 	0.0341691642026275
242 	0.0360203998678509
243 	0.0381006320176028
244 	0.0401808641673547
245 	0.0422610963171066
246 	0.0443413284668586
247 	0.0464215606166105
248 	0.0480404244554221
249 	0.0491369288632971
250 	0.0502334332711721
251 	0.051329937679047
252 	0.052426442086922
253 	0.053522946494797
254 	0.0546174716108859
255 	0.0556779888953791
256 	0.0567385061798722
257 	0.0577990234643653
258 	0.0588595407488585
259 	0.0599200580333516
260 	0.0609805753178448
261 	0.0601584427846993
262 	0.0583091458224558
263 	0.0564598488602122
264 	0.0546105518979687
265 	0.0527612549357252
266 	0.0509119579734816
267 	0.0489579778998814
268 	0.0466814029321003
269 	0.0444048279643193
270 	0.0421282529965382
271 	0.0398516780287571
272 	0.0375751030609761
273 	0.035298528093195
274 	0.0332128284237951
275 	0.0311610771290189
276 	0.0291093258342428
277 	0.0270575745394666
278 	0.0250058232446904
279 	0.0229540719499142
280 	0.0239593905952819
281 	0.0285679223945008
282 	0.0331764541937198
283 	0.0377849859929388
284 	0.0423935177921577
285 	0.0470020495913767
286 	0.0519222231910445
287 	0.0606859789962489
288 	0.0694497348014532
289 	0.0782134906066575
290 	0.0869772464118618
291 	0.0957410022170661
292 	0.10450475802227
293 	0.111753310436094
294 	0.118343173283794
295 	0.124933036131493
296 	0.131522898979193
297 	0.138112761826893
298 	0.144702624674592
299 	0.150497180309301
300 	0.154639944040106
301 	0.158782707770911
302 	0.162925471501715
303 	0.16706823523252
304 	0.171210998963325
305 	0.17535376269413
306 	0.171683236055262
307 	0.167678668847932
308 	0.163674101640601
309 	0.15966953443327
310 	0.15566496722594
311 	0.151660400018609
312 	0.146265756200765
313 	0.139940526872377
314 	0.133615297543989
315 	0.127290068215602
316 	0.120964838887214
317 	0.114639609558826
318 	0.110951798356454
319 	0.115347780922437
320 	0.119743763488421
321 	0.124139746054405
322 	0.128535728620389
323 	0.132931711186372
324 	0.137327693752356
325 	0.138733537564958
326 	0.139799744236308
327 	0.140865950907658
328 	0.141932157579007
329 	0.142998364250357
330 	0.144064570921707
331 	0.140180557441499
332 	0.132343490458967
333 	0.124506423476436
334 	0.116669356493905
335 	0.108832289511374
336 	0.100995222528842
337 	0.094160723744807
338 	0.0908807849372563
339 	0.0876008461297057
340 	0.0843209073221551
341 	0.0810409685146044
342 	0.0777610297070538
343 	0.0744810908995032
344 	0.0724428327542009
345 	0.0705564749368279
346 	0.0686701171194549
347 	0.0667837593020819
348 	0.0648974014847089
349 	0.0630110436673359
350 	0.0621108104648218
351 	0.0619636494990516
352 	0.0618164885332815
353 	0.0616693275675113
354 	0.0615221666017412
355 	0.061375005635971
356 	0.0617958056148375
357 	0.0639204884276138
358 	0.0660451712403901
359 	0.0681698540531664
360 	0.0702945368659428
361 	0.0724192196787191
362 	0.0745439024914954
363 	0.0711382910326849
364 	0.0673734165807257
365 	0.0636085421287665
366 	0.0598436676768073
367 	0.0560787932248482
368 	0.052313918772889
369 	0.0482342764185535
370 	0.0439729226253068
371 	0.0397115688320601
372 	0.0354502150388134
373 	0.0311888612455667
374 	0.02692750745232
375 	0.0236021934700927
376 	0.0221349883664562
377 	0.0206677832628197
378 	0.0192005781591833
379 	0.0177333730555468
380 	0.0162661679519104
381 	0.0149914623385805
382 	0.0181075784327238
383 	0.0212236945268671
384 	0.0243398106210104
385 	0.0274559267151537
386 	0.030572042809297
387 	0.0336881589034403
388 	0.0373788991612373
389 	0.041256106862869
390 	0.0451333145645007
391 	0.0490105222661325
392 	0.0528877299677642
393 	0.0567649376693959
394 	0.0592392366052894
395 	0.0601567211724522
396 	0.0610742057396151
397 	0.0619916903067779
398 	0.0629091748739408
399 	0.0638266594411037
400 	0.0632290941415724
401 	0.0565713293752643
402 	0.0499135646089562
403 	0.0432557998426481
404 	0.03659803507634
405 	0.0299402703100319
406 	0.0232825055437237
407 	0.021974349611856
408 	0.0210565084876512
409 	0.0201386673634464
410 	0.0192208262392416
411 	0.0183029851150368
412 	0.017385143990832
413 	0.0215585713842259
414 	0.0282396384952428
415 	0.0349207056062597
416 	0.0416017727172767
417 	0.0482828398282936
418 	0.0549639069393105
419 	0.0639559363814277
420 	0.0762190381086289
421 	0.0884821398358302
422 	0.100745241563031
423 	0.113008343290233
424 	0.125271445017434
425 	0.135398770680511
426 	0.134717775049383
427 	0.134036779418256
428 	0.133355783787128
429 	0.132674788156001
430 	0.131993792524873
431 	0.131312796893746
432 	0.128492264631244
433 	0.125488210768439
434 	0.122484156905635
435 	0.11948010304283
436 	0.116476049180026
437 	0.113471995317221
438 	0.109324069275618
439 	0.104647687666032
440 	0.0999713060564454
441 	0.0952949244468591
442 	0.0906185428372728
443 	0.0859421612276865
444 	0.0816701459672337
445 	0.0778864053049621
446 	0.0741026646426905
447 	0.0703189239804189
448 	0.0665351833181474
449 	0.0627514426558758
450 	0.0591361817623793
451 	0.0560881606144098
452 	0.0530401394664402
453 	0.0499921183184707
454 	0.0469440971705011
455 	0.0438960760225316
456 	0.0408645660771295
457 	0.0394676651859011
458 	0.0380707642946727
459 	0.0366738634034443
460 	0.0352769625122159
461 	0.0338800616209875
462 	0.0324831607297591
463 	0.0329132616879787
464 	0.033805836798565
465 	0.0346984119091512
466 	0.0355909870197375
467 	0.0364835621303237
468 	0.03737613724091
469 	0.0377663102310985
470 	0.0378102331112831
471 	0.0378541559914677
472 	0.0378980788716524
473 	0.037942001751837
474 	0.0379859246320217
475 	0.0395249026283176
476 	0.0433730369998798
477 	0.047221171371442
478 	0.0510693057430042
479 	0.0549174401145664
480 	0.0587655744861286
481 	0.0634460482111952
482 	0.0714767923993622
483 	0.0795075365875291
484 	0.0875382807756961
485 	0.095569024963863
486 	0.10359976915203
487 	0.1115265990499
488 	0.11089781904664
489 	0.110269039043381
490 	0.109640259040122
491 	0.109011479036862
492 	0.108382699033603
493 	0.107753919030344
494 	0.1091870990352
495 	0.111036636349387
496 	0.112886173663575
497 	0.114735710977762
498 	0.116585248291949
499 	0.118434785606136
500 	0.113927300944297
501 	0.106101005722674
502 	0.0982747105010516
503 	0.0904484152794291
504 	0.0826221200578065
505 	0.0747958248361839
506 	0.0678084801060154
507 	0.0616978300611907
508 	0.055587180016366
509 	0.0494765299715413
510 	0.0433658799267166
511 	0.0372552298818918
512 	0.0342789091943804
513 	0.0377241413364872
514 	0.041169373478594
515 	0.0446146056207007
516 	0.0480598377628075
517 	0.0515050699049143
518 	0.055904734811894
519 	0.0648989946567496
520 	0.0738932545016052
521 	0.0828875143464608
522 	0.0918817741913164
523 	0.100876034036172
524 	0.109500318949433
525 	0.102408712203244
526 	0.0953171054570549
527 	0.0882254987108659
528 	0.0811338919646768
529 	0.0740422852184877
530 	0.0669506784722986
531 	0.063767813357757
532 	0.0611129167496469
533 	0.0584580201415369
534 	0.0558031235334268
535 	0.0531482269253168
536 	0.0504933303172067
537 	0.0502908073066324
538 	0.0509276873395099
539 	0.0515645673723874
540 	0.0522014474052649
541 	0.0528383274381424
542 	0.0534752074710199
543 	0.0540074798515006
544 	0.0544742661406436
545 	0.0549410524297865
546 	0.0554078387189294
547 	0.0558746250080723
548 	0.0563414112972152
549 	0.0584163223946402
550 	0.0621583119593067
551 	0.0659003015239732
552 	0.0696422910886397
553 	0.0733842806533062
554 	0.0771262702179727
555 	0.0843776428314399
556 	0.0975030095319362
557 	0.110628376232433
558 	0.123753742932929
559 	0.136879109633425
560 	0.150004476333922
561 	0.157394653215087
562 	0.14879581605448
563 	0.140196978893873
564 	0.131598141733266
565 	0.122999304572659
566 	0.114400467412052
567 	0.105389974817404
568 	0.0942182911940419
569 	0.0830466075706797
570 	0.0718749239473176
571 	0.0607032403239555
572 	0.0495315567005933
573 	0.0388921449649229
574 	0.0363054917881995
575 	0.0337188386114762
576 	0.0311321854347528
577 	0.0285455322580295
578 	0.0259588790813061
579 	0.0233722259045828
580 	0.0236273896787353
581 	0.023970444698791
582 	0.0243134997188468
583 	0.0246565547389025
584 	0.0249996097589583
585 	0.025342664779014
586 	0.0260071384831797
587 	0.0267129685417343
588 	0.0274187986002889
589 	0.0281246286588435
590 	0.0288304587173981
591 	0.0295362887759526
592 	0.0304560210626788
593 	0.0314269096443704
594 	0.032397798226062
595 	0.0333686868077537
596 	0.0343395753894453
597 	0.0353104639711369
598 	0.0358380275401335
599 	0.0362057528392468
600 	0.0365734781383602
601 	0.0369412034374736
602 	0.0373089287365869
603 	0.0376766540357003
604 	0.0381354174250276
605 	0.038639020470729
606 	0.0391426235164304
607 	0.0396462265621318
608 	0.0401498296078332
609 	0.0406534326535346
610 	0.0425389463425855
611 	0.0453042689355038
612 	0.0480695915284221
613 	0.0508349141213403
614 	0.0536002367142586
615 	0.0563655593071769
616 	0.0583220582889424
617 	0.0596378762023753
618 	0.0609536941158082
619 	0.0622695120292411
620 	0.063585329942674
621 	0.0649011478561069
622 	0.0652391179942517
623 	0.0646450769715749
624 	0.064051035948898
625 	0.0634569949262211
626 	0.0628629539035442
627 	0.0622689128808673
628 	0.0624749091705009
629 	0.0635722789560915
630 	0.0646696487416821
631 	0.0657670185272727
632 	0.0668643883128634
633 	0.067961758098454
634 	0.0710182793973544
635 	0.0765682662586486
636 	0.0821182531199427
637 	0.0876682399812369
638 	0.093218226842531
639 	0.0987682137038251
640 	0.104326148431931
641 	0.109895333039145
642 	0.11546451764636
643 	0.121033702253575
644 	0.12660288686079
645 	0.132172071468005
646 	0.137969568124351
647 	0.144118224937481
648 	0.150266881750611
649 	0.156415538563741
650 	0.162564195376871
651 	0.16871285219
652 	0.173093221486326
653 	0.174588490097339
654 	0.176083758708352
655 	0.177579027319365
656 	0.179074295930379
657 	0.180569564541392
658 	0.178700065460797
659 	0.171198629014037
660 	0.163697192567276
661 	0.156195756120516
662 	0.148694319673755
663 	0.141192883226995
664 	0.136366898361493
665 	0.136019075768366
666 	0.135671253175239
667 	0.135323430582112
668 	0.134975607988984
669 	0.134627785395857
670 	0.131036991219103
671 	0.12215503287959
672 	0.113273074540077
673 	0.104391116200563
674 	0.0955091578610498
675 	0.0866271995215364
676 	0.0814204930171211
677 	0.081890320517551
678 	0.082360148017981
679 	0.082829975518411
680 	0.0832998030188409
681 	0.0837696305192709
682 	0.0826493424682952
683 	0.0792690112486147
684 	0.0758886800289342
685 	0.0725083488092538
686 	0.0691280175895733
687 	0.0657476863698928
688 	0.0638799066734815
689 	0.0639450231150068
690 	0.0640101395565321
691 	0.0640752559980574
692 	0.0641403724395827
693 	0.064205488881108
694 	0.0645926786937782
695 	0.0653401539724751
696 	0.066087629251172
697 	0.0668351045298688
698 	0.0675825798085657
699 	0.0683300550872626
700 	0.0678719042589326
701 	0.0662600329485357
702 	0.0646481616381388
703 	0.0630362903277419
704 	0.061424419017345
705 	0.0598125477069481
706 	0.058597980606161
707 	0.0576994023112216
708 	0.0568008240162822
709 	0.0559022457213428
710 	0.0550036674264034
711 	0.054105089131464
712 	0.0519406636475742
713 	0.0489669260264867
714 	0.0459931884053991
715 	0.0430194507843116
716 	0.040045713163224
717 	0.0370719755421365
718 	0.0331940384820867
719 	0.0288687321928942
720 	0.0245434259037017
721 	0.0202181196145092
722 	0.0158928133253167
723 	0.0115675070361241
724 	0.0107523604241018
725 	0.0112027815868414
726 	0.011653202749581
727 	0.0121036239123206
728 	0.0125540450750602
729 	0.0130044662377998
730 	0.014181287037269
731 	0.0155307176514066
732 	0.0168801482655442
733 	0.0182295788796817
734 	0.0195790094938193
735 	0.0209284401079569
736 	0.0241882093897942
737 	0.0276913476338075
738 	0.0311944858778209
739 	0.0346976241218342
740 	0.0382007623658476
741 	0.0417039006098609
742 	0.0535000518623491
743 	0.0655175771787181
744 	0.0775351024950872
745 	0.0895526278114562
746 	0.101570153127825
747 	0.114908623193043
748 	0.146940462885893
749 	0.178972302578743
750 	0.211004142271593
751 	0.243035981964443
752 	0.275067821657293
753 	0.310237325197829
754 	0.361170754334559
755 	0.412104183471289
756 	0.463037612608019
757 	0.513971041744749
758 	0.56490447088148
759 	0.597069349779792
760 	0.579000755981173
761 	0.560932162182554
762 	0.542863568383935
763 	0.524794974585316
764 	0.506726380786697
765 	0.475594415620603
766 	0.423594987101267
767 	0.37159555858193
768 	0.319596130062595
769 	0.267596701543259
770 	0.215597273023923
771 	0.184152003333302
772 	0.172853879425283
773 	0.161555755517265
774 	0.150257631609247
775 	0.138959507701228
776 	0.12766138379321
777 	0.125527132370747
778 	0.128751785777398
779 	0.131976439184049
780 	0.1352010925907
781 	0.138425745997351
782 	0.141650399404002
783 	0.148373664567554
784 	0.156177652734545
785 	0.163981640901537
786 	0.171785629068529
787 	0.17958961723552
788 	0.187393605402512
789 	0.187479888024703
790 	0.186746591297003
791 	0.186013294569304
792 	0.185279997841605
793 	0.184546701113905
794 	0.184181008927775
795 	0.190655644387698
796 	0.197130279847621
797 	0.203604915307544
798 	0.210079550767467
799 	0.21655418622739
800 	0.219068310957863
801 	0.206223381883886
802 	0.19337845280991
803 	0.180533523735933
804 	0.167688594661957
805 	0.15484366558798
806 	0.141436951782233
807 	0.127052886456831
808 	0.112668821131428
809 	0.0982847558060255
810 	0.0839006904806229
811 	0.0695166251552203
812 	0.0602778270632208
813 	0.0555653166878234
814 	0.0508528063124259
815 	0.0461402959370285
816 	0.041427785561631
817 	0.0367152751862336
818 	0.0352327427332611
819 	0.0350952719080406
820 	0.03495780108282
821 	0.0348203302575995
822 	0.034682859432379
823 	0.0345453886071584
824 	0.032238435459604
825 	0.0296550995584713
826 	0.0270717636573387
827 	0.0244884277562061
828 	0.0219050918550734
829 	0.019646163149438
830 	0.0213882565215992
831 	0.0231303498937603
832 	0.0248724432659215
833 	0.0266145366380827
834 	0.0283566300102439
835 	0.0309248681847652
836 	0.0357381318259231
837 	0.040551395467081
838 	0.0453646591082389
839 	0.0501779227493968
840 	0.0549911863905547
841 	0.0604155352178984
842 	0.0665289801062602
843 	0.072642424994622
844 	0.0787558698829838
845 	0.0848693147713456
846 	0.0909827596597074
847 	0.0899184391252701
848 	0.0854452093487366
849 	0.080971979572203
850 	0.0764987497956695
851 	0.0720255200191359
852 	0.0675522902426023
853 	0.0637947039204067
854 	0.0601228665899402
855 	0.0564510292594737
856 	0.0527791919290073
857 	0.0491073545985408
858 	0.0455684335577743
859 	0.0430523900507859
860 	0.0405363465437976
861 	0.0380203030368092
862 	0.0355042595298208
863 	0.0329882160228325
864 	0.0322490019922764
865 	0.0348981604516602
866 	0.0375473189110441
867 	0.0401964773704279
868 	0.0428456358298118
869 	0.0454947942891956
870 	0.0474540667159975
871 	0.048913766498516
872 	0.0503734662810345
873 	0.051833166063553
874 	0.0532928658460715
875 	0.05475256562859
876 	0.0605413558040056
877 	0.0672611897212717
878 	0.0739810236385377
879 	0.0807008575558037
880 	0.0874206914730698
881 	0.0937977806838123
882 	0.0957572714549192
883 	0.0977167622260261
884 	0.099676252997133
885 	0.10163574376824
886 	0.103595234539347
887 	0.105286694984325
888 	0.106429020126991
889 	0.107571345269657
890 	0.108713670412323
891 	0.109855995554989
892 	0.110998320697655
893 	0.105319185929346
894 	0.0949387747359032
895 	0.0845583635424609
896 	0.0741779523490187
897 	0.0637975411555764
898 	0.0534171299621341
899 	0.0494034559853479
900 	0.046409050843711
901 	0.0434146457020742
902 	0.0404202405604374
903 	0.0374258354188005
904 	0.0350304581741252
905 	0.0363456062480388
906 	0.0376607543219524
907 	0.0389759023958659
908 	0.0402910504697795
909 	0.0416061985436931
910 	0.0443882370740479
911 	0.0491630324508891
912 	0.0539378278277304
913 	0.0587126232045716
914 	0.0634874185814129
915 	0.0682622139582541
916 	0.0722500596957282
917 	0.0759242262063217
918 	0.0795983927169153
919 	0.0832725592275088
920 	0.0869467257381024
921 	0.0905068447720637
922 	0.0854081284648118
923 	0.08030941215756
924 	0.0752106958503081
925 	0.0701119795430563
926 	0.0650132632358044
927 	0.0603823236123963
928 	0.0567546031662884
929 	0.0531268827201805
930 	0.0494991622740726
931 	0.0458714418279647
932 	0.0422437213818568
933 	0.0403234480278937
934 	0.0394059610613809
935 	0.0384884740948681
936 	0.0375709871283553
937 	0.0366535001618425
938 	0.0357360131953296
939 	0.037854210758411
940 	0.040135548375243
941 	0.042416885992075
942 	0.0446982236089071
943 	0.0469795612257391
944 	0.0490726626937207
945 	0.0506719852784856
946 	0.0522713078632505
947 	0.0538706304480154
948 	0.0554699530327803
949 	0.0570692756175452
950 	0.0607037877530426
951 	0.0656449651009148
952 	0.070586142448787
953 	0.0755273197966592
954 	0.0804684971445314
955 	0.0854096744924036
956 	0.0831978947093463
957 	0.0806017094324241
958 	0.0780055241555019
959 	0.0754093388785798
960 	0.0728131536016576
961 	0.0688847906765577
962 	0.0617880052368737
963 	0.0546912197971897
964 	0.0475944343575057
965 	0.0404976489178217
966 	0.0334008634781377
967 	0.0318084724096103
968 	0.0331669778626406
969 	0.0345254833156709
970 	0.0358839887687011
971 	0.0372424942217314
972 	0.0386106018916382
973 	0.0407692920843792
974 	0.0429279822771203
975 	0.0450866724698613
976 	0.0472453626626024
977 	0.0494040528553434
978 	0.0504507642885839
979 	0.0496908750600634
980 	0.0489309858315429
981 	0.0481710966030224
982 	0.0474112073745019
983 	0.0466513181459814
984 	0.0466898625054753
985 	0.04698610236163
986 	0.0472823422177846
987 	0.0475785820739393
988 	0.047874821930094
989 	0.0484461787217585
990 	0.0507216771067608
991 	0.0529971754917632
992 	0.0552726738767655
993 	0.0575481722617678
994 	0.0598236706467702
995 	0.0611326706593832
996 	0.0615811399850484
997 	0.0620296093107136
998 	0.0624780786363788
999 	0.062926547962044
1000 	0.0633750172877092
1001 	0.062877593830833
1002 	0.0623045806699525
1003 	0.061731567509072
1004 	0.0611585543481915
1005 	0.060585541187311
1006 	0.0603761635709729
1007 	0.0609050763026449
1008 	0.0614339890343169
1009 	0.0619629017659889
1010 	0.0624918144976609
1011 	0.0630207272293329
1012 	0.0635232849257144
1013 	0.0640166308081415
1014 	0.0645099766905686
1015 	0.0650033225729957
1016 	0.0654966684554227
1017 	0.0654786088158593
1018 	0.0627555677675283
1019 	0.0600325267191973
1020 	0.0573094856708663
1021 	0.0545864446225353
1022 	0.0518634035742044
1023 	0.0508226852997871
1024 	0.0509803339328155
1025 	0.0511379825658439
1026 	0.0512956311988723
1027 	0.0514532798319007
1028 	0.0516118489675417
1029 	0.0518236448130759
1030 	0.0520354406586101
1031 	0.0522472365041444
1032 	0.0524590323496786
1033 	0.0526708281952128
1034 	0.0523498302281481
1035 	0.0513957752802493
1036 	0.0504417203323505
1037 	0.0494876653844517
1038 	0.0485336104365529
1039 	0.0475795554886541
1040 	0.0461368095573939
1041 	0.0446421672385201
1042 	0.0431475249196463
1043 	0.0416528826007725
1044 	0.0401582402818987
1045 	0.0394391689855112
1046 	0.0401109261707895
1047 	0.0407826833560678
1048 	0.0414544405413461
1049 	0.0421261977266244
1050 	0.0427979549119027
1051 	0.0432572686447106
1052 	0.0436696321151287
1053 	0.0440819955855468
1054 	0.044494359055965
1055 	0.0449067225263831
1056 	0.0452887812528558
1057 	0.0455955532809554
1058 	0.0459023253090549
1059 	0.0462090973371545
1060 	0.0465158693652541
1061 	0.0468226413933536
1062 	0.0484132325155934
1063 	0.0504025983761181
1064 	0.0523919642366428
1065 	0.0543813300971675
1066 	0.0563706959576921
1067 	0.0592302284988465
1068 	0.0647568572887586
1069 	0.0702834860786707
1070 	0.0758101148685828
1071 	0.0813367436584949
1072 	0.086863372448407
1073 	0.0929601512484038
1074 	0.0992614403781048
1075 	0.105562729507806
1076 	0.111864018637507
1077 	0.118165307767208
1078 	0.122451784481807
1079 	0.12014276414526
1080 	0.117833743808712
1081 	0.115524723472164
1082 	0.113215703135617
1083 	0.110906682799069
1084 	0.103218947417125
1085 	0.0936216953117472
1086 	0.0840244432063695
1087 	0.0744271911009919
1088 	0.0648299389956142
1089 	0.0564602913967342
1090 	0.0517734573173468
1091 	0.0470866232379594
1092 	0.042399789158572
1093 	0.0377129550791846
1094 	0.0330261209997972
1095 	0.0347731030291752
1096 	0.0384527398324475
1097 	0.0421323766357198
1098 	0.0458120134389921
1099 	0.0494916502422644
1100 	0.0534554649914406
1101 	0.0580951624227665
1102 	0.0627348598540925
1103 	0.0673745572854184
1104 	0.0720142547167443
1105 	0.0766539521480702
1106 	0.0755485698347979
1107 	0.0732581348842197
1108 	0.0709676999336415
1109 	0.0686772649830633
1110 	0.0663868300324851
1111 	0.0644079078003143
1112 	0.0629593991157025
1113 	0.0615108904310906
1114 	0.0600623817464788
1115 	0.058613873061867
1116 	0.0571653643772551
1117 	0.0534183832591097
1118 	0.0494688164313713
1119 	0.0455192496036328
1120 	0.0415696827758944
1121 	0.037620115948156
1122 	0.0354267302255667
1123 	0.0351821868264137
1124 	0.0349376434272606
1125 	0.0346931000281075
1126 	0.0344485566289544
1127 	0.0342373966112996
1128 	0.0348951067661551
1129 	0.0355528169210107
1130 	0.0362105270758662
1131 	0.0368682372307217
1132 	0.0375259473855773
1133 	0.038076128364935
1134 	0.0385569813232479
1135 	0.0390378342815609
1136 	0.0395186872398739
1137 	0.0399995401981869
1138 	0.0409606457441714
1139 	0.0440374586358446
1140 	0.0471142715275178
1141 	0.050191084419191
1142 	0.0532678973108642
1143 	0.0563447102025374
1144 	0.0615482920140527
1145 	0.0673871424639626
1146 	0.0732259929138724
1147 	0.0790648433637822
1148 	0.0849036938136921
1149 	0.0910910313719495
1150 	0.0978899014040841
1151 	0.104688771436219
1152 	0.111487641468353
1153 	0.118286511500488
1154 	0.125085381532622
1155 	0.127556930787065
1156 	0.129862217457111
1157 	0.132167504127156
1158 	0.134472790797202
1159 	0.136778077467247
1160 	0.132277233078566
1161 	0.122641938943826
1162 	0.113006644809086
1163 	0.103371350674346
1164 	0.093736056539606
1165 	0.0850758998468365
1166 	0.0807402657228065
1167 	0.0764046315987765
1168 	0.0720689974747465
1169 	0.0677333633507165
1170 	0.0633977292266865
1171 	0.0597833609229442
1172 	0.0563425975436879
1173 	0.0529018341644317
1174 	0.0494610707851754
1175 	0.0460203074059191
1176 	0.0435339069732566
1177 	0.0422870814022621
1178 	0.0410402558312675
1179 	0.039793430260273
1180 	0.0385466046892784
1181 	0.0373518281244155
1182 	0.0368279054163617
1183 	0.0363039827083078
1184 	0.035780060000254
1185 	0.0352561372922001
1186 	0.0347322145841463
1187 	0.0343719583649993
1188 	0.034076620138659
1189 	0.0337812819123187
1190 	0.0334859436859783
1191 	0.033190605459638
1192 	0.0334231250704575
1193 	0.0345621831407472
1194 	0.035701241211037
1195 	0.0368402992813267
1196 	0.0379793573516164
1197 	0.0392624266847542
1198 	0.0457352352308893
1199 	0.0522080437770243
1200 	0.0586808523231594
1201 	0.0651536608692945
1202 	0.0716264694154295
1203 	0.0740168753085947
1204 	0.0745987709355811
1205 	0.0751806665625676
1206 	0.075762562189554
1207 	0.0763444578165404
1208 	0.0762917428729459
1209 	0.0751444543839077
1210 	0.0739971658948694
1211 	0.0728498774058312
1212 	0.071702588916793
1213 	0.0707832028999744
1214 	0.0742869852725629
1215 	0.0777907676451515
1216 	0.08129455001774
1217 	0.0847983323903285
1218 	0.088302114762917
1219 	0.0918437612853978
1220 	0.0953988500941546
1221 	0.0989539389029115
1222 	0.102509027711668
1223 	0.106064116520425
1224 	0.107894170055487
1225 	0.107474523210568
1226 	0.107054876365649
1227 	0.10663522952073
1228 	0.106215582675811
1229 	0.10516351794163
1230 	0.100161132768722
1231 	0.0951587475958148
1232 	0.0901563624229074
1233 	0.08515397725
1234 	0.0801515920770926
1235 	0.0765255751005009
1236 	0.0731443538808511
1237 	0.0697631326612013
1238 	0.0663819114415515
1239 	0.0630006902219017
1240 	0.0598316540953265
1241 	0.0568239981803854
1242 	0.0538163422654443
1243 	0.0508086863505033
1244 	0.0478010304355622
1245 	0.0450507679124695
1246 	0.0429156319698955
1247 	0.0407804960273216
1248 	0.0386453600847476
1249 	0.0365102241421737
1250 	0.0344873125711086
1251 	0.0362219825426336
1252 	0.0379566525141586
1253 	0.0396913224856835
1254 	0.0414259924572085
1255 	0.0431606624287335
1256 	0.0407841883354292
1257 	0.0371797101708121
1258 	0.033575232006195
1259 	0.029970753841578
1260 	0.0263662756769609
1261 	0.0273203224530564
1262 	0.0324991293379817
1263 	0.037677936222907
1264 	0.0428567431078323
1265 	0.0480355499927576
1266 	0.0525817214544846
1267 	0.0554683710089818
1268 	0.058355020563479
1269 	0.0612416701179762
1270 	0.0641283196724735
1271 	0.0670468577392676
1272 	0.0707307201011877
1273 	0.0744145824631078
1274 	0.078098444825028
1275 	0.0817823071869481
1276 	0.0854661695488683
1277 	0.0844057435335264
1278 	0.0822468862190148
1279 	0.0800880289045032
1280 	0.0779291715899916
1281 	0.0757703142754799
1282 	0.0789767574554924
1283 	0.0858962427713108
1284 	0.0928157280871292
1285 	0.0997352134029476
1286 	0.106654698718766
1287 	0.114579245161023
1288 	0.124157622345726
1289 	0.13373599953043
1290 	0.143314376715133
1291 	0.152892753899836
1292 	0.160879305318233
1293 	0.161256377495381
1294 	0.16163344967253
1295 	0.162010521849679
1296 	0.162387594026827
1297 	0.162764666203976
1298 	0.155793225216743
1299 	0.148633360815037
1300 	0.141473496413331
1301 	0.134313632011626
1302 	0.12715376760992
1303 	0.126862723336195
1304 	0.128452948269497
1305 	0.130043173202798
1306 	0.131633398136099
1307 	0.1332236230694
1308 	0.13273593600477
1309 	0.130880204059246
1310 	0.129024472113722
1311 	0.127168740168199
1312 	0.125313008222675
1313 	0.11731865621376
1314 	0.101120354026671
1315 	0.0849220518395815
1316 	0.0687237496524924
1317 	0.0525254474654032
1318 	0.0396626494467399
1319 	0.0362440567172225
1320 	0.0328254639877052
1321 	0.0294068712581878
1322 	0.0259882785286704
1323 	0.0241311555983297
1324 	0.0361726598903455
1325 	0.0482141641823614
1326 	0.0602556684743772
1327 	0.072297172766393
1328 	0.0843386770584089
1329 	0.0856841080324441
1330 	0.0864547236859143
1331 	0.0872253393393845
1332 	0.0879959549928547
1333 	0.0887665706463249
1334 	0.0844713382002577
1335 	0.078948974848092
1336 	0.0734266114959262
1337 	0.0679042481437604
1338 	0.0623818847915946
1339 	0.0568449812278575
1340 	0.0513008836282009
1341 	0.0457567860285442
1342 	0.0402126884288876
1343 	0.034668590829231
1344 	0.0312060269679085
1345 	0.0295166214762784
1346 	0.0278272159846482
1347 	0.0261378104930181
1348 	0.024448405001388
1349 	0.0247238563367385
1350 	0.0277238466135575
1351 	0.0307238368903765
1352 	0.0337238271671955
1353 	0.0367238174440145
1354 	0.0396750239495044
1355 	0.0425155901370128
1356 	0.0453561563245211
1357 	0.0481967225120295
1358 	0.0510372886995378
1359 	0.0566309726519686
1360 	0.073237127664086
1361 	0.0898432826762033
1362 	0.106449437688321
1363 	0.123055592700438
1364 	0.139918965846613
1365 	0.159046867271055
1366 	0.178174768695498
1367 	0.19730267011994
1368 	0.216430571544382
1369 	0.235392499452782
1370 	0.240689274540299
1371 	0.245986049627816
1372 	0.251282824715332
1373 	0.256579599802849
1374 	0.261876374890366
1375 	0.267749221523307
1376 	0.273665428380098
1377 	0.279581635236889
1378 	0.28549784209368
1379 	0.291414048950471
1380 	0.277540434383036
1381 	0.260310651269972
1382 	0.243080868156908
1383 	0.225851085043845
1384 	0.208621301930781
1385 	0.185421339535076
1386 	0.160624789270375
1387 	0.135828239005675
1388 	0.111031688740974
1389 	0.0862351384762733
1390 	0.0705538672423937
1391 	0.0582440005815573
1392 	0.0459341339207208
1393 	0.0336242672598844
1394 	0.0213144005990479
1395 	0.0155821370670748
1396 	0.012973749947333
1397 	0.0103653628275912
1398 	0.00775697570784942
1399 	0.00514858858810764
1400 	0.00412361765895919
1401 	0.00400879934330141
1402 	0.00389398102764364
1403 	0.00377916271198587
1404 	0.0036643443963281
1405 	0.00992592236283336
1406 	0.020456172965646
1407 	0.0309864235684586
1408 	0.0415166741712712
1409 	0.0520469247740838
1410 	0.0673216375344734
1411 	0.0861464023987859
1412 	0.104971167263098
1413 	0.123795932127411
1414 	0.142620696991723
1415 	0.160871415464851
1416 	0.178656241214698
1417 	0.196441066964546
1418 	0.214225892714393
1419 	0.23201071846424
1420 	0.250941574759485
1421 	0.270848679297107
1422 	0.290755783834729
1423 	0.31066288837235
1424 	0.330569992909972
1425 	0.369175854443161
1426 	0.423968699644153
1427 	0.478761544845144
1428 	0.533554390046136
1429 	0.588347235247127
1430 	0.649457023770987
1431 	0.715969615396595
1432 	0.782482207022204
1433 	0.848994798647812
1434 	0.91550739027342
1435 	0.951749219578763
1436 	0.963323948554155
1437 	0.974898677529547
1438 	0.986473406504939
1439 	0.998048135480331
1440 	1
1441 	0.994692510632017
1442 	0.989385021264033
1443 	0.98407753189605
1444 	0.978770042528067
1445 	0.973342972255309
1446 	0.967835179864254
1447 	0.962327387473198
1448 	0.956819595082143
1449 	0.951311802691087
1450 	0.938952094963745
1451 	0.92261979177287
1452 	0.906287488581995
1453 	0.88995518539112
1454 	0.873622882200245
1455 	0.848444096311355
1456 	0.819025280253593
1457 	0.789606464195831
1458 	0.760187648138068
1459 	0.730768832080306
1460 	0.695393716389119
1461 	0.657781915966261
1462 	0.620170115543404
1463 	0.582558315120547
1464 	0.544946514697689
1465 	0.513978131244119
1466 	0.484818515260557
1467 	0.455658899276995
1468 	0.426499283293434
1469 	0.397339667309872
1470 	0.368504610746836
1471 	0.339725486463773
1472 	0.310946362180711
1473 	0.282167237897648
1474 	0.253388113614585
1475 	0.23074440950061
1476 	0.208583861451731
1477 	0.186423313402851
1478 	0.164262765353972
1479 	0.142187655306994
1480 	0.128570907448206
1481 	0.114954159589419
1482 	0.101337411730632
1483 	0.0877206638718452
1484 	0.0749325770429829
1485 	0.0695203938369068
1486 	0.0641082106308307
1487 	0.0586960274247545
1488 	0.0532838442186784
1489 	0.0484308432347391
1490 	0.0458145711393462
1491 	0.0431982990439534
1492 	0.0405820269485606
1493 	0.0379657548531677
1494 	0.0362665797100547
1495 	0.0366375941041724
1496 	0.0370086084982901
1497 	0.0373796228924078
1498 	0.0377506372865255
1499 	0.0374501259330159
1500 	0.0362260672923896
1501 	0.0350020086517633
1502 	0.033777950011137
1503 	0.0325538913705107
1504 	0.0312926139463938
1505 	0.030000138424351
1506 	0.0287076629023081
1507 	0.0274151873802653
1508 	0.0261227118582224
1509 	0.0242682666775317
1510 	0.0221432435130475
1511 	0.0200182203485633
1512 	0.017893197184079
1513 	0.0157681740195948
1514 	0.0164969606475399
1515 	0.0178821586299547
1516 	0.0192673566123695
1517 	0.0206525545947843
1518 	0.0220377525771992
1519 	0.0233769098076045
1520 	0.0247141486733428
1521 	0.0260513875390811
1522 	0.0273886264048194
1523 	0.0287152427504047
1524 	0.0299601118756822
1525 	0.0312049810009598
1526 	0.0324498501262374
1527 	0.0336947192515149
1528 	0.0350276320197095
1529 	0.0365892048964871
1530 	0.0381507777732647
1531 	0.0397123506500424
1532 	0.04127392352682
1533 	0.0421312484305546
1534 	0.0421243402983278
1535 	0.0421174321661011
1536 	0.0421105240338744
1537 	0.0421036159016477
1538 	0.0419056137190918
1539 	0.0415944156978057
1540 	0.0412832176765197
1541 	0.0409720196552336
1542 	0.0406608216339476
1543 	0.041612459329645
1544 	0.0428507529856393
1545 	0.0440890466416335
1546 	0.0453273402976278
1547 	0.0465945211617763
1548 	0.0507215356332021
1549 	0.0548485501046279
1550 	0.0589755645760537
1551 	0.0631025790474795
1552 	0.0694790284833882
1553 	0.0841667704875993
1554 	0.0988545124918103
1555 	0.113542254496021
1556 	0.128229996500232
1557 	0.14925262506873
1558 	0.178845982518322
1559 	0.208439339967914
1560 	0.238032697417505
1561 	0.267626054867097
1562 	0.282285145386967
1563 	0.288688647355623
1564 	0.295092149324279
1565 	0.301495651292935
1566 	0.307899153261591
1567 	0.281062640430913
1568 	0.249346859372813
1569 	0.217631078314713
1570 	0.185915297256613
1571 	0.155872254081921
1572 	0.139789537354749
1573 	0.123706820627576
1574 	0.107624103900403
1575 	0.0915413871732308
1576 	0.0789805895426597
1577 	0.0729318303556592
1578 	0.0668830711686588
1579 	0.0608343119816583
1580 	0.0547855527946578
1581 	0.0511552206067699
1582 	0.04911711979309
1583 	0.0470790189794101
1584 	0.0450409181657303
1585 	0.0430028173520504
1586 	0.0375446428305053
1587 	0.0315435365615937
1588 	0.0255424302926821
1589 	0.0195413240237704
1590 	0.014135161891568
1591 	0.0126412081734816
1592 	0.0111472544553952
1593 	0.0096533007373088
1594 	0.00815934701922239
1595 	0.00827475445739984
1596 	0.010725313377216
1597 	0.0131758722970321
1598 	0.0156264312168482
1599 	0.0180769901366644
1600 	0.0297480968026235
1601 	0.0455039194253879
1602 	0.0612597420481524
1603 	0.0770155646709169
1604 	0.0927713872936813
1605 	0.126399421340684
1606 	0.160281219038739
1607 	0.194163016736794
1608 	0.228044814434849
1609 	0.256136572192537
1610 	0.269844014697677
1611 	0.283551457202816
1612 	0.297258899707956
1613 	0.310966342213096
1614 	0.309233390112183
1615 	0.297034130258173
1616 	0.284834870404162
1617 	0.272635610550152
1618 	0.260436350696142
1619 	0.260923762480032
1620 	0.262604887350202
1621 	0.264286012220371
1622 	0.265967137090541
1623 	0.275011598820653
1624 	0.307373293940586
1625 	0.339734989060518
1626 	0.37209668418045
1627 	0.404458379300382
1628 	0.439199147901515
1629 	0.475705570340612
1630 	0.512211992779709
1631 	0.548718415218806
1632 	0.585224837657903
1633 	0.603027468437653
1634 	0.619114904349079
1635 	0.635202340260504
1636 	0.651289776171929
1637 	0.666430173558469
1638 	0.678957314263559
1639 	0.691484454968649
1640 	0.704011595673739
1641 	0.716538736378829
1642 	0.727424036257736
1643 	0.737324231640933
1644 	0.74722442702413
1645 	0.757124622407328
1646 	0.767024817790525
1647 	0.725869305659733
1648 	0.684302053952214
1649 	0.642734802244694
1650 	0.601167550537175
1651 	0.560705617119809
1652 	0.52214194772249
1653 	0.483578278325171
1654 	0.445014608927852
1655 	0.406450939530533
1656 	0.389277675222809
1657 	0.379196569193793
1658 	0.369115463164777
1659 	0.359034357135761
1660 	0.350716886999734
1661 	0.352883252449805
1662 	0.355049617899876
1663 	0.357215983349947
1664 	0.359382348800018
1665 	0.371123103426752
1666 	0.39088944898098
1667 	0.410655794535209
1668 	0.430422140089437
1669 	0.450188485643665
1670 	0.474926093461181
1671 	0.499914353157519
1672 	0.524902612853856
1673 	0.549890872550193
1674 	0.57029679297646
1675 	0.582866789068268
1676 	0.595436785160077
1677 	0.608006781251885
1678 	0.620576777343693
1679 	0.576249534262922
1680 	0.517250676049605
1681 	0.458251817836287
1682 	0.39925295962297
1683 	0.342644856597063
1684 	0.294131766749576
1685 	0.245618676902089
1686 	0.197105587054601
1687 	0.148592497207114
1688 	0.120431253534127
1689 	0.102248783916891
1690 	0.0840663142996557
1691 	0.0658838446824201
1692 	0.0493123008524131
1693 	0.044443267493256
1694 	0.0395742341340988
1695 	0.0347052007749416
1696 	0.0298361674157845
1697 	0.0269471639713172
1698 	0.0254919752926602
1699 	0.0240367866140032
1700 	0.0225815979353462
1701 	0.0211995874487634
1702 	0.0213013815801953
1703 	0.0214031757116271
1704 	0.021504969843059
1705 	0.0216067639744909
1706 	0.0224041853820461
1707 	0.0238385988163965
1708 	0.0252730122507469
1709 	0.0267074256850973
1710 	0.0281489918524201
1711 	0.0307755274488238
1712 	0.0334020630452275
1713 	0.0360285986416313
1714 	0.038655134238035
1715 	0.0407786086433326
1716 	0.042397005580205
1717 	0.0440154025170774
1718 	0.0456337994539499
1719 	0.0472521963908223
1720 	0.0476289568404492
1721 	0.0480057172900761
1722 	0.048382477739703
1723 	0.0487592381893299
1724 	0.0487123269696928
1725 	0.0482567265759718
1726 	0.0478011261822509
1727 	0.04734552578853
1728 	0.0469500662295005
1729 	0.048721904157681
1730 	0.0504937420858615
1731 	0.052265580014042
1732 	0.0540374179422225
1733 	0.0547466010367648
1734 	0.0545968208209347
1735 	0.0544470406051045
1736 	0.0542972603892744
1737 	0.054092140692297
1738 	0.0533135027361574
1739 	0.0525348647800178
1740 	0.0517562268238781
1741 	0.0509775888677385
1742 	0.0507234681454239
1743 	0.0507760777864713
1744 	0.0508286874275186
1745 	0.0508812970685659
1746 	0.0510683006692068
1747 	0.0518593386596696
1748 	0.0526503766501323
1749 	0.053441414640595
1750 	0.0542324526310577
1751 	0.0545244298254768
1752 	0.0546437843757732
1753 	0.0547631389260695
1754 	0.0548824934763658
1755 	0.054931738403204
1756 	0.0548256600806445
1757 	0.0547195817580849
1758 	0.0546135034355254
1759 	0.0545074251129659
1760 	0.0541320141167864
1761 	0.053722633233844
1762 	0.0533132523509015
1763 	0.0529038714679591
1764 	0.0533213619296509
1765 	0.0546564353602829
1766 	0.055991508790915
1767 	0.057326582221547
1768 	0.0586476648218704
1769 	0.0597769907479631
1770 	0.0609063166740558
1771 	0.0620356426001485
1772 	0.0631649685262412
1773 	0.0624736837667035
1774 	0.0608897299824679
1775 	0.0593057761982324
1776 	0.0577218224139968
1777 	0.0564125952956058
1778 	0.0558028495462806
1779 	0.0551931037969553
1780 	0.0545833580476301
1781 	0.0539736122983049
1782 	0.0534658548104565
1783 	0.0529691780871588
1784 	0.0524725013638612
1785 	0.0519758246405635
1786 	0.051511992422886
1787 	0.0510772864649092
1788 	0.0506425805069325
1789 	0.0502078745489557
1790 	0.0498457521416596
1791 	0.0498456782236866
1792 	0.0498456043057136
1793 	0.0498455303877407
1794 	0.0498454564697677
1795 	0.0502427233973333
1796 	0.0507313836067139
1797 	0.0512200438160945
1798 	0.0517087040254752
1799 	0.0520062632402651
1800 	0.0520857136111217
1801 	0.0521651639819783
1802 	0.0522446143528349
1803 	0.0522943960154156
1804 	0.0521456255533807
1805 	0.0519968550913459
1806 	0.051848084629311
1807 	0.0516993141672761
1808 	0.0513024901547753
1809 	0.0508440398544558
1810 	0.0503855895541363
1811 	0.0499271392538169
1812 	0.0496253316563352
1813 	0.049492541860876
1814 	0.0493597520654168
1815 	0.0492269622699576
1816 	0.0491227898861812
1817 	0.0491583378065029
1818 	0.0491938857268246
1819 	0.0492294336471463
1820 	0.0492649815674679
1821 	0.0499566408632774
1822 	0.0507489493089599
1823 	0.0515412577546424
1824 	0.0523335662003249
1825 	0.0528546070140223
1826 	0.0531734989989979
1827 	0.0534923909839735
1828 	0.053811282968949
1829 	0.0539413915606837
1830 	0.0536047856524616
1831 	0.0532681797442396
1832 	0.0529315738360176
1833 	0.0525965763353652
1834 	0.0524061892971153
1835 	0.0522158022588654
1836 	0.0520254152206155
1837 	0.0518350281823656
1838 	0.0520894007170156
1839 	0.0524976133731129
1840 	0.0529058260292101
1841 	0.0533140386853074
1842 	0.0535329184757936
1843 	0.0535499475252565
1844 	0.0535669765747194
1845 	0.0535840056241822
1846 	0.0536402473860337
1847 	0.0538255713384521
1848 	0.0540108952908704
1849 	0.0541962192432888
1850 	0.0543815431957071
1851 	0.0542316421801607
1852 	0.0540786967400818
1853 	0.0539257513000029
1854 	0.053772805859924
1855 	0.0536379295401624
1856 	0.0535088219896841
1857 	0.0533797144392059
1858 	0.0532506068887276
1859 	0.0532614738995545
1860 	0.0533949827867972
1861 	0.0535284916740398
1862 	0.0536620005612824
1863 	0.0537872889413474
1864 	0.0538949471770878
1865 	0.0540026054128282
1866 	0.0541102636485686
1867 	0.0542031740817966
1868 	0.0541779692318395
1869 	0.0541527643818823
1870 	0.0541275595319252
1871 	0.054102354681968
1872 	0.0541289929875761
1873 	0.0541606337029316
1874 	0.0541922744182872
1875 	0.0542239151336428
1876 	0.0539564822687382
1877 	0.0535744665798612
1878 	0.0531924508909842
1879 	0.0528104352021071
1880 	0.0521497324000132
1881 	0.0512535338454222
1882 	0.0503573352908312
1883 	0.0494611367362403
1884 	0.0487429398135002
1885 	0.0483278267503983
1886 	0.0479127136872965
1887 	0.0474976006241946
1888 	0.0472675559296869
1889 	0.0477464929564116
1890 	0.0482254299831362
1891 	0.0487043670098609
1892 	0.0491707658952688
1893 	0.0494131342179054
1894 	0.049655502540542
1895 	0.0498978708631786
1896 	0.0501402391858152
1897 	0.0503399092031803
1898 	0.0505352011142717
1899 	0.0507304930253631
1900 	0.0509257849364545
1901 	0.051246819036227
1902 	0.0516054124910602
1903 	0.0519640059458934
1904 	0.0523225994007266
1905 	0.0524724897571368
1906 	0.0525060005041459
1907 	0.0525395112511551
1908 	0.0525730219981643
1909 	0.0528323019930992
1910 	0.0532974939024905
1911 	0.0537626858118818
1912 	0.054227877721273
1913 	0.0544683663405239
1914 	0.0543894824868634
1915 	0.0543105986332029
1916 	0.0542317147795424
1917 	0.054122879690527
1918 	0.0539479982876521
1919 	0.0537731168847772
1920 	0.0535982354819023
1921 	0.0534730375172023
1922 	0.0535250211288246
1923 	0.0535770047404469
1924 	0.0536289883520691
1925 	0.0536882371313738
1926 	0.0537936410936018
1927 	0.0538990450558299
1928 	0.0540044490180579
1929 	0.0540881935515562
1930 	0.053838524911657
1931 	0.0535888562717577
1932 	0.0533391876318585
1933 	0.0530895189919592
1934 	0.0529779081626941
1935 	0.0528669910912713
1936 	0.0527560740198486
1937 	0.0526451569484258
1938 	0.0531512074477233
1939 	0.053698038319499
1940 	0.0542448691912747
1941 	0.0547917000630505
1942 	0.0549791086248072
1943 	0.0551220942044268
1944 	0.0552650797840464
1945 	0.055408065363666
1946 	0.0551614178574403
1947 	0.0548465502222006
1948 	0.0545316825869608
1949 	0.0542168149517211
1950 	0.0540874388926639
1951 	0.0539985049677561
1952 	0.0539095710428484
1953 	0.0538206371179406
1954 	0.053370243125743
1955 	0.0528294841167228
1956 	0.0522887251077027
1957 	0.0517479660986826
1958 	0.0518659122765572
1959 	0.0521610735554745
1960 	0.0524562348343919
1961 	0.0527513961133092
1962 	0.0528829679852029
1963 	0.052969469306182
1964 	0.0530559706271611
1965 	0.0531424719481402
1966 	0.0527298806594845
1967 	0.0521846191834575
1968 	0.0516393577074305
1969 	0.0510940962314034
1970 	0.0509598665516365
1971 	0.0509252035802803
1972 	0.0508905406089241
1973 	0.050855877637568
1974 	0.0507079178772672
1975 	0.050536423035205
1976 	0.0503649281931428
1977 	0.0501934333510806
1978 	0.0502204260391119
1979 	0.0502794625908865
1980 	0.0503384991426611
1981 	0.0503975356944358
1982 	0.0505853118923516
1983 	0.0507870753245488
1984 	0.050988838756746
1985 	0.0511906021889433
1986 	0.0512384320613551
1987 	0.0512786702471878
1988 	0.0513189084330205
1989 	0.0513604766274386
1990 	0.0515030231659884
1991 	0.0516455697045382
1992 	0.051788116243088
1993 	0.0519759362339483
1994 	0.0526774142825037
1995 	0.0533788923310591
1996 	0.0540803703796145
1997 	0.0546517708397363
1998 	0.0545351508478294
1999 	0.0544185308559226
2000 	0.0543019108640158
2001 	0.0541697895176105
2002 	0.053990155889531
2003 	0.0538105222614514
2004 	0.0536308886333719
2005 	0.0535436841646464
2006 	0.0536343112364324
2007 	0.0537249383082183
2008 	0.0538155653800043
2009 	0.0538082474964297
2010 	0.0536797583369838
2011 	0.053551269177538
2012 	0.0534227800180921
2013 	0.0532629508366965
2014 	0.0530785971104953
2015 	0.052894243384294
2016 	0.0527098896580928
2017 	0.0525361774375678
2018 	0.0523673814682032
2019 	0.0521985854988386
2020 	0.0520297895294739
2021 	0.0520363164102034
2022 	0.0520823768747776
2023 	0.0521284373393517
2024 	0.0521744978039259
2025 	0.0524066115744641
2026 	0.0526470851069212
2027 	0.0528875586393784
2028 	0.0531223513556638
2029 	0.0533102247383834
2030 	0.053498098121103
2031 	0.0536859715038226
2032 	0.0538244698767066
2033 	0.0538274181289557
2034 	0.0538303663812047
2035 	0.0538333146334538
2036 	0.0538535037925897
2037 	0.0538959954092583
2038 	0.0539384870259268
2039 	0.0539809786425953
2040 	0.0540109790280757
2041 	0.0540331266200078
2042 	0.05405527421194
2043 	0.0540774218038721
2044 	0.0539091187667649
2045 	0.0536935002799962
2046 	0.0534778817932276
2047 	0.0532622633064589
2048 	0.0525499267378427
2049 	0.0518360955310666
2050 	0.0511222643242904
2051 	0.0505997944868477
2052 	0.0508332967916222
2053 	0.0510667990963967
2054 	0.0513003014011711
2055 	0.0514308892107355
2056 	0.0514175941648861
2057 	0.0514042991190367
2058 	0.0513910040731873
2059 	0.051483641267577
2060 	0.0516358653471011
2061 	0.0517880894266253
2062 	0.0519403135061494
2063 	0.0518677738357027
2064 	0.051762536575054
2065 	0.0516572993144054
2066 	0.0515486371095803
2067 	0.0514136177256587
2068 	0.0512785983417371
2069 	0.0511435789578154
2070 	0.0510839380792411
2071 	0.0511548708957221
2072 	0.0512258037122032
2073 	0.0512967365286842
2074 	0.0518084308201791
2075 	0.0525823324963315
2076 	0.053356234172484
2077 	0.0541301358486364
2078 	0.0540611934103633
2079 	0.0538954695408908
2080 	0.0537297456714182
2081 	0.053562788443757
2082 	0.0533900568573034
2083 	0.0532173252708498
2084 	0.0530445936843962
2085 	0.0529757138142591
2086 	0.053026800581936
2087 	0.0530778873496128
2088 	0.0531289741172897
2089 	0.0531827685196292
2090 	0.053237408613635
2091 	0.0532920487076408
2092 	0.053347168996017
2093 	0.053408870771942
2094 	0.053470572547867
2095 	0.0535322743237919
2096 	0.0534701416550464
2097 	0.0532101955227367
2098 	0.0529502493904269
2099 	0.0526903032581172
2100 	0.0525327429956121
2101 	0.0524170023137314
2102 	0.0523012616318508
2103 	0.0521996829110788
2104 	0.0523986524760582
2105 	0.0525976220410375
2106 	0.0527965916060168
2107 	0.0528704296536959
2108 	0.0527477243670036
2109 	0.0526250190803113
2110 	0.0525023137936191
2111 	0.0524183859852522
2112 	0.0523479414510201
2113 	0.0522774969167879
2114 	0.0522345920128649
2115 	0.0524264296720533
2116 	0.0526182673312417
2117 	0.0528101049904302
2118 	0.0529731352565768
2119 	0.0531045800582353
2120 	0.0532360248598938
2121 	0.0533674696615522
2122 	0.0534856597535806
2123 	0.0536016561757168
2124 	0.0537176525978531
2125 	0.0536341996710888
2126 	0.0529491946920176
2127 	0.0522641897129464
2128 	0.0515791847338752
2129 	0.0513150163412876
2130 	0.0512784498621912
2131 	0.0512418833830948
2132 	0.0512094026882658
2133 	0.0512432807655055
2134 	0.0512771588427451
2135 	0.0513110369199847
2136 	0.0514285806590504
2137 	0.0516378584466171
2138 	0.0518471362341838
2139 	0.0520564140217505
2140 	0.0521278328640467
2141 	0.0521847803253477
2142 	0.0522417277866488
2143 	0.0522313359852324
2144 	0.052091959065433
2145 	0.0519525821456337
2146 	0.0518132052258343
2147 	0.0517181042381396
2148 	0.0516347728020169
2149 	0.0515514413658943
2150 	0.0515874895582818
2151 	0.0519894411648831
2152 	0.0523913927714844
2153 	0.0527933443780857
2154 	0.0528261445264245
2155 	0.0527096249837806
2156 	0.0525931054411368
2157 	0.0525194452271519
2158 	0.0526309008369496
2159 	0.0527423564467472
2160 	0.0528538120565449
2161 	0.0530077584430475
2162 	0.0531823504223918
2163 	0.0533569424017361
2164 	0.0535024049003511
2165 	0.053502568851376
2166 	0.0535027328024009
2167 	0.0535028967534259
2168 	0.053440398837646
2169 	0.0533470376143355
2170 	0.053253676391025
2171 	0.0531586970227489
2172 	0.0530565415333217
2173 	0.0529543860438944
2174 	0.0528522305544671
2175 	0.0528463181658519
2176 	0.0528802915318873
2177 	0.0529142648979227
2178 	0.052953862462038
2179 	0.0530113680376132
2180 	0.0530688736131884
2181 	0.0531263791887635
2182 	0.053120919280517
2183 	0.0530976998768337
2184 	0.0530744804731504
2185 	0.0530271850286437
2186 	0.0529314474297093
2187 	0.0528357098307749
2188 	0.0527399722318406
2189 	0.05267416538575
2190 	0.0526119824424702
2191 	0.0525497994991903
2192 	0.0526099227767528
2193 	0.052811900137668
2194 	0.0530138774985832
2195 	0.0532070751368048
2196 	0.0532000114812058
2197 	0.0531929478256069
2198 	0.053185884170008
2199 	0.0528148534645176
2200 	0.0522318925780777
2201 	0.0516489316916379
2202 	0.0512408902804607
2203 	0.0514151565596592
2204 	0.0515894228388577
2205 	0.0517636891180562
2206 	0.051995040752973
2207 	0.0522373467886892
2208 	0.0524796528244054
2209 	0.0525387049082352
2210 	0.052380017613784
2211 	0.0522213303193329
2212 	0.0520633812018816
2213 	0.051913378342723
2214 	0.0517633754835643
2215 	0.0516133726244057
2216 	0.0515461061465682
2217 	0.0515106966133391
2218 	0.0514752870801099
2219 	0.0514727441993079
2220 	0.0515264041848513
2221 	0.0515800641703947
2222 	0.051646934035196
2223 	0.0522086662998913
2224 	0.0527703985645866
2225 	0.0533321308292819
2226 	0.0534472893052699
2227 	0.0533636837250125
2228 	0.0532800781447551
2229 	0.0532789178280709
2230 	0.0534193482901319
2231 	0.053559778752193
2232 	0.0536888853661598
2233 	0.0536156583170082
2234 	0.0535424312678566
2235 	0.053469204218705
2236 	0.053285996901925
2237 	0.0530657374094198
2238 	0.0528454779169147
2239 	0.0527032206342097
2240 	0.0526551514503141
2241 	0.0526070822664186
2242 	0.0526056179328366
2243 	0.0528366197089025
2244 	0.0530676214849683
2245 	0.0532986232610341
2246 	0.0531947516028998
2247 	0.0530499133854749
2248 	0.0529050751680501
2249 	0.0527263651722098
2250 	0.0525273321093204
2251 	0.0523282990464309
2252 	0.0522779719234731
2253 	0.0524819359877695
2254 	0.0526859000520659
2255 	0.0528939818172721
2256 	0.0531316975283697
2257 	0.0533694132394674
2258 	0.053607128950565
2259 	0.053897439128934
2260 	0.0541945836166094
2261 	0.0544917281042848
2262 	0.0545842588432836
2263 	0.0545699668793965
2264 	0.0545556749155095
2265 	0.0544917115697046
2266 	0.0543645301014588
2267 	0.054237348633213
2268 	0.0539733582801313
2269 	0.0532564833427652
2270 	0.052539608405399
2271 	0.0518414794746827
2272 	0.051675957674078
2273 	0.0515104358734732
2274 	0.0513449140728684
2275 	0.0512933509375698
2276 	0.0512625320510386
2277 	0.0512317131645074
2278 	0.0511295692234679
2279 	0.0509918162222315
2280 	0.0508540632209952
2281 	0.0508010441016457
2282 	0.0508334394576116
2283 	0.0508658348135776
2284 	0.0509917326022966
2285 	0.051299946343965
2286 	0.0516081600856334
2287 	0.0518866993283837
2288 	0.0520387314967993
2289 	0.0521907636652149
2290 	0.0523636794127269
2291 	0.0529251935242108
2292 	0.0534867076356948
2293 	0.0540482217471788
2294 	0.0538571369416858
2295 	0.0536014969630753
2296 	0.0533458569844648
2297 	0.053128280883908
2298 	0.0529201020998782
2299 	0.0527119233158485
2300 	0.0526944633210813
2301 	0.0527618897238473
2302 	0.0528293161266133
2303 	0.0528980128837082
2304 	0.052967585155273
2305 	0.0530371574268379
2306 	0.0531233328602425
2307 	0.0532259791593764
2308 	0.0533286254585103
2309 	0.0533943131853609
2310 	0.053409171901874
2311 	0.0534240306183871
2312 	0.0533627957851218
2313 	0.0531608637615254
2314 	0.052958931737929
2315 	0.0528076416757025
2316 	0.052779737010765
2317 	0.0527518323458276
2318 	0.0527161140329785
2319 	0.0526556525017428
2320 	0.052595190970507
2321 	0.0525421664225247
2322 	0.0525190766664322
2323 	0.0524959869103396
2324 	0.0524689923040347
2325 	0.052422659391917
2326 	0.0523763264797992
2327 	0.0523488268392366
2328 	0.0524306114206917
2329 	0.0525123960021468
2330 	0.052580922402305
2331 	0.0525652203565774
2332 	0.0525495183108498
2333 	0.0524481522623615
2334 	0.0517979020480369
2335 	0.0511476518337123
2336 	0.0506411274936716
2337 	0.050982090205443
2338 	0.0513230529172144
2339 	0.0516248003240908
2340 	0.0517251783432543
2341 	0.0518255563624178
2342 	0.0519244148537871
2343 	0.0520168786656887
2344 	0.0521093424775903
2345 	0.0522141872253348
2346 	0.0523602481620974
2347 	0.0525063090988601
2348 	0.0525763116440982
2349 	0.0524507354682737
2350 	0.0523251592924492
2351 	0.0521497923853768
2352 	0.0518773408961368
2353 	0.0516048894068968
2354 	0.0517174120348289
2355 	0.052388524558266
2356 	0.053059637081703
2357 	0.0534771499397325
2358 	0.0536275239305052
2359 	0.053777897921278
2360 	0.0538365427156713
2361 	0.0538276646293964
2362 	0.0538187865431215
2363 	0.0536298709451728
2364 	0.0533542706193812
2365 	0.0530786702935896
2366 	0.0529683704707374
2367 	0.0529036126231847
2368 	0.0528388547756321
2369 	0.052707654643162
2370 	0.0525693172995767
2371 	0.0524381967916959
2372 	0.0525253855638771
2373 	0.0526125743360583
2374 	0.0526897858682335
2375 	0.0527186282076313
2376 	0.0527474705470291
2377 	0.052775068811353
2378 	0.052800023416145
2379 	0.0528249780209369
2380 	0.0528951830441924
2381 	0.0530144093541168
2382 	0.0531336356640413
2383 	0.0533773145301591
2384 	0.0536883013272846
2385 	0.05399928812441
2386 	0.0540597484251369
2387 	0.0540685319696706
2388 	0.0540786524753225
2389 	0.054161711637533
2390 	0.0542447707997435
2391 	0.054253910180605
2392 	0.0539978877769942
2393 	0.0537418653733834
2394 	0.053140574479498
2395 	0.0520778499958062
2396 	0.0510151255121144
2397 	0.0507058362618766
2398 	0.0508058204717864
2399 	0.0509058046816963
2400 	0.0508593056278008
