 	avcm10
200 	0
201 	0
202 	0
203 	0.0662952151637919
204 	0.0645368646988513
205 	0.0627785142339108
206 	0.0610201637689702
207 	0.0592618133040296
208 	0.0575034628390891
209 	0.055878242549312
210 	0.0557434308058778
211 	0.0556086190624436
212 	0.0554738073190093
213 	0.0553389955755751
214 	0.0552041838321409
215 	0.0550693720887067
216 	0.0538885897688242
217 	0.0521270741739929
218 	0.0503655585791617
219 	0.0486040429843305
220 	0.0468425273894992
221 	0.045081011794668
222 	0.0436656390449979
223 	0.0435524227128387
224 	0.0434392063806796
225 	0.0433259900485204
226 	0.0432127737163612
227 	0.0430995573842021
228 	0.0429863410520429
229 	0.0424887821432692
230 	0.0418847068371451
231 	0.041280631531021
232 	0.040676556224897
233 	0.0400724809187729
234 	0.0394684056126488
235 	0.0390768794969565
236 	0.039059956650589
237 	0.0390430338042214
238 	0.0390261109578538
239 	0.0390091881114862
240 	0.0389922652651186
241 	0.038975342418751
242 	0.0406159522125769
243 	0.0423511780344899
244 	0.0440864038564028
245 	0.0458216296783158
246 	0.0475568555002288
247 	0.0492920813221418
248 	0.0511985187962586
249 	0.0532531693424324
250 	0.0553078198886062
251 	0.05736247043478
252 	0.0594171209809537
253 	0.0614717715271275
254 	0.0634302281435233
255 	0.0647561367974395
256 	0.0660820454513558
257 	0.067407954105272
258 	0.0687338627591882
259 	0.0700597714131044
260 	0.0713856800670206
261 	0.0706595200917664
262 	0.0691896949184747
263 	0.0677198697451831
264 	0.0662500445718915
265 	0.0647802193985999
266 	0.0633103942253083
267 	0.0614374685443951
268 	0.0587889869160696
269 	0.0561405052877442
270 	0.0534920236594188
271 	0.0508435420310933
272 	0.0481950604027679
273 	0.0455465787744425
274 	0.0441161782075353
275 	0.0427418399488942
276 	0.0413675016902532
277 	0.0399931634316121
278 	0.0386188251729711
279 	0.03724448691433
280 	0.0389886734711781
281 	0.0430378566307791
282 	0.0470870397903801
283 	0.0511362229499812
284 	0.0551854061095822
285 	0.0592345892691832
286 	0.0640858802151932
287 	0.0721256493768284
288 	0.0801654185384636
289 	0.0882051877000988
290 	0.096244956861734
291 	0.104284726023369
292 	0.112324495185004
293 	0.120201250211824
294 	0.12804508892296
295 	0.135888927634096
296 	0.143732766345232
297 	0.151576605056368
298 	0.159420443767504
299 	0.166007950818175
300 	0.17117304398461
301 	0.176338137151045
302 	0.181503230317479
303 	0.186668323483914
304 	0.191833416650348
305 	0.195811197086734
306 	0.190375283734882
307 	0.184939370383029
308 	0.179503457031177
309 	0.174067543679324
310 	0.168631630327471
311 	0.163195716975619
312 	0.156160081099298
313 	0.148622035652219
314 	0.141083990205139
315 	0.133545944758059
316 	0.12600789931098
317 	0.1184698538639
318 	0.115888091045104
319 	0.120264186531399
320 	0.124640282017695
321 	0.12901637750399
322 	0.133392472990285
323 	0.13776856847658
324 	0.141949936266691
325 	0.143797100633715
326 	0.14564426500074
327 	0.147491429367764
328 	0.149338593734788
329 	0.151185758101812
330 	0.153032922468837
331 	0.148065597220275
332 	0.140753501351297
333 	0.133441405482318
334 	0.12612930961334
335 	0.118817213744362
336 	0.111505117875384
337 	0.10602070302216
338 	0.103091535248517
339 	0.100162367474873
340 	0.0972331997012296
341 	0.0943040319275861
342 	0.0913748641539426
343 	0.0885591990496433
344 	0.0868247962164645
345 	0.0850903933832857
346 	0.0833559905501068
347 	0.081621587716928
348 	0.0798871848837492
349 	0.0781527820505704
350 	0.0770792714256429
351 	0.0761921662953504
352 	0.0753050611650579
353 	0.0744179560347654
354 	0.0735308509044729
355 	0.0726437457741804
356 	0.0719207276732359
357 	0.0713820026477161
358 	0.0708432776221963
359 	0.0703045525966766
360 	0.0697658275711568
361 	0.069227102545637
362 	0.0684427090188099
363 	0.0664329151231856
364 	0.0644231212275614
365 	0.0624133273319372
366 	0.0604035334363129
367 	0.0583937395406887
368 	0.0563839456450644
369 	0.054169807489276
370 	0.0519251351336928
371 	0.0496804627781097
372 	0.0474357904225266
373 	0.0451911180669435
374 	0.0429464457113603
375 	0.0416305308809025
376 	0.0409899302440159
377 	0.0403493296071293
378 	0.0397087289702427
379 	0.039068128333356
380 	0.0384275276964694
381 	0.0384077933784124
382 	0.0398861904167121
383 	0.0413645874550119
384 	0.0428429844933116
385 	0.0443213815316113
386 	0.045799778569911
387 	0.0472814226118316
388 	0.0489917484801946
389 	0.0507020743485575
390 	0.0524124002169205
391 	0.0541227260852834
392 	0.0558330519536464
393 	0.0575433778220094
394 	0.057636961563877
395 	0.0571654492048509
396 	0.0566939368458247
397 	0.0562224244867986
398 	0.0557509121277724
399 	0.0552793997687463
400 	0.0533126034686194
401 	0.0496864836389167
402 	0.046060363809214
403 	0.0424342439795113
404 	0.0388081241498085
405 	0.0351820043201058
406 	0.032304431441578
407 	0.0321926165469686
408 	0.0320808016523592
409 	0.0319689867577498
410 	0.0318571718631404
411 	0.031745356968531
412 	0.0316335420739216
413 	0.0372692423809825
414 	0.0431569214338366
415 	0.0490446004866908
416 	0.0549322795395449
417 	0.0608199585923991
418 	0.0667076376452533
419 	0.0749927026329753
420 	0.0842617440763343
421 	0.0935307855196933
422 	0.102799826963052
423 	0.112068868406411
424 	0.12133790984977
425 	0.126886958327226
426 	0.128173182247186
427 	0.129459406167147
428 	0.130745630087108
429 	0.132031854007069
430 	0.133318077927029
431 	0.133608152830287
432 	0.130544381044119
433 	0.127480609257951
434 	0.124416837471782
435 	0.121353065685614
436 	0.118289293899446
437 	0.115225522113278
438 	0.1121051053467
439 	0.108984631878439
440 	0.105864158410178
441 	0.102743684941918
442 	0.0996232114736568
443 	0.096502738005396
444 	0.0919525851786081
445 	0.0869849807561779
446 	0.0820173763337477
447 	0.0770497719113175
448 	0.0720821674888873
449 	0.067114563066457
450 	0.0639150722981917
451 	0.0621275284048352
452 	0.0603399845114787
453 	0.0585524406181222
454 	0.0567648967247657
455 	0.0549773528314092
456 	0.0535616899408365
457 	0.0528551954741771
458 	0.0521487010075177
459 	0.0514422065408583
460 	0.0507357120741989
461 	0.0500292176075395
462 	0.0495731046088416
463 	0.0506809686056713
464 	0.0517888326025011
465 	0.0528966965993308
466 	0.0540045605961606
467 	0.0551124245929903
468 	0.0562202885898201
469 	0.055607898455783
470 	0.054881802824823
471 	0.0541557071938629
472 	0.0534296115629029
473 	0.0527035159319428
474 	0.0519774203009828
475 	0.0547256162936876
476 	0.0586692674687285
477 	0.0626129186437695
478 	0.0665565698188104
479 	0.0705002209938514
480 	0.0744438721688923
481 	0.0801682099741364
482 	0.0873087850813194
483 	0.0944493601885024
484 	0.101589935295685
485 	0.108730510402868
486 	0.115871085510051
487 	0.119965392408166
488 	0.119004190363572
489 	0.118042988318978
490 	0.117081786274384
491 	0.11612058422979
492 	0.115159382185195
493 	0.114297743828196
494 	0.113834360221575
495 	0.113370976614953
496 	0.112907593008332
497 	0.112444209401711
498 	0.11198082579509
499 	0.111249034449913
500 	0.102397909013421
501 	0.0935467835769295
502 	0.0846956581404378
503 	0.0758445327039462
504 	0.0669934072674545
505 	0.0581422818309628
506 	0.0545291254508918
507 	0.051705582357807
508 	0.0488820392647221
509 	0.0460584961716373
510 	0.0432349530785524
511 	0.0404114099854675
512 	0.0438182469239242
513 	0.0497452375830044
514 	0.0556722282420847
515 	0.0615992189011649
516 	0.0675262095602452
517 	0.0734532002193254
518 	0.0803040668552986
519 	0.0878749649465727
520 	0.0954458630378468
521 	0.103016761129121
522 	0.110587659220395
523 	0.118158557311669
524 	0.119701813131899
525 	0.112852514402493
526 	0.106003215673088
527 	0.0991539169436822
528 	0.0923046182142766
529 	0.085455319484871
530 	0.0798291098239243
531 	0.0773324412313838
532 	0.0748357726388434
533 	0.072339104046303
534 	0.0698424354537626
535 	0.0673457668612221
536 	0.0654972707901074
537 	0.0673507533480751
538 	0.0692042359060428
539 	0.0710577184640105
540 	0.0729112010219781
541 	0.0747646835799458
542 	0.0765648696567215
543 	0.0761976654983569
544 	0.0758304613399922
545 	0.0754632571816276
546 	0.075096053023263
547 	0.0747288488648984
548 	0.0743616447065337
549 	0.0768914870185181
550 	0.0797254391809812
551 	0.0825593913434443
552 	0.0853933435059074
553 	0.0882272956683705
554 	0.0910612478308336
555 	0.100232903130991
556 	0.111058914735692
557 	0.121884926340392
558 	0.132710937945093
559 	0.143536949549793
560 	0.154362961154494
561 	0.154413991997241
562 	0.149555897689346
563 	0.144697803381451
564 	0.139839709073556
565 	0.134981614765661
566 	0.130123520457766
567 	0.120620328369232
568 	0.107848949937592
569 	0.0950775715059516
570 	0.0823061930743112
571 	0.0695348146426708
572 	0.0567634362110304
573 	0.0490125834427618
574 	0.0464248270463572
575 	0.0438370706499526
576 	0.041249314253548
577 	0.0386615578571434
578 	0.0360738014607388
579 	0.0350167400489089
580 	0.0361991683435753
581 	0.0373815966382418
582 	0.0385640249329082
583 	0.0397464532275746
584 	0.0409288815222411
585 	0.0420089002961408
586 	0.0428762223730637
587 	0.0437435444499865
588 	0.0446108665269094
589 	0.0454781886038323
590 	0.0463455106807551
591 	0.0470057544098631
592 	0.047048063148878
593 	0.0470903718878929
594 	0.0471326806269078
595 	0.0471749893659228
596 	0.0472172981049377
597 	0.0472311122362445
598 	0.0471177127364173
599 	0.0470043132365901
600 	0.0468909137367629
601 	0.0467775142369357
602 	0.0466641147371085
603 	0.0466315606011339
604 	0.0471863046042203
605 	0.0477410486073068
606 	0.0482957926103932
607 	0.0488505366134796
608 	0.0494052806165661
609 	0.0500868371433745
610 	0.0525925430498735
611 	0.0550982489563725
612 	0.0576039548628716
613 	0.0601096607693706
614 	0.0626153666758696
615 	0.0651094062431781
616 	0.0669288569031765
617 	0.0687483075631748
618 	0.0705677582231732
619 	0.0723872088831715
620 	0.0742066595431699
621 	0.0760261102031682
622 	0.0755681350383536
623 	0.0750493661656899
624 	0.0745305972930262
625 	0.0740118284203625
626 	0.0734930595476988
627 	0.0729742906750351
628 	0.075320191940734
629 	0.077855442405344
630 	0.0803906928699539
631 	0.0829259433345639
632 	0.0854611937991739
633 	0.0879964442637838
634 	0.0954223667528802
635 	0.103343819887629
636 	0.111265273022378
637 	0.119186726157127
638 	0.127108179291877
639 	0.135029632426626
640 	0.139158394910342
641 	0.142794321885733
642 	0.146430248861123
643 	0.150066175836514
644 	0.153702102811904
645 	0.157338029787294
646 	0.157130850219383
647 	0.156339235094195
648 	0.155547619969007
649 	0.154756004843819
650 	0.153964389718631
651 	0.153172774593443
652 	0.153678004704133
653 	0.154397864212836
654 	0.155117723721539
655 	0.155837583230241
656 	0.156557442738944
657 	0.157277302247647
658 	0.155707877554138
659 	0.153747076404514
660 	0.151786275254889
661 	0.149825474105265
662 	0.14786467295564
663 	0.145903871806016
664 	0.145263501988827
665 	0.144843460853713
666 	0.144423419718598
667 	0.144003378583484
668 	0.14358333744837
669 	0.143163296313256
670 	0.136655286672991
671 	0.129205258811374
672 	0.121755230949758
673 	0.114305203088141
674 	0.106855175226525
675 	0.099405147364908
676 	0.0990083129761557
677 	0.0995551031109843
678 	0.100101893245813
679 	0.100648683380642
680 	0.10119547351547
681 	0.101742263650299
682 	0.0983150502816598
683 	0.094465818841856
684 	0.0906165874020523
685 	0.0867673559622485
686 	0.0829181245224447
687 	0.0790688930826409
688 	0.0769915659462356
689 	0.0750435193813229
690 	0.0730954728164102
691 	0.0711474262514975
692 	0.0691993796865848
693 	0.0672513331216721
694 	0.0693388026233312
695 	0.0715596776147945
696 	0.0737805526062579
697 	0.0760014275977212
698 	0.0782223025891845
699 	0.0804117407664385
700 	0.0791396364013122
701 	0.0778675320361859
702 	0.0765954276710596
703 	0.0753233233059333
704 	0.074051218940807
705 	0.0727986849196811
706 	0.0718640002787011
707 	0.070929315637721
708 	0.0699946309967409
709 	0.0690599463557608
710 	0.0681252617147808
711 	0.066974111633809
712 	0.0641066998500453
713 	0.0612392880662817
714 	0.058371876282518
715 	0.0555044644987544
716 	0.0526370527149907
717 	0.0494625394747475
718 	0.0448301767916756
719 	0.0401978141086038
720 	0.0355654514255319
721 	0.03093308874246
722 	0.0263007260593882
723 	0.0225661524125301
724 	0.0216436617799289
725 	0.0207211711473278
726 	0.0197986805147266
727 	0.0188761898821255
728 	0.0179536992495244
729 	0.0173987153232069
730 	0.0176355518397657
731 	0.0178723883563245
732 	0.0181092248728833
733 	0.0183460613894421
734 	0.0185828979060009
735 	0.01957719217038
736 	0.0217171888573415
737 	0.0238571855443031
738 	0.0259971822312646
739 	0.0281371789182262
740 	0.0302771756051877
741 	0.0365942306758586
742 	0.0473289976996708
743 	0.058063764723483
744 	0.0687985317472952
745 	0.0795332987711074
746 	0.0902680657949197
747 	0.113265746772357
748 	0.145143468888624
749 	0.177021191004891
750 	0.208898913121159
751 	0.240776635237426
752 	0.272654357353693
753 	0.323117126798679
754 	0.382285667312475
755 	0.441454207826271
756 	0.500622748340067
757 	0.559791288853863
758 	0.618959829367659
759 	0.615589479615418
760 	0.595494534367442
761 	0.575399589119466
762 	0.55530464387149
763 	0.535209698623514
764 	0.515114753375538
765 	0.463146514815015
766 	0.407754456264108
767 	0.352362397713201
768 	0.296970339162294
769 	0.241578280611387
770 	0.18717618729886
771 	0.173032680347103
772 	0.158889173395345
773 	0.144745666443588
774 	0.130602159491831
775 	0.116458652540073
776 	0.10460913435151
777 	0.105557658736553
778 	0.106506183121597
779 	0.10745470750664
780 	0.108403231891683
781 	0.109351756276726
782 	0.11236874837072
783 	0.120549677332514
784 	0.128730606294308
785 	0.136911535256103
786 	0.145092464217897
787 	0.153273393179691
788 	0.158670723412862
789 	0.160332685797085
790 	0.161994648181307
791 	0.163656610565529
792 	0.165318572949752
793 	0.166980535333974
794 	0.17247928037165
795 	0.180813908240139
796 	0.189148536108628
797 	0.197483163977116
798 	0.205817791845605
799 	0.214152419714093
800 	0.209643376167232
801 	0.200359799076395
802 	0.191076221985557
803 	0.181792644894719
804 	0.172509067803881
805 	0.163225490713043
806 	0.147908075688226
807 	0.131852514384167
808 	0.115796953080109
809 	0.0997413917760501
810 	0.0836858304719915
811 	0.0682889308551579
812 	0.0635896055377403
813 	0.0588902802203226
814 	0.0541909549029049
815 	0.0494916295854873
816 	0.0447923042680696
817 	0.0414030695609825
818 	0.0423264507256715
819 	0.0432498318903606
820 	0.0441732130550496
821 	0.0450965942197387
822 	0.0460199753844277
823 	0.0450913187204088
824 	0.0415411785597162
825 	0.0379910383990236
826 	0.034440898238331
827 	0.0308907580776383
828 	0.0273406179169457
829 	0.02660153268255
830 	0.0277131751525324
831 	0.0288248176225149
832 	0.0299364600924974
833 	0.0310481025624798
834 	0.0321597450324623
835 	0.0398611016652331
836 	0.0492305313066296
837 	0.0585999609480261
838 	0.0679693905894225
839 	0.077338820230819
840 	0.0867082498722154
841 	0.091802749589877
842 	0.0968929700984058
843 	0.101983190606935
844 	0.107073411115463
845 	0.112163631623992
846 	0.114671557825762
847 	0.107346901859484
848 	0.100022245893207
849 	0.0926975899269299
850 	0.0853729339606526
851 	0.0780482779943753
852 	0.0731290950580707
853 	0.0714911365621781
854 	0.0698531780662855
855 	0.0682152195703929
856 	0.0665772610745002
857 	0.0649393025786076
858 	0.0624686359191919
859 	0.0595396570147365
860 	0.056610678110281
861 	0.0536816992058255
862 	0.05075272030137
863 	0.0478237413969145
864 	0.0482111336347358
865 	0.0490766297214436
866 	0.0499421258081514
867 	0.0508076218948593
868 	0.0516731179815671
869 	0.0525482731160704
870 	0.0535015787281922
871 	0.054454884340314
872 	0.0554081899524358
873 	0.0563614955645576
874 	0.0573148011766794
875 	0.0597877051468016
876 	0.0650580515486974
877 	0.0703283979505932
878 	0.075598744352489
879 	0.0808690907543848
880 	0.0861394371562805
881 	0.0896713963901731
882 	0.0920540564664819
883 	0.0944367165427908
884 	0.0968193766190996
885 	0.0992020366954085
886 	0.101584696771717
887 	0.10422513322222
888 	0.106908231963091
889 	0.109591330703961
890 	0.112274429444832
891 	0.114957528185702
892 	0.116119713331993
893 	0.106233278233357
894 	0.0963468431347217
895 	0.0864604080360861
896 	0.0765739729374505
897 	0.0666875378388148
898 	0.0593358040157872
899 	0.055931980875229
900 	0.0525281577346707
901 	0.0491243345941125
902 	0.0457205114535542
903 	0.042316688312996
904 	0.043439078119239
905 	0.0468110228631137
906 	0.0501829676069883
907 	0.053554912350863
908 	0.0569268570947377
909 	0.0602988018386124
910 	0.0661140618904633
911 	0.0720525143107835
912 	0.0779909667311037
913 	0.0839294191514239
914 	0.0898678715717441
915 	0.0951339692681941
916 	0.098305529820736
917 	0.101477090373278
918 	0.10464865092582
919 	0.107820211478362
920 	0.110991772030904
921 	0.109282945727791
922 	0.103433458487996
923 	0.0975839712482005
924 	0.0917344840084053
925 	0.0858849967686101
926 	0.0800355095288149
927 	0.0735983221811007
928 	0.0670533318550109
929 	0.060508341528921
930 	0.0539633512028312
931 	0.0474183608767413
932 	0.0417404258119468
933 	0.0407180804622589
934 	0.0396957351125711
935 	0.0386733897628832
936 	0.0376510444131953
937 	0.0366286990635074
938 	0.0382960933203724
939 	0.0429363576686904
940 	0.0475766220170083
941 	0.0522168863653262
942 	0.0568571507136441
943 	0.0614974150619621
944 	0.0642472550816179
945 	0.0665274391194963
946 	0.0688076231573748
947 	0.0710878071952532
948 	0.0733679912331317
949 	0.0760726913201614
950 	0.0815447253516578
951 	0.0870167593831542
952 	0.0924887934146506
953 	0.097960827446147
954 	0.103432861477643
955 	0.105794120751577
956 	0.104675530296711
957 	0.103556939841846
958 	0.10243834938698
959 	0.101319758932114
960 	0.100201168477248
961 	0.0940348866083952
962 	0.0867530587738131
963 	0.079471230939231
964 	0.0721894031046489
965 	0.0649075752700669
966 	0.0588954849842713
967 	0.0589958522007723
968 	0.0590962194172734
969 	0.0591965866337744
970 	0.0592969538502754
971 	0.0593973210667765
972 	0.0586600219573788
973 	0.0571858284109125
974 	0.0557116348644462
975 	0.0542374413179799
976 	0.0527632477715136
977 	0.0512890542250473
978 	0.0508036917797839
979 	0.0504281994568764
980 	0.0500527071339689
981 	0.0496772148110614
982 	0.0493017224881539
983 	0.0492270240631647
984 	0.0499493196888643
985 	0.0506716153145638
986 	0.0513939109402634
987 	0.0521162065659629
988 	0.0528385021916624
989 	0.0547836176029119
990 	0.0573699677797548
991 	0.0599563179565976
992 	0.0625426681334405
993 	0.0651290183102834
994 	0.0676298917723877
995 	0.0682735893415362
996 	0.0689172869106846
997 	0.0695609844798331
998 	0.0702046820489816
999 	0.0708483796181301
1000 	0.0714606929975829
1001 	0.0720330628628774
1002 	0.072605432728172
1003 	0.0731778025934665
1004 	0.0737501724587611
1005 	0.0743225423240557
1006 	0.0765910030242854
1007 	0.0791777325510232
1008 	0.081764462077761
1009 	0.0843511916044988
1010 	0.0869379211312366
1011 	0.0889836005775588
1012 	0.0894233059756631
1013 	0.0898630113737675
1014 	0.0903027167718718
1015 	0.0907424221699761
1016 	0.0911821275680803
1017 	0.0896301237855926
1018 	0.0870926854159957
1019 	0.0845552470463988
1020 	0.0820178086768018
1021 	0.0794803703072049
1022 	0.0770403153977943
1023 	0.0755500110086953
1024 	0.0740597066195962
1025 	0.0725694022304972
1026 	0.0710790978413982
1027 	0.0695887934522991
1028 	0.0686853878812821
1029 	0.0683151194045536
1030 	0.0679448509278252
1031 	0.0675745824510967
1032 	0.0672043139743682
1033 	0.0668340454976397
1034 	0.0668670986646088
1035 	0.0669160834557573
1036 	0.0669650682469058
1037 	0.0670140530380543
1038 	0.0670630378292027
1039 	0.0663071798766693
1040 	0.0643786640690904
1041 	0.0624501482615115
1042 	0.0605216324539326
1043 	0.0585931166463537
1044 	0.0566646008387748
1045 	0.0574508534753458
1046 	0.0586827200241698
1047 	0.0599145865729938
1048 	0.0611464531218178
1049 	0.0623783196706418
1050 	0.0626747796815474
1051 	0.060974337334075
1052 	0.0592738949866027
1053 	0.0575734526391304
1054 	0.0558730102916581
1055 	0.0541725679441857
1056 	0.053137378124944
1057 	0.052284391227447
1058 	0.0514314043299499
1059 	0.0505784174324529
1060 	0.0497254305349558
1061 	0.049593656541651
1062 	0.0515252754518457
1063 	0.0534568943620404
1064 	0.0553885132722351
1065 	0.0573201321824299
1066 	0.0592517510926246
1067 	0.063305993862107
1068 	0.0681060233929608
1069 	0.0729060529238145
1070 	0.0777060824546683
1071 	0.082506111985522
1072 	0.0881500946992879
1073 	0.0966516732780008
1074 	0.105153251856714
1075 	0.113654830435427
1076 	0.12215640901414
1077 	0.130657987592852
1078 	0.131627000412131
1079 	0.129724482638033
1080 	0.127821964863935
1081 	0.125919447089837
1082 	0.124016929315739
1083 	0.119882817588881
1084 	0.108105990289302
1085 	0.0963291629897232
1086 	0.0845523356901442
1087 	0.0727755083905652
1088 	0.0609986810909862
1089 	0.0562659939168468
1090 	0.0540600091790049
1091 	0.0518540244411631
1092 	0.0496480397033213
1093 	0.0474420549654794
1094 	0.0463564144069692
1095 	0.0485786675320993
1096 	0.0508009206572295
1097 	0.0530231737823597
1098 	0.0552454269074898
1099 	0.05746768003262
1100 	0.061865681647613
1101 	0.0668881258793875
1102 	0.0719105701111621
1103 	0.0769330143429367
1104 	0.0819554585747112
1105 	0.0848418370659386
1106 	0.0829514471859094
1107 	0.0810610573058802
1108 	0.079170667425851
1109 	0.0772802775458218
1110 	0.0753898876657926
1111 	0.0744037477383104
1112 	0.0735796903494924
1113 	0.0727556329606744
1114 	0.0719315755718563
1115 	0.0711075181830383
1116 	0.0691238141822747
1117 	0.0653564912809045
1118 	0.0615891683795344
1119 	0.0578218454781642
1120 	0.0540545225767941
1121 	0.0502871996754239
1122 	0.0503525266150155
1123 	0.0506323524369423
1124 	0.0509121782588691
1125 	0.0511920040807959
1126 	0.0514718299027228
1127 	0.0514916293428205
1128 	0.0512585826167611
1129 	0.0510255358907016
1130 	0.0507924891646422
1131 	0.0505594424385828
1132 	0.050337502423948
1133 	0.0502525451835499
1134 	0.0501675879431518
1135 	0.0500826307027538
1136 	0.0499976734623557
1137 	0.0499127162219576
1138 	0.0509785058512368
1139 	0.0526612089329233
1140 	0.0543439120146098
1141 	0.0560266150962963
1142 	0.0577093181779829
1143 	0.060344153139528
1144 	0.0661132591390638
1145 	0.0718823651385995
1146 	0.0776514711381352
1147 	0.0834205771376709
1148 	0.0891896831372067
1149 	0.0972103059943116
1150 	0.105715155441683
1151 	0.114220004889055
1152 	0.122724854336426
1153 	0.131229703783798
1154 	0.137049760220784
1155 	0.139162245357713
1156 	0.141274730494642
1157 	0.143387215631572
1158 	0.145499700768501
1159 	0.147299426739876
1160 	0.136901545254679
1161 	0.126503663769482
1162 	0.116105782284285
1163 	0.105707900799088
1164 	0.0953100193138912
1165 	0.0891411941141099
1166 	0.0853927721971771
1167 	0.0816443502802442
1168 	0.0778959283633113
1169 	0.0741475064463785
1170 	0.0701834944975919
1171 	0.0655929240187306
1172 	0.0610023535398694
1173 	0.0564117830610081
1174 	0.0518212125821469
1175 	0.0472306421032857
1176 	0.0472757572091539
1177 	0.0479410660780581
1178 	0.0486063749469624
1179 	0.0492716838158666
1180 	0.0499369926847708
1181 	0.050258297866135
1182 	0.0502569329219772
1183 	0.0502555679778194
1184 	0.0502542030336616
1185 	0.0502528380895038
1186 	0.0499961121800087
1187 	0.0483682442719184
1188 	0.0467403763638282
1189 	0.0451125084557379
1190 	0.0434846405476477
1191 	0.0418567726395574
1192 	0.0434974115876523
1193 	0.0459247631041092
1194 	0.048352114620566
1195 	0.0507794661370228
1196 	0.0532068176534797
1197 	0.0576335859907829
1198 	0.064388679543704
1199 	0.0711437730966251
1200 	0.0778988666495462
1201 	0.0846539602024673
1202 	0.0909313454340263
1203 	0.0938951031031203
1204 	0.0968588607722143
1205 	0.0998226184413083
1206 	0.102786376110402
1207 	0.105750133779496
1208 	0.104988732794063
1209 	0.103278514736022
1210 	0.101568296677981
1211 	0.0998580786199391
1212 	0.0981478605618977
1213 	0.0966707964070691
1214 	0.095451428671581
1215 	0.094232060936093
1216 	0.0930126932006049
1217 	0.0917933254651168
1218 	0.0909983131055116
1219 	0.0924146930463134
1220 	0.0938310729871153
1221 	0.0952474529279171
1222 	0.0966638328687189
1223 	0.0980802128095207
1224 	0.0992809414954655
1225 	0.100445097746376
1226 	0.101609253997286
1227 	0.102773410248197
1228 	0.103937566499107
1229 	0.103362429041543
1230 	0.101398359198075
1231 	0.0994342893546073
1232 	0.0974702195111392
1233 	0.0955061496676712
1234 	0.0929193024743031
1235 	0.0885962275175765
1236 	0.0842731525608499
1237 	0.0799500776041232
1238 	0.0756270026473966
1239 	0.07130392769067
1240 	0.0683813900743813
1241 	0.0654874348527954
1242 	0.0625934796312095
1243 	0.0596995244096236
1244 	0.0568055691880378
1245 	0.0550896182843838
1246 	0.0538713448806243
1247 	0.0526530714768648
1248 	0.0514347980731054
1249 	0.0502165246693459
1250 	0.0501727370310183
1251 	0.0516606520268718
1252 	0.0531485670227252
1253 	0.0546364820185786
1254 	0.056124397014432
1255 	0.0569623347939364
1256 	0.0546713124854356
1257 	0.0523802901769347
1258 	0.0500892678684339
1259 	0.047798245559933
1260 	0.0455072232514322
1261 	0.0453138878417255
1262 	0.0453079275144821
1263 	0.0453019671872388
1264 	0.0452960068599954
1265 	0.045290046532752
1266 	0.0461341853094359
1267 	0.0473932534106556
1268 	0.0486523215118754
1269 	0.0499113896130951
1270 	0.0511704577143148
1271 	0.0548099349252299
1272 	0.0615664836493027
1273 	0.0683230323733755
1274 	0.0750795810974483
1275 	0.0818361298215211
1276 	0.0870963226570388
1277 	0.0864083147216343
1278 	0.0857203067862297
1279 	0.0850322988508252
1280 	0.0843442909154207
1281 	0.0836562829800161
1282 	0.0903947518376396
1283 	0.097300278455433
1284 	0.104205805073226
1285 	0.11111133169102
1286 	0.118016858308813
1287 	0.126230414251162
1288 	0.134854770467583
1289 	0.143479126684004
1290 	0.152103482900425
1291 	0.160727839116846
1292 	0.163950237722126
1293 	0.162788438845897
1294 	0.161626639969669
1295 	0.160464841093441
1296 	0.159303042217213
1297 	0.156754187688522
1298 	0.151640663306702
1299 	0.146527138924882
1300 	0.141413614543062
1301 	0.136300090161242
1302 	0.13257365010005
1303 	0.136239140405757
1304 	0.139904630711464
1305 	0.143570121017171
1306 	0.147235611322878
1307 	0.150901101628584
1308 	0.151488146910005
1309 	0.151986512705129
1310 	0.152484878500253
1311 	0.152983244295376
1312 	0.1534816100905
1313 	0.140232462335412
1314 	0.123416579326745
1315 	0.106600696318078
1316 	0.0897848133094103
1317 	0.0729689303007429
1318 	0.063972627722654
1319 	0.0597082381820088
1320 	0.0554438486413637
1321 	0.0511794591007185
1322 	0.0469150695600734
1323 	0.0492329597350418
1324 	0.0592778739239902
1325 	0.0693227881129386
1326 	0.079367702301887
1327 	0.0894126164908354
1328 	0.0962714695857444
1329 	0.0958702818270248
1330 	0.0954690940683052
1331 	0.0950679063095856
1332 	0.094666718550866
1333 	0.0934194214734924
1334 	0.0876290023857641
1335 	0.0818385832980357
1336 	0.0760481642103074
1337 	0.0702577451225791
1338 	0.0644583763830223
1339 	0.0581707544159374
1340 	0.0518831324488525
1341 	0.0455955104817676
1342 	0.0393078885146826
1343 	0.0330202665475977
1344 	0.0314235933332975
1345 	0.030436478431506
1346 	0.0294493635297146
1347 	0.0284622486279232
1348 	0.0274751337261317
1349 	0.0298259153735457
1350 	0.0332249983025106
1351 	0.0366240812314754
1352 	0.0400231641604403
1353 	0.0434222470894052
1354 	0.0461690615851013
1355 	0.0485553053319717
1356 	0.0509415490788422
1357 	0.0533277928257127
1358 	0.0557140365725831
1359 	0.0661570404133992
1360 	0.083602648821848
1361 	0.101048257230297
1362 	0.118493865638746
1363 	0.135939474047194
1364 	0.154336380892635
1365 	0.173978983381896
1366 	0.193621585871156
1367 	0.213264188360417
1368 	0.232906790849678
1369 	0.247132464572394
1370 	0.250842923630636
1371 	0.254553382688879
1372 	0.258263841747122
1373 	0.261974300805365
1374 	0.265871098817937
1375 	0.270315175806612
1376 	0.274759252795287
1377 	0.279203329783962
1378 	0.283647406772637
1379 	0.283885028812964
1380 	0.264428793595102
1381 	0.244972558377241
1382 	0.22551632315938
1383 	0.206060087941519
1384 	0.186445219196944
1385 	0.165492441274231
1386 	0.144539663351518
1387 	0.123586885428805
1388 	0.102634107506093
1389 	0.0821583419494085
1390 	0.0722988748645979
1391 	0.0624394077797874
1392 	0.0525799406949768
1393 	0.0427204736101662
1394 	0.0328610065253557
1395 	0.0295160038572317
1396 	0.0262501242387027
1397 	0.0229842446201736
1398 	0.0197183650016446
1399 	0.0164524853831156
1400 	0.0152897042879986
1401 	0.0142587859058265
1402 	0.0132278675236544
1403 	0.0121969491414823
1404 	0.0111660307593102
1405 	0.019216570481159
1406 	0.0282537874692979
1407 	0.0372910044574367
1408 	0.0463282214455756
1409 	0.0553654384337144
1410 	0.0727637806426535
1411 	0.091400452534121
1412 	0.110037124425589
1413 	0.128673796317056
1414 	0.147310468208524
1415 	0.162600777379391
1416 	0.17728660780616
1417 	0.191972438232928
1418 	0.206658268659697
1419 	0.221344099086465
1420 	0.239857120135186
1421 	0.259148474776097
1422 	0.278439829417009
1423 	0.29773118405792
1424 	0.317022538698831
1425 	0.371009037881905
1426 	0.43240615046233
1427 	0.493803263042754
1428 	0.555200375623179
1429 	0.616597488203604
1430 	0.684111984946634
1431 	0.752933107433133
1432 	0.821754229919632
1433 	0.890575352406131
1434 	0.959396474892629
1435 	0.975958959826452
1436 	0.981969219869839
1437 	0.987979479913226
1438 	0.993989739956613
1439 	1
1440 	0.993708301262595
1441 	0.985194406901268
1442 	0.976680512539942
1443 	0.968166618178615
1444 	0.959652723817289
1445 	0.951955820040544
1446 	0.944379917165534
1447 	0.936804014290524
1448 	0.929228111415514
1449 	0.921652208540504
1450 	0.909319138694382
1451 	0.896475055341951
1452 	0.883630971989519
1453 	0.870786888637088
1454 	0.857942805284657
1455 	0.828479037529251
1456 	0.797991977103599
1457 	0.767504916677947
1458 	0.737017856252295
1459 	0.706530795826643
1460 	0.670827385715717
1461 	0.635065957559758
1462 	0.5993045294038
1463 	0.563543101247841
1464 	0.528153292972262
1465 	0.500650084380285
1466 	0.473146875788308
1467 	0.445643667196331
1468 	0.418140458604353
1469 	0.390729067115605
1470 	0.364076016886855
1471 	0.337422966658104
1472 	0.310769916429354
1473 	0.284116866200604
1474 	0.258105188286674
1475 	0.235035223615578
1476 	0.211965258944481
1477 	0.188895294273384
1478 	0.165825329602288
1479 	0.145274227688046
1480 	0.131967296958245
1481 	0.118660366228444
1482 	0.105353435498644
1483 	0.0920465047688428
1484 	0.0815845215006706
1485 	0.0765238152973289
1486 	0.0714631090939871
1487 	0.0664024028906454
1488 	0.0613416966873036
1489 	0.0576884110319122
1490 	0.0558191346425164
1491 	0.0539498582531207
1492 	0.052080581863725
1493 	0.0502113054743292
1494 	0.0487447274846718
1495 	0.0476157055065595
1496 	0.0464866835284473
1497 	0.045357661550335
1498 	0.0442286395722228
1499 	0.043338897551545
1500 	0.0425751884855465
1501 	0.041811479419548
1502 	0.0410477703535494
1503 	0.0402840612875509
1504 	0.0399341535571039
1505 	0.0397050715396216
1506 	0.0394759895221394
1507 	0.0392469075046571
1508 	0.0390178254871748
1509 	0.0366029232530237
1510 	0.0339478476543332
1511 	0.0312927720556426
1512 	0.0286376964569521
1513 	0.0261385419062563
1514 	0.0278146065296348
1515 	0.0294906711530132
1516 	0.0311667357763917
1517 	0.0328428003997702
1518 	0.0345501419608137
1519 	0.0364009380795274
1520 	0.0382517341982411
1521 	0.0401025303169548
1522 	0.0419533264356685
1523 	0.0438237663221383
1524 	0.045733909171233
1525 	0.0476440520203278
1526 	0.0495541948694225
1527 	0.0514643377185173
1528 	0.052982240031927
1529 	0.0540918919918686
1530 	0.0552015439518103
1531 	0.0563111959117519
1532 	0.0574208478716935
1533 	0.0581850203481235
1534 	0.0587688283453381
1535 	0.0593526363425527
1536 	0.0599364443397673
1537 	0.0605202523369819
1538 	0.0607716940053841
1539 	0.0609565028083461
1540 	0.061141311611308
1541 	0.06132612041427
1542 	0.0615277013496693
1543 	0.0627607684299547
1544 	0.0639938355102402
1545 	0.0652269025905256
1546 	0.066459969670811
1547 	0.0681221515384826
1548 	0.0714182704812005
1549 	0.0747143894239183
1550 	0.0780105083666362
1551 	0.081306627309354
1552 	0.0857994330035882
1553 	0.0920358142350445
1554 	0.0982721954665007
1555 	0.104508576697957
1556 	0.110744957929413
1557 	0.121989309339568
1558 	0.136368731511998
1559 	0.150748153684428
1560 	0.165127575856858
1561 	0.179506998029288
1562 	0.184854786432573
1563 	0.188365816584369
1564 	0.191876846736166
1565 	0.195387876887963
1566 	0.197837436728404
1567 	0.182049006673774
1568 	0.166260576619143
1569 	0.150472146564512
1570 	0.134683716509881
1571 	0.120493222015912
1572 	0.110253179324692
1573 	0.100013136633471
1574 	0.0897730939422499
1575 	0.0795330512510291
1576 	0.0721296067179721
1577 	0.0672619090232734
1578 	0.0623942113285747
1579 	0.057526513633876
1580 	0.0526588159391774
1581 	0.0496540961077887
1582 	0.0471840533208248
1583 	0.044714010533861
1584 	0.0422439677468971
1585 	0.0397666377451834
1586 	0.0370757702688295
1587 	0.0343849027924757
1588 	0.0316940353161219
1589 	0.029003167839768
1590 	0.0265168778964928
1591 	0.0245125122089934
1592 	0.022508146521494
1593 	0.0205037808339947
1594 	0.0184994151464953
1595 	0.0188603032018767
1596 	0.0209982382900012
1597 	0.0231361733781257
1598 	0.0252741084662502
1599 	0.0274120435543747
1600 	0.0324588799381132
1601 	0.0380070158417286
1602 	0.0435551517453441
1603 	0.0491032876489596
1604 	0.0559202910993777
1605 	0.0704041139523045
1606 	0.0848879368052313
1607 	0.0993717596581581
1608 	0.113855582511085
1609 	0.124947386519556
1610 	0.131722075635085
1611 	0.138496764750613
1612 	0.145271453866141
1613 	0.15204614298167
1614 	0.153144434862729
1615 	0.152310012403904
1616 	0.151475589945078
1617 	0.150641167486252
1618 	0.150019647659512
1619 	0.15273360240212
1620 	0.155447557144728
1621 	0.158161511887336
1622 	0.160875466629943
1623 	0.168894366405791
1624 	0.185459352566779
1625 	0.202024338727767
1626 	0.218589324888755
1627 	0.235154311049743
1628 	0.260521180116875
1629 	0.289413733373303
1630 	0.318306286629731
1631 	0.34719883988616
1632 	0.375987956974662
1633 	0.402928884421171
1634 	0.42986981186768
1635 	0.456810739314189
1636 	0.483751666760698
1637 	0.510771431706013
1638 	0.537909452899536
1639 	0.565047474093059
1640 	0.592185495286583
1641 	0.619323516480106
1642 	0.645341980555519
1643 	0.670999106090166
1644 	0.696656231624813
1645 	0.722313357159461
1646 	0.740232453714744
1647 	0.7014060044213
1648 	0.662579555127855
1649 	0.623753105834411
1650 	0.584926656540967
1651 	0.547413894546902
1652 	0.511257541390409
1653 	0.475101188233915
1654 	0.438944835077422
1655 	0.402788481920928
1656 	0.389700620312669
1657 	0.379998959298643
1658 	0.370297298284618
1659 	0.360595637270592
1660 	0.353095457876918
1661 	0.351828592343165
1662 	0.350561726809412
1663 	0.349294861275658
1664 	0.348027995741905
1665 	0.357590739823239
1666 	0.372757272794926
1667 	0.387923805766613
1668 	0.4030903387383
1669 	0.419430744619236
1670 	0.452939041797917
1671 	0.486447338976599
1672 	0.51995563615528
1673 	0.553463933333961
1674 	0.582984102031143
1675 	0.608149034185769
1676 	0.633313966340395
1677 	0.658478898495021
1678 	0.683643830649647
1679 	0.633123101488546
1680 	0.574286189785546
1681 	0.515449278082546
1682 	0.456612366379546
1683 	0.399033200773703
1684 	0.343996126222239
1685 	0.288959051670774
1686 	0.233921977119309
1687 	0.178884902567845
1688 	0.151442958346073
1689 	0.132243715391613
1690 	0.113044472437154
1691 	0.0938452294826937
1692 	0.0773544683440863
1693 	0.0705794539027061
1694 	0.0638044394613259
1695 	0.0570294250199458
1696 	0.0502544105785656
1697 	0.0455770030261608
1698 	0.0419141649779193
1699 	0.0382513269296778
1700 	0.0345884888814363
1701 	0.0314705118632726
1702 	0.0317559421489306
1703 	0.0320413724345885
1704 	0.0323268027202465
1705 	0.0326122330059045
1706 	0.0331874984631002
1707 	0.033947290731635
1708 	0.0347070830001697
1709 	0.0354668752687044
1710 	0.0364176660503169
1711 	0.0392535291131727
1712 	0.0420893921760285
1713 	0.0449252552388843
1714 	0.0477611183017401
1715 	0.0503817844630635
1716 	0.0528478933995751
1717 	0.0553140023360867
1718 	0.0577801112725983
1719 	0.0599829242111986
1720 	0.0591578331738162
1721 	0.0583327421364338
1722 	0.0575076510990514
1723 	0.0566825600616689
1724 	0.0560219592658234
1725 	0.0554770901049945
1726 	0.0549322209441656
1727 	0.0543873517833367
1728 	0.0540893293982685
1729 	0.055964526666464
1730 	0.0578397239346596
1731 	0.0597149212028552
1732 	0.0615901184710508
1733 	0.0620494488857326
1734 	0.0616592591883062
1735 	0.0612690694908797
1736 	0.0608788797934533
1737 	0.0604128439328567
1738 	0.0595426152280241
1739 	0.0586723865231915
1740 	0.0578021578183589
1741 	0.0569319291135263
1742 	0.0571594779373302
1743 	0.0578619964081943
1744 	0.0585645148790585
1745 	0.0592670333499226
1746 	0.0602854450330566
1747 	0.0622668833916522
1748 	0.0642483217502479
1749 	0.0662297601088436
1750 	0.0682111984674393
1751 	0.0684941624663109
1752 	0.0683656947879823
1753 	0.0682372271096538
1754 	0.0681087594313252
1755 	0.0676622923142538
1756 	0.066676683291605
1757 	0.0656910742689563
1758 	0.0647054652463075
1759 	0.0637198562236588
1760 	0.0641414784929579
1761 	0.0646434289755396
1762 	0.0651453794581213
1763 	0.0656473299407031
1764 	0.067122639655741
1765 	0.0694645886873893
1766 	0.0718065377190376
1767 	0.0741484867506858
1768 	0.0762524801238506
1769 	0.0766278534655541
1770 	0.0770032268072575
1771 	0.077378600148961
1772 	0.0777539734906644
1773 	0.0765115243490411
1774 	0.0746461463287961
1775 	0.0727807683085511
1776 	0.070915390288306
1777 	0.0694603494278568
1778 	0.068834660712131
1779 	0.0682089719964053
1780 	0.0675832832806796
1781 	0.0669575945649538
1782 	0.0661764350873707
1783 	0.0653869204898142
1784 	0.0645974058922578
1785 	0.0638078912947013
1786 	0.0633636280207245
1787 	0.0631745505076543
1788 	0.0629854729945841
1789 	0.0627963954815139
1790 	0.0625084986907128
1791 	0.0618488531884481
1792 	0.0611892076861834
1793 	0.0605295621839187
1794 	0.059869916681654
1795 	0.0601277431463546
1796 	0.0605436802548346
1797 	0.0609596173633146
1798 	0.0613755544717947
1799 	0.0615358487617075
1800 	0.0614465629085925
1801 	0.0613572770554774
1802 	0.0612679912023623
1803 	0.0611553238291134
1804 	0.0609260288734003
1805 	0.0606967339176873
1806 	0.0604674389619742
1807 	0.0602381440062612
1808 	0.0594577353746505
1809 	0.0585692135338924
1810 	0.0576806916931343
1811 	0.0567921698523763
1812 	0.0563899468325621
1813 	0.0564475316473372
1814 	0.0565051164621123
1815 	0.0565627012768874
1816 	0.0566745162086509
1817 	0.0570019026004831
1818 	0.0573292889923152
1819 	0.0576566753841474
1820 	0.0579840617759795
1821 	0.0589182023355898
1822 	0.0599220147784566
1823 	0.0609258272213235
1824 	0.0619296396641904
1825 	0.0630650948903004
1826 	0.0642879469059511
1827 	0.0655107989216018
1828 	0.0667336509372525
1829 	0.0675692416754409
1830 	0.0675587775208297
1831 	0.0675483133662185
1832 	0.0675378492116073
1833 	0.0674977140396554
1834 	0.0666630549589179
1835 	0.0658283958781804
1836 	0.0649937367974429
1837 	0.0641590777167054
1838 	0.0644177466259458
1839 	0.0650104086809496
1840 	0.0656030707359533
1841 	0.0661957327909571
1842 	0.0664442300754307
1843 	0.0663553777333452
1844 	0.0662665253912597
1845 	0.0661776730491742
1846 	0.0661146215134415
1847 	0.0661277486431063
1848 	0.0661408757727711
1849 	0.0661540029024359
1850 	0.066170691536598
1851 	0.066539969115993
1852 	0.0669092466953879
1853 	0.0672785242747828
1854 	0.0676478018541777
1855 	0.0673760577637405
1856 	0.0669182106078682
1857 	0.0664603634519959
1858 	0.0660025162961236
1859 	0.0658647101080561
1860 	0.0659898155347061
1861 	0.0661149209613562
1862 	0.0662400263880063
1863 	0.0662609951192805
1864 	0.0660724358008225
1865 	0.0658838764823645
1866 	0.0656953171639065
1867 	0.065538815093573
1868 	0.0656087819696672
1869 	0.0656787488457614
1870 	0.0657487157218556
1871 	0.0658186825979498
1872 	0.0658692372502704
1873 	0.0659182179385012
1874 	0.065967198626732
1875 	0.0660161793149628
1876 	0.066270002318144
1877 	0.0665980597297405
1878 	0.0669261171413369
1879 	0.0672541745529334
1880 	0.0660889026053772
1881 	0.0637116532069139
1882 	0.0613344038084506
1883 	0.0589571544099873
1884 	0.0572844861998963
1885 	0.0567613978234646
1886 	0.056238309447033
1887 	0.0557152210706013
1888 	0.0555332840674944
1889 	0.056589600197197
1890 	0.0576459163268995
1891 	0.058702232456602
1892 	0.0597212114007082
1893 	0.0601552411038057
1894 	0.0605892708069032
1895 	0.0610233005100007
1896 	0.0614573302130982
1897 	0.0617855722476793
1898 	0.0621038605191397
1899 	0.0624221487906
1900 	0.0627404370620603
1901 	0.0632125294767915
1902 	0.0637287638785876
1903 	0.0642449982803837
1904 	0.0647612326821798
1905 	0.0650665709587231
1906 	0.0652573483771044
1907 	0.0654481257954856
1908 	0.0656389032138668
1909 	0.0658545208502252
1910 	0.0660922552024006
1911 	0.0663299895545761
1912 	0.0665677239067515
1913 	0.0667532692073805
1914 	0.0668661493692535
1915 	0.0669790295311264
1916 	0.0670919096929994
1917 	0.067135398044248
1918 	0.0670286838687023
1919 	0.0669219696931566
1920 	0.0668152555176109
1921 	0.0668130799140886
1922 	0.0671751485727285
1923 	0.0675372172313683
1924 	0.0678992858900082
1925 	0.0682109576374344
1926 	0.068210458589501
1927 	0.0682099595415676
1928 	0.0682094604936342
1929 	0.0681825424381242
1930 	0.0677692463968066
1931 	0.0673559503554891
1932 	0.0669426543141715
1933 	0.0665293582728539
1934 	0.0650823425109349
1935 	0.0636332551664096
1936 	0.0621841678218842
1937 	0.0607350804773589
1938 	0.0618236223819742
1939 	0.0630712717527948
1940 	0.0643189211236154
1941 	0.0655665704944361
1942 	0.0668852001730568
1943 	0.0682123347709772
1944 	0.0695394693688976
1945 	0.0708666039668179
1946 	0.0713555587502899
1947 	0.0717012181556478
1948 	0.0720468775610056
1949 	0.0723925369663635
1950 	0.0719625706892623
1951 	0.0713669367906651
1952 	0.0707713028920679
1953 	0.0701756689934708
1954 	0.0686497225952224
1955 	0.0668955426198493
1956 	0.0651413626444762
1957 	0.0633871826691031
1958 	0.0630874432494546
1959 	0.0631719997541379
1960 	0.0632565562588213
1961 	0.0633411127635047
1962 	0.06391600255498
1963 	0.0646228094236124
1964 	0.0653296162922449
1965 	0.0660364231608774
1966 	0.0657830167724161
1967 	0.0652804870452127
1968 	0.0647779573180094
1969 	0.064275427590806
1970 	0.0645112135800711
1971 	0.0649213114381193
1972 	0.0653314092961675
1973 	0.0657415071542157
1974 	0.0639054467617438
1975 	0.0616190761317729
1976 	0.0593327055018021
1977 	0.0570463348718312
1978 	0.0572825056410121
1979 	0.0579090003680295
1980 	0.0585354950950469
1981 	0.0591619898220643
1982 	0.0595826193168913
1983 	0.0599823902199104
1984 	0.0603821611229295
1985 	0.0607819320259486
1986 	0.0609271421012627
1987 	0.0610614689712213
1988 	0.0611957958411798
1989 	0.061331110780987
1990 	0.0615148411433754
1991 	0.0616985715057638
1992 	0.0618823018681522
1993 	0.0620609900623251
1994 	0.0621880668492577
1995 	0.0623151436361902
1996 	0.0624422204231228
1997 	0.0625998240558354
1998 	0.0629086082581252
1999 	0.0632173924604149
2000 	0.0635261766627046
2001 	0.0637406824978417
2002 	0.0636811918284413
2003 	0.063621701159041
2004 	0.0635622104896407
2005 	0.0635151192991148
2006 	0.0634907546321915
2007 	0.0634663899652683
2008 	0.063442025298345
2009 	0.0633419044348045
2010 	0.0631524935878872
2011 	0.0629630827409699
2012 	0.0627736718940526
2013 	0.0626663100446532
2014 	0.0626198417021225
2015 	0.0625733733595918
2016 	0.0625269050170611
2017 	0.0623461191580796
2018 	0.0621074941396537
2019 	0.0618688691212278
2020 	0.0616302441028019
2021 	0.0619527173263459
2022 	0.0623884892333645
2023 	0.0628242611403831
2024 	0.0632600330474018
2025 	0.0632909247808057
2026 	0.0633114349712964
2027 	0.0633319451617871
2028 	0.0633714436477815
2029 	0.0635414679760967
2030 	0.0637114923044119
2031 	0.0638815166327271
2032 	0.0640564568602429
2033 	0.0642435502830047
2034 	0.0644306437057666
2035 	0.0646177371285284
2036 	0.0645171023834702
2037 	0.0640759683655772
2038 	0.0636348343476842
2039 	0.0631937003297912
2040 	0.0629873863318485
2041 	0.0629143087715579
2042 	0.0628412312112673
2043 	0.0627681536509767
2044 	0.0630592442222369
2045 	0.063426515067691
2046 	0.0637937859131451
2047 	0.0641289824836269
2048 	0.0632132823301954
2049 	0.0622975821767638
2050 	0.0613818820233323
2051 	0.060712548172364
2052 	0.0608587717364465
2053 	0.0610049953005291
2054 	0.0611512188646116
2055 	0.0611713595894885
2056 	0.0610367750484359
2057 	0.0609021905073834
2058 	0.0607676059663309
2059 	0.0609979371825724
2060 	0.0614039685782516
2061 	0.0618099999739308
2062 	0.06221603136961
2063 	0.0621682569239697
2064 	0.0620756005819351
2065 	0.0619829442399004
2066 	0.0618677347204241
2067 	0.0616286291742225
2068 	0.061389523628021
2069 	0.0611504180818194
2070 	0.0610905161119009
2071 	0.0612906350173738
2072 	0.0614907539228466
2073 	0.0616908728283194
2074 	0.0624199858468939
2075 	0.0634084715379134
2076 	0.0643969572289328
2077 	0.0653854429199523
2078 	0.0649829680940916
2079 	0.0644979786612972
2080 	0.0640129892285029
2081 	0.0635579855807705
2082 	0.0632062663038072
2083 	0.062854547026844
2084 	0.0625028277498807
2085 	0.062305177478021
2086 	0.0622520415442816
2087 	0.0621989056105422
2088 	0.0621457696768028
2089 	0.0620896634082182
2090 	0.0620328918137135
2091 	0.0619761202192088
2092 	0.0619338453183144
2093 	0.0619912209175916
2094 	0.0620485965168688
2095 	0.062105972116146
2096 	0.0620982727846623
2097 	0.0620097404674351
2098 	0.0619212081502078
2099 	0.0618326758329806
2100 	0.0621104518977986
2101 	0.0624951862240408
2102 	0.0628799205502829
2103 	0.0632292663096532
2104 	0.0633008274777365
2105 	0.0633723886458198
2106 	0.0634439498139031
2107 	0.0635723350714512
2108 	0.063767426868806
2109 	0.0639625186661607
2110 	0.0641576104635154
2111 	0.0640404622566065
2112 	0.0638533753461722
2113 	0.0636662884357379
2114 	0.0634333892143929
2115 	0.0629959618071788
2116 	0.0625585343999648
2117 	0.0621211069927507
2118 	0.0619775899691192
2119 	0.0620668836794366
2120 	0.062156177389754
2121 	0.0622454711000714
2122 	0.0624813137908946
2123 	0.0627258500653072
2124 	0.0629703863397199
2125 	0.0628885917027625
2126 	0.0621676519080337
2127 	0.061446712113305
2128 	0.0607257723185762
2129 	0.0607250633810385
2130 	0.0609747851189119
2131 	0.0612245068567854
2132 	0.0614612791714727
2133 	0.061627991786358
2134 	0.0617947044012434
2135 	0.0619614170161287
2136 	0.0619933702597226
2137 	0.0619273378464707
2138 	0.0618613054332188
2139 	0.0617933488961763
2140 	0.0615523961383226
2141 	0.0613114433804689
2142 	0.0610704906226152
2143 	0.0609910974989211
2144 	0.0611067885250842
2145 	0.0612224795512473
2146 	0.0613381705774103
2147 	0.0616803553309741
2148 	0.0620463156691822
2149 	0.0624122760073902
2150 	0.0628369216324833
2151 	0.0633636635785956
2152 	0.0638904055247079
2153 	0.0644171474708201
2154 	0.0645166129936676
2155 	0.0645322587397022
2156 	0.0645479044857367
2157 	0.064462748306577
2158 	0.0641594006184521
2159 	0.0638560529303272
2160 	0.0635527052422023
2161 	0.0633912302980442
2162 	0.0632639033840717
2163 	0.0631365764700993
2164 	0.0630625475734931
2165 	0.0631099682574432
2166 	0.0631573889413932
2167 	0.0632048096253433
2168 	0.0631069096818479
2169 	0.0629758037964546
2170 	0.0628446979110613
2171 	0.062606893027284
2172 	0.0621544046166376
2173 	0.0617019162059911
2174 	0.0612494277953447
2175 	0.0613565223397235
2176 	0.0615547117837574
2177 	0.0617529012277913
2178 	0.0619992282124703
2179 	0.0623186709074992
2180 	0.0626381136025282
2181 	0.0629575562975571
2182 	0.0630748723639078
2183 	0.0631804244465788
2184 	0.0632859765292498
2185 	0.0634564156983817
2186 	0.0636914829236892
2187 	0.0639265501489967
2188 	0.0641252207089535
2189 	0.0638250428555762
2190 	0.0635248650021988
2191 	0.0632246871488214
2192 	0.0630068931749991
2193 	0.0628346406004339
2194 	0.0626623880258687
2195 	0.0625625118333158
2196 	0.0627049391805428
2197 	0.0628473665277698
2198 	0.0629897938749969
2199 	0.0624476742158126
2200 	0.0617603476158742
2201 	0.0610730210159359
2202 	0.0610019295165315
2203 	0.0617477078015565
2204 	0.0624934860865815
2205 	0.0632191636455929
2206 	0.0635182591303158
2207 	0.0638173546150387
2208 	0.0641164500997616
2209 	0.0635877822053966
2210 	0.0626495632221254
2211 	0.0617113442388541
2212 	0.0610705345573958
2213 	0.0611138644249927
2214 	0.0611571942925896
2215 	0.0612005241601865
2216 	0.0611833240233043
2217 	0.0611627362515356
2218 	0.061142148479767
2219 	0.0606636317443046
2220 	0.0598810989414317
2221 	0.0590985661385588
2222 	0.0589262825893625
2223 	0.060455299989809
2224 	0.0619843173902555
2225 	0.0635133347907019
2226 	0.0636466707706608
2227 	0.0636861669112485
2228 	0.0637256630518361
2229 	0.0636829508823808
2230 	0.063589852974512
2231 	0.0634967550666432
2232 	0.0634578715381195
2233 	0.0635385376666131
2234 	0.0636192037951067
2235 	0.0637008409224498
2236 	0.0638462403075748
2237 	0.0639916396926998
2238 	0.0641370390778248
2239 	0.0640184174772801
2240 	0.0638006518202183
2241 	0.0635828861631565
2242 	0.0633208965399779
2243 	0.063004416672834
2244 	0.06268793680569
2245 	0.0624192089878428
2246 	0.0623680182834589
2247 	0.0623168275790749
2248 	0.0622656368746909
2249 	0.0626840650463215
2250 	0.0631422223636452
2251 	0.063600379680969
2252 	0.0633536000164438
2253 	0.0627643026802026
2254 	0.0621750053439614
2255 	0.0618440292675981
2256 	0.0618499422075727
2257 	0.0618558551475474
2258 	0.0619767388563761
2259 	0.062543484815151
2260 	0.063110230773926
2261 	0.0636769767327009
2262 	0.0641356898688109
2263 	0.0645928690703192
2264 	0.0650500482718274
2265 	0.0649145479358787
2266 	0.0646089478099006
2267 	0.0643033476839224
2268 	0.063521296963739
2269 	0.0623899592394851
2270 	0.0612586215152311
2271 	0.0608429437602763
2272 	0.0615560904929791
2273 	0.0622692372256819
2274 	0.0627150081648283
2275 	0.0621426943515871
2276 	0.0615703805383459
2277 	0.0610190616284448
2278 	0.0609992452715218
2279 	0.0609794289145987
2280 	0.0609596125576756
2281 	0.0610634029022698
2282 	0.0611843686655257
2283 	0.0613053344287817
2284 	0.0614420770948267
2285 	0.0615846847000431
2286 	0.0617272923052594
2287 	0.0618134222202561
2288 	0.0618601424057447
2289 	0.0619068625912332
2290 	0.062287188210736
2291 	0.0630623045403601
2292 	0.0638374208699843
2293 	0.0641373908106334
2294 	0.063506748592995
2295 	0.0628761063753566
2296 	0.0624111403441798
2297 	0.0625071480671624
2298 	0.062603155790145
2299 	0.0626790847376789
2300 	0.0626182270274687
2301 	0.0625573693172586
2302 	0.0624852430075853
2303 	0.06212784320624
2304 	0.0617704434048948
2305 	0.0614130436035495
2306 	0.0615817486316968
2307 	0.0617735187985066
2308 	0.0619652889653164
2309 	0.0626214943659694
2310 	0.0633368668257251
2311 	0.0640522392854809
2312 	0.0642847129445417
2313 	0.0644161690793944
2314 	0.0645476252142472
2315 	0.0644034431188991
2316 	0.0641801524967368
2317 	0.0639568618745743
2318 	0.0631452405748689
2319 	0.0621236722355519
2320 	0.0611021038962348
2321 	0.060591888434892
2322 	0.0602935914929928
2323 	0.0599952945510935
2324 	0.060326850628503
2325 	0.0609453703085962
2326 	0.0615638899886895
2327 	0.0621464569162599
2328 	0.0627118706103519
2329 	0.0632772843044439
2330 	0.0639993826490437
2331 	0.0647962360041517
2332 	0.0655930893592597
2333 	0.0649432949073136
2334 	0.0636344018183832
2335 	0.0623255087294528
2336 	0.0619121627182243
2337 	0.0618699557363689
2338 	0.0618277487545135
2339 	0.0615418585807584
2340 	0.0611694575719385
2341 	0.0607970565631187
2342 	0.0605609570161522
2343 	0.0603637506883777
2344 	0.0601665443606032
2345 	0.0605961938153425
2346 	0.0611560596886716
2347 	0.0617159255620007
2348 	0.0618982664875432
2349 	0.0620334698774229
2350 	0.0621686732673027
2351 	0.0616371571793087
2352 	0.06107786111307
2353 	0.0605797247897175
2354 	0.0615121297694776
2355 	0.0624445347492377
2356 	0.0632741418051013
2357 	0.0634277746341304
2358 	0.0635814074631595
2359 	0.0636535952366755
2360 	0.063457678471228
2361 	0.0632617617057806
2362 	0.0630716073741705
2363 	0.062892393315498
2364 	0.0627131792568255
2365 	0.0625575876566366
2366 	0.0624290655689588
2367 	0.062300543481281
2368 	0.0622053718610159
2369 	0.0621326197857337
2370 	0.0620598677104516
2371 	0.0622579758994772
2372 	0.0625512512083948
2373 	0.0628445265173124
2374 	0.0629753186343214
2375 	0.0630866418806314
2376 	0.0632320717805445
2377 	0.0639635160014586
2378 	0.0646949602223726
2379 	0.0652623513014633
2380 	0.0652742641985908
2381 	0.0652861770957183
2382 	0.0649028255512724
2383 	0.0639530244786351
2384 	0.0630032234059979
2385 	0.0620455289644824
2386 	0.0610826594003249
2387 	0.0601197898361674
2388 	0.060342207290295
2389 	0.0608462771052032
2390 	0.0613607904649158
2391 	0.0623621719371717
2392 	0.0633635534094276
2393 	0.0639604105382415
2394 	0.0633106722413456
2395 	0.0626609339444497
2396 	0.0626174911620077
2397 	0.0632308685202241
2398 	0.0638442458784406
2399 	0.0639036050878096
2400 	0.0637517640083917
