 	avcm15
200 	0
201 	0
202 	0
203 	0.0508620569129944
204 	0.0498525308486869
205 	0.0488430047843794
206 	0.047833478720072
207 	0.0468239526557645
208 	0.045814426591457
209 	0.0448533100025677
210 	0.0444648898490352
211 	0.0440764696955027
212 	0.0436880495419702
213 	0.0432996293884377
214 	0.0429112092349052
215 	0.0425227890813727
216 	0.0415227063714458
217 	0.0401764200323239
218 	0.038830133693202
219 	0.0374838473540802
220 	0.0361375610149583
221 	0.0347912746758364
222 	0.0336139141797297
223 	0.0330978933173976
224 	0.0325818724550654
225 	0.0320658515927333
226 	0.0315498307304012
227 	0.031033809868069
228 	0.0305177890057369
229 	0.0300076769596214
230 	0.0295009940813268
231 	0.0289943112030323
232 	0.0284876283247377
233 	0.0279809454464431
234 	0.0274742625681486
235 	0.0272546086050394
236 	0.0275542838607062
237 	0.027853959116373
238 	0.0281536343720398
239 	0.0284533096277065
240 	0.0287529848833733
241 	0.0290526601390401
242 	0.0313065503718436
243 	0.0337629447317208
244 	0.036219339091598
245 	0.0386757334514751
246 	0.0411321278113523
247 	0.0435885221712295
248 	0.0459896236039914
249 	0.0482925741696614
250 	0.0505955247353315
251 	0.0528984753010016
252 	0.0552014258666716
253 	0.0575043764323417
254 	0.0596484324499337
255 	0.0603545656129535
256 	0.0610606987759734
257 	0.0617668319389933
258 	0.0624729651020132
259 	0.0631790982650331
260 	0.063885231428053
261 	0.0622585400782317
262 	0.0595674198605639
263 	0.0568762996428962
264 	0.0541851794252284
265 	0.0514940592075606
266 	0.0488029389898928
267 	0.0461431274243047
268 	0.0436778073067066
269 	0.0412124871891086
270 	0.0387471670715105
271 	0.0362818469539124
272 	0.0338165268363143
273 	0.0313512067187163
274 	0.0296716109192579
275 	0.0280447028358794
276 	0.0264177947525009
277 	0.0247908866691224
278 	0.0231639785857439
279 	0.0215370705023654
280 	0.0230574298584483
281 	0.0275906344395267
282 	0.0321238390206051
283 	0.0366570436016834
284 	0.0411902481827618
285 	0.0457234527638402
286 	0.0508876132985886
287 	0.0594989231177218
288 	0.0681102329368551
289 	0.0767215427559883
290 	0.0853328525751215
291 	0.0939441623942548
292 	0.102555472213388
293 	0.109877653289473
294 	0.116843769077133
295 	0.123809884864793
296 	0.130776000652453
297 	0.137742116440113
298 	0.144708232227773
299 	0.150820864727343
300 	0.155692697275258
301 	0.160564529823172
302 	0.165436362371086
303 	0.170308194919
304 	0.175180027466915
305 	0.179497539509311
306 	0.174473560122171
307 	0.169238102747548
308 	0.164002645372925
309 	0.158767187998302
310 	0.153531730623679
311 	0.148296273249056
312 	0.141813488484659
313 	0.134733502937849
314 	0.127653517391039
315 	0.120573531844228
316 	0.113493546297418
317 	0.106413560750608
318 	0.103333546360165
319 	0.108295267556299
320 	0.113256988752432
321 	0.118218709948565
322 	0.123180431144699
323 	0.128142152340832
324 	0.132952058764899
325 	0.134273064571855
326 	0.135404484981018
327 	0.136535905390181
328 	0.137667325799344
329 	0.138798746208507
330 	0.13993016661767
331 	0.135845877028003
332 	0.129030613281515
333 	0.122215349535026
334 	0.115400085788538
335 	0.10858482204205
336 	0.101769558295562
337 	0.0960553050591591
338 	0.0925495558806983
339 	0.0890438067022375
340 	0.0855380575237766
341 	0.0820323083453158
342 	0.0785265591668549
343 	0.0751477372164303
344 	0.0740957967892336
345 	0.0731805935793964
346 	0.0722653903695592
347 	0.071350187159722
348 	0.0704349839498848
349 	0.0695197807400476
350 	0.0686689550765459
351 	0.0679403386464511
352 	0.0672117222163564
353 	0.0664831057862616
354 	0.0657544893561669
355 	0.0650258729260721
356 	0.0643774662296263
357 	0.0637868739167245
358 	0.0631962816038228
359 	0.062605689290921
360 	0.0620150969780193
361 	0.0614245046651175
362 	0.060712040221029
363 	0.0584821250789997
364 	0.056193123115993
365 	0.0539041211529864
366 	0.0516151191899797
367 	0.049326117226973
368 	0.0470371152639663
369 	0.0439279243198793
370 	0.0405120542896526
371 	0.0370961842594259
372 	0.0336803142291992
373 	0.0302644441989725
374 	0.0268485741687459
375 	0.0245359871065806
376 	0.0237751311008185
377 	0.0230142750950565
378 	0.0222534190892944
379 	0.0214925630835323
380 	0.0207317070777703
381 	0.0206252253792318
382 	0.0231906637118588
383 	0.0257561020444857
384 	0.0283215403771127
385 	0.0308869787097396
386 	0.0334524170423666
387 	0.0360162089155111
388 	0.0383863576108345
389 	0.0407312971403349
390 	0.0430762366698353
391 	0.0454211761993356
392 	0.047766115728836
393 	0.0501110552583364
394 	0.0507861380956828
395 	0.0504249913459093
396 	0.0500638445961359
397 	0.0497026978463624
398 	0.0493415510965889
399 	0.0489804043468154
400 	0.0472237082654227
401 	0.0427317769372738
402 	0.038239845609125
403 	0.0337479142809761
404 	0.0292559829528272
405 	0.0247640516246784
406 	0.0208456987203725
407 	0.0214227244937075
408 	0.0221731138338914
409 	0.0229235031740753
410 	0.0236738925142593
411 	0.0244242818544432
412 	0.0251746711946271
413 	0.0292127179586824
414 	0.0340499108702454
415 	0.0388871037818084
416 	0.0437242966933715
417 	0.0485614896049345
418 	0.0533986825164975
419 	0.0624620169202091
420 	0.0746739389512508
421 	0.0868858609822925
422 	0.0990977830133343
423 	0.111309705044376
424 	0.123521627075418
425 	0.131871559403077
426 	0.132161658705812
427 	0.132451758008548
428 	0.132741857311283
429 	0.133031956614019
430 	0.133322055916754
431 	0.133277083451572
432 	0.130556140956556
433 	0.127702429886004
434 	0.124848718815451
435 	0.121995007744899
436 	0.119141296674347
437 	0.116287585603795
438 	0.111798392951436
439 	0.107017021704563
440 	0.10223565045769
441 	0.0974542792108174
442 	0.0926729079639445
443 	0.0878915367170716
444 	0.0831953984011401
445 	0.0785589382089169
446 	0.0739224780166937
447 	0.0692860178244705
448 	0.0646495576322473
449 	0.060013097440024
450 	0.0563333822818185
451 	0.0540914528907775
452 	0.0518495234997365
453 	0.0496075941086954
454 	0.0473656647176544
455 	0.0451237353266134
456 	0.0432048372503662
457 	0.042618294883386
458 	0.0420317525164058
459 	0.0414452101494256
460 	0.0408586677824455
461 	0.0402721254154653
462 	0.0397191352536491
463 	0.0399246135105845
464 	0.0402690335192647
465 	0.0406134535279448
466 	0.0409578735366249
467 	0.0413022935453051
468 	0.0416467135539852
469 	0.041346656284415
470 	0.0406533113305405
471 	0.039959966376666
472 	0.0392666214227915
473 	0.038573276468917
474 	0.0378799315150425
475 	0.0396021688218293
476 	0.0434420099382387
477 	0.0472818510546482
478 	0.0511216921710576
479 	0.0549615332874671
480 	0.0588013744038765
481 	0.0641852171671325
482 	0.0719184162923339
483 	0.0796516154175353
484 	0.0873848145427367
485 	0.0951180136679381
486 	0.10285121279314
487 	0.10866624383882
488 	0.106951506310381
489 	0.105236768781942
490 	0.103522031253504
491 	0.101807293725065
492 	0.100092556196626
493 	0.0986964669708816
494 	0.099137855321942
495 	0.0996929030161428
496 	0.100247950710344
497 	0.100802998404545
498 	0.101358046098745
499 	0.101773607027588
500 	0.0955554967828999
501 	0.0880770069235147
502 	0.0805985170641295
503 	0.0731200272047444
504 	0.0656415373453592
505 	0.058163047485974
506 	0.0530478453877043
507 	0.0489124438394893
508 	0.0447770422912742
509 	0.0406416407430592
510 	0.0365062391948442
511 	0.0323708376466292
512 	0.0325543497230589
513 	0.0370086539297499
514 	0.0414629581364408
515 	0.0459172623431318
516 	0.0503715665498227
517 	0.0548258707565137
518 	0.061269465930955
519 	0.070641267783922
520 	0.080013069636889
521 	0.0893848714898559
522 	0.0987566733428229
523 	0.10812847519579
524 	0.113554273034779
525 	0.105752392693327
526 	0.0979505123518741
527 	0.0901486320104217
528 	0.0823467516689693
529 	0.0745448713275168
530 	0.0676028913840903
531 	0.065161708064013
532 	0.0630312691678664
533 	0.0609008302717197
534 	0.058770391375573
535 	0.0566399524794263
536 	0.0547383483656534
537 	0.0554662287664615
538 	0.0566467822196772
539 	0.0578273356728929
540 	0.0590078891261086
541 	0.0601884425793243
542 	0.0613482633583859
543 	0.0609247667038107
544 	0.0600378998970227
545 	0.0591510330902348
546 	0.0582641662834469
547 	0.057377299476659
548 	0.0564904326698711
549 	0.0582323454213519
550 	0.0612000915476227
551 	0.0641678376738934
552 	0.0671355838001642
553 	0.070103329926435
554 	0.0730710760527058
555 	0.0801785599791248
556 	0.0903972524741513
557 	0.100615944969178
558 	0.110834637464204
559 	0.121053329959231
560 	0.131272022454257
561 	0.134557090887227
562 	0.129636236229375
563 	0.124715381571523
564 	0.11979452691367
565 	0.114873672255818
566 	0.109952817597966
567 	0.102552646494865
568 	0.0916716712101889
569 	0.0807906959255133
570 	0.0699097206408377
571 	0.0590287453561621
572 	0.0481477700714864
573 	0.0397348127809583
574 	0.0374212089483966
575 	0.035107605115835
576 	0.0327940012832733
577 	0.0304803974507117
578 	0.0281667936181501
579 	0.0263922901976146
580 	0.0266467918082659
581 	0.0269396523441559
582 	0.027232512880046
583 	0.027525373415936
584 	0.0278182339518261
585 	0.0281423214331631
586 	0.028564821618898
587 	0.028991639489112
588 	0.0294184573593261
589 	0.0298452752295402
590 	0.0302720930997542
591 	0.0306738881592348
592 	0.0309455011703308
593 	0.0312038379850046
594 	0.0314621747996783
595 	0.031720511614352
596 	0.0319788484290258
597 	0.0322123500642456
598 	0.0322404083448625
599 	0.0322343709788209
600 	0.0322283336127793
601 	0.0322222962467377
602 	0.0322162588806961
603 	0.0322486193887886
604 	0.0327291619797359
605 	0.0332930626466462
606 	0.0338569633135566
607 	0.0344208639804669
608 	0.0349847646473772
609 	0.0356235141173281
610 	0.0380430208990432
611 	0.0409107919695684
612 	0.0437785630400937
613 	0.0466463341106189
614 	0.0495141051811441
615 	0.0523707485322119
616 	0.0544690701323826
617 	0.0564763953884587
618 	0.0584837206445348
619 	0.0604910459006109
620 	0.0624983711566869
621 	0.064505696412763
622 	0.0646572059187528
623 	0.0640658437012068
624 	0.0634744814836608
625 	0.0628831192661149
626 	0.0622917570485689
627 	0.0617003948310229
628 	0.0625981809677295
629 	0.0640905117579101
630 	0.0655828425480906
631 	0.0670751733382712
632 	0.0685675041284518
633 	0.0700598349186324
634 	0.0750749687816541
635 	0.0817191845538522
636 	0.0883634003260503
637 	0.0950076160982484
638 	0.101651831870447
639 	0.108296047642645
640 	0.113247903747742
641 	0.117379203418018
642 	0.121510503088293
643 	0.125641802758569
644 	0.129773102428845
645 	0.13390440209912
646 	0.136988527299232
647 	0.139597837365776
648 	0.14220714743232
649 	0.144816457498865
650 	0.147425767565409
651 	0.150035077631953
652 	0.151562503291811
653 	0.152355800212608
654 	0.153149097133404
655 	0.1539423940542
656 	0.154735690974996
657 	0.155528987895793
658 	0.154188890123753
659 	0.151370285697299
660 	0.148551681270845
661 	0.145733076844391
662 	0.142914472417937
663 	0.140095867991483
664 	0.14052932943397
665 	0.143093615879669
666 	0.145657902325368
667 	0.148222188771067
668 	0.150786475216767
669 	0.153350761662466
670 	0.147619119214364
671 	0.136827896781204
672 	0.126036674348044
673 	0.115245451914885
674 	0.104454229481725
675 	0.0936630070485658
676 	0.0897829473634841
677 	0.0898091632945439
678 	0.0898353792256036
679 	0.0898615951566633
680 	0.089887811087723
681 	0.0899140270187827
682 	0.0862070396167801
683 	0.080671600421579
684 	0.075136161226378
685 	0.0696007220311769
686 	0.0640652828359759
687 	0.0585298436407748
688 	0.0570148942551236
689 	0.0572960382767969
690 	0.0575771822984702
691 	0.0578583263201436
692 	0.0581394703418169
693 	0.0584206143634902
694 	0.0593220429332486
695 	0.0603895401837607
696 	0.0614570374342728
697 	0.0625245346847849
698 	0.0635920319352969
699 	0.064649073040563
700 	0.0641045872113449
701 	0.0631292941395496
702 	0.0621540010677543
703 	0.061178707995959
704 	0.0602034149241637
705 	0.0592406890560088
706 	0.0584961186177629
707 	0.0577627199783689
708 	0.057029321338975
709 	0.0562959226995811
710 	0.0555625240601872
711 	0.0547102141545699
712 	0.0522552765468869
713 	0.0493784796255663
714 	0.0465016827042457
715 	0.0436248857829251
716 	0.0407480888616045
717 	0.0377409295572881
718 	0.0335244506407769
719 	0.029015824446124
720 	0.0245071982514711
721 	0.0199985720568181
722 	0.0154899458621652
723 	0.0114645352133846
724 	0.0108341525637633
725 	0.0108821284843714
726 	0.0109301044049795
727 	0.0109780803255876
728 	0.0110260562461957
729 	0.0112351927171713
730 	0.0117870645746563
731 	0.0123378678460445
732 	0.0128886711174327
733 	0.013439474388821
734 	0.0139902776602092
735 	0.0148923163283949
736 	0.0173638094069102
737 	0.01996756329213
738 	0.0225713171773497
739 	0.0251750710625695
740 	0.0277788249477892
741 	0.0322644993215124
742 	0.0423009868020259
743 	0.0524325176086245
744 	0.0625640484152231
745 	0.0726955792218217
746 	0.0828271100284203
747 	0.100144306142745
748 	0.132206622427953
749 	0.16426893871316
750 	0.196331254998368
751 	0.228393571283575
752 	0.260455887568783
753 	0.303782989292476
754 	0.36256465010758
755 	0.421346310922684
756 	0.480127971737787
757 	0.538909632552891
758 	0.597691293367994
759 	0.616444413031833
760 	0.599940174971116
761 	0.583435936910399
762 	0.566931698849682
763 	0.550427460788965
764 	0.533923222728249
765 	0.492192622708156
766 	0.436607880622658
767 	0.38102313853716
768 	0.325438396451662
769 	0.269853654366164
770 	0.21475981681088
771 	0.189999495453698
772 	0.175403891571441
773 	0.160808287689184
774 	0.146212683806928
775 	0.131617079924671
776 	0.118282454659286
777 	0.11684510715132
778 	0.118251190850039
779 	0.119657274548759
780 	0.121063358247478
781 	0.122469441946198
782 	0.12493607008216
783 	0.132844036900447
784 	0.141614974720861
785 	0.150385912541276
786 	0.15915685036169
787 	0.167927788182104
788 	0.174599730093878
789 	0.174955391954547
790 	0.174939415442663
791 	0.174923438930778
792 	0.174907462418894
793 	0.174891485907009
794 	0.177093607723355
795 	0.183243490086351
796 	0.189393372449347
797 	0.195543254812342
798 	0.201693137175338
799 	0.207843019538334
800 	0.205467134127091
801 	0.193806668824004
802 	0.182146203520918
803 	0.170485738217831
804 	0.158825272914745
805 	0.147164807611658
806 	0.133995932940842
807 	0.119672752309198
808 	0.105349571677555
809 	0.091026391045912
810 	0.0767032104142688
811 	0.0626555680389704
812 	0.0557181584641695
813 	0.0510988544635696
814 	0.0464795504629697
815 	0.0418602464623698
816 	0.0372409424617699
817 	0.0331688533434175
818 	0.0324346206766494
819 	0.0323402376197815
820 	0.0322458545629135
821 	0.0321514715060456
822 	0.0320570884491776
823 	0.0312832978328596
824 	0.0282520441712079
825 	0.0250557124730352
826 	0.0218593807748625
827 	0.0186630490766898
828 	0.0154667173785171
829 	0.0140856019182795
830 	0.0162418760776019
831 	0.0183981502369243
832 	0.0205544243962467
833 	0.0227106985555691
834 	0.0248669727148915
835 	0.0287921295193994
836 	0.0344224244290037
837 	0.040052719338608
838 	0.0456830142482123
839 	0.0513133091578165
840 	0.0569436040674208
841 	0.0629464363290988
842 	0.0688383275757175
843 	0.0747302188223361
844 	0.0806221100689548
845 	0.0865140013155734
846 	0.091109359551089
847 	0.087456277500081
848 	0.0822304099515223
849 	0.0770045424029636
850 	0.071778674854405
851 	0.0665528073058463
852 	0.0621376871952889
853 	0.0590163783110912
854 	0.0559175835274801
855 	0.0528187887438691
856 	0.0497199939602581
857 	0.046621199176647
858 	0.0435114012190528
859 	0.0408499415794289
860 	0.0381884819398049
861 	0.0355270223001809
862 	0.032865562660557
863 	0.030204103020933
864 	0.0304088080179726
865 	0.0323588617823934
866 	0.0343089155468142
867 	0.0362589693112351
868 	0.0382090230756559
869 	0.040143986135516
870 	0.0423344286999408
871 	0.0447982891088121
872 	0.0472621495176834
873 	0.0497260099265547
874 	0.052189870335426
875 	0.0555849876776729
876 	0.0620315682323639
877 	0.0687657154733663
878 	0.0754998627143688
879 	0.0822340099553712
880 	0.0889681571963737
881 	0.0940729388709363
882 	0.09653903485807
883 	0.0990051308452038
884 	0.101471226832337
885 	0.103937322819471
886 	0.106403418806605
887 	0.107758480870205
888 	0.108111954696882
889 	0.108465428523559
890 	0.108818902350236
891 	0.109172376176913
892 	0.108884895203755
893 	0.101096099143743
894 	0.0913464752214182
895 	0.0815968512990933
896 	0.0718472273767684
897 	0.0620976034544435
898 	0.0536892085790803
899 	0.0503460334459101
900 	0.0474793258013155
901 	0.044612618156721
902 	0.0417459105121265
903 	0.038879202867532
904 	0.0379708065051283
905 	0.0396258391295693
906 	0.0412808717540104
907 	0.0429359043784514
908 	0.0445909370028925
909 	0.0462459696273336
910 	0.0501037262874827
911 	0.0551099115294661
912 	0.0601160967714494
913 	0.0651222820134327
914 	0.070128467255416
915 	0.0748483685480878
916 	0.0779179301943276
917 	0.0806851525411952
918 	0.0834523748880628
919 	0.0862195972349305
920 	0.0889868195817981
921 	0.089772768563001
922 	0.0846760426430456
923 	0.0795793167230901
924 	0.0744825908031347
925 	0.0693858648831793
926 	0.0642891389632238
927 	0.0598398866122418
928 	0.0563444504666286
929 	0.0528490143210153
930 	0.0493535781754021
931 	0.0458581420297888
932 	0.0426306261686401
933 	0.0413919606946138
934 	0.0404764708657259
935 	0.039560981036838
936 	0.0386454912079501
937 	0.0377300013790622
938 	0.0374615324177914
939 	0.0394645427717037
940 	0.0415511926412942
941 	0.0436378425108847
942 	0.0457244923804752
943 	0.0478111422500657
944 	0.0499737448937939
945 	0.0521130487209261
946 	0.0542523525480583
947 	0.0563916563751905
948 	0.0585309602023227
949 	0.0608643096459849
950 	0.0656308095143639
951 	0.0711473401205448
952 	0.0766638707267257
953 	0.0821804013329066
954 	0.0876969319390875
955 	0.091474938079488
956 	0.0890762811668658
957 	0.0864502001008128
958 	0.0838241190347599
959 	0.0811980379687069
960 	0.078571956902654
961 	0.0729030579542543
962 	0.0653632447390554
963 	0.0578234315238564
964 	0.0502836183086575
965 	0.0427438050934586
966 	0.0359973106054018
967 	0.0354706482699503
968 	0.0362310682875598
969 	0.0369914883051694
970 	0.0377519083227789
971 	0.0385123283403884
972 	0.0393376392005474
973 	0.0404483007617333
974 	0.0415589623229192
975 	0.0426696238841051
976 	0.043780285445291
977 	0.0448909470064769
978 	0.0449425205819489
979 	0.0444942337352591
980 	0.0440459468885693
981 	0.0435976600418795
982 	0.0431493731951897
983 	0.0428628758294235
984 	0.0433682295107809
985 	0.0439907961348148
986 	0.0446133627588488
987 	0.0452359293828828
988 	0.0458584960069167
989 	0.0469169268970234
990 	0.0487835009141236
991 	0.0506500749312237
992 	0.0525166489483238
993 	0.0543832229654239
994 	0.0562256461883614
995 	0.0571080856103128
996 	0.0576029936136681
997 	0.0580979016170233
998 	0.0585928096203786
999 	0.0590877176237339
1000 	0.0594694728403898
1001 	0.0593671203864592
1002 	0.0592375897117514
1003 	0.0591080590370436
1004 	0.0589785283623358
1005 	0.0588489976876279
1006 	0.0597668204576953
1007 	0.0615611576556088
1008 	0.0633554948535223
1009 	0.0651498320514358
1010 	0.0669441692493493
1011 	0.0687524399568733
1012 	0.0701642901026436
1013 	0.0714231244615727
1014 	0.0726819588205019
1015 	0.073940793179431
1016 	0.0751996275383602
1017 	0.0743641048498489
1018 	0.0710906228451259
1019 	0.067817140840403
1020 	0.06454365883568
1021 	0.061270176830957
1022 	0.0581179783833307
1023 	0.0568821624078309
1024 	0.0561688693294145
1025 	0.055455576250998
1026 	0.0547422831725816
1027 	0.0540289900941651
1028 	0.0534523065725409
1029 	0.0530474877879292
1030 	0.0526426690033175
1031 	0.0522378502187059
1032 	0.0518330314340942
1033 	0.0514282126494825
1034 	0.0507279706325663
1035 	0.049856698771323
1036 	0.0489854269100797
1037 	0.0481141550488363
1038 	0.047242883187593
1039 	0.0465398901049117
1040 	0.0462177893134332
1041 	0.0459101001712335
1042 	0.0456024110290339
1043 	0.0452947218868343
1044 	0.0449870327446347
1045 	0.0451398011762425
1046 	0.0457102206874596
1047 	0.0462806401986766
1048 	0.0468510597098937
1049 	0.0474214792211108
1050 	0.0478650290649591
1051 	0.0478320719059984
1052 	0.0477536622846891
1053 	0.0476752526633798
1054 	0.0475968430420705
1055 	0.0475184334207612
1056 	0.0470796695013993
1057 	0.0462662925586142
1058 	0.0454529156158291
1059 	0.0446395386730439
1060 	0.0438261617302588
1061 	0.0433032366799985
1062 	0.0444148319331261
1063 	0.0457760184146065
1064 	0.0471372048960868
1065 	0.0484983913775672
1066 	0.0498595778590475
1067 	0.0532314892059547
1068 	0.0589057482000068
1069 	0.0645800071940589
1070 	0.070254266188111
1071 	0.0759285251821631
1072 	0.0818269491379648
1073 	0.0889203552930352
1074 	0.096170141096359
1075 	0.103419926899683
1076 	0.110669712703007
1077 	0.117919498506331
1078 	0.120842442911712
1079 	0.118947785033159
1080 	0.117053127154606
1081 	0.115158469276053
1082 	0.113263811397501
1083 	0.110473956752271
1084 	0.101840475391212
1085 	0.0922208459668828
1086 	0.0826012165425536
1087 	0.0729815871182244
1088 	0.0633619576938951
1089 	0.0556882353237736
1090 	0.0500668205704364
1091 	0.0444454058170991
1092 	0.0388239910637618
1093 	0.0332025763104246
1094 	0.0285903671580265
1095 	0.0299554545421224
1096 	0.0322209754783445
1097 	0.0344864964145666
1098 	0.0367520173507886
1099 	0.0390175382870107
1100 	0.0428986552897755
1101 	0.0482149433257074
1102 	0.0535312313616393
1103 	0.0588475193975712
1104 	0.064163807433503
1105 	0.0685913459851784
1106 	0.0684365627246706
1107 	0.0677465310289023
1108 	0.0670564993331341
1109 	0.0663664676373658
1110 	0.0656764359415975
1111 	0.0647384487397854
1112 	0.0636600639728064
1113 	0.0625816792058275
1114 	0.0615032944388486
1115 	0.0604249096718696
1116 	0.0587810838151755
1117 	0.0555179056413912
1118 	0.0521886526441732
1119 	0.0488593996469552
1120 	0.0455301466497372
1121 	0.0422008936525192
1122 	0.0407454574958686
1123 	0.0398683294443496
1124 	0.0389912013928306
1125 	0.0381140733413115
1126 	0.0372369452897925
1127 	0.0365856032476792
1128 	0.0363578764193131
1129 	0.036130149590947
1130 	0.0359024227625808
1131 	0.0356746959342147
1132 	0.0354622737903536
1133 	0.0357706716920363
1134 	0.0362931623730497
1135 	0.0368156530540632
1136 	0.0373381437350766
1137 	0.03786063441609
1138 	0.0391258702641402
1139 	0.0414517911295575
1140 	0.0437777119949749
1141 	0.0461036328603922
1142 	0.0484295537258095
1143 	0.0513310650771182
1144 	0.0575933713280436
1145 	0.0642935856167282
1146 	0.0709937999054128
1147 	0.0776940141940973
1148 	0.0843942284827819
1149 	0.0915988768323853
1150 	0.0996768828893416
1151 	0.107754888946298
1152 	0.115832895003254
1153 	0.12391090106021
1154 	0.131148005437734
1155 	0.134158490122043
1156 	0.137051198215361
1157 	0.139943906308679
1158 	0.142836614401998
1159 	0.145556809481235
1160 	0.137893780329814
1161 	0.127473307015122
1162 	0.11705283370043
1163 	0.106632360385739
1164 	0.0962118870710471
1165 	0.0879492754937227
1166 	0.0822755388718184
1167 	0.0766018022499141
1168 	0.0709280656280099
1169 	0.0652543290061056
1170 	0.0597586258729639
1171 	0.0557947784154156
1172 	0.0520751027874977
1173 	0.0483554271595799
1174 	0.0446357515316621
1175 	0.0409160759037443
1176 	0.0391781154767836
1177 	0.0385591338821939
1178 	0.0379401522876043
1179 	0.0373211706930146
1180 	0.0367021890984249
1181 	0.0361369863226237
1182 	0.0359314074387288
1183 	0.035725828554834
1184 	0.0355202496709391
1185 	0.0353146707870442
1186 	0.0351230672791963
1187 	0.034850041839169
1188 	0.0345149561756588
1189 	0.0341798705121486
1190 	0.0338447848486383
1191 	0.0335096991851281
1192 	0.0343485676101127
1193 	0.0360355540255375
1194 	0.0377225404409624
1195 	0.0394095268563872
1196 	0.041096513271812
1197 	0.0442373791152782
1198 	0.0508071333388497
1199 	0.0573768875624212
1200 	0.0639466417859928
1201 	0.0705163960095643
1202 	0.0766224584464681
1203 	0.0785254886324559
1204 	0.0799914400865122
1205 	0.0814573915405686
1206 	0.0829233429946249
1207 	0.0843892944486812
1208 	0.0845573661994239
1209 	0.0828318007411243
1210 	0.0811062352828247
1211 	0.0793806698245251
1212 	0.0776551043662255
1213 	0.076277254840159
1214 	0.0778127552674754
1215 	0.0793482556947918
1216 	0.0808837561221082
1217 	0.0824192565494246
1218 	0.0841682146177485
1219 	0.0872022642922946
1220 	0.0902976338207575
1221 	0.0933930033492204
1222 	0.0964883728776834
1223 	0.0995837424061463
1224 	0.100441565374311
1225 	0.0999919545582668
1226 	0.0995423437422229
1227 	0.099092732926179
1228 	0.0986431221101351
1229 	0.0967990455514386
1230 	0.0926345672759262
1231 	0.0884700890004137
1232 	0.0843056107249012
1233 	0.0801411324493888
1234 	0.0760976751198677
1235 	0.0726342139590416
1236 	0.0692139015267337
1237 	0.0657935890944258
1238 	0.0623732766621179
1239 	0.05895296422981
1240 	0.0569579764180521
1241 	0.055295158006062
1242 	0.053632339594072
1243 	0.0519695211820819
1244 	0.0503067027700919
1245 	0.04832532838039
1246 	0.0462234014850688
1247 	0.0441214745897476
1248 	0.0420195476944263
1249 	0.0399176207991051
1250 	0.0384745687111893
1251 	0.0392723004121541
1252 	0.0400700321131189
1253 	0.0408677638140836
1254 	0.0416654955150484
1255 	0.0421916961206773
1256 	0.040072850841938
1257 	0.0375543707595906
1258 	0.0350358906772432
1259 	0.0325174105948958
1260 	0.0299989305125485
1261 	0.0313638559118912
1262 	0.0340650287310893
1263 	0.0367662015502875
1264 	0.0394673743694856
1265 	0.0421685471886837
1266 	0.0446676090932449
1267 	0.0471553966186218
1268 	0.0496431841439987
1269 	0.0521309716693755
1270 	0.0546187591947524
1271 	0.0575741024469599
1272 	0.0624489816685701
1273 	0.0673238608901803
1274 	0.0721987401117904
1275 	0.0770736193334007
1276 	0.0813897866768152
1277 	0.0807515872686029
1278 	0.0794805276407804
1279 	0.0782094680129579
1280 	0.0769384083851354
1281 	0.0756673487573129
1282 	0.0805938944236282
1283 	0.0872047673340315
1284 	0.0938156402444347
1285 	0.100426513154838
1286 	0.107037386065241
1287 	0.115089531801725
1288 	0.124464434479883
1289 	0.133839337158041
1290 	0.143214239836199
1291 	0.152589142514357
1292 	0.158706588742447
1293 	0.158668781721154
1294 	0.158630974699861
1295 	0.158593167678568
1296 	0.158555360657275
1297 	0.157226794996794
1298 	0.15046189131728
1299 	0.143618789647565
1300 	0.13677568797785
1301 	0.129932586308136
1302 	0.123953734053471
1303 	0.126525605835156
1304 	0.130177966401072
1305 	0.133830326966988
1306 	0.137482687532904
1307 	0.14113504809882
1308 	0.141056544637216
1309 	0.140079517655581
1310 	0.139102490673946
1311 	0.138125463692312
1312 	0.137148436710677
1313 	0.126880674077742
1314 	0.110534060917799
1315 	0.0941874477578572
1316 	0.077840834597915
1317 	0.0614942214379728
1318 	0.0497315372137562
1319 	0.0444056991859843
1320 	0.0390798611582124
1321 	0.0337540231304405
1322 	0.0284281851026686
1323 	0.0284441933043325
1324 	0.0406616598696621
1325 	0.0528791264349916
1326 	0.0650965930003211
1327 	0.0773140595656506
1328 	0.0874558871978898
1329 	0.0878897771564439
1330 	0.0880561346009429
1331 	0.0882224920454419
1332 	0.0883888494899409
1333 	0.0880729502307159
1334 	0.0824020358994271
1335 	0.0760612001519143
1336 	0.0697203644044015
1337 	0.0633795286568886
1338 	0.0570493560152922
1339 	0.0511711494971502
1340 	0.045228739100108
1341 	0.0392863287030657
1342 	0.0333439183060235
1343 	0.0274015079089813
1344 	0.0242550237115929
1345 	0.0224225106498645
1346 	0.020589997588136
1347 	0.0187574845264076
1348 	0.0169249714646791
1349 	0.0182502657506816
1350 	0.0218750791809107
1351 	0.0254998926111397
1352 	0.0291247060413688
1353 	0.0327495194715978
1354 	0.0358353758356486
1355 	0.0380207188634716
1356 	0.0402060618912947
1357 	0.0423914049191178
1358 	0.0445767479469409
1359 	0.0523606555123075
1360 	0.0700713888229692
1361 	0.0877821221336309
1362 	0.105492855444293
1363 	0.123203588754954
1364 	0.141904334300228
1365 	0.163253736035654
1366 	0.18460313777108
1367 	0.205952539506506
1368 	0.227301941241931
1369 	0.245705223756917
1370 	0.249383302944155
1371 	0.253061382131393
1372 	0.256739461318631
1373 	0.260417540505869
1374 	0.264078444629396
1375 	0.268723969106433
1376 	0.273447401600202
1377 	0.278170834093971
1378 	0.28289426658774
1379 	0.285500963998715
1380 	0.268112333152973
1381 	0.249013353626883
1382 	0.229914374100793
1383 	0.210815394574703
1384 	0.191553712465887
1385 	0.169209695143885
1386 	0.146408348620983
1387 	0.12360700209808
1388 	0.100805655575178
1389 	0.0782643134771234
1390 	0.0658618130891345
1391 	0.0550690421983495
1392 	0.0442762713075646
1393 	0.0334835004167796
1394 	0.0226907295259946
1395 	0.0188372305629953
1396 	0.0164243027385383
1397 	0.0140113749140814
1398 	0.0115984470896245
1399 	0.00918551926516751
1400 	0.00796414351256192
1401 	0.00711411257344257
1402 	0.00626408163432323
1403 	0.00541405069520388
1404 	0.00456401975608454
1405 	0.0116516477977256
1406 	0.0212757360831745
1407 	0.0308998243686233
1408 	0.0405239126540722
1409 	0.050148000939521
1410 	0.0676281042666143
1411 	0.0881244084801646
1412 	0.108620712693715
1413 	0.129117016907265
1414 	0.149613321120816
1415 	0.167517789770963
1416 	0.184329464094984
1417 	0.201141138419006
1418 	0.217952812743027
1419 	0.234764487067049
1420 	0.252814988956531
1421 	0.271437386355045
1422 	0.290059783753559
1423 	0.308682181152073
1424 	0.327304578550587
1425 	0.373301613088058
1426 	0.432397572227238
1427 	0.491493531366419
1428 	0.550589490505599
1429 	0.609685449644779
1430 	0.675031750919305
1431 	0.743025933954702
1432 	0.811020116990099
1433 	0.879014300025496
1434 	0.947008483060893
1435 	0.972624172693308
1436 	0.979468129519981
1437 	0.986312086346654
1438 	0.993156043173327
1439 	1
1440 	0.995112185417797
1441 	0.985301122238487
1442 	0.975490059059176
1443 	0.965678995879866
1444 	0.955867932700555
1445 	0.947361540714625
1446 	0.939317294497362
1447 	0.9312730482801
1448 	0.923228802062837
1449 	0.915184555845575
1450 	0.901150666200648
1451 	0.88536656035251
1452 	0.869582454504372
1453 	0.853798348656234
1454 	0.838014242808096
1455 	0.810828020920862
1456 	0.780990237976935
1457 	0.751152455033009
1458 	0.721314672089082
1459 	0.691476889145156
1460 	0.65492991368425
1461 	0.617215971777403
1462 	0.579502029870556
1463 	0.541788087963709
1464 	0.504295545483407
1465 	0.475473570855773
1466 	0.447733025903523
1467 	0.419992480951274
1468 	0.392251935999024
1469 	0.364633844589217
1470 	0.338723904263523
1471 	0.31293404131519
1472 	0.287144178366858
1473 	0.261354315418526
1474 	0.23601086084984
1475 	0.214855496152681
1476 	0.193868700558316
1477 	0.17288190496395
1478 	0.151895109369585
1479 	0.13186813232692
1480 	0.118715365365776
1481 	0.105562598404632
1482 	0.0924098314434874
1483 	0.079257064482343
1484 	0.0679072734627097
1485 	0.062973272571253
1486 	0.0580392716797962
1487 	0.0531052707883394
1488 	0.0481712698968827
1489 	0.0441437257781059
1490 	0.0415745186026812
1491 	0.0390053114272565
1492 	0.0364361042518319
1493 	0.0338668970764072
1494 	0.0325853893564057
1495 	0.0332824641850252
1496 	0.0339795390136447
1497 	0.0346766138422643
1498 	0.0353736886708838
1499 	0.0353374546490888
1500 	0.0347296805652345
1501 	0.0341219064813801
1502 	0.0335141323975258
1503 	0.0329063583136715
1504 	0.0324108492617019
1505 	0.0319515062086038
1506 	0.0314921631555057
1507 	0.0310328201024077
1508 	0.0305734770493096
1509 	0.0295488229779166
1510 	0.0283035223736221
1511 	0.0270582217693277
1512 	0.0258129211650332
1513 	0.0245919498338792
1514 	0.0247959968130159
1515 	0.0251779662280684
1516 	0.0255599356431209
1517 	0.0259419050581735
1518 	0.0264105890152832
1519 	0.0272756600280272
1520 	0.0281406753247398
1521 	0.0290056906214525
1522 	0.0298707059181652
1523 	0.0307529037484684
1524 	0.0318467668827757
1525 	0.032940630017083
1526 	0.0340344931513904
1527 	0.0351283562856977
1528 	0.0363753713106441
1529 	0.0379455010223522
1530 	0.0395156307340603
1531 	0.0410857604457684
1532 	0.0426558901574765
1533 	0.0439471652495178
1534 	0.0449691005391166
1535 	0.0459910358287154
1536 	0.0470129711183143
1537 	0.0480349064079131
1538 	0.0478668937110789
1539 	0.04725933422077
1540 	0.0466517747304611
1541 	0.0460442152401522
1542 	0.0454538848166162
1543 	0.0467871613033138
1544 	0.0483165648712211
1545 	0.0498459684391283
1546 	0.0513753720070355
1547 	0.0529939032137045
1548 	0.0555428814153566
1549 	0.0580918596170087
1550 	0.0606408378186608
1551 	0.0631898160203129
1552 	0.0684240758458266
1553 	0.079594148755305
1554 	0.0907642216647834
1555 	0.101934294574262
1556 	0.11310436748374
1557 	0.130003402033435
1558 	0.15209906633834
1559 	0.174194730643244
1560 	0.196290394948149
1561 	0.218386059253054
1562 	0.228581574886007
1563 	0.234608420426522
1564 	0.240635265967037
1565 	0.246662111507552
1566 	0.251801286927865
1567 	0.228319782550845
1568 	0.202875871834506
1569 	0.177431961118167
1570 	0.151988050401828
1571 	0.128978072749745
1572 	0.115004478628667
1573 	0.101030884507589
1574 	0.0870572903865104
1575 	0.073083696265432
1576 	0.0628655099933973
1577 	0.0576980842301257
1578 	0.0525306584668541
1579 	0.0473632327035825
1580 	0.0421958069403108
1581 	0.0386191313099065
1582 	0.0357516485631143
1583 	0.0328841658163221
1584 	0.0300166830695299
1585 	0.0271570352656249
1586 	0.0244409576761737
1587 	0.0217112249563032
1588 	0.0189814922364326
1589 	0.0162517595165621
1590 	0.0137985131556895
1591 	0.0122210942918751
1592 	0.0106436754280607
1593 	0.0090662565642463
1594 	0.00748883770043191
1595 	0.00751644316006458
1596 	0.00945845258081105
1597 	0.0114004620015575
1598 	0.013342471422304
1599 	0.0152844808430505
1600 	0.0252467420050101
1601 	0.0373296928830777
1602 	0.0494126437611453
1603 	0.061495594639213
1604 	0.0747557048874421
1605 	0.104872792128842
1606 	0.135128236310418
1607 	0.165383680491994
1608 	0.195639124673571
1609 	0.218919105310936
1610 	0.229845012935323
1611 	0.240770920559709
1612 	0.251696828184096
1613 	0.262622735808482
1614 	0.256037388905248
1615 	0.240941681523458
1616 	0.225845974141668
1617 	0.210750266759878
1618 	0.1961843432819
1619 	0.196743807364473
1620 	0.197945490065357
1621 	0.199147172766242
1622 	0.200348855467126
1623 	0.208721880518587
1624 	0.233259482945831
1625 	0.257797085373076
1626 	0.282334687800321
1627 	0.306872290227566
1628 	0.33920955695458
1629 	0.375747039792134
1630 	0.412284522629687
1631 	0.448822005467241
1632 	0.484942547636479
1633 	0.508212920089395
1634 	0.53098806803679
1635 	0.553763215984185
1636 	0.576538363931581
1637 	0.599531209910315
1638 	0.622753862634606
1639 	0.645976515358898
1640 	0.669199168083189
1641 	0.692421820807481
1642 	0.712029126181528
1643 	0.730011039177305
1644 	0.747992952173082
1645 	0.765974865168859
1646 	0.780163793787825
1647 	0.735609533657539
1648 	0.690805854414462
1649 	0.646002175171386
1650 	0.601198495928309
1651 	0.558084302366198
1652 	0.516998443778094
1653 	0.47591258518999
1654 	0.434826726601886
1655 	0.393740868013782
1656 	0.376727053177053
1657 	0.365336117340845
1658 	0.353945181504637
1659 	0.34255424566843
1660 	0.332950881131244
1661 	0.330557671400569
1662 	0.328164461669894
1663 	0.32577125193922
1664 	0.323378042208545
1665 	0.333186194001078
1666 	0.351073464071188
1667 	0.368960734141299
1668 	0.386848004211409
1669 	0.405149708639105
1670 	0.436024854377418
1671 	0.467228353334097
1672 	0.498431852290776
1673 	0.529635351247455
1674 	0.558773201695131
1675 	0.585048584739863
1676 	0.611323967784596
1677 	0.637599350829329
1678 	0.663874733874061
1679 	0.615524287957499
1680 	0.553841236226837
1681 	0.492158184496175
1682 	0.430475132765513
1683 	0.371298349329506
1684 	0.318243196823065
1685 	0.265188044316625
1686 	0.212132891810184
1687 	0.159077739303744
1688 	0.129635200140142
1689 	0.109387311365285
1690 	0.0891394225904284
1691 	0.0688915338155716
1692 	0.0511310978839698
1693 	0.0455758212890159
1694 	0.0400205446940621
1695 	0.0344652680991082
1696 	0.0289099915041544
1697 	0.0263151154421449
1698 	0.0255238314191572
1699 	0.0247325473961694
1700 	0.0239412633731817
1701 	0.0232190615636486
1702 	0.0229815169875901
1703 	0.0227439724115317
1704 	0.0225064278354732
1705 	0.0222688832594147
1706 	0.0226522025863009
1707 	0.0235396116060921
1708 	0.0244270206258833
1709 	0.0253144296456745
1710 	0.026259783154606
1711 	0.0281802752335551
1712 	0.0301007673125041
1713 	0.0320212593914532
1714 	0.0339417514704022
1715 	0.0361409047863576
1716 	0.0386321892905648
1717 	0.0411234737947721
1718 	0.0436147582989794
1719 	0.0460631840061491
1720 	0.0467281384242255
1721 	0.0473930928423019
1722 	0.0480580472603784
1723 	0.0487230016784548
1724 	0.0491713926865326
1725 	0.049419054854132
1726 	0.0496667170217314
1727 	0.0499143791893308
1728 	0.0501695694880703
1729 	0.0509122317921117
1730 	0.0516548940961531
1731 	0.0523975564001946
1732 	0.053140218704236
1733 	0.053450619821466
1734 	0.0534571985966643
1735 	0.0534637773718626
1736 	0.0534703561470609
1737 	0.0534348659360243
1738 	0.0531005499015551
1739 	0.0527662338670859
1740 	0.0524319178326167
1741 	0.0520976017981475
1742 	0.0518229280266366
1743 	0.0515485733168741
1744 	0.0512742186071117
1745 	0.0509998638973492
1746 	0.0509405789120504
1747 	0.0516641243422902
1748 	0.05238766977253
1749 	0.0531112152027698
1750 	0.0538347606330096
1751 	0.0541004002499485
1752 	0.0542620841339558
1753 	0.0544237680179631
1754 	0.0545854519019704
1755 	0.0547632520095159
1756 	0.0549237620465434
1757 	0.055084272083571
1758 	0.0552447821205986
1759 	0.0554052921576261
1760 	0.0553187281680296
1761 	0.0552010105034749
1762 	0.0550832928389202
1763 	0.0549655751743654
1764 	0.0552091438188018
1765 	0.0558293551422664
1766 	0.056449566465731
1767 	0.0570697777891956
1768 	0.0576837882313917
1769 	0.0585627240223604
1770 	0.0594416598133292
1771 	0.0603205956042979
1772 	0.0611995313952667
1773 	0.0610176668159333
1774 	0.0603478398234884
1775 	0.0596780128310435
1776 	0.0590081858385985
1777 	0.0583221067883301
1778 	0.0575746014486641
1779 	0.056827096108998
1780 	0.056079590769332
1781 	0.0553320854296659
1782 	0.0549010251411177
1783 	0.0544975684691701
1784 	0.0540941117972225
1785 	0.0536906551252749
1786 	0.0532104982680951
1787 	0.052654185705983
1788 	0.0520978731438709
1789 	0.0515415605817588
1790 	0.0509720219022392
1791 	0.0503346579879524
1792 	0.0496972940736655
1793 	0.0490599301593787
1794 	0.0484225662450918
1795 	0.048545115837256
1796 	0.0488371625667565
1797 	0.049129209296257
1798 	0.0494212560257575
1799 	0.0496465439000442
1800 	0.0497839552183139
1801 	0.0499213665365836
1802 	0.0500587778548533
1803 	0.0501727564036848
1804 	0.0501426050522137
1805 	0.0501124537007426
1806 	0.0500823023492716
1807 	0.0500521509978005
1808 	0.0498489129897447
1809 	0.0496180020413733
1810 	0.0493870910930018
1811 	0.0491561801446303
1812 	0.0487011563638741
1813 	0.0480174141162357
1814 	0.0473336718685973
1815 	0.0466499296209589
1816 	0.0461401332273942
1817 	0.0463484751460496
1818 	0.046556817064705
1819 	0.0467651589833604
1820 	0.0469735009020158
1821 	0.0478943143543592
1822 	0.0489122270417773
1823 	0.0499301397291954
1824 	0.0509480524166135
1825 	0.0517658754068079
1826 	0.0524450476612358
1827 	0.0531242199156636
1828 	0.0538033921700915
1829 	0.0542615612510333
1830 	0.054223055460461
1831 	0.0541845496698887
1832 	0.0541460438793163
1833 	0.0541040615645272
1834 	0.0539969781759031
1835 	0.053889894787279
1836 	0.0537828113986549
1837 	0.0536757280100308
1838 	0.0535065009496896
1839 	0.0533034213140564
1840 	0.0531003416784231
1841 	0.0528972620427899
1842 	0.0528583878857324
1843 	0.052991043295627
1844 	0.0531236987055217
1845 	0.0532563541154164
1846 	0.0533706901004646
1847 	0.0534362726867076
1848 	0.0535018552729506
1849 	0.0535674378591936
1850 	0.0536302917636506
1851 	0.0533962040906638
1852 	0.0531618730082665
1853 	0.0529275419258692
1854 	0.0526932108434719
1855 	0.0526831217444904
1856 	0.0527408931081081
1857 	0.0527986644717257
1858 	0.0528564358353434
1859 	0.0528446852241629
1860 	0.0527776603596902
1861 	0.0527106354952176
1862 	0.0526436106307449
1863 	0.0525646083385884
1864 	0.0524521720494653
1865 	0.0523397357603421
1866 	0.052227299471219
1867 	0.0521416395819524
1868 	0.0522698473398666
1869 	0.0523980550977807
1870 	0.0525262628556949
1871 	0.0526544706136091
1872 	0.0525589840473716
1873 	0.0524431811032724
1874 	0.0523273781591732
1875 	0.052211575215074
1876 	0.0521969002288559
1877 	0.0522155811570665
1878 	0.0522342620852772
1879 	0.0522529430134878
1880 	0.0520051634222097
1881 	0.0515376517532576
1882 	0.0510701400843055
1883 	0.0506026284153535
1884 	0.0501352115459035
1885 	0.0496786440441411
1886 	0.0492220765423786
1887 	0.0487655090406162
1888 	0.0484594474597773
1889 	0.048710971967956
1890 	0.0489624964761346
1891 	0.0492140209843133
1892 	0.0494654885370809
1893 	0.0496783284411703
1894 	0.0498911683452598
1895 	0.0501040082493493
1896 	0.0503168481534388
1897 	0.0504750469758776
1898 	0.050628605197679
1899 	0.0507821634194804
1900 	0.0509357216412819
1901 	0.0507403162783022
1902 	0.050442423394138
1903 	0.0501445305099738
1904 	0.0498466376258097
1905 	0.0498922141279052
1906 	0.0501269725248616
1907 	0.0503617309218179
1908 	0.0505964893187742
1909 	0.0511120140876877
1910 	0.0518843384426815
1911 	0.0526566627976753
1912 	0.0534289871526692
1913 	0.0537101167201081
1914 	0.0532987363793692
1915 	0.0528873560386303
1916 	0.0524759756978915
1917 	0.052188976378096
1918 	0.0521710176591727
1919 	0.0521530589402494
1920 	0.0521351002213261
1921 	0.0521413974194509
1922 	0.0522324608727657
1923 	0.0523235243260805
1924 	0.0524145877793953
1925 	0.0525202375462833
1926 	0.0527213516768067
1927 	0.0529224658073301
1928 	0.0531235799378536
1929 	0.0533196964386396
1930 	0.0534304943744903
1931 	0.053541292310341
1932 	0.0536520902461917
1933 	0.0537628881820424
1934 	0.0533890100793808
1935 	0.0530140349110587
1936 	0.0526390597427366
1937 	0.0522640845744144
1938 	0.0524670916082225
1939 	0.0527072655518345
1940 	0.0529474394954465
1941 	0.0531876134390585
1942 	0.0533400769193472
1943 	0.0534814312666422
1944 	0.0536227856139372
1945 	0.0537641399612323
1946 	0.0536674864786162
1947 	0.0535308030244908
1948 	0.0533941195703655
1949 	0.0532574361162402
1950 	0.053254530472039
1951 	0.0532798337958474
1952 	0.0533051371196559
1953 	0.0533304404434644
1954 	0.05313171628725
1955 	0.0528779971864727
1956 	0.0526242780856954
1957 	0.0523705589849181
1958 	0.0520031674826636
1959 	0.0516043343043595
1960 	0.0512055011260554
1961 	0.0508066679477513
1962 	0.0509719000616196
1963 	0.0512906398580937
1964 	0.0516093796545679
1965 	0.0519281194510421
1966 	0.0518314549931894
1967 	0.0516266993869203
1968 	0.0514219437806512
1969 	0.0512171881743821
1970 	0.051240759610868
1971 	0.0513185529729
1972 	0.0513963463349321
1973 	0.0514741396969641
1974 	0.0511625501976338
1975 	0.0507718944788059
1976 	0.0503812387599781
1977 	0.0499905830411503
1978 	0.0497040855879857
1979 	0.0494344284116439
1980 	0.0491647712353022
1981 	0.0488951140589604
1982 	0.0491187867959496
1983 	0.0493924160100533
1984 	0.049666045224157
1985 	0.0499396744382608
1986 	0.0503319287310727
1987 	0.0507296334434033
1988 	0.0511273381557339
1989 	0.0515169800076081
1990 	0.0515235689094005
1991 	0.0515301578111928
1992 	0.0515367467129852
1993 	0.0515930613504983
1994 	0.0521930788901099
1995 	0.0527930964297214
1996 	0.053393113969333
1997 	0.053876989953308
1998 	0.05376093107514
1999 	0.0536448721969721
2000 	0.0535288133188041
2001 	0.0533609937838918
2002 	0.0530349597876399
2003 	0.052708925791388
2004 	0.0523828917951361
2005 	0.0521854483335292
2006 	0.0522315398426489
2007 	0.0522776313517686
2008 	0.0523237228608883
2009 	0.052311834615071
2010 	0.0522274540064997
2011 	0.0521430733979284
2012 	0.0520586927893572
2013 	0.0519057626201163
2014 	0.0517000843908316
2015 	0.0514944061615469
2016 	0.0512887279322623
2017 	0.0514024626202374
2018 	0.0516605768631776
2019 	0.0519186911061178
2020 	0.052176805349058
2021 	0.0523355553567803
2022 	0.0524738862369849
2023 	0.0526122171171895
2024 	0.052750547997394
2025 	0.0528367658434298
2026 	0.052922429633378
2027 	0.0530080934233262
2028 	0.0530790295541291
2029 	0.0530535852269247
2030 	0.0530281408997204
2031 	0.0530026965725161
2032 	0.0530351212780809
2033 	0.0532050136991507
2034 	0.0533749061202205
2035 	0.0535447985412903
2036 	0.0535888561027496
2037 	0.0534730490278382
2038 	0.0533572419529269
2039 	0.0532414348780156
2040 	0.0531731700886615
2041 	0.0531321601349699
2042 	0.0530911501812784
2043 	0.0530501402275868
2044 	0.0528091156683033
2045 	0.0525213963113925
2046 	0.0522336769544816
2047 	0.051939512041273
2048 	0.0513673471848995
2049 	0.0507951022184532
2050 	0.0502228572520069
2051 	0.0497829147396083
2052 	0.0498285467046883
2053 	0.0498741786697682
2054 	0.0499198106348482
2055 	0.0500089913355292
2056 	0.0501458736059205
2057 	0.0502827558763119
2058 	0.0504196381467032
2059 	0.050703798290647
2060 	0.0510739205303031
2061 	0.0514440427699593
2062 	0.0518141650096154
2063 	0.051943355702846
2064 	0.0520461015135848
2065 	0.0521488473243235
2066 	0.052243554815195
2067 	0.0522245406059046
2068 	0.0522055263966143
2069 	0.0521865121873239
2070 	0.052069855256106
2071 	0.0518127052646982
2072 	0.0515555552732905
2073 	0.0512984052818827
2074 	0.051622917076282
2075 	0.0522464468880695
2076 	0.0528699766998569
2077 	0.0534935065116443
2078 	0.0534235419435644
2079 	0.0532938676642595
2080 	0.0531641933849545
2081 	0.0529739801478427
2082 	0.052616053812477
2083 	0.0522581274771113
2084 	0.0519002011417456
2085 	0.0517143574514904
2086 	0.0517055709729567
2087 	0.051696784494423
2088 	0.0516879980158894
2089 	0.0515742949223237
2090 	0.0514220745495793
2091 	0.0512698541768348
2092 	0.0511337451823061
2093 	0.0510969219657536
2094 	0.0510600987492011
2095 	0.0510232755326487
2096 	0.0510128398468593
2097 	0.0510652615521565
2098 	0.0511176832574538
2099 	0.051170104962751
2100 	0.0510948588055474
2101 	0.0509720188630868
2102 	0.0508491789206262
2103 	0.0507803724983055
2104 	0.0512445117544643
2105 	0.0517086510106232
2106 	0.052172790266782
2107 	0.0524682309574319
2108 	0.0525474332672544
2109 	0.0526266355770769
2110 	0.0527058378868994
2111 	0.0526723207079466
2112 	0.0525875960558063
2113 	0.0525028714036661
2114 	0.052430526917181
2115 	0.0525688467348855
2116 	0.05270716655259
2117 	0.0528454863702944
2118 	0.0529051783716086
2119 	0.0528931188294813
2120 	0.052881059287354
2121 	0.0528689997452267
2122 	0.0529046836982016
2123 	0.0529579044215705
2124 	0.0530111251449395
2125 	0.0529469674047433
2126 	0.0525246974868014
2127 	0.0521024275688595
2128 	0.0516801576509176
2129 	0.0516139800791936
2130 	0.0516826631004226
2131 	0.0517513461216517
2132 	0.0517878326411548
2133 	0.0517334630640669
2134 	0.051679093486979
2135 	0.0516247239098911
2136 	0.0514511095264266
2137 	0.0511843601875355
2138 	0.0509176108486445
2139 	0.0506496330879307
2140 	0.0502937487643591
2141 	0.0499402304894241
2142 	0.0495867122144892
2143 	0.0494544675228942
2144 	0.0496984195499806
2145 	0.0499423715770669
2146 	0.0501863236041533
2147 	0.0503731728409469
2148 	0.0504882057978934
2149 	0.0506032387548399
2150 	0.0508445046652757
2151 	0.0514169262854827
2152 	0.0519893479056898
2153 	0.0525617695258968
2154 	0.0525964413888136
2155 	0.0524924282482161
2156 	0.0523884151076185
2157 	0.0523290892028201
2158 	0.0523682737941043
2159 	0.0524074583853885
2160 	0.0524466429766727
2161 	0.0523512503176689
2162 	0.0522232774885659
2163 	0.0520953046594629
2164 	0.0520210979689303
2165 	0.0520137238608099
2166 	0.0520063497526895
2167 	0.0519989756445691
2168 	0.0521654008635892
2169 	0.0524030677879775
2170 	0.0526407347123657
2171 	0.0528365421818817
2172 	0.0530502182119391
2173 	0.0532638942419966
2174 	0.053477570272054
2175 	0.0532319238485181
2176 	0.0528230993113098
2177 	0.0524142747741015
2178 	0.0520826832635996
2179 	0.0519290112227887
2180 	0.0517753391819778
2181 	0.051621667141167
2182 	0.0518002366462066
2183 	0.0520401226584514
2184 	0.0522800086706962
2185 	0.0523612024293282
2186 	0.052166014662743
2187 	0.0519708268961579
2188 	0.0517817680553195
2189 	0.0517179974025652
2190 	0.0516592254853577
2191 	0.0516004535681503
2192 	0.0515953121475777
2193 	0.0516385295404804
2194 	0.0516817469333831
2195 	0.0517436106889129
2196 	0.0520561294058333
2197 	0.0523686481227538
2198 	0.0526811668396742
2199 	0.0524200202237712
2200 	0.0519416319375882
2201 	0.0514632436514052
2202 	0.0510763531125751
2203 	0.0509545513551405
2204 	0.0508327495977059
2205 	0.0507155706164278
2206 	0.0508920944507641
2207 	0.051106152438224
2208 	0.051320210425684
2209 	0.0516185365871452
2210 	0.0519453344002114
2211 	0.0522721322132777
2212 	0.0525134874136647
2213 	0.052281748483251
2214 	0.0520500095528373
2215 	0.0518182706224235
2216 	0.051507893952625
2217 	0.0511616490227523
2218 	0.0508154040928796
2219 	0.0506403582337842
2220 	0.0506687562558044
2221 	0.0506971542778245
2222 	0.0508109241876622
2223 	0.0514526270116531
2224 	0.052094329835644
2225 	0.052736032659635
2226 	0.0528514390566177
2227 	0.0527958851945947
2228 	0.0527403313325718
2229 	0.0527068910011875
2230 	0.0527911007677018
2231 	0.052875310534216
2232 	0.0529217831329913
2233 	0.0528115214210662
2234 	0.0527012597091411
2235 	0.0525901249871979
2236 	0.0525081618239596
2237 	0.0524553401080137
2238 	0.0524025183920677
2239 	0.0524103532371205
2240 	0.0524108460106122
2241 	0.0524113387841039
2242 	0.0523912145265209
2243 	0.0524321733683502
2244 	0.0524731322101795
2245 	0.0525067904272379
2246 	0.0524549122301877
2247 	0.0523966386309503
2248 	0.0523383650317129
2249 	0.0522329459544096
2250 	0.0520160632351452
2251 	0.0517991805158807
2252 	0.0515696438380554
2253 	0.0515115500967213
2254 	0.0514534563553872
2255 	0.0514903817133989
2256 	0.0516948620159716
2257 	0.0518993423185442
2258 	0.0521776708482806
2259 	0.0524775706920268
2260 	0.0527430594543859
2261 	0.0530085482167451
2262 	0.0531588793444131
2263 	0.0533165769786625
2264 	0.0534742746129119
2265 	0.0533189277447513
2266 	0.0531905854109783
2267 	0.0530622430772053
2268 	0.0526162111060854
2269 	0.0516401878478852
2270 	0.050664164589685
2271 	0.0500481381791771
2272 	0.0503552135512972
2273 	0.0506622889234173
2274 	0.0509514499724264
2275 	0.0510849649842988
2276 	0.0512025641495379
2277 	0.0513131829840819
2278 	0.051353934016627
2279 	0.0514480273458012
2280 	0.0515421206749754
2281 	0.0514149626219627
2282 	0.051129426517901
2283 	0.0508438904138392
2284 	0.0506793597053832
2285 	0.0505722198826962
2286 	0.0504650800600091
2287 	0.0504270450834623
2288 	0.050520485230716
2289 	0.0506139253779696
2290 	0.0509104929727268
2291 	0.0519551750325388
2292 	0.0529998570923508
2293 	0.0537920675443636
2294 	0.0536026006147623
2295 	0.0533713441802519
2296 	0.0531544649682694
2297 	0.0527875707085673
2298 	0.0523716218701749
2299 	0.051980633278788
2300 	0.0519761493114458
2301 	0.0520680101214543
2302 	0.0521583478034711
2303 	0.0522649004908681
2304 	0.0524092029598976
2305 	0.052553505428927
2306 	0.0527947329271691
2307 	0.0530571134749727
2308 	0.0533194940227763
2309 	0.0532797280095005
2310 	0.0529002734510496
2311 	0.0525208188925988
2312 	0.0520957666865128
2313 	0.0516812624263599
2314 	0.0512667581662071
2315 	0.051142669202545
2316 	0.0512162254258374
2317 	0.0512897816491298
2318 	0.0511809682255415
2319 	0.0510658374231116
2320 	0.0509507066206817
2321 	0.0506974156530517
2322 	0.0506057454610591
2323 	0.0505140752690666
2324 	0.0508242941728626
2325 	0.0513405606765
2326 	0.0518568271801374
2327 	0.0524016484054196
2328 	0.0529162464882434
2329 	0.0534308445710672
2330 	0.0536663113917333
2331 	0.0535283258525263
2332 	0.0533903403133194
2333 	0.0528583104579338
2334 	0.051825321906488
2335 	0.0507923333550422
2336 	0.0502230220057612
2337 	0.050182007191775
2338 	0.0501409923777888
2339 	0.0503338310911173
2340 	0.0505474157842563
2341 	0.0507610004773953
2342 	0.0506451096709678
2343 	0.0506789168693692
2344 	0.0507127240677705
2345 	0.050794142575577
2346 	0.0509476415369026
2347 	0.0511011404982281
2348 	0.0511866998235954
2349 	0.0510100236278727
2350 	0.05083334743215
2351 	0.0508284263232816
2352 	0.0509320655301403
2353 	0.0510559845757076
2354 	0.0518195249825791
2355 	0.0528228703518681
2356 	0.0537494133212181
2357 	0.0538701254041567
2358 	0.0536739815906074
2359 	0.053473645487343
2360 	0.0532507855017279
2361 	0.0530215040417484
2362 	0.0527961644508846
2363 	0.0525713774680923
2364 	0.052343253226221
2365 	0.0521924584055448
2366 	0.0521412518905412
2367 	0.0520930690347121
2368 	0.0520718817972108
2369 	0.0521333881011474
2370 	0.0522018279162408
2371 	0.0521206734133698
2372 	0.0522145373277195
2373 	0.0523084012420692
2374 	0.0521899563974351
2375 	0.0521297206421482
2376 	0.052076328402643
2377 	0.0520662656044037
2378 	0.0518984117755923
2379 	0.0518085663446273
2380 	0.0519314402111051
2381 	0.0519986151436771
2382 	0.0520748422276842
2383 	0.0523418329146573
2384 	0.0527049787022792
2385 	0.0529642569693012
2386 	0.0531157983540974
2387 	0.0532591634411142
2388 	0.0534491155083931
2389 	0.0532183203818843
2390 	0.0529896695580005
2391 	0.0529276735505719
2392 	0.0531049030741109
2393 	0.0530923850063018
2394 	0.0523126629963643
2395 	0.0512890771141188
2396 	0.0505472725415671
2397 	0.0503454592477984
2398 	0.0502711526269233
2399 	0.0503024724833047
2400 	0.0506618557373602
