 	avm0
200 	0
201 	0
202 	0
203 	0.0501986738198294
204 	0.0520764459559317
205 	0.0539542180920341
206 	0.0558319902281364
207 	0.0577097623642388
208 	0.0595875345003411
209 	0.0614373070713763
210 	0.0621950966047936
211 	0.0629528861382109
212 	0.0637106756716282
213 	0.0644684652050455
214 	0.0652262547384628
215 	0.0659840442718801
216 	0.0653690540562865
217 	0.0638350576981999
218 	0.0623010613401133
219 	0.0607670649820267
220 	0.0592330686239401
221 	0.0576990722658535
222 	0.0562451118492849
223 	0.0551607556120859
224 	0.0540763993748869
225 	0.052992043137688
226 	0.051907686900489
227 	0.05082333066329
228 	0.049738974426091
229 	0.0478972037748254
230 	0.0458214674145025
231 	0.0437457310541796
232 	0.0416699946938566
233 	0.0395942583335337
234 	0.0375185219732108
235 	0.0357577078402826
236 	0.0345715822918092
237 	0.0333854567433358
238 	0.0321993311948624
239 	0.0310132056463889
240 	0.0298270800979155
241 	0.0286409545494421
242 	0.0295888488345546
243 	0.0306466978744997
244 	0.0317045469144448
245 	0.0327623959543899
246 	0.0338202449943351
247 	0.0348780940342802
248 	0.0359981163391053
249 	0.0371683944294664
250 	0.0383386725198275
251 	0.0395089506101886
252 	0.0406792287005497
253 	0.0418495067909108
254 	0.0430491722693751
255 	0.0444019807206252
256 	0.0457547891718753
257 	0.0471075976231254
258 	0.0484604060743755
259 	0.0498132145256256
260 	0.0511660229768757
261 	0.0511638256070329
262 	0.0507659805426591
263 	0.0503681354782853
264 	0.0499702904139115
265 	0.0495724453495377
266 	0.0491746002851639
267 	0.050360946343282
268 	0.0539941219468269
269 	0.0576272975503718
270 	0.0612604731539168
271 	0.0648936487574617
272 	0.0685268243610066
273 	0.0723001367177401
274 	0.0837186874984407
275 	0.0951372382791414
276 	0.106555789059842
277 	0.117974339840543
278 	0.129392890621243
279 	0.140811441401944
280 	0.147963215302574
281 	0.152797233860944
282 	0.157631252419314
283 	0.162465270977684
284 	0.167299289536055
285 	0.172133308094425
286 	0.173927787614904
287 	0.168059203927178
288 	0.162190620239452
289 	0.156322036551726
290 	0.150453452864
291 	0.144584869176274
292 	0.138716285488548
293 	0.13857710323159
294 	0.138895778108408
295 	0.139214452985226
296 	0.139533127862044
297 	0.139851802738862
298 	0.14017047761568
299 	0.138756581913624
300 	0.136056841147803
301 	0.133357100381983
302 	0.130657359616162
303 	0.127957618850342
304 	0.125257878084521
305 	0.121924664561221
306 	0.116434294907825
307 	0.110943925254429
308 	0.105453555601034
309 	0.0999631859476376
310 	0.0944728162942416
311 	0.0889824466408457
312 	0.0887533744445736
313 	0.08920126377213
314 	0.0896491530996864
315 	0.0900970424272428
316 	0.0905449317547992
317 	0.0909928210823556
318 	0.0923379775160853
319 	0.0944143007931397
320 	0.096490624070194
321 	0.0985669473472483
322 	0.100643270624303
323 	0.102719593901357
324 	0.104001900644567
325 	0.10248538892685
326 	0.100968877209134
327 	0.0994523654914173
328 	0.0979358537737007
329 	0.0964193420559842
330 	0.0949028303382677
331 	0.095867527806375
332 	0.0971140552710903
333 	0.0983605827358055
334 	0.0996071102005208
335 	0.100853637665236
336 	0.102100165129951
337 	0.101800385379454
338 	0.100380865921388
339 	0.0989613464633222
340 	0.0975418270052564
341 	0.0961223075471907
342 	0.0947027880891249
343 	0.0919130742826547
344 	0.0853808893454671
345 	0.0788487044082795
346 	0.072316519471092
347 	0.0657843345339044
348 	0.0592521495967168
349 	0.0527199646595292
350 	0.0486243424972567
351 	0.0446276026952565
352 	0.0406308628932563
353 	0.0366341230912561
354 	0.0326373832892559
355 	0.0286406434872557
356 	0.0267636560308565
357 	0.0259738032872542
358 	0.0251839505436518
359 	0.0243940978000495
360 	0.0236042450564472
361 	0.0228143923128448
362 	0.0220884052255076
363 	0.0214730488104985
364 	0.0208576923954894
365 	0.0202423359804803
366 	0.0196269795654712
367 	0.0190116231504621
368 	0.0187914954754651
369 	0.0233089798398338
370 	0.0278264642042025
371 	0.0323439485685711
372 	0.0368614329329398
373 	0.0413789172973085
374 	0.0458964016616772
375 	0.0545685813233583
376 	0.0643120975082458
377 	0.0740556136931332
378 	0.0837991298780206
379 	0.0935426460629081
380 	0.103286162247796
381 	0.106270738564377
382 	0.102940870091032
383 	0.0996110016176877
384 	0.096281133144343
385 	0.0929512646709983
386 	0.0896213961976537
387 	0.0868611905712
388 	0.0858470247274938
389 	0.0848328588837875
390 	0.0838186930400813
391 	0.082804527196375
392 	0.0817903613526688
393 	0.0807761955089625
394 	0.0892534469469004
395 	0.0979145280773472
396 	0.106575609207794
397 	0.115236690338241
398 	0.123897771468688
399 	0.132558852599135
400 	0.130761145923817
401 	0.124936371367608
402 	0.119111596811399
403 	0.113286822255191
404 	0.107462047698982
405 	0.101637273142774
406 	0.0953173691242121
407 	0.0884346256313517
408 	0.0815518821384913
409 	0.0746691386456309
410 	0.0677863951527706
411 	0.0609036516599102
412 	0.055363964217332
413 	0.0545583974225811
414 	0.0537528306278302
415 	0.0529472638330793
416 	0.0521416970383284
417 	0.0513361302435775
418 	0.0505305634488266
419 	0.0503838518590742
420 	0.0502512730163137
421 	0.0501186941735532
422 	0.0499861153307927
423 	0.0498535364880322
424 	0.0497209576452717
425 	0.0507880705888014
426 	0.0522701509469698
427 	0.0537522313051383
428 	0.0552343116633067
429 	0.0567163920214751
430 	0.0581984723796435
431 	0.0606784479213681
432 	0.064105743062297
433 	0.0675330382032259
434 	0.0709603333441548
435 	0.0743876284850837
436 	0.0778149236260126
437 	0.0816451309253734
438 	0.0864617783367571
439 	0.0912784257481408
440 	0.0960950731595245
441 	0.100911720570908
442 	0.105728367982292
443 	0.110119107019754
444 	0.10902036034889
445 	0.107921613678027
446 	0.106822867007164
447 	0.1057241203363
448 	0.104625373665437
449 	0.103526626994574
450 	0.101762631216817
451 	0.0998903390728224
452 	0.0980180469288275
453 	0.0961457547848325
454 	0.0942734626408376
455 	0.0924011704968427
456 	0.0877312938444685
457 	0.0815813495469885
458 	0.0754314052495084
459 	0.0692814609520283
460 	0.0631315166545483
461 	0.0569815723570682
462 	0.052461257219367
463 	0.0499008044632498
464 	0.0473403517071327
465 	0.0447798989510155
466 	0.0422194461948984
467 	0.0396589934387812
468 	0.0394983250602094
469 	0.046132448463269
470 	0.0527665718663285
471 	0.059400695269388
472 	0.0660348186724476
473 	0.0726689420755072
474 	0.0791612337636902
475 	0.0838524569629616
476 	0.088543680162233
477 	0.0932349033615044
478 	0.0979261265607758
479 	0.102617349760047
480 	0.107308572959319
481 	0.104827210878016
482 	0.101468394480684
483 	0.098109578083352
484 	0.0947507616860199
485 	0.0913919452886878
486 	0.0880331288913557
487 	0.0845724233254856
488 	0.081071104594534
489 	0.0775697858635823
490 	0.0740684671326306
491 	0.0705671484016789
492 	0.0670658296707272
493 	0.063040138397525
494 	0.058578430395052
495 	0.0541167223925791
496 	0.0496550143901062
497 	0.0451933063876333
498 	0.0407315983851604
499 	0.037408541655702
500 	0.0359275961480314
501 	0.0344466506403608
502 	0.0329657051326902
503 	0.0314847596250196
504 	0.0300038141173491
505 	0.0293936975254161
506 	0.0317831027543568
507 	0.0341725079832974
508 	0.0365619132122381
509 	0.0389513184411788
510 	0.0413407236701195
511 	0.0436940189164839
512 	0.0455954514079074
513 	0.0474968838993308
514 	0.0493983163907543
515 	0.0512997488821778
516 	0.0532011813736013
517 	0.0551026138650248
518 	0.0579914351751829
519 	0.0609568642385188
520 	0.0639222933018547
521 	0.0668877223651905
522 	0.0698531514285264
523 	0.0728185804918622
524 	0.0743505827728535
525 	0.0754992478534965
526 	0.0766479129341395
527 	0.0777965780147826
528 	0.0789452430954256
529 	0.0800939081760686
530 	0.0796382531118469
531 	0.0783413082155617
532 	0.0770443633192766
533 	0.0757474184229914
534 	0.0744504735267063
535 	0.0731535286304211
536 	0.0707808037564548
537 	0.067450248316349
538 	0.0641196928762432
539 	0.0607891374361374
540 	0.0574585819960315
541 	0.0541280265559257
542 	0.0522199803057973
543 	0.0523674424450985
544 	0.0525149045843997
545 	0.0526623667237009
546 	0.0528098288630021
547 	0.0529572910023033
548 	0.0528627410056773
549 	0.052187032614614
550 	0.0515113242235507
551 	0.0508356158324874
552 	0.0501599074414241
553 	0.0494841990503608
554 	0.0488934371192309
555 	0.0486744301256589
556 	0.048455423132087
557 	0.048236416138515
558 	0.048017409144943
559 	0.047798402151371
560 	0.0477240333754728
561 	0.0492476555105008
562 	0.0507712776455288
563 	0.0522948997805568
564 	0.0538185219155848
565 	0.0553421440506128
566 	0.0568657661856408
567 	0.0573430212532028
568 	0.057806494383706
569 	0.0582699675142091
570 	0.0587334406447123
571 	0.0591969137752154
572 	0.0596603869057186
573 	0.0598550167729643
574 	0.0600191098775684
575 	0.0601832029821725
576 	0.0603472960867766
577 	0.0605113891913807
578 	0.0606754822959847
579 	0.0593445737729525
580 	0.057672055541394
581 	0.0559995373098355
582 	0.054327019078277
583 	0.0526545008467185
584 	0.05098198261516
585 	0.046604387277271
586 	0.0412614794848839
587 	0.0359185716924968
588 	0.0305756639001097
589 	0.0252327561077227
590 	0.0198898483153356
591 	0.0187156780234652
592 	0.0196321358474691
593 	0.0205485936714731
594 	0.021465051495477
595 	0.0223815093194809
596 	0.0232979671434848
597 	0.0278365407525673
598 	0.0347798135267851
599 	0.041723086301003
600 	0.0486663590752209
601 	0.0556096318494387
602 	0.0625529046236566
603 	0.0715116198869431
604 	0.0821734212387781
605 	0.0928352225906131
606 	0.103497023942448
607 	0.114158825294283
608 	0.124820626646118
609 	0.134856570905689
610 	0.144241112885557
611 	0.153625654865425
612 	0.163010196845292
613 	0.17239473882516
614 	0.181779280805028
615 	0.188482674869665
616 	0.191828595418831
617 	0.195174515967998
618 	0.198520436517164
619 	0.201866357066331
620 	0.205212277615497
621 	0.202145850416524
622 	0.189619623074254
623 	0.177093395731985
624 	0.164567168389715
625 	0.152040941047446
626 	0.139514713705176
627 	0.134227624993811
628 	0.141266637194525
629 	0.148305649395239
630 	0.155344661595953
631 	0.162383673796667
632 	0.169422685997381
633 	0.176456709405977
634 	0.183481177023254
635 	0.19050564464053
636 	0.197530112257807
637 	0.204554579875084
638 	0.211579047492361
639 	0.221938967944557
640 	0.239289914926908
641 	0.256640861909258
642 	0.273991808891609
643 	0.29134275587396
644 	0.308693702856311
645 	0.321734852804351
646 	0.325092952272709
647 	0.328451051741067
648 	0.331809151209424
649 	0.335167250677782
650 	0.338525350146139
651 	0.335627395706254
652 	0.318131982147131
653 	0.300636568588009
654 	0.283141155028887
655 	0.265645741469765
656 	0.248150327910643
657 	0.232098826223992
658 	0.219448754518802
659 	0.206798682813612
660 	0.194148611108422
661 	0.181498539403232
662 	0.168848467698042
663 	0.159055202810746
664 	0.15583353644514
665 	0.152611870079534
666 	0.149390203713928
667 	0.146168537348323
668 	0.142946870982717
669 	0.143429297865708
670 	0.152004106814108
671 	0.160578915762507
672 	0.169153724710906
673 	0.177728533659306
674 	0.186303342607705
675 	0.19282760914162
676 	0.195207425901245
677 	0.19758724266087
678 	0.199967059420495
679 	0.20234687618012
680 	0.204726692939744
681 	0.201556672554737
682 	0.188303145244977
683 	0.175049617935217
684 	0.161796090625456
685 	0.148542563315696
686 	0.135289036005935
687 	0.122893878222211
688 	0.111869882148907
689 	0.100845886075603
690 	0.0898218900022997
691 	0.078797893928996
692 	0.0677738978556923
693 	0.0611071917517392
694 	0.0604085273593604
695 	0.0597098629669816
696 	0.0590111985746028
697 	0.058312534182224
698 	0.0576138697898452
699 	0.0573386869443491
700 	0.0575507355560189
701 	0.0577627841676887
702 	0.0579748327793585
703 	0.0581868813910283
704 	0.0583989300026982
705 	0.0574516864669004
706 	0.0554083028850537
707 	0.0533649193032069
708 	0.0513215357213601
709 	0.0492781521395133
710 	0.0472347685576666
711 	0.0441622062273267
712 	0.0403132458937379
713 	0.0364642855601491
714 	0.0326153252265603
715 	0.0287663648929714
716 	0.0249174045593826
717 	0.0257497192704617
718 	0.0293078397037532
719 	0.0328659601370446
720 	0.036424080570336
721 	0.0399822010036274
722 	0.0435403214369188
723 	0.0536753033224868
724 	0.066615537097114
725 	0.0795557708717412
726 	0.0924960046463684
727 	0.105436238420996
728 	0.118376472195623
729 	0.126653378390719
730 	0.133591903568783
731 	0.140530428746846
732 	0.147468953924909
733 	0.154407479102972
734 	0.161346004281035
735 	0.158438001525414
736 	0.153913746803961
737 	0.149389492082508
738 	0.144865237361055
739 	0.140340982639602
740 	0.135816727918149
741 	0.1362976602888
742 	0.13705871400674
743 	0.137819767724679
744 	0.138580821442618
745 	0.139341875160558
746 	0.140092256410976
747 	0.140599203759371
748 	0.141106151107765
749 	0.141613098456159
750 	0.142120045804554
751 	0.142626993152948
752 	0.142115903080311
753 	0.135503707624287
754 	0.128891512168263
755 	0.122279316712239
756 	0.115667121256216
757 	0.109054925800192
758 	0.102668282179821
759 	0.0969546996148461
760 	0.0912411170498708
761 	0.0855275344848955
762 	0.0798139519199202
763 	0.0741003693549449
764 	0.0689237445390369
765 	0.0646772596491093
766 	0.0604307747591816
767 	0.0561842898692539
768 	0.0519378049793263
769 	0.0476913200893986
770 	0.0439054935987045
771 	0.0406049191794825
772 	0.0373043447602605
773 	0.0340037703410384
774 	0.0307031959218164
775 	0.0274026215025943
776 	0.0257315830871896
777 	0.0250806607066949
778 	0.0244297383262002
779 	0.0237788159457055
780 	0.0231278935652107
781 	0.022476971184716
782 	0.02399654356838
783 	0.0262434780158675
784 	0.028490412463355
785 	0.0307373469108425
786 	0.0329842813583299
787 	0.0352312158058174
788 	0.0372496593019555
789 	0.0392398623434324
790 	0.0412300653849093
791 	0.0432202684263862
792 	0.0452104714678631
793 	0.0473523271504719
794 	0.0534412502225384
795 	0.0595301732946049
796 	0.0656190963666714
797 	0.0717080194387379
798 	0.0777969425108044
799 	0.0836948599483456
800 	0.0887837535202798
801 	0.0938726470922139
802 	0.0989615406641481
803 	0.104050434236082
804 	0.109139327808016
805 	0.111754152648183
806 	0.109814441868504
807 	0.107874731088826
808 	0.105935020309147
809 	0.103995309529469
810 	0.10205559874979
811 	0.0979427720079574
812 	0.0918159399139163
813 	0.0856891078198752
814 	0.0795622757258342
815 	0.0734354436317931
816 	0.067308611537752
817 	0.0632021486279212
818 	0.0599907121820912
819 	0.0567792757362612
820 	0.0535678392904313
821 	0.0503564028446013
822 	0.0471449663987714
823 	0.0483118695152618
824 	0.0501099749027501
825 	0.0519080802902385
826 	0.0537061856777269
827 	0.0555042910652153
828 	0.057788008064205
829 	0.0674185587984873
830 	0.0770491095327696
831 	0.086679660267052
832 	0.0963102110013343
833 	0.105940761735617
834 	0.115487166116534
835 	0.124789020157986
836 	0.134090874199438
837 	0.14339272824089
838 	0.152694582282342
839 	0.161996436323794
840 	0.16222880607463
841 	0.151641440180522
842 	0.141054074286413
843 	0.130466708392304
844 	0.119879342498196
845 	0.109291976604087
846 	0.102385638281041
847 	0.0973419886084125
848 	0.0922983389357839
849 	0.0872546892631552
850 	0.0822110395905266
851 	0.077167389917898
852 	0.0785934696658055
853 	0.0809185323172497
854 	0.0832435949686939
855 	0.0855686576201381
856 	0.0878937202715822
857 	0.0898378711187171
858 	0.0883153397872405
859 	0.0867928084557639
860 	0.0852702771242873
861 	0.0837477457928108
862 	0.0822252144613342
863 	0.0816501918988248
864 	0.0830252409005813
865 	0.0844002899023378
866 	0.0857753389040944
867 	0.0871503879058509
868 	0.0885254369076074
869 	0.0872879488985671
870 	0.084006069182326
871 	0.080724189466085
872 	0.0774423097498439
873 	0.0741604300336029
874 	0.0708785503173619
875 	0.067049847150823
876 	0.0630861426835873
877 	0.0591224382163515
878 	0.0551587337491157
879 	0.0511950292818799
880 	0.0474282186886798
881 	0.0474023917021598
882 	0.0473765647156398
883 	0.0473507377291199
884 	0.0473249107425999
885 	0.0472990837560799
886 	0.0484476211694649
887 	0.0522721692646011
888 	0.0560967173597373
889 	0.0599212654548735
890 	0.0637458135500097
891 	0.0675703616451459
892 	0.0704704652373827
893 	0.0726617191577851
894 	0.0748529730781876
895 	0.07704422699859
896 	0.0792354809189924
897 	0.0814267348393949
898 	0.0803209729447687
899 	0.0785637049310054
900 	0.076806436917242
901 	0.0750491689034786
902 	0.0732919008897153
903 	0.0712626874659202
904 	0.0670331884518683
905 	0.0628036894378165
906 	0.0585741904237647
907 	0.0543446914097128
908 	0.050115192395661
909 	0.0475536446501597
910 	0.0475791233620015
911 	0.0476046020738433
912 	0.0476300807856851
913 	0.0476555594975269
914 	0.0476810382093686
915 	0.0478645543853805
916 	0.0481220998581181
917 	0.0483796453308557
918 	0.0486371908035933
919 	0.0488947362763309
920 	0.0491522817490685
921 	0.0493752532833036
922 	0.0495973746387232
923 	0.0498194959941427
924 	0.0500416173495622
925 	0.0502637387049818
926 	0.0506300835921346
927 	0.0513691351688204
928 	0.0521081867455062
929 	0.0528472383221921
930 	0.0535862898988779
931 	0.0543253414755637
932 	0.053671011830052
933 	0.0520403674506195
934 	0.050409723071187
935 	0.0487790786917545
936 	0.047148434312322
937 	0.0455177899328895
938 	0.0450811233394183
939 	0.0447697914306613
940 	0.0444584595219043
941 	0.0441471276131474
942 	0.0438357957043904
943 	0.0443889907148641
944 	0.0478694435395759
945 	0.0513498963642878
946 	0.0548303491889996
947 	0.0583108020137115
948 	0.0617912548384233
949 	0.0670680301026382
950 	0.0737676987687535
951 	0.0804673674348687
952 	0.0871670361009839
953 	0.0938667047670991
954 	0.100566373433214
955 	0.105185968951739
956 	0.109561533542334
957 	0.113937098132929
958 	0.118312662723524
959 	0.122688227314119
960 	0.124155290723672
961 	0.116361394305725
962 	0.108567497887778
963 	0.100773601469832
964 	0.0929797050518848
965 	0.0851858086339379
966 	0.0803710008147275
967 	0.0776264071065033
968 	0.074881813398279
969 	0.0721372196900547
970 	0.0693926259818305
971 	0.0666480322736062
972 	0.0675289383372108
973 	0.0686127498790698
974 	0.0696965614209288
975 	0.0707803729627878
976 	0.0718641845046468
977 	0.0724182105046644
978 	0.0718039914636985
979 	0.0711897724227325
980 	0.0705755533817666
981 	0.0699613343408007
982 	0.0693471152998348
983 	0.0672840183892764
984 	0.0645515568489063
985 	0.0618190953085361
986 	0.059086633768166
987 	0.0563541722277958
988 	0.0537222294349649
989 	0.0525853035698217
990 	0.0514483777046785
991 	0.0503114518395352
992 	0.049174525974392
993 	0.0480376001092487
994 	0.0476429164018565
995 	0.0481627810674075
996 	0.0486826457329585
997 	0.0492025103985095
998 	0.0497223750640605
999 	0.0502422397296115
1000 	0.0506007208214727
1001 	0.0509286906312688
1002 	0.0512566604410649
1003 	0.0515846302508611
1004 	0.0519126000606572
1005 	0.0521573905886233
1006 	0.0521402181501621
1007 	0.0521230457117009
1008 	0.0521058732732397
1009 	0.0520887008347784
1010 	0.0520715283963172
1011 	0.0518870691634251
1012 	0.0516117380915829
1013 	0.0513364070197407
1014 	0.0510610759478985
1015 	0.0507857448760563
1016 	0.0505270810840047
1017 	0.0505249841070904
1018 	0.0505228871301762
1019 	0.050520790153262
1020 	0.0505186931763478
1021 	0.0505165961994335
1022 	0.0507059936098077
1023 	0.051101187892828
1024 	0.0514963821758483
1025 	0.0518915764588685
1026 	0.0522867707418888
1027 	0.0526819650249091
1028 	0.0530917771459476
1029 	0.0535030349872297
1030 	0.0539142928285118
1031 	0.0543255506697938
1032 	0.0547368085110759
1033 	0.0549564144376357
1034 	0.0548121594826211
1035 	0.0546679045276065
1036 	0.054523649572592
1037 	0.0543793946175774
1038 	0.0542351396625628
1039 	0.0558878995104171
1040 	0.0580270178754391
1041 	0.0601661362404611
1042 	0.0623052546054831
1043 	0.0644443729705051
1044 	0.065760620435743
1045 	0.0644129976999866
1046 	0.0630653749642302
1047 	0.0617177522284737
1048 	0.0603701294927173
1049 	0.0590225067569609
1050 	0.0581576617008328
1051 	0.0575066878534291
1052 	0.0568557140060254
1053 	0.0562047401586217
1054 	0.0555537663112179
1055 	0.0551548668371715
1056 	0.056119754357443
1057 	0.0570846418777144
1058 	0.0580495293979859
1059 	0.0590144169182574
1060 	0.0599793044385289
1061 	0.059330333969738
1062 	0.0577212853033069
1063 	0.0561122366368759
1064 	0.0545031879704448
1065 	0.0528941393040138
1066 	0.0514564208485797
1067 	0.0514947780571193
1068 	0.0515331352656589
1069 	0.0515714924741986
1070 	0.0516098496827382
1071 	0.0516482068912778
1072 	0.0550011225815992
1073 	0.0606669135452869
1074 	0.0663327045089746
1075 	0.0719984954726622
1076 	0.0776642864363499
1077 	0.0827987163750511
1078 	0.0819044946845768
1079 	0.0810102729941024
1080 	0.0801160513036281
1081 	0.0792218296131538
1082 	0.0783276079226795
1083 	0.0769288640524075
1084 	0.0751647765346955
1085 	0.0734006890169836
1086 	0.0716366014992717
1087 	0.0698725139815598
1088 	0.0689516866645916
1089 	0.0769929503183173
1090 	0.085034213972043
1091 	0.0930754776257687
1092 	0.101116741279494
1093 	0.10915800493322
1094 	0.110274300938077
1095 	0.106773951843686
1096 	0.103273602749296
1097 	0.0997732536549054
1098 	0.0962729045605148
1099 	0.092154719386656
1100 	0.083505736296691
1101 	0.0748567532067261
1102 	0.0662077701167612
1103 	0.0575587870267963
1104 	0.0489098039368314
1105 	0.0461776196124423
1106 	0.0466594988150339
1107 	0.0471413780176255
1108 	0.0476232572202171
1109 	0.0481051364228087
1110 	0.0497979648063968
1111 	0.0568970526483138
1112 	0.0639961404902309
1113 	0.0710952283321479
1114 	0.0781943161740649
1115 	0.085293404015982
1116 	0.0910071835795468
1117 	0.0961981332970121
1118 	0.101389083014477
1119 	0.106580032731943
1120 	0.111770982449408
1121 	0.117369817204865
1122 	0.124043985242301
1123 	0.130718153279737
1124 	0.137392321317173
1125 	0.144066489354609
1126 	0.150740657392045
1127 	0.14926412661823
1128 	0.146141781661375
1129 	0.143019436704521
1130 	0.139897091747666
1131 	0.136774746790811
1132 	0.134006617147196
1133 	0.131778755304584
1134 	0.129550893461971
1135 	0.127323031619359
1136 	0.125095169776747
1137 	0.122867307934134
1138 	0.126539668060386
1139 	0.130407076846765
1140 	0.134274485633145
1141 	0.138141894419524
1142 	0.142009303205903
1143 	0.141451297967266
1144 	0.137228370327655
1145 	0.133005442688044
1146 	0.128782515048434
1147 	0.124559587408823
1148 	0.119743414933365
1149 	0.111026208234306
1150 	0.102309001535248
1151 	0.0935917948361891
1152 	0.0848745881371304
1153 	0.0761573814380718
1154 	0.0718062589583118
1155 	0.069102942368479
1156 	0.0663996257786463
1157 	0.0636963091888135
1158 	0.0609929925989807
1159 	0.058147741345061
1160 	0.0550090423500534
1161 	0.0518703433550459
1162 	0.0487316443600383
1163 	0.0455929453650308
1164 	0.0424542463700232
1165 	0.0409733885732857
1166 	0.0396096801545845
1167 	0.0382459717358834
1168 	0.0368822633171821
1169 	0.035518554898481
1170 	0.0351119279294851
1171 	0.0354883676011575
1172 	0.0358648072728298
1173 	0.0362412469445021
1174 	0.0366176866161745
1175 	0.0371979011026937
1176 	0.0387590780699871
1177 	0.0403202550372806
1178 	0.041881432004574
1179 	0.0434426089718674
1180 	0.0450037859391609
1181 	0.0462623823791581
1182 	0.0474462768934637
1183 	0.0486301714077693
1184 	0.0498140659220749
1185 	0.0509979604363805
1186 	0.0511965765445315
1187 	0.0501412019539405
1188 	0.0490858273633495
1189 	0.0480304527727585
1190 	0.0469750781821675
1191 	0.0460866516359955
1192 	0.0470187537646771
1193 	0.0479508558933586
1194 	0.0488829580220401
1195 	0.0498150601507217
1196 	0.0507471622794032
1197 	0.0570490249721906
1198 	0.0652670980155334
1199 	0.0734851710588761
1200 	0.0817032441022188
1201 	0.0899213171455616
1202 	0.0967517851332573
1203 	0.101465805005774
1204 	0.106179824878291
1205 	0.110893844750807
1206 	0.115607864623324
1207 	0.119845350946609
1208 	0.116995346228169
1209 	0.114145341509728
1210 	0.111295336791288
1211 	0.108445332072847
1212 	0.105595327354407
1213 	0.10172290959244
1214 	0.0974875213461857
1215 	0.0932521330999316
1216 	0.0890167448536775
1217 	0.0847813566074234
1218 	0.0818645687833326
1219 	0.0807761982510715
1220 	0.0796878277188104
1221 	0.0785994571865492
1222 	0.0775110866542881
1223 	0.076373836700121
1224 	0.0748370311045016
1225 	0.0733002255088823
1226 	0.071763419913263
1227 	0.0702266143176436
1228 	0.0686898087220243
1229 	0.0650132004171981
1230 	0.0608215527506027
1231 	0.0566299050840072
1232 	0.0524382574174118
1233 	0.0482466097508164
1234 	0.046252293504378
1235 	0.0463691388184827
1236 	0.0464859841325875
1237 	0.0466028294466923
1238 	0.046719674760797
1239 	0.0484196128882537
1240 	0.0556675069111519
1241 	0.06291540093405
1242 	0.0701632949569481
1243 	0.0774111889798463
1244 	0.0846590830027444
1245 	0.0902497290910596
1246 	0.0957364669666859
1247 	0.101223204842312
1248 	0.106709942717938
1249 	0.112196680593565
1250 	0.110525368688119
1251 	0.105280397746544
1252 	0.100035426804969
1253 	0.0947904558633937
1254 	0.0895454849218188
1255 	0.0838504397061838
1256 	0.077485881018191
1257 	0.0711213223301983
1258 	0.0647567636422055
1259 	0.0583922049542128
1260 	0.0528414718481727
1261 	0.0521284797015183
1262 	0.0514154875548638
1263 	0.0507024954082094
1264 	0.0499895032615549
1265 	0.0492765111149005
1266 	0.0512067143299629
1267 	0.0534536274035961
1268 	0.0557005404772293
1269 	0.0579474535508625
1270 	0.0601943666244957
1271 	0.0596170297153436
1272 	0.0575189428154616
1273 	0.0554208559155797
1274 	0.0533227690156977
1275 	0.0512246821158158
1276 	0.050079478775913
1277 	0.0502830429870918
1278 	0.0504866071982707
1279 	0.0506901714094495
1280 	0.0508937356206283
1281 	0.0518006782942191
1282 	0.055785847142023
1283 	0.059771015989827
1284 	0.0637561848376309
1285 	0.0677413536854348
1286 	0.0717265225332387
1287 	0.0701725532493738
1288 	0.0684236246523852
1289 	0.0666746960553967
1290 	0.0649257674584082
1291 	0.0631768388614197
1292 	0.0576444428019845
1293 	0.0508709890224634
1294 	0.0440975352429422
1295 	0.0373240814634211
1296 	0.0305506276839
1297 	0.0264269698307567
1298 	0.0244889100774723
1299 	0.022550850324188
1300 	0.0206127905709036
1301 	0.0186747308176193
1302 	0.0192546128816214
1303 	0.0245106726063003
1304 	0.0297667323309791
1305 	0.035022792055658
1306 	0.0402788517803369
1307 	0.0459394095162242
1308 	0.0537235818109542
1309 	0.0615077541056843
1310 	0.0692919264004144
1311 	0.0770760986951445
1312 	0.0848602709898745
1313 	0.0798033928658361
1314 	0.0744576567569182
1315 	0.0691119206480004
1316 	0.0637661845390825
1317 	0.0584204484301646
1318 	0.056307876471774
1319 	0.0549884967146952
1320 	0.0536691169576164
1321 	0.0523497372005376
1322 	0.0510303574434587
1323 	0.0578253246777581
1324 	0.0692643521398281
1325 	0.0807033796018981
1326 	0.0921424070639681
1327 	0.103581434526038
1328 	0.114542640811144
1329 	0.124979946728217
1330 	0.135417252645289
1331 	0.145854558562362
1332 	0.156291864479434
1333 	0.164468907797111
1334 	0.167972892857142
1335 	0.171476877917172
1336 	0.174980862977203
1337 	0.178484848037234
1338 	0.179236444632033
1339 	0.167617416146834
1340 	0.155998387661636
1341 	0.144379359176438
1342 	0.13276033069124
1343 	0.121312560480392
1344 	0.113499271425205
1345 	0.105685982370019
1346 	0.0978726933148321
1347 	0.0900594042596455
1348 	0.0822461152044588
1349 	0.0784979050446282
1350 	0.0751176355045521
1351 	0.071737365964476
1352 	0.0683570964243999
1353 	0.0649768268843238
1354 	0.0737213111439185
1355 	0.085573144367247
1356 	0.0974249775905754
1357 	0.109276810813904
1358 	0.121128644037232
1359 	0.136456988163817
1360 	0.153398881274784
1361 	0.17034077438575
1362 	0.187282667496716
1363 	0.204224560607682
1364 	0.211972480551673
1365 	0.213007845692094
1366 	0.214043210832514
1367 	0.215078575972935
1368 	0.216113941113355
1369 	0.213690518199047
1370 	0.207520074892117
1371 	0.201349631585187
1372 	0.195179188278257
1373 	0.189008744971327
1374 	0.184737723617633
1375 	0.183437593011305
1376 	0.182137462404977
1377 	0.180837331798649
1378 	0.179537201192321
1379 	0.176078063243315
1380 	0.167768168537385
1381 	0.159458273831455
1382 	0.151148379125525
1383 	0.142838484419595
1384 	0.132750416006325
1385 	0.116841488363045
1386 	0.100932560719764
1387 	0.0850236330764836
1388 	0.0691147054332031
1389 	0.0540688757305627
1390 	0.0432974358291911
1391 	0.0325259959278195
1392 	0.021754556026448
1393 	0.0109831161250764
1394 	0.00151537543183836
1395 	0.00270447872436095
1396 	0.00389358201688354
1397 	0.00508268530940613
1398 	0.00627178860192872
1399 	0.00779046647336312
1400 	0.0146618900919522
1401 	0.0215333137105412
1402 	0.0284047373291302
1403 	0.0352761609477193
1404 	0.0422135848026515
1405 	0.0532100231926739
1406 	0.0642064615826963
1407 	0.0752028999727187
1408 	0.086199338362741
1409 	0.0971957767527634
1410 	0.111783106058607
1411 	0.126443718852528
1412 	0.141104331646449
1413 	0.15576494444037
1414 	0.170425557234292
1415 	0.185432033574999
1416 	0.200455567194508
1417 	0.215479100814018
1418 	0.230502634433527
1419 	0.245526168053037
1420 	0.258050389336119
1421 	0.270397999683221
1422 	0.282745610030324
1423 	0.295093220377427
1424 	0.307440830724529
1425 	0.331293986440711
1426 	0.356120496320438
1427 	0.380947006200164
1428 	0.405773516079891
1429 	0.430600025959617
1430 	0.460005891407877
1431 	0.489815377967181
1432 	0.519624864526486
1433 	0.549434351085791
1434 	0.579243837645095
1435 	0.59400172273403
1436 	0.607503948762056
1437 	0.621006174790082
1438 	0.634508400818108
1439 	0.648010626846135
1440 	0.665739629719468
1441 	0.683762472694348
1442 	0.701785315669227
1443 	0.719808158644106
1444 	0.737831001618986
1445 	0.756621481991832
1446 	0.775448133760394
1447 	0.794274785528956
1448 	0.813101437297517
1449 	0.831928089066079
1450 	0.851084677486329
1451 	0.870246630730184
1452 	0.889408583974038
1453 	0.908570537217893
1454 	0.927655114224217
1455 	0.94294825559156
1456 	0.958241396958902
1457 	0.973534538326245
1458 	0.988827679693588
1459 	1
1460 	0.950905312290386
1461 	0.901810624580771
1462 	0.852715936871157
1463 	0.803621249161543
1464 	0.753375136451101
1465 	0.694268057429939
1466 	0.635160978408778
1467 	0.576053899387617
1468 	0.516946820366456
1469 	0.461638204280116
1470 	0.424236627743653
1471 	0.38683505120719
1472 	0.349433474670728
1473 	0.312031898134265
1474 	0.27811417500994
1475 	0.255049443790917
1476 	0.231984712571894
1477 	0.208919981352871
1478 	0.185855250133848
1479 	0.165713763866137
1480 	0.151812809923955
1481 	0.137911855981773
1482 	0.124010902039591
1483 	0.110109948097409
1484 	0.0990839540140072
1485 	0.0923168955030408
1486 	0.0855498369920744
1487 	0.0787827784811081
1488 	0.0720157199701417
1489 	0.0667061540054854
1490 	0.0628835248810048
1491 	0.0590608957565242
1492 	0.0552382666320435
1493 	0.0514156375075629
1494 	0.0486476774466374
1495 	0.0465976013701487
1496 	0.0445475252936599
1497 	0.0424974492171711
1498 	0.0404473731406823
1499 	0.0395893923631832
1500 	0.0392350421743043
1501 	0.0388806919854254
1502 	0.0385263417965465
1503 	0.0381719916076676
1504 	0.0378787916594934
1505 	0.0375991059891796
1506 	0.0373194203188658
1507 	0.0370397346485519
1508 	0.0367600489782381
1509 	0.037082544732713
1510 	0.0374414395764911
1511 	0.0378003344202693
1512 	0.0381592292640474
1513 	0.038530310481505
1514 	0.0390495523473804
1515 	0.0395687942132557
1516 	0.0400880360791311
1517 	0.0406072779450064
1518 	0.0412064098540754
1519 	0.0420955130310326
1520 	0.0429846162079898
1521 	0.043873719384947
1522 	0.0447628225619042
1523 	0.0457919528316243
1524 	0.0470646918791647
1525 	0.0483374309267052
1526 	0.0496101699742456
1527 	0.0508829090217861
1528 	0.0522549626129937
1529 	0.0537183245850393
1530 	0.055181686557085
1531 	0.0566450485291306
1532 	0.0581084105011762
1533 	0.0588824576803595
1534 	0.0593409875928388
1535 	0.0597995175053182
1536 	0.0602580474177976
1537 	0.0607165773302769
1538 	0.059885831251208
1539 	0.058841708492885
1540 	0.0577975857345621
1541 	0.0567534629762391
1542 	0.0557250602234867
1543 	0.0550840145310762
1544 	0.0544429688386657
1545 	0.0538019231462552
1546 	0.0531608774538446
1547 	0.0526021408498993
1548 	0.0523220999314588
1549 	0.0520420590130182
1550 	0.0517620180945777
1551 	0.0514819771761372
1552 	0.0506040792860663
1553 	0.0489206182464275
1554 	0.0472371572067886
1555 	0.0455536961671498
1556 	0.043870235127511
1557 	0.0427156608709689
1558 	0.0418703722292646
1559 	0.0410250835875603
1560 	0.040179794945856
1561 	0.0393345063041517
1562 	0.0392589935426258
1563 	0.0393246822739136
1564 	0.0393903710052015
1565 	0.0394560597364893
1566 	0.0396115281967961
1567 	0.0410172128835918
1568 	0.0424228975703874
1569 	0.0438285822571831
1570 	0.0452342669439787
1571 	0.046570674219319
1572 	0.0477431016284873
1573 	0.0489155290376556
1574 	0.0500879564468239
1575 	0.0512603838559922
1576 	0.0526771548978774
1577 	0.0543062993775446
1578 	0.0559354438572117
1579 	0.0575645883368788
1580 	0.0591937328165459
1581 	0.0613691820536161
1582 	0.063697820460816
1583 	0.0660264588680158
1584 	0.0683550972752157
1585 	0.0706554980299409
1586 	0.072199757201736
1587 	0.073744016373531
1588 	0.075288275545326
1589 	0.076832534717121
1590 	0.0778184148433556
1591 	0.0774951855684599
1592 	0.0771719562935642
1593 	0.0768487270186686
1594 	0.0765254977437729
1595 	0.0760056183527479
1596 	0.0753373888741166
1597 	0.0746691593954852
1598 	0.0740009299168539
1599 	0.0733327004382225
1600 	0.0711728156012716
1601 	0.0687496974657935
1602 	0.0663265793303154
1603 	0.0639034611948373
1604 	0.0615981882770634
1605 	0.0600352542124201
1606 	0.0584723201477767
1607 	0.0569093860831334
1608 	0.05534645201849
1609 	0.0546268816544659
1610 	0.0550116697621534
1611 	0.055396457869841
1612 	0.0557812459775285
1613 	0.056166034085216
1614 	0.0575854688932009
1615 	0.0593722172993942
1616 	0.0611589657055876
1617 	0.0629457141117809
1618 	0.0646561989045743
1619 	0.0649475823421391
1620 	0.065238965779704
1621 	0.0655303492172688
1622 	0.0658217326548336
1623 	0.0671014415053659
1624 	0.0700567748431117
1625 	0.0730121081808576
1626 	0.0759674415186035
1627 	0.0789227748563494
1628 	0.0866650180644217
1629 	0.0964490388063421
1630 	0.106233059548263
1631 	0.116017080290183
1632 	0.126350288753917
1633 	0.150216045952589
1634 	0.174081803151262
1635 	0.197947560349935
1636 	0.221813317548607
1637 	0.251428855781347
1638 	0.290229109172403
1639 	0.329029362563459
1640 	0.367829615954515
1641 	0.40662986934557
1642 	0.43267671820735
1643 	0.454219320002633
1644 	0.475761921797916
1645 	0.497304523593199
1646 	0.513416180102095
1647 	0.481714220266174
1648 	0.450012260430252
1649 	0.418310300594331
1650 	0.38660834075841
1651 	0.351451278561543
1652 	0.312444662571402
1653 	0.273438046581262
1654 	0.234431430591121
1655 	0.19542481460098
1656 	0.179577672574291
1657 	0.167721670843762
1658 	0.155865669113233
1659 	0.144009667382705
1660 	0.13645001221383
1661 	0.142421174639543
1662 	0.148392337065256
1663 	0.154363499490969
1664 	0.160334661916682
1665 	0.173807762380915
1666 	0.191555907598653
1667 	0.209304052816391
1668 	0.227052198034129
1669 	0.244979227295064
1670 	0.266986516398456
1671 	0.288993805501847
1672 	0.311001094605238
1673 	0.333008383708629
1674 	0.348535956421913
1675 	0.356333341161031
1676 	0.364130725900149
1677 	0.371928110639267
1678 	0.379725495378385
1679 	0.362373217846394
1680 	0.341493678673185
1681 	0.320614139499976
1682 	0.299734600326768
1683 	0.276859158970349
1684 	0.249499417903603
1685 	0.222139676836857
1686 	0.194779935770111
1687 	0.167420194703365
1688 	0.145571171317377
1689 	0.125598451270412
1690 	0.105625731223446
1691 	0.0856530111764812
1692 	0.0684080976170706
1693 	0.0624962357533797
1694 	0.0565843738896887
1695 	0.0506725120259977
1696 	0.0447606501623067
1697 	0.0452553110118128
1698 	0.0491996379376543
1699 	0.0531439648634958
1700 	0.0570882917893373
1701 	0.0621653244124075
1702 	0.0760456662262166
1703 	0.0899260080400257
1704 	0.103806349853835
1705 	0.117686691667644
1706 	0.131227810862598
1707 	0.144530260651099
1708 	0.157832710439601
1709 	0.171135160228103
1710 	0.183444991384505
1711 	0.182150108348012
1712 	0.180855225311518
1713 	0.179560342275025
1714 	0.178265459238532
1715 	0.168739585790522
1716 	0.152693823880342
1717 	0.136648061970162
1718 	0.120602300059981
1719 	0.104676421885892
1720 	0.0907714409773347
1721 	0.076866460068777
1722 	0.0629614791602192
1723 	0.0490564982516615
1724 	0.0407407307551619
1725 	0.036763304752567
1726 	0.0327858787499721
1727 	0.0288084527473772
1728 	0.0252286570481746
1729 	0.0262845260252314
1730 	0.0273403950022881
1731 	0.0283962639793449
1732 	0.0294521329564017
1733 	0.0298767845375976
1734 	0.0298858584966432
1735 	0.0298949324556889
1736 	0.0299040064147345
1737 	0.0299601744540291
1738 	0.0303155284149055
1739 	0.0306708823757819
1740 	0.0310262363366584
1741 	0.0313815902975348
1742 	0.0320323888160423
1743 	0.0328241453731242
1744 	0.0336159019302061
1745 	0.034407658487288
1746 	0.0354253922385139
1747 	0.0372126430429259
1748 	0.0389998938473379
1749 	0.0407871446517498
1750 	0.0425743954561618
1751 	0.0448481144523306
1752 	0.0472542815312423
1753 	0.0496604486101541
1754 	0.0520666156890658
1755 	0.0539210363438508
1756 	0.0547641823912423
1757 	0.0556073284386339
1758 	0.0564504744860254
1759 	0.0572936205334169
1760 	0.0579811491260207
1761 	0.0586567844578173
1762 	0.0593324197896139
1763 	0.0600080551214105
1764 	0.0608844707144692
1765 	0.0619507291226514
1766 	0.0630169875308336
1767 	0.0640832459390158
1768 	0.0650934146594978
1769 	0.0656354703788925
1770 	0.0661775260982871
1771 	0.0667195818176818
1772 	0.0672616375370765
1773 	0.0668607062151689
1774 	0.0660727378988765
1775 	0.0652847695825841
1776 	0.0644968012662917
1777 	0.0637823910651402
1778 	0.0632242918586631
1779 	0.0626661926521861
1780 	0.0621080934457091
1781 	0.061549994239232
1782 	0.0611900391620577
1783 	0.0608429560677241
1784 	0.0604958729733905
1785 	0.0601487898790569
1786 	0.0599409031775119
1787 	0.0598388841549893
1788 	0.0597368651324666
1789 	0.059634846109944
1790 	0.059402842590022
1791 	0.0586636446586788
1792 	0.0579244467273356
1793 	0.0571852487959924
1794 	0.0564460508646492
1795 	0.0562062695768555
1796 	0.0560546206379236
1797 	0.0559029716989917
1798 	0.0557513227600597
1799 	0.0557745067559415
1800 	0.0559690616483237
1801 	0.056163616540706
1802 	0.0563581714330882
1803 	0.056535812443983
1804 	0.0566296894703684
1805 	0.0567235664967537
1806 	0.0568174435231391
1807 	0.0569113205495245
1808 	0.0568300461112119
1809 	0.0567154094891474
1810 	0.0566007728670829
1811 	0.0564861362450184
1812 	0.0563170028813913
1813 	0.056097564833245
1814 	0.0558781267850987
1815 	0.0556586887369523
1816 	0.055500261758559
1817 	0.0555713526139983
1818 	0.0556424434694376
1819 	0.0557135343248769
1820 	0.0557846251803163
1821 	0.0562183039725143
1822 	0.0566887207494941
1823 	0.057159137526474
1824 	0.0576295543034538
1825 	0.0580678466930902
1826 	0.0584860286939018
1827 	0.0589042106947135
1828 	0.0593223926955251
1829 	0.0596995952159873
1830 	0.0599939721402144
1831 	0.0602883490644416
1832 	0.0605827259886687
1833 	0.0608408078814273
1834 	0.0604870592437163
1835 	0.0601333106060053
1836 	0.0597795619682943
1837 	0.0594258133305833
1838 	0.0593038284253036
1839 	0.0592434516007968
1840 	0.05918307477629
1841 	0.0591226979517832
1842 	0.0591631136725286
1843 	0.0592921965195485
1844 	0.0594212793665685
1845 	0.0595503622135884
1846 	0.0595878559753121
1847 	0.0593944420431201
1848 	0.059201028110928
1849 	0.059007614178736
1850 	0.0588153922913898
1851 	0.0586490702875115
1852 	0.0584827482836333
1853 	0.058316426279755
1854 	0.0581501042758768
1855 	0.058151215051858
1856 	0.0581908374266508
1857 	0.0582304598014435
1858 	0.0582700821762362
1859 	0.0582396155224782
1860 	0.0581606439403323
1861 	0.0580816723581863
1862 	0.0580027007760404
1863 	0.0580288844837098
1864 	0.0582281014989589
1865 	0.058427318514208
1866 	0.0586265355294571
1867 	0.058877031568646
1868 	0.0593709556180317
1869 	0.0598648796674175
1870 	0.0603588037168032
1871 	0.060852727766189
1872 	0.0609788993223088
1873 	0.0610971824184096
1874 	0.0612154655145105
1875 	0.0613337486106113
1876 	0.0609870293047101
1877 	0.0605189285395221
1878 	0.060050827774334
1879 	0.0595827270091459
1880 	0.0588622119345473
1881 	0.0579843476800565
1882 	0.0571064834255656
1883 	0.0562286191710747
1884 	0.0558134946266593
1885 	0.0559685315107296
1886 	0.0561235683947999
1887 	0.0562786052788702
1888 	0.0564201695027495
1889 	0.0565284263167124
1890 	0.0566366831306752
1891 	0.056744939944638
1892 	0.0568402628450338
1893 	0.0568547956476409
1894 	0.056869328450248
1895 	0.0568838612528551
1896 	0.0568983940554622
1897 	0.0568211168422653
1898 	0.0567435633702446
1899 	0.0566660098982238
1900 	0.0565884564262031
1901 	0.0565085748392376
1902 	0.0564283299048531
1903 	0.0563480849704685
1904 	0.0562678400360839
1905 	0.0562502621280305
1906 	0.0562544741024481
1907 	0.0562586860768657
1908 	0.0562628980512832
1909 	0.0564841090924868
1910 	0.0568338609821688
1911 	0.0571836128718508
1912 	0.0575333647615328
1913 	0.0577677929044755
1914 	0.0578966180762663
1915 	0.0580254432480571
1916 	0.0581542684198479
1917 	0.0582775150820971
1918 	0.0583932451610673
1919 	0.0585089752400376
1920 	0.0586247053190078
1921 	0.0586295104341429
1922 	0.0584180282304136
1923 	0.0582065460266843
1924 	0.0579950638229551
1925 	0.0579015117527445
1926 	0.0581401445624454
1927 	0.0583787773721464
1928 	0.0586174101818473
1929 	0.0588371195322659
1930 	0.0589777033301412
1931 	0.0591182871280165
1932 	0.0592588709258918
1933 	0.0593712361398597
1934 	0.0592996501339197
1935 	0.0592280641279798
1936 	0.0591564781220398
1937 	0.059096617557446
1938 	0.0591663019291703
1939 	0.0592359863008945
1940 	0.0593056706726187
1941 	0.0593766911501519
1942 	0.0594789634684369
1943 	0.0595812357867219
1944 	0.0596835081050068
1945 	0.0597828206568873
1946 	0.0595562300413464
1947 	0.0593296394258054
1948 	0.0591030488102645
1949 	0.0588764581947235
1950 	0.0588009817104578
1951 	0.0587276508629445
1952 	0.0586543200154312
1953 	0.0585809891679179
1954 	0.0583174162973998
1955 	0.0580483632039968
1956 	0.0577793101105937
1957 	0.0575102570171907
1958 	0.0577885168870108
1959 	0.0580854544484403
1960 	0.0583823920098699
1961 	0.0586793295712994
1962 	0.0589236299170671
1963 	0.0591663581935721
1964 	0.059409086470077
1965 	0.059651814746582
1966 	0.0593724501717134
1967 	0.0590851349442858
1968 	0.0587978197168582
1969 	0.0585129379083935
1970 	0.058529800051334
1971 	0.0585466621942744
1972 	0.0585635243372149
1973 	0.0585646356295974
1974 	0.0581877265085905
1975 	0.0578108173875835
1976 	0.0574339082665766
1977 	0.0570803683481437
1978 	0.0569919679008913
1979 	0.0569035674536389
1980 	0.0568151670063865
1981 	0.056731362507378
1982 	0.0566780456345064
1983 	0.0566247287616348
1984 	0.0565714118887632
1985 	0.0565782868498813
1986 	0.0568401104691019
1987 	0.0571019340883225
1988 	0.0573637577075431
1989 	0.05750568222489
1990 	0.0573063554522883
1991 	0.0571070286796866
1992 	0.0569077019070849
1993 	0.0569099518796655
1994 	0.0573052467742683
1995 	0.0577005416688712
1996 	0.058095836563474
1997 	0.0583703522705989
1998 	0.0584821279457699
1999 	0.0585939036209408
2000 	0.0587056792961118
2001 	0.0588131534355317
2002 	0.0589167043769531
2003 	0.0590202553183745
2004 	0.0591238062597959
2005 	0.0592911191469893
2006 	0.0594960404314503
2007 	0.0597009617159113
2008 	0.0599058830003724
2009 	0.0599145651667112
2010 	0.0598557241956315
2011 	0.0597968832245519
2012 	0.0597380422534722
2013 	0.0594456550177803
2014 	0.0591180611530156
2015 	0.0587904672882509
2016 	0.0584636244530807
2017 	0.0583863737865119
2018 	0.0583091231199432
2019 	0.0582318724533744
2020 	0.0581763102450277
2021 	0.0582466001105818
2022 	0.0583168899761359
2023 	0.05838717984169
2024 	0.0584522901071704
2025 	0.0585052568955546
2026 	0.0585582236839388
2027 	0.0586111904723231
2028 	0.0586945358221094
2029 	0.0588132570724029
2030 	0.0589319783226964
2031 	0.0590506995729899
2032 	0.0589265684098314
2033 	0.0586616365583051
2034 	0.0583967047067787
2035 	0.0581317728552524
2036 	0.0580489057238661
2037 	0.0580076406046985
2038 	0.0579663754855309
2039 	0.0579259429305843
2040 	0.0580928188666832
2041 	0.0582596948027821
2042 	0.058426570738881
2043 	0.0586034991546046
2044 	0.0588196519516087
2045 	0.0590358047486129
2046 	0.059251957545617
2047 	0.059173483892524
2048 	0.0586762554544262
2049 	0.0581790270163283
2050 	0.0576817985782305
2051 	0.0572456496424219
2052 	0.0568450659864273
2053 	0.0564444823304327
2054 	0.0560438986744381
2055 	0.0561486034884313
2056 	0.0563355645649805
2057 	0.0565225256415298
2058 	0.0567338526178419
2059 	0.0571720085373067
2060 	0.0576101644567715
2061 	0.0580483203762363
2062 	0.0583070179729591
2063 	0.0582234927216622
2064 	0.0581399674703653
2065 	0.0580564422190684
2066 	0.0577211927556453
2067 	0.0572188252212764
2068 	0.0567164576869075
2069 	0.0562140901525387
2070 	0.0560773638099141
2071 	0.0559967277539122
2072 	0.0559160916979103
2073 	0.0560014510281671
2074 	0.0570897965655376
2075 	0.0581781421029081
2076 	0.0592664876402785
2077 	0.0600026729246435
2078 	0.0602662871903386
2079 	0.0605299014560337
2080 	0.0607935157217287
2081 	0.0607155864973878
2082 	0.0605061488378253
2083 	0.0602967111782629
2084 	0.0600820499130572
2085 	0.0596717043441388
2086 	0.0592613587752204
2087 	0.058851013206302
2088 	0.0585037292610609
2089 	0.0582794061808662
2090 	0.0580550831006714
2091 	0.0578307600204767
2092 	0.0578738175202728
2093 	0.058053392597164
2094 	0.0582329676740552
2095 	0.0584125427509464
2096 	0.0582677787479536
2097 	0.0581213849003382
2098 	0.0579749910527229
2099 	0.0577658494162294
2100 	0.0574332603493911
2101 	0.0571006712825529
2102 	0.0567680822157146
2103 	0.0567582749034445
2104 	0.056894164435399
2105 	0.0570300539673536
2106 	0.057172911693304
2107 	0.05744543248008
2108 	0.0577179532668561
2109 	0.0579904740536322
2110 	0.0582449997087434
2111 	0.0584748780034227
2112 	0.0587047562981021
2113 	0.0589346345927815
2114 	0.0591487658370703
2115 	0.0593590094055769
2116 	0.0595692529740835
2117 	0.0596734981874274
2118 	0.0593345274804804
2119 	0.0589955567735334
2120 	0.0586565860665863
2121 	0.0585824961728552
2122 	0.0586902047462048
2123 	0.0587979133195544
2124 	0.0589046008545502
2125 	0.0585017902510041
2126 	0.058098979647458
2127 	0.0576961690439119
2128 	0.057354168148422
2129 	0.0570957986566486
2130 	0.0568374291648752
2131 	0.0565790596731018
2132 	0.0566901133256103
2133 	0.0568663592976981
2134 	0.0570426052697858
2135 	0.0572342218049622
2136 	0.0574636531164568
2137 	0.0576930844279514
2138 	0.0579225157394461
2139 	0.057987188335257
2140 	0.0579930664368688
2141 	0.0579989445384805
2142 	0.0579874922562321
2143 	0.0579044965944586
2144 	0.0578215009326851
2145 	0.0577385052709115
2146 	0.0575694001264875
2147 	0.05735652590868
2148 	0.0571436516908725
2149 	0.0570154969985538
2150 	0.0574034704792483
2151 	0.0577914439599429
2152 	0.0581794174406374
2153 	0.0585000119720258
2154 	0.0587806941321692
2155 	0.0590613762923125
2156 	0.059302072333951
2157 	0.0592628655460557
2158 	0.0592236587581605
2159 	0.0591844519702652
2160 	0.0588830524798627
2161 	0.0584289838209118
2162 	0.0579749151619609
2163 	0.0575875720310913
2164 	0.0575843515348515
2165 	0.0575811310386117
2166 	0.0575779105423719
2167 	0.0577707094762323
2168 	0.0580583189949781
2169 	0.0583459285137238
2170 	0.0585979939303752
2171 	0.0587163458201001
2172 	0.0588346977098251
2173 	0.05895304959955
2174 	0.0588908024663563
2175 	0.0587702667596278
2176 	0.0586497310528994
2177 	0.0585358165669464
2178 	0.0584365027216778
2179 	0.0583371888764091
2180 	0.0582378750311404
2181 	0.0583315467282264
2182 	0.0584522848126666
2183 	0.0585730228971068
2184 	0.0586757316782051
2185 	0.0587566699760185
2186 	0.0588376082738319
2187 	0.0589206864916476
2188 	0.0590579384737333
2189 	0.059195190455819
2190 	0.0593324424379046
2191 	0.0592871004808544
2192 	0.0591358944232309
2193 	0.0589846883656073
2194 	0.0588250460187739
2195 	0.0586383933678313
2196 	0.0584517407168887
2197 	0.0582650880659461
2198 	0.0578866512558523
2199 	0.0574751637172764
2200 	0.0570636761787005
2201 	0.0569742589964687
2202 	0.0572365588142611
2203 	0.0574988586320535
2204 	0.0577411991588634
2205 	0.0578252910214549
2206 	0.0579093828840463
2207 	0.0579934747466378
2208 	0.0577763132708309
2209 	0.0574624482795276
2210 	0.0571485832882243
2211 	0.0569185638750683
2212 	0.0568087027235396
2213 	0.0566988415720109
2214 	0.0565996220378046
2215 	0.0566297821668334
2216 	0.0566599422958622
2217 	0.056690102424891
2218 	0.0567993781991686
2219 	0.0569350258551959
2220 	0.0570706735112232
2221 	0.0573501913227154
2222 	0.0578165749683173
2223 	0.0582829586139192
2224 	0.0587027183334429
2225 	0.0588076761954922
2226 	0.0589126340575415
2227 	0.0590175919195909
2228 	0.0590141882226134
2229 	0.0589890601794684
2230 	0.0589639321363234
2231 	0.0590973708442957
2232 	0.0593621271724804
2233 	0.0596268835006651
2234 	0.0598463388218337
2235 	0.0599445473301067
2236 	0.0600427558383796
2237 	0.0601401226579051
2238 	0.0600980497082771
2239 	0.0600559767586491
2240 	0.0600139038090212
2241 	0.0599385166091926
2242 	0.0598520246592972
2243 	0.0597655327094018
2244 	0.0594616745614146
2245 	0.0589447544964858
2246 	0.058427834431557
2247 	0.0580187131528092
2248 	0.0579025320699661
2249 	0.057786350987123
2250 	0.0576738275593388
2251 	0.0576427082220514
2252 	0.057611588884764
2253 	0.0575804695474766
2254 	0.0575982393881275
2255 	0.0576261649517317
2256 	0.057654090515336
2257 	0.0577872597345207
2258 	0.0579841157244178
2259 	0.0581809717143148
2260 	0.0582553911171667
2261 	0.0581655103692532
2262 	0.0580756296213396
2263 	0.0580883257304133
2264 	0.058422316292364
2265 	0.0587563068543147
2266 	0.0590401222573025
2267 	0.0586252298496582
2268 	0.058210337442014
2269 	0.0577954450343697
2270 	0.0578351746776413
2271 	0.0579242978475091
2272 	0.0580134210173769
2273 	0.057966871344582
2274 	0.0578743708964275
2275 	0.0577818704482729
2276 	0.0577247995792127
2277 	0.0576910546519442
2278 	0.0576573097246758
2279 	0.0575036803167085
2280 	0.0572137719691434
2281 	0.0569238636215783
2282 	0.0568050502088621
2283 	0.0570125108579508
2284 	0.0572199715070396
2285 	0.057375137075582
2286 	0.0573542349275249
2287 	0.0573333327794679
2288 	0.0574033530596174
2289 	0.0581098303372133
2290 	0.0588163076148091
2291 	0.0594987940253239
2292 	0.059455556706637
2293 	0.0594123193879501
2294 	0.0593690820692633
2295 	0.0591048565928551
2296 	0.0588285094031542
2297 	0.0585521622134534
2298 	0.0582345024894167
2299 	0.0579109409747606
2300 	0.0575873794601045
2301 	0.0576363970663711
2302 	0.0577716768336396
2303 	0.0579069566009081
2304 	0.057855474222251
2305 	0.0577446905561525
2306 	0.057633906890054
2307 	0.0575300077105166
2308 	0.0574288392491124
2309 	0.0573276707877082
2310 	0.0574045127270437
2311 	0.0575635933895279
2312 	0.0577226740520121
2313 	0.0581173090225546
2314 	0.0586322119026496
2315 	0.0591471147827446
2316 	0.0593608504463011
2317 	0.0594124191471061
2318 	0.0594639878479111
2319 	0.0593485355899621
2320 	0.0591423558976281
2321 	0.0589361762052942
2322 	0.0588542064046087
2323 	0.0588370828639466
2324 	0.0588199593232845
2325 	0.0587225146953672
2326 	0.0585867484851996
2327 	0.0584509822750321
2328 	0.0584158096216298
2329 	0.0584225272029144
2330 	0.0584292447841989
2331 	0.0579645615533532
2332 	0.0573393745607368
2333 	0.0567141875681203
2334 	0.0567571540201712
2335 	0.0569713557771372
2336 	0.0571855575341031
2337 	0.0571713447087563
2338 	0.0571187070004037
2339 	0.057066069292051
2340 	0.0571689384690781
2341 	0.0572840536036377
2342 	0.0573987400529067
2343 	0.0574662234885108
2344 	0.0575337069241149
2345 	0.0575681403232764
2346 	0.0573051233944536
2347 	0.0570421064656308
2348 	0.0568362948699438
2349 	0.0568564726596145
2350 	0.0568766504492852
2351 	0.0571657648435364
2352 	0.0580397096318753
2353 	0.0589136544202141
2354 	0.0593931652342025
2355 	0.0593665758345267
2356 	0.0593399864348509
2357 	0.0593317609755955
2358 	0.0593373325924179
2359 	0.0593429042092402
2360 	0.0591851084846344
2361 	0.0589621943092495
2362 	0.0587392801338646
2363 	0.0584246081081593
2364 	0.0580962251393025
2365 	0.0577882754987772
2366 	0.0580608727749619
2367 	0.0583334700511466
2368 	0.0585665824428778
2369 	0.0586511564597601
2370 	0.0587357304766425
2371 	0.0587436766318893
2372 	0.0586347459476721
2373 	0.0585258152634548
2374 	0.0582662914445696
2375 	0.057902980465305
2376 	0.0575396694860404
2377 	0.0580106412453954
2378 	0.058692797357133
2379 	0.0593671106329043
2380 	0.0595590894967513
2381 	0.0597510683605983
2382 	0.0597932799498282
2383 	0.0593714585078678
2384 	0.0589496370659074
2385 	0.0586502699091314
2386 	0.0584825030007485
2387 	0.0583147360923657
2388 	0.058344375031229
2389 	0.0584466571614865
2390 	0.0585489392917439
2391 	0.0581071239166182
2392 	0.0576598126070945
2393 	0.0573583043533395
2394 	0.0574696254413969
2395 	0.0575809465294543
2396 	0.0576177772732751
2397 	0.0575916623018553
2398 	0.0575655473304354
2399 	0.0571708595913889
2400 	0.0567022803130943
