 	avma20
200 	0
201 	0
202 	0
203 	0.0494805688982745
204 	0.0525564217008534
205 	0.0556322745034322
206 	0.058708127306011
207 	0.0617839801085899
208 	0.0648598329111687
209 	0.0677711012875934
210 	0.0687368973446055
211 	0.0697026934016177
212 	0.0706684894586298
213 	0.0716342855156419
214 	0.072600081572654
215 	0.0735658776296662
216 	0.073075480513009
217 	0.0717224976310572
218 	0.0703695147491054
219 	0.0690165318671536
220 	0.0676635489852018
221 	0.06631056610325
222 	0.064896268945221
223 	0.0632118575439331
224 	0.0615274461426452
225 	0.0598430347413572
226 	0.0581586233400693
227 	0.0564742119387814
228 	0.0547898005374935
229 	0.0529598908586153
230 	0.0510807026466308
231 	0.0492015144346463
232 	0.0473223262226618
233 	0.0454431380106774
234 	0.0435639497986929
235 	0.0417333361003623
236 	0.0400083526936282
237 	0.0382833692868942
238 	0.0365583858801602
239 	0.0348334024734261
240 	0.0331084190666921
241 	0.031383435659958
242 	0.0323608377576775
243 	0.033675658067989
244 	0.0349904783783005
245 	0.036305298688612
246 	0.0376201189989235
247 	0.038934939309235
248 	0.0400149878594148
249 	0.0408292287238166
250 	0.0416434695882183
251 	0.0424577104526201
252 	0.0432719513170218
253 	0.0440861921814236
254 	0.0448898512223196
255 	0.0455116952957081
256 	0.0461335393690966
257 	0.0467553834424851
258 	0.0473772275158736
259 	0.0479990715892621
260 	0.0486209156626505
261 	0.0485782302631948
262 	0.0481729808700543
263 	0.0477677314769139
264 	0.0473624820837734
265 	0.0469572326906329
266 	0.0465519832974924
267 	0.0471609367694626
268 	0.0508952909073859
269 	0.0546296450453091
270 	0.0583639991832324
271 	0.0620983533211556
272 	0.0658327074590789
273 	0.0695670615970022
274 	0.0768472190562545
275 	0.0847580199801955
276 	0.0926688209041365
277 	0.100579621828078
278 	0.108490422752019
279 	0.11640122367596
280 	0.122180528435271
281 	0.125447546865465
282 	0.128714565295659
283 	0.131981583725853
284 	0.135248602156047
285 	0.138515620586241
286 	0.141544759569484
287 	0.141640052040327
288 	0.14173534451117
289 	0.141830636982013
290 	0.141925929452856
291 	0.142021221923699
292 	0.142116514394542
293 	0.144646724813835
294 	0.148235443322626
295 	0.151824161831416
296 	0.155412880340207
297 	0.159001598848998
298 	0.162590317357788
299 	0.163496503001396
300 	0.158831274232699
301 	0.154166045464002
302 	0.149500816695305
303 	0.144835587926608
304 	0.140170359157911
305 	0.135505130389214
306 	0.128703576496344
307 	0.121810688578353
308 	0.114917800660361
309 	0.10802491274237
310 	0.101132024824378
311 	0.0942391369063869
312 	0.0915150295629204
313 	0.0915817085473078
314 	0.0916483875316953
315 	0.0917150665160828
316 	0.0917817455004702
317 	0.0918484244848577
318 	0.0926039083990511
319 	0.0954706074233003
320 	0.0983373064475494
321 	0.101204005471799
322 	0.104070704496048
323 	0.106937403520297
324 	0.109804102544546
325 	0.10913221067037
326 	0.108058385308846
327 	0.106984559947322
328 	0.105910734585797
329 	0.104836909224273
330 	0.103763083862749
331 	0.103127631430061
332 	0.102842246588027
333 	0.102556861745993
334 	0.102271476903959
335 	0.101986092061925
336 	0.101700707219891
337 	0.101382665458366
338 	0.10094884007319
339 	0.100515014688014
340 	0.100081189302838
341 	0.0996473639176628
342 	0.0992135385324871
343 	0.0987797131473114
344 	0.093067590612018
345 	0.0867097504680122
346 	0.0803519103240064
347 	0.0739940701800006
348 	0.0676362300359948
349 	0.061278389891989
350 	0.0572573048056585
351 	0.0550207257863004
352 	0.0527841467669423
353 	0.0505475677475842
354 	0.0483109887282262
355 	0.0460744097088681
356 	0.0439345238974303
357 	0.0420847177097534
358 	0.0402349115220765
359 	0.0383851053343995
360 	0.0365352991467226
361 	0.0346854929590457
362 	0.0328356867713688
363 	0.0285078255904056
364 	0.0240189832011459
365 	0.0195301408118862
366 	0.0150412984226265
367 	0.0105524560333668
368 	0.00606361364410709
369 	0.00778382969597004
370 	0.0130884548794588
371 	0.0183930800629475
372 	0.0236977052464363
373 	0.029002330429925
374 	0.0343069556134137
375 	0.040610379263491
376 	0.0488964924069457
377 	0.0571826055504004
378 	0.0654687186938551
379 	0.0737548318373099
380 	0.0820409449807646
381 	0.0898171884890136
382 	0.0859635484132786
383 	0.0821099083375436
384 	0.0782562682618086
385 	0.0744026281860736
386 	0.0705489881103386
387 	0.0666953480346036
388 	0.0648329468835686
389 	0.0636167093571051
390 	0.0624004718306417
391 	0.0611842343041783
392 	0.0599679967777148
393 	0.0587517592512514
394 	0.0610087555463203
395 	0.0671200155336384
396 	0.0732312755209565
397 	0.0793425355082745
398 	0.0854537954955926
399 	0.0915650554829107
400 	0.0956763733766764
401 	0.0917879228962324
402 	0.0878994724157884
403 	0.0840110219353443
404 	0.0801225714549003
405 	0.0762341209744562
406 	0.0723456704940122
407 	0.0686152373754717
408 	0.0648963334206752
409 	0.0611774294658787
410 	0.0574585255110822
411 	0.0537396215562857
412 	0.0500207176014892
413 	0.0488334116636634
414 	0.0488930122118081
415 	0.0489526127599528
416 	0.0490122133080975
417 	0.0490718138562422
418 	0.0491314144043869
419 	0.0493275068099496
420 	0.0497167978349493
421 	0.050106088859949
422 	0.0504953798849487
423 	0.0508846709099484
424 	0.0512739619349481
425 	0.0521963093073117
426 	0.0558162448617894
427 	0.0594361804162672
428 	0.0630561159707449
429 	0.0666760515252226
430 	0.0702959870797003
431 	0.073915922634178
432 	0.0828059908751636
433 	0.0921481117570114
434 	0.101490232638859
435 	0.110832353520707
436 	0.120174474402555
437 	0.129516595284403
438 	0.133961335454013
439 	0.136143543013877
440 	0.138325750573741
441 	0.140507958133605
442 	0.142690165693469
443 	0.144872373253333
444 	0.142992746006509
445 	0.136208430814302
446 	0.129424115622094
447 	0.122639800429887
448 	0.11585548523768
449 	0.109071170045472
450 	0.102854222583291
451 	0.0985474957318061
452 	0.0942407688803216
453 	0.0899340420288371
454 	0.0856273151773526
455 	0.0813205883258681
456 	0.0769973183815861
457 	0.0710362822503486
458 	0.065075246119111
459 	0.0591142099878735
460 	0.053153173856636
461 	0.0471921377253985
462 	0.0412311015941609
463 	0.0380838847764895
464 	0.035648938010623
465 	0.0332139912447566
466 	0.0307790444788901
467 	0.0283440977130236
468 	0.0259091509471572
469 	0.0282337179777188
470 	0.0338384904625757
471 	0.0394432629474327
472 	0.0450480354322896
473 	0.0506528079171465
474 	0.0562575804020035
475 	0.0615289510360205
476 	0.0662853727553815
477 	0.0710417944747426
478 	0.0757982161941036
479 	0.0805546379134646
480 	0.0853110596328256
481 	0.0890308112839459
482 	0.0885778356754642
483 	0.0881248600669825
484 	0.0876718844585008
485 	0.087218908850019
486 	0.0867659332415373
487 	0.0862975954644774
488 	0.0845644391411453
489 	0.0828312828178133
490 	0.0810981264944812
491 	0.0793649701711492
492 	0.0776318138478171
493 	0.0758986575244851
494 	0.0744130625206955
495 	0.072977455860275
496 	0.0715418491998546
497 	0.0701062425394341
498 	0.0686706358790137
499 	0.0672350292185933
500 	0.0682730323466983
501 	0.0706024329747491
502 	0.0729318336027999
503 	0.0752612342308506
504 	0.0775906348589014
505 	0.0799200354869521
506 	0.0816309123215425
507 	0.0826954381163408
508 	0.0837599639111391
509 	0.0848244897059374
510 	0.0858890155007357
511 	0.086953541295534
512 	0.0865042194819348
513 	0.0829533562267404
514 	0.079402492971546
515 	0.0758516297163515
516 	0.0723007664611571
517 	0.0687499032059627
518 	0.065543188747007
519 	0.0639931905862238
520 	0.0624431924254406
521 	0.0608931942646574
522 	0.0593431961038742
523 	0.057793197943091
524 	0.0562682554506288
525 	0.0558076341733665
526 	0.0553470128961042
527 	0.0548863916188419
528 	0.0544257703415796
529 	0.0539651490643173
530 	0.053504527787055
531 	0.0524243934613246
532 	0.0512605791665049
533 	0.0500967648716852
534 	0.0489329505768655
535 	0.0477691362820458
536 	0.046605321987226
537 	0.0456267937580012
538 	0.0447116855914967
539 	0.0437965774249922
540 	0.0428814692584877
541 	0.0419663610919832
542 	0.0410512529254787
543 	0.0418323316423985
544 	0.0436752509286162
545 	0.0455181702148339
546 	0.0473610895010516
547 	0.0492040087872694
548 	0.0510469280734871
549 	0.0526486239991974
550 	0.0540002533454815
551 	0.0553518826917656
552 	0.0567035120380497
553 	0.0580551413843339
554 	0.059406770730618
555 	0.0601772486289566
556 	0.0599749970983813
557 	0.059772745567806
558 	0.0595704940372306
559 	0.0593682425066553
560 	0.05916599097608
561 	0.0591345239196164
562 	0.0595791832758277
563 	0.0600238426320391
564 	0.0604685019882505
565 	0.0609131613444619
566 	0.0613578207006733
567 	0.0615721066817622
568 	0.0605769324434575
569 	0.0595817582051528
570 	0.0585865839668482
571 	0.0575914097285435
572 	0.0565962354902388
573 	0.0556755327725006
574 	0.0558815120917183
575 	0.056087491410936
576 	0.0562934707301538
577 	0.0564994500493715
578 	0.0567054293685892
579 	0.056911408687807
580 	0.0553867387985933
581 	0.0538085436761293
582 	0.0522303485536652
583 	0.0506521534312011
584 	0.0490739583087371
585 	0.047495763186273
586 	0.0447147696831087
587 	0.0417790143115473
588 	0.0388432589399858
589 	0.0359075035684243
590 	0.0329717481968629
591 	0.0300359928253014
592 	0.0300030264825945
593 	0.0306642835383621
594 	0.0313255405941296
595 	0.0319867976498972
596 	0.0326480547056647
597 	0.0333093117614323
598 	0.0364761242635355
599 	0.0405463002939092
600 	0.044616476324283
601 	0.0486866523546568
602 	0.0527568283850306
603 	0.0568270044154043
604 	0.0635289711327506
605 	0.0715271929645762
606 	0.0795254147964017
607 	0.0875236366282273
608 	0.0955218584600528
609 	0.103520080291878
610 	0.112937693147257
611 	0.123258977210756
612 	0.133580261274256
613 	0.143901545337755
614 	0.154222829401254
615 	0.164544113464754
616 	0.168721038312725
617 	0.168030925932625
618 	0.167340813552525
619 	0.166650701172425
620 	0.165960588792325
621 	0.165270476412225
622 	0.164849998686268
623 	0.16468651649004
624 	0.164523034293812
625 	0.164359552097584
626 	0.164196069901356
627 	0.164032587705128
628 	0.166727145120266
629 	0.172606029967097
630 	0.178484914813928
631 	0.184363799660759
632 	0.19024268450759
633 	0.196121569354421
634 	0.20411916221515
635 	0.214813292548114
636 	0.225507422881078
637 	0.236201553214042
638 	0.246895683547006
639 	0.257589813879969
640 	0.273416502923647
641 	0.296508118065097
642 	0.319599733206548
643 	0.342691348347998
644 	0.365782963489449
645 	0.388874578630899
646 	0.406409922935225
647 	0.415399327830167
648 	0.424388732725108
649 	0.433378137620049
650 	0.442367542514991
651 	0.451356947409932
652 	0.449412020072744
653 	0.429626866462083
654 	0.409841712851421
655 	0.390056559240759
656 	0.370271405630097
657 	0.350486252019435
658 	0.329923843686234
659 	0.308060468892313
660 	0.286197094098391
661 	0.26433371930447
662 	0.242470344510549
663 	0.220606969716628
664 	0.202936187912104
665 	0.192282954801064
666 	0.181629721690023
667 	0.170976488578982
668 	0.160323255467942
669 	0.149670022356901
670 	0.143153957134107
671 	0.143388007939505
672 	0.143622058744903
673 	0.143856109550301
674 	0.144090160355698
675 	0.144324211161096
676 	0.143566802778546
677 	0.141278056668045
678 	0.138989310557545
679 	0.136700564447044
680 	0.134411818336544
681 	0.132123072226043
682 	0.127104790947801
683 	0.118207000847613
684 	0.109309210747424
685 	0.100411420647236
686 	0.0915136305470472
687 	0.0826158404468586
688 	0.0752485489322969
689 	0.0698370881843339
690 	0.0644256274363709
691 	0.0590141666884078
692 	0.0536027059404448
693 	0.0481912451924817
694 	0.045402465440889
695 	0.0455475322276092
696 	0.0456925990143294
697 	0.0458376658010495
698 	0.0459827325877697
699 	0.0461277993744899
700 	0.0460615274600877
701 	0.0457930155753356
702 	0.0455245036905835
703 	0.0452559918058313
704 	0.0449874799210792
705 	0.0447189680363271
706 	0.0440295605250262
707 	0.0430054011958419
708 	0.0419812418666575
709 	0.0409570825374732
710 	0.0399329232082888
711 	0.0389087638791045
712 	0.0377838218552148
713 	0.0365944449937265
714 	0.0354050681322383
715 	0.0342156912707501
716 	0.0330263144092619
717 	0.0318369375477737
718 	0.0318487879024135
719 	0.0324549674177983
720 	0.0330611469331831
721 	0.0336673264485679
722 	0.0342735059639527
723 	0.0348796854793375
724 	0.0426932732944834
725 	0.0531054504966177
726 	0.0635176276987521
727 	0.0739298049008865
728 	0.0843419821030209
729 	0.0947541593051553
730 	0.100276082657195
731 	0.104635965490401
732 	0.108995848323606
733 	0.113355731156812
734 	0.117715613990018
735 	0.122075496823223
736 	0.119658728199761
737 	0.116378643212597
738 	0.113098558225433
739 	0.10981847323827
740 	0.106538388251106
741 	0.103258303263942
742 	0.104533915042938
743 	0.105931136797212
744 	0.107328358551486
745 	0.108725580305759
746 	0.110122802060033
747 	0.111540348166897
748 	0.113245514657393
749 	0.114950681147889
750 	0.116655847638385
751 	0.118361014128881
752 	0.120066180619377
753 	0.121661372339937
754 	0.122704040216359
755 	0.123746708092781
756 	0.124789375969204
757 	0.125832043845626
758 	0.126874711722048
759 	0.125819549372726
760 	0.119149606125092
761 	0.112479662877458
762 	0.105809719629824
763 	0.0991397763821904
764 	0.0924698331345564
765 	0.0866512859836641
766 	0.0821927611691255
767 	0.0777342363545869
768 	0.0732757115400483
769 	0.0688171867255097
770 	0.0643586619109711
771 	0.0592845645265082
772 	0.0536070841279611
773 	0.047929603729414
774 	0.0422521233308669
775 	0.0365746429323198
776 	0.0308971625337726
777 	0.0324923602770982
778 	0.0383405187721692
779 	0.0441886772672402
780 	0.0500368357623112
781 	0.0558849942573822
782 	0.0617331527524531
783 	0.0651621156207215
784 	0.0678437876932759
785 	0.0705254597658304
786 	0.0732071318383848
787 	0.0758888039109393
788 	0.0785704759834937
789 	0.0784194182519315
790 	0.0779675396562152
791 	0.077515661060499
792 	0.0770637824647827
793 	0.0766119038690665
794 	0.0763869066195592
795 	0.0803836818710732
796 	0.0843804571225871
797 	0.0883772323741011
798 	0.0923740076256151
799 	0.0963707828771291
800 	0.101045481112857
801 	0.108349197750779
802 	0.115652914388701
803 	0.122956631026623
804 	0.130260347664545
805 	0.137564064302467
806 	0.140564612352725
807 	0.136078826010745
808 	0.131593039668764
809 	0.127107253326784
810 	0.122621466984804
811 	0.118135680642823
812 	0.109924056590067
813 	0.0984348159045231
814 	0.0869455752189794
815 	0.0754563345334357
816 	0.063967093847892
817 	0.0524778531623483
818 	0.0449539573109357
819 	0.0390813523677872
820 	0.0332087474246388
821 	0.0273361424814903
822 	0.0214635375383419
823 	0.0155909325951934
824 	0.0163719045840358
825 	0.0180005137694005
826 	0.0196291229547653
827 	0.0212577321401301
828 	0.0228863413254948
829 	0.0247822506038273
830 	0.0299748610287592
831 	0.0351674714536911
832 	0.040360081878623
833 	0.0455526923035549
834 	0.0507453027284868
835 	0.0568237658885073
836 	0.0653095091576344
837 	0.0737952524267616
838 	0.0822809956958887
839 	0.0907667389650159
840 	0.099252482234143
841 	0.101950367796905
842 	0.0981215202014251
843 	0.0942926726059455
844 	0.0904638250104659
845 	0.0866349774149864
846 	0.0828061298195068
847 	0.0810654786237961
848 	0.0803165667211909
849 	0.0795676548185857
850 	0.0788187429159806
851 	0.0780698310133754
852 	0.0773209191107703
853 	0.0811132460046274
854 	0.0854497078942531
855 	0.0897861697838788
856 	0.0941226316735045
857 	0.0984590935631302
858 	0.102026970619194
859 	0.0996800861300257
860 	0.0973332016408569
861 	0.0949863171516881
862 	0.0926394326625194
863 	0.0902925481733506
864 	0.0876363952635763
865 	0.0843904746679961
866 	0.0811445540724159
867 	0.0778986334768358
868 	0.0746527128812556
869 	0.0714067922856754
870 	0.0688964895240503
871 	0.0669188755387373
872 	0.0649412615534244
873 	0.0629636475681114
874 	0.0609860335827984
875 	0.0590084195974855
876 	0.057251380561572
877 	0.0555417798805111
878 	0.0538321791994503
879 	0.0521225785183894
880 	0.0504129778373286
881 	0.0488627189144393
882 	0.0493661982079837
883 	0.0498696775015282
884 	0.0503731567950726
885 	0.0508766360886171
886 	0.0513801153821615
887 	0.0522310134281462
888 	0.0537936962352279
889 	0.0553563790423096
890 	0.0569190618493913
891 	0.058481744656473
892 	0.0600444274635547
893 	0.0601813429262878
894 	0.0593356349489968
895 	0.0584899269717058
896 	0.0576442189944148
897 	0.0567985110171238
898 	0.0559528030398328
899 	0.0540102031238224
900 	0.051891998697901
901 	0.0497737942719796
902 	0.0476555898460582
903 	0.0455373854201367
904 	0.0439558471199761
905 	0.0456985500736284
906 	0.0474412530272808
907 	0.0491839559809331
908 	0.0509266589345855
909 	0.0526693618882378
910 	0.0574641384110663
911 	0.066405128084474
912 	0.0753461177578817
913 	0.0842871074312894
914 	0.0932280971046971
915 	0.102169086778105
916 	0.10356277082855
917 	0.10194808830201
918 	0.10033340577547
919 	0.0987187232489304
920 	0.0971040407223906
921 	0.0954427634100201
922 	0.0902438665888192
923 	0.0850449697676183
924 	0.0798460729464174
925 	0.0746471761252165
926 	0.0694482793040156
927 	0.065588058506117
928 	0.064598834714169
929 	0.0636096109222209
930 	0.0626203871302729
931 	0.0616311633383248
932 	0.0606419395463768
933 	0.0570390138488319
934 	0.0519010568733969
935 	0.0467630998979619
936 	0.0416251429225268
937 	0.0364871859470918
938 	0.0313492289716568
939 	0.0333047912533248
940 	0.0356415647911704
941 	0.0379783383290161
942 	0.0403151118668617
943 	0.0426518854047074
944 	0.0462625830249705
945 	0.0532150235280978
946 	0.060167464031225
947 	0.0671199045343523
948 	0.0740723450374795
949 	0.0810247855406068
950 	0.0914051128361223
951 	0.103986267284057
952 	0.116567421731993
953 	0.129148576179928
954 	0.141729730627863
955 	0.154310885075798
956 	0.157102277810358
957 	0.159367561116697
958 	0.161632844423035
959 	0.163898127729374
960 	0.166163411035712
961 	0.163842356683603
962 	0.150613256008704
963 	0.137384155333805
964 	0.124155054658905
965 	0.110925953984006
966 	0.0976968533091068
967 	0.0898300951853794
968 	0.0848380798425421
969 	0.0798460644997047
970 	0.0748540491568673
971 	0.0698620338140299
972 	0.0649099312501362
973 	0.0632439808192901
974 	0.061578030388444
975 	0.0599120799575979
976 	0.0582461295267518
977 	0.0565801790959057
978 	0.0558250606333228
979 	0.0565497452897817
980 	0.0572744299462407
981 	0.0579991146026996
982 	0.0587237992591586
983 	0.0594484839156175
984 	0.0602966671007785
985 	0.0611847095994359
986 	0.0620727520980933
987 	0.0629607945967508
988 	0.0638488370954082
989 	0.0644006295031669
990 	0.0628696065996754
991 	0.0613385836961839
992 	0.0598075607926925
993 	0.058276537889201
994 	0.0567455149857095
995 	0.0552612882986756
996 	0.0538187270520038
997 	0.0523761658053319
998 	0.05093360455866
999 	0.0494910433119881
1000 	0.0480484820653162
1001 	0.0478439497348973
1002 	0.0477383527606368
1003 	0.0476327557863763
1004 	0.0475271588121158
1005 	0.0474215618378552
1006 	0.0475597971765422
1007 	0.0481930859990923
1008 	0.0488263748216423
1009 	0.0494596636441924
1010 	0.0500929524667424
1011 	0.0507262412892925
1012 	0.0520308359995888
1013 	0.0535700706895427
1014 	0.0551093053794966
1015 	0.0566485400694505
1016 	0.0581877747594044
1017 	0.0597570087575572
1018 	0.0614849183418433
1019 	0.0632128279261294
1020 	0.0649407375104154
1021 	0.0666686470947015
1022 	0.0683965566789876
1023 	0.0713866242183485
1024 	0.0752757631777629
1025 	0.0791649021371773
1026 	0.0830540410965917
1027 	0.0869431800560061
1028 	0.0907723139962798
1029 	0.091131745947429
1030 	0.0914911778985782
1031 	0.0918506098497273
1032 	0.0922100418008765
1033 	0.0925694737520257
1034 	0.0914366280075405
1035 	0.0885306820688996
1036 	0.0856247361302586
1037 	0.0827187901916177
1038 	0.0798128442529767
1039 	0.0769068983143358
1040 	0.0757314955168042
1041 	0.0747398672121339
1042 	0.0737482389074635
1043 	0.0727566106027932
1044 	0.0717649822981228
1045 	0.0697588782187832
1046 	0.0659335186999524
1047 	0.0621081591811216
1048 	0.0582827996622908
1049 	0.05445744014346
1050 	0.0506320806246292
1051 	0.046013321005742
1052 	0.0412192189959999
1053 	0.0364251169862577
1054 	0.0316310149765155
1055 	0.0268369129667734
1056 	0.0240743227997018
1057 	0.026358659266163
1058 	0.0286429957326241
1059 	0.0309273321990853
1060 	0.0332116686655465
1061 	0.0354960051320076
1062 	0.0389041166572867
1063 	0.0426612906844531
1064 	0.0464184647116195
1065 	0.0501756387387859
1066 	0.0539328127659523
1067 	0.0570749583557045
1068 	0.058332016783627
1069 	0.0595890752115496
1070 	0.0608461336394721
1071 	0.0621031920673947
1072 	0.0633602504953172
1073 	0.0648268077581567
1074 	0.0663685113422162
1075 	0.0679102149262758
1076 	0.0694519185103354
1077 	0.070993622094395
1078 	0.0717166154788184
1079 	0.0697595575259703
1080 	0.0678024995731222
1081 	0.0658454416202741
1082 	0.0638883836674261
1083 	0.061931325714578
1084 	0.0620834931655018
1085 	0.0629844642150545
1086 	0.0638854352646072
1087 	0.0647864063141599
1088 	0.0656873773637126
1089 	0.0675727886714492
1090 	0.0724115207537375
1091 	0.0772502528360259
1092 	0.0820889849183142
1093 	0.0869277170006025
1094 	0.0917664490828908
1095 	0.0917261180915105
1096 	0.0902201647724092
1097 	0.0887142114533079
1098 	0.0872082581342066
1099 	0.0857023048151053
1100 	0.0827949641267737
1101 	0.0765545940197333
1102 	0.0703142239126929
1103 	0.0640738538056524
1104 	0.057833483698612
1105 	0.0515931135915716
1106 	0.0516404297159159
1107 	0.0529847233379287
1108 	0.0543290169599415
1109 	0.0556733105819543
1110 	0.0570176042039671
1111 	0.0597305415523341
1112 	0.0647738722726026
1113 	0.0698172029928711
1114 	0.0748605337131396
1115 	0.0799038644334081
1116 	0.0849471951536766
1117 	0.0854252697667349
1118 	0.0855009659851429
1119 	0.085576662203551
1120 	0.0856523584219591
1121 	0.0857280546403672
1122 	0.0875124500701083
1123 	0.0911929969453376
1124 	0.0948735438205669
1125 	0.0985540906957962
1126 	0.102234637571025
1127 	0.105729540184576
1128 	0.104392674581999
1129 	0.103055808979421
1130 	0.101718943376844
1131 	0.100382077774267
1132 	0.0990452121716898
1133 	0.0974160682423425
1134 	0.0955984817075777
1135 	0.0937808951728129
1136 	0.091963308638048
1137 	0.0901457221032832
1138 	0.0894640574494343
1139 	0.0937865891898927
1140 	0.098109120930351
1141 	0.102431652670809
1142 	0.106754184411268
1143 	0.111076716151726
1144 	0.112118890326463
1145 	0.112181217436114
1146 	0.112243544545765
1147 	0.112305871655416
1148 	0.112368198765067
1149 	0.109721083064596
1150 	0.1023193803943
1151 	0.0949176777240043
1152 	0.0875159750537083
1153 	0.0801142723834123
1154 	0.0727125697131162
1155 	0.06872804833327
1156 	0.0648748205232543
1157 	0.0610215927132386
1158 	0.0571683649032229
1159 	0.0533151370932073
1160 	0.0504777547987803
1161 	0.0484067121038328
1162 	0.0463356694088854
1163 	0.0442646267139379
1164 	0.0421935840189904
1165 	0.0403056234307234
1166 	0.0392295921851267
1167 	0.0381535609395301
1168 	0.0370775296939334
1169 	0.0360014984483367
1170 	0.03492546720274
1171 	0.0346811877525169
1172 	0.0346371066252496
1173 	0.0345930254979823
1174 	0.0345489443707151
1175 	0.0345048632434478
1176 	0.0355256015695256
1177 	0.0379293812545462
1178 	0.0403331609395668
1179 	0.0427369406245874
1180 	0.0451407203096079
1181 	0.0476272192130507
1182 	0.0511798769317148
1183 	0.0547325346503788
1184 	0.0582851923690429
1185 	0.061837850087707
1186 	0.065390507806371
1187 	0.0658847445831097
1188 	0.0651658646733858
1189 	0.0644469847636619
1190 	0.063728104853938
1191 	0.0630092249442141
1192 	0.0635586082363456
1193 	0.0662860957229685
1194 	0.0690135832095914
1195 	0.0717410706962144
1196 	0.0744685581828373
1197 	0.0773173107453383
1198 	0.0845360973385491
1199 	0.09175488393176
1200 	0.0989736705249709
1201 	0.106192457118182
1202 	0.113411243711393
1203 	0.122063081820053
1204 	0.131349763817954
1205 	0.140636445815855
1206 	0.149923127813755
1207 	0.159209809811656
1208 	0.166408583335704
1209 	0.170006141426649
1210 	0.173603699517593
1211 	0.177201257608538
1212 	0.180798815699483
1213 	0.183831718286751
1214 	0.175905694670009
1215 	0.167979671053268
1216 	0.160053647436526
1217 	0.152127623819785
1218 	0.144201600203043
1219 	0.13838344761062
1220 	0.133313617793767
1221 	0.128243787976914
1222 	0.123173958160061
1223 	0.118104128343208
1224 	0.114647070943994
1225 	0.113293306605572
1226 	0.11193954226715
1227 	0.110585777928728
1228 	0.109232013590306
1229 	0.107027033556507
1230 	0.0995050395414318
1231 	0.0919830455263568
1232 	0.0844610515112819
1233 	0.0769390574962069
1234 	0.069417063481132
1235 	0.0623971664813325
1236 	0.0554665705996799
1237 	0.0485359747180273
1238 	0.0416053788363746
1239 	0.034674782954722
1240 	0.0340124078169245
1241 	0.0381174118364255
1242 	0.0422224158559266
1243 	0.0463274198754276
1244 	0.0504324238949287
1245 	0.054399390391953
1246 	0.0580364706064481
1247 	0.0616735508209433
1248 	0.0653106310354385
1249 	0.0689477112499337
1250 	0.0724412580527642
1251 	0.0711289102788221
1252 	0.0698165625048801
1253 	0.0685042147309381
1254 	0.067191866956996
1255 	0.065879519183054
1256 	0.0609562638713944
1257 	0.0549544257887282
1258 	0.048952587706062
1259 	0.0429507496233958
1260 	0.0369489115407295
1261 	0.0343613242832519
1262 	0.0349380041681937
1263 	0.0355146840531354
1264 	0.0360913639380772
1265 	0.036668043823019
1266 	0.0379288680802535
1267 	0.0409843319227774
1268 	0.0440397957653012
1269 	0.047095259607825
1270 	0.0501507234503488
1271 	0.0531082313243682
1272 	0.053714795954279
1273 	0.0543213605841897
1274 	0.0549279252141004
1275 	0.0555344898440111
1276 	0.0561410544739219
1277 	0.0578088034013035
1278 	0.0597222452448484
1279 	0.0616356870883934
1280 	0.0635491289319384
1281 	0.0654625707754833
1282 	0.069986601138383
1283 	0.0763172824393817
1284 	0.0826479637403805
1285 	0.0889786450413792
1286 	0.0953093263423779
1287 	0.0988179424457036
1288 	0.097682842800476
1289 	0.0965477431552484
1290 	0.0954126435100209
1291 	0.0942775438647933
1292 	0.0927580817081463
1293 	0.0894012334419972
1294 	0.0860443851758481
1295 	0.0826875369096991
1296 	0.07933068864355
1297 	0.075973840377401
1298 	0.077486117788395
1299 	0.0791232445757264
1300 	0.0807603713630579
1301 	0.0823974981503894
1302 	0.0840346249377208
1303 	0.0860689659365755
1304 	0.0882120980889046
1305 	0.0903552302412337
1306 	0.0924983623935627
1307 	0.0946414945458918
1308 	0.0950671242970402
1309 	0.0943619937608443
1310 	0.0936568632246485
1311 	0.0929517326884526
1312 	0.0922466021522568
1313 	0.0886666327048705
1314 	0.0812445888247736
1315 	0.0738225449446766
1316 	0.0664005010645797
1317 	0.0589784571844827
1318 	0.052884523982546
1319 	0.0505510267620674
1320 	0.0482175295415889
1321 	0.0458840323211103
1322 	0.0435505351006317
1323 	0.0428280403935215
1324 	0.0564450631073644
1325 	0.0700620858212074
1326 	0.0836791085350503
1327 	0.0972961312488933
1328 	0.110913153962736
1329 	0.116670289881479
1330 	0.122005029354964
1331 	0.127339768828449
1332 	0.132674508301934
1333 	0.138009247775419
1334 	0.135503268661893
1335 	0.131097985045924
1336 	0.126692701429956
1337 	0.122287417813987
1338 	0.117882134198018
1339 	0.108852165277916
1340 	0.0975340486213892
1341 	0.0862159319648626
1342 	0.0748978153083361
1343 	0.0635796986518096
1344 	0.0558533324865179
1345 	0.051186605628575
1346 	0.0465198787706321
1347 	0.0418531519126893
1348 	0.0371864250547464
1349 	0.0340120767627986
1350 	0.0329071125921941
1351 	0.0318021484215896
1352 	0.0306971842509851
1353 	0.0295922200803806
1354 	0.0317145181325614
1355 	0.0411561625331494
1356 	0.0505978069337373
1357 	0.0600394513343252
1358 	0.0694810957349131
1359 	0.0804942649572185
1360 	0.097793533466392
1361 	0.115092801975565
1362 	0.132392070484739
1363 	0.149691338993912
1364 	0.165757455787171
1365 	0.170967001591304
1366 	0.176176547395438
1367 	0.181386093199572
1368 	0.186595639003705
1369 	0.191774281646765
1370 	0.194408564028071
1371 	0.197042846409377
1372 	0.199677128790683
1373 	0.202311411171989
1374 	0.204945693553295
1375 	0.218419520288532
1376 	0.232709226706323
1377 	0.246998933124113
1378 	0.261288639541904
1379 	0.275578345959695
1380 	0.274284668389649
1381 	0.270348194704708
1382 	0.266411721019767
1383 	0.262475247334826
1384 	0.258538773649885
1385 	0.232553810452865
1386 	0.200672483140446
1387 	0.168791155828028
1388 	0.136909828515609
1389 	0.105028501203191
1390 	0.0831996208588257
1391 	0.0650887688451102
1392 	0.0469779168313946
1393 	0.0288670648176791
1394 	0.0107562128039636
1395 	0.0050929839901744
1396 	0.0053414582300345
1397 	0.0055899324698946
1398 	0.00583840670975469
1399 	0.00608688094961479
1400 	0.0113262291197055
1401 	0.019434347344181
1402 	0.0275424655686564
1403 	0.0356505837931318
1404 	0.0437587020176072
1405 	0.0577340720456642
1406 	0.0756372684063369
1407 	0.0935404647670096
1408 	0.111443661127682
1409 	0.129346857488355
1410 	0.152448124061196
1411 	0.179438855757829
1412 	0.206429587454461
1413 	0.233420319151094
1414 	0.260411050847727
1415 	0.27979026844468
1416 	0.292992025323049
1417 	0.306193782201419
1418 	0.319395539079789
1419 	0.332597295958158
1420 	0.344360845713761
1421 	0.354899256068487
1422 	0.365437666423213
1423 	0.375976076777939
1424 	0.386514487132665
1425 	0.409052194270639
1426 	0.441977352355302
1427 	0.474902510439965
1428 	0.507827668524628
1429 	0.540752826609291
1430 	0.576419195142294
1431 	0.614430086897346
1432 	0.652440978652397
1433 	0.690451870407449
1434 	0.728462762162501
1435 	0.757156725999189
1436 	0.778258492675539
1437 	0.799360259351889
1438 	0.820462026028238
1439 	0.841563792704588
1440 	0.859484820982156
1441 	0.875006344853623
1442 	0.890527868725091
1443 	0.906049392596558
1444 	0.921570916468026
1445 	0.934689244454302
1446 	0.94618531458173
1447 	0.957681384709158
1448 	0.969177454836586
1449 	0.980673524964014
1450 	0.986939525247951
1451 	0.99017324175217
1452 	0.993406958256389
1453 	0.996640674760608
1454 	0.999874391264828
1455 	0.996715112857502
1456 	0.990491736297306
1457 	0.984268359737109
1458 	0.978044983176913
1459 	0.971821606616716
1460 	0.933722164621812
1461 	0.883652755826809
1462 	0.833583347031807
1463 	0.783513938236804
1464 	0.733444529441801
1465 	0.681743981889856
1466 	0.629599332946072
1467 	0.577454684002288
1468 	0.525310035058503
1469 	0.473165386114719
1470 	0.433033314389832
1471 	0.394971405444754
1472 	0.356909496499677
1473 	0.318847587554599
1474 	0.280785678609521
1475 	0.255351464656343
1476 	0.230911664656143
1477 	0.206471864655943
1478 	0.182032064655742
1479 	0.157707283740291
1480 	0.144769392214954
1481 	0.131831500689618
1482 	0.118893609164282
1483 	0.105955717638946
1484 	0.0937388313576729
1485 	0.0879396056151364
1486 	0.0821403798726
1487 	0.0763411541300635
1488 	0.070541928387527
1489 	0.065252465794002
1490 	0.0620020557965223
1491 	0.0587516457990426
1492 	0.0555012358015628
1493 	0.0522508258040831
1494 	0.0494880190144947
1495 	0.0478258930818076
1496 	0.0461637671491204
1497 	0.0445016412164333
1498 	0.0428395152837461
1499 	0.0415160731453973
1500 	0.040658421783585
1501 	0.0398007704217726
1502 	0.0389431190599603
1503 	0.038085467698148
1504 	0.037757876687957
1505 	0.0378746009725073
1506 	0.0379913252570576
1507 	0.0381080495416079
1508 	0.0382247738261582
1509 	0.0376719157404151
1510 	0.0367966661430492
1511 	0.0359214165456834
1512 	0.0350461669483175
1513 	0.0341709173509517
1514 	0.0350335436460735
1515 	0.0362959027725544
1516 	0.0375582618990354
1517 	0.0388206210255163
1518 	0.0400829801519973
1519 	0.0415882889126221
1520 	0.0431037205746696
1521 	0.0446191522367171
1522 	0.0461345838987646
1523 	0.0476103766505151
1524 	0.0487811221360669
1525 	0.0499518676216187
1526 	0.0511226131071706
1527 	0.0522933585927224
1528 	0.053545601987694
1529 	0.0550095054207989
1530 	0.0564734088539038
1531 	0.0579373122870087
1532 	0.0594012157201136
1533 	0.0603954771859436
1534 	0.0608134074179908
1535 	0.0612313376500381
1536 	0.0616492678820854
1537 	0.0620671981141326
1538 	0.061431573208175
1539 	0.0601718678701507
1540 	0.0589121625321263
1541 	0.057652457194102
1542 	0.0563927518560776
1543 	0.0554012331864853
1544 	0.0544705912453101
1545 	0.0535399493041349
1546 	0.0526093073629597
1547 	0.0516820568945226
1548 	0.0510905622271626
1549 	0.0504990675598025
1550 	0.0499075728924424
1551 	0.0493160782250823
1552 	0.048537265963277
1553 	0.0470663459698827
1554 	0.0455954259764885
1555 	0.0441245059830942
1556 	0.0426535859897
1557 	0.0414604350187644
1558 	0.0406430891958611
1559 	0.0398257433729579
1560 	0.0390083975500546
1561 	0.0381910517271513
1562 	0.0384720727525563
1563 	0.0393602655139827
1564 	0.040248458275409
1565 	0.0411366510368353
1566 	0.0420248437982616
1567 	0.0427666986694139
1568 	0.0434870727493333
1569 	0.0442074468292528
1570 	0.0449278209091722
1571 	0.0456674131764843
1572 	0.0465673964843731
1573 	0.0474673797922619
1574 	0.0483673631001507
1575 	0.0492673464080395
1576 	0.0506307991075367
1577 	0.0528512080325431
1578 	0.0550716169575495
1579 	0.0572920258825559
1580 	0.0595124348075622
1581 	0.0625064410647935
1582 	0.0660097643052638
1583 	0.0695130875457341
1584 	0.0730164107862045
1585 	0.0765197340266748
1586 	0.0790689503418596
1587 	0.081466703564618
1588 	0.0838644567873764
1589 	0.0862622100101348
1590 	0.0887687018377109
1591 	0.0919902323696946
1592 	0.0952117629016783
1593 	0.098433293433662
1594 	0.101654823965646
1595 	0.104153769916573
1596 	0.105604259808713
1597 	0.107054749700852
1598 	0.108505239592992
1599 	0.109955729485132
1600 	0.110895043827856
1601 	0.111607906664562
1602 	0.112320769501268
1603 	0.113033632337973
1604 	0.113746495174679
1605 	0.116915347241344
1606 	0.120119071366041
1607 	0.123322795490738
1608 	0.126526519615435
1609 	0.131200484293046
1610 	0.139526997800718
1611 	0.14785351130839
1612 	0.156180024816063
1613 	0.164506538323735
1614 	0.172846040858279
1615 	0.181194348035198
1616 	0.189542655212118
1617 	0.197890962389038
1618 	0.206239269565957
1619 	0.208072409558153
1620 	0.209292525066885
1621 	0.210512640575616
1622 	0.211732756084348
1623 	0.215605446742997
1624 	0.227877958709718
1625 	0.240150470676438
1626 	0.252422982643159
1627 	0.264695494609879
1628 	0.286779366073085
1629 	0.316144838835073
1630 	0.345510311597061
1631 	0.374875784359049
1632 	0.404241257121037
1633 	0.454027452674014
1634 	0.505686290928349
1635 	0.557345129182684
1636 	0.609003967437019
1637 	0.657868139121432
1638 	0.699020712075308
1639 	0.740173285029185
1640 	0.781325857983062
1641 	0.822478430936938
1642 	0.832003934575241
1643 	0.8225531966242
1644 	0.813102458673158
1645 	0.803651720722117
1646 	0.794200982771075
1647 	0.752426760013227
1648 	0.710391863990806
1649 	0.668356967968386
1650 	0.626322071945966
1651 	0.588831078849451
1652 	0.559143745125691
1653 	0.529456411401931
1654 	0.499769077678171
1655 	0.470081743954411
1656 	0.459018871662828
1657 	0.454131087116403
1658 	0.449243302569977
1659 	0.444355518023551
1660 	0.443889759080966
1661 	0.469710485672323
1662 	0.495531212263679
1663 	0.521351938855035
1664 	0.547172665446392
1665 	0.578064846244853
1666 	0.613208098952209
1667 	0.648351351659565
1668 	0.683494604366922
1669 	0.718637857074278
1670 	0.727802783065135
1671 	0.735657877456841
1672 	0.743512971848546
1673 	0.751368066240252
1674 	0.74282858025902
1675 	0.706253917542485
1676 	0.66967925482595
1677 	0.633104592109414
1678 	0.596529929392879
1679 	0.545157728029891
1680 	0.489969809154298
1681 	0.434781890278705
1682 	0.379593971403112
1683 	0.328161228064548
1684 	0.289443377333815
1685 	0.250725526603081
1686 	0.212007675872348
1687 	0.173289825141614
1688 	0.145690578219681
1689 	0.123542926905936
1690 	0.101395275592191
1691 	0.0792476242784468
1692 	0.0589085544400491
1693 	0.0517078574680039
1694 	0.0445071604959586
1695 	0.0373064635239133
1696 	0.0301057665518681
1697 	0.0277288659237671
1698 	0.0288450591999028
1699 	0.0299612524760385
1700 	0.0310774457521742
1701 	0.0325661883461602
1702 	0.0416089628531493
1703 	0.0506517373601385
1704 	0.0596945118671276
1705 	0.0687372863741167
1706 	0.0788355768388318
1707 	0.0899004125675184
1708 	0.100965248296205
1709 	0.112030084024892
1710 	0.123051936647558
1711 	0.126952921372987
1712 	0.130853906098416
1713 	0.134754890823846
1714 	0.138655875549275
1715 	0.136428945308752
1716 	0.128049539320849
1717 	0.119670133332947
1718 	0.111290727345045
1719 	0.102911321357142
1720 	0.0912314957349301
1721 	0.0795516701127177
1722 	0.0678718444905053
1723 	0.056192018868293
1724 	0.0483469256103885
1725 	0.0442009553208046
1726 	0.0400549850312206
1727 	0.0359090147416366
1728 	0.0319207118679946
1729 	0.0336142755021782
1730 	0.0353078391363617
1731 	0.0370014027705453
1732 	0.0386949664047288
1733 	0.0394335167112883
1734 	0.0394001123027524
1735 	0.0393667078942166
1736 	0.0393333034856807
1737 	0.0393247531429353
1738 	0.0395737813002005
1739 	0.0398228094574658
1740 	0.0400718376147311
1741 	0.0403208657719963
1742 	0.0412618780518401
1743 	0.0426075529960759
1744 	0.0439532279403118
1745 	0.0452989028845476
1746 	0.046549229151896
1747 	0.0473710102670803
1748 	0.0481927913822646
1749 	0.0490145724974488
1750 	0.0498363536126331
1751 	0.0513373171902591
1752 	0.0530732065994431
1753 	0.0548090960086271
1754 	0.0565449854178111
1755 	0.0577514716098225
1756 	0.0577850998705409
1757 	0.0578187281312593
1758 	0.0578523563919777
1759 	0.0578859846526962
1760 	0.0581501220248885
1761 	0.0584433326183478
1762 	0.0587365432118072
1763 	0.0590297538052665
1764 	0.0599347838620471
1765 	0.0615187528169438
1766 	0.0631027217718406
1767 	0.0646866907267374
1768 	0.0662329161273998
1769 	0.0672618328141446
1770 	0.0682907495008895
1771 	0.0693196661876343
1772 	0.0703485828743791
1773 	0.0698846889047201
1774 	0.0686888505148573
1775 	0.0674930121249945
1776 	0.0662971737351316
1777 	0.0650972430845801
1778 	0.0638868931319914
1779 	0.0626765431794027
1780 	0.061466193226814
1781 	0.0602558432742253
1782 	0.0599749520647227
1783 	0.0597950441776396
1784 	0.0596151362905565
1785 	0.0594352284034734
1786 	0.0595283590934109
1787 	0.0598636183327818
1788 	0.0601988775721527
1789 	0.0605341368115236
1790 	0.0607882713464808
1791 	0.0606377539127157
1792 	0.0604872364789506
1793 	0.0603367190451855
1794 	0.0601862016114204
1795 	0.0599824377699289
1796 	0.0597664265997229
1797 	0.0595504154295169
1798 	0.0593344042593109
1799 	0.0591464042060612
1800 	0.0589903740143483
1801 	0.0588343438226354
1802 	0.0586783136309224
1803 	0.0585262483365118
1804 	0.0584007173548159
1805 	0.0582751863731201
1806 	0.0581496553914243
1807 	0.0580241244097284
1808 	0.0577031165666418
1809 	0.0573335445594892
1810 	0.0569639725523366
1811 	0.056594400545184
1812 	0.0563858912621298
1813 	0.0563511689932274
1814 	0.0563164467243249
1815 	0.0562817244554225
1816 	0.0562663475181154
1817 	0.0563454213174204
1818 	0.0564244951167255
1819 	0.0565035689160306
1820 	0.0565826427153357
1821 	0.0572758545433692
1822 	0.0580632767033761
1823 	0.058850698863383
1824 	0.0596381210233899
1825 	0.0601595809492766
1826 	0.0604828456326338
1827 	0.0608061103159911
1828 	0.0611293749993484
1829 	0.0613457819077397
1830 	0.0612980126502427
1831 	0.0612502433927457
1832 	0.0612024741352488
1833 	0.0611504708201402
1834 	0.0607177872343134
1835 	0.0602851036484865
1836 	0.0598524200626597
1837 	0.0594197364768328
1838 	0.0593829792028629
1839 	0.059483170868526
1840 	0.059583362534189
1841 	0.059683554199852
1842 	0.0597785322571174
1843 	0.0598679520046036
1844 	0.0599573717520897
1845 	0.0600467914995758
1846 	0.0601455555756524
1847 	0.0602750797376902
1848 	0.060404603899728
1849 	0.0605341280617658
1850 	0.0606636522238035
1851 	0.0607168350890137
1852 	0.0607693246427491
1853 	0.0608218141964845
1854 	0.0608743037502199
1855 	0.0608992066838827
1856 	0.0609153022797386
1857 	0.0609313978755945
1858 	0.0609474934714504
1859 	0.0608613707403738
1860 	0.0606856871112158
1861 	0.0605100034820577
1862 	0.0603343198528996
1863 	0.0602446832287057
1864 	0.0603395876654728
1865 	0.0604344921022399
1866 	0.0605293965390069
1867 	0.060634946843012
1868 	0.0608257599936355
1869 	0.061016573144259
1870 	0.0612073862948824
1871 	0.0613981994455059
1872 	0.0613300198304049
1873 	0.0612368496852779
1874 	0.0611436795401508
1875 	0.0610505093950238
1876 	0.0607064631289468
1877 	0.0602662997321601
1878 	0.0598261363353734
1879 	0.0593859729385866
1880 	0.058712197938728
1881 	0.0578410168240963
1882 	0.0569698357094646
1883 	0.0560986545948329
1884 	0.0555314182309332
1885 	0.0554817094155774
1886 	0.0554320006002216
1887 	0.0553822917848658
1888 	0.0554283325411065
1889 	0.0558411820426417
1890 	0.0562540315441769
1891 	0.0566668810457122
1892 	0.0570578768039207
1893 	0.0570583915257082
1894 	0.0570589062474956
1895 	0.0570594209692831
1896 	0.0570599356910705
1897 	0.0571501069654071
1898 	0.0572494712489906
1899 	0.0573488355325742
1900 	0.0574481998161578
1901 	0.0576928288111364
1902 	0.0579808485640641
1903 	0.0582688683169919
1904 	0.0585568880699197
1905 	0.05865068704242
1906 	0.0586361822152429
1907 	0.0586216773880657
1908 	0.0586071725608885
1909 	0.0586799790243959
1910 	0.0588324173916444
1911 	0.058984855758893
1912 	0.0591372941261415
1913 	0.0592415815093097
1914 	0.0592774315373808
1915 	0.0593132815654518
1916 	0.0593491315935229
1917 	0.059449846133594
1918 	0.0596935952385886
1919 	0.0599373443435832
1920 	0.0601810934485778
1921 	0.0604409381875372
1922 	0.0607581833380328
1923 	0.0610754284885284
1924 	0.0613926736390241
1925 	0.0616734389411458
1926 	0.0617224499124211
1927 	0.0617714608836965
1928 	0.0618204718549718
1929 	0.0618418544329869
1930 	0.0614379409245859
1931 	0.0610340274161849
1932 	0.0606301139077839
1933 	0.0602262003993829
1934 	0.0600096075743252
1935 	0.059793956059234
1936 	0.0595783045441428
1937 	0.0593626530290516
1938 	0.0599346250809363
1939 	0.0605586575391669
1940 	0.0611826899973976
1941 	0.0618067224556282
1942 	0.0621677750349392
1943 	0.0624963244831477
1944 	0.0628248739313562
1945 	0.0631534233795648
1946 	0.0627205193781008
1947 	0.062154293914826
1948 	0.0615880684515511
1949 	0.0610218429882762
1950 	0.0608491078485625
1951 	0.0607621641435838
1952 	0.0606752204386051
1953 	0.0605882767336264
1954 	0.0602218151557131
1955 	0.059785474109566
1956 	0.0593491330634191
1957 	0.0589127920172721
1958 	0.0588433559177386
1959 	0.0588726302860758
1960 	0.058901904654413
1961 	0.0589311790227501
1962 	0.0592320963443424
1963 	0.0596078540714233
1964 	0.0599836117985041
1965 	0.060359369525585
1966 	0.0599754067048279
1967 	0.059389492852367
1968 	0.0588035789999061
1969 	0.0582176651474452
1970 	0.0581131943182773
1971 	0.058125346333261
1972 	0.0581374983482448
1973 	0.0581496503632285
1974 	0.0580010280207759
1975 	0.0578190081064886
1976 	0.0576369881922014
1977 	0.0574549682779142
1978 	0.0575859745112815
1979 	0.057767515744096
1980 	0.0579490569769104
1981 	0.0581305982097249
1982 	0.0583393368198607
1983 	0.0585510303556922
1984 	0.0587627238915236
1985 	0.0589744174273551
1986 	0.0589735526667943
1987 	0.0589622049682164
1988 	0.0589508572696384
1989 	0.0589365812408189
1990 	0.0586999773698165
1991 	0.0584633734988141
1992 	0.0582267696278117
1993 	0.0580531223000946
1994 	0.0585937597042195
1995 	0.0591343971083445
1996 	0.0596750345124694
1997 	0.060116251092689
1998 	0.0600316002961522
1999 	0.0599469494996154
2000 	0.0598622987030785
2001 	0.0597976253891396
2002 	0.0597941838714559
2003 	0.0597907423537723
2004 	0.0597873008360887
2005 	0.0598411442814321
2006 	0.0600052026556402
2007 	0.0601692610298484
2008 	0.0603333194040566
2009 	0.0603590192678407
2010 	0.0602135507730912
2011 	0.0600680822783417
2012 	0.0599226137835922
2013 	0.0597092220796841
2014 	0.0594426783457926
2015 	0.0591761346119012
2016 	0.0589095908780098
2017 	0.0589195674695398
2018 	0.0590572932172587
2019 	0.0591950189649776
2020 	0.0593327447126965
2021 	0.0595944445762605
2022 	0.0598840993875151
2023 	0.0601737541987697
2024 	0.0604634090100243
2025 	0.0602259372136513
2026 	0.0599647805226829
2027 	0.0597036238317144
2028 	0.0595060032949588
2029 	0.0598331443281837
2030 	0.0601602853614087
2031 	0.0604874263946336
2032 	0.0607724847869075
2033 	0.0609420129326751
2034 	0.0611115410784428
2035 	0.0612810692242104
2036 	0.0613567360493272
2037 	0.0613109859367212
2038 	0.0612652358241152
2039 	0.0612194857115093
2040 	0.0612136241546908
2041 	0.0612328391166573
2042 	0.0612520540786239
2043 	0.0612712690405904
2044 	0.061296449294295
2045 	0.0613231115618023
2046 	0.0613497738293096
2047 	0.0613764360968169
2048 	0.0604396136185803
2049 	0.0594998919886514
2050 	0.0585601703587225
2051 	0.0577869631748673
2052 	0.057671570485896
2053 	0.0575561777969246
2054 	0.0574407851079533
2055 	0.0574079335255698
2056 	0.0574904811401665
2057 	0.0575730287547632
2058 	0.05765557636936
2059 	0.0577048315386803
2060 	0.0577353597075326
2061 	0.0577658878763849
2062 	0.0577964160452372
2063 	0.057940136113192
2064 	0.0581003228148078
2065 	0.0582605095164235
2066 	0.0584032277320794
2067 	0.058411514555783
2068 	0.0584198013794866
2069 	0.0584280882031902
2070 	0.0585198653694684
2071 	0.0587562678832666
2072 	0.0589926703970649
2073 	0.0592290729108631
2074 	0.0595529725478478
2075 	0.0599289239024538
2076 	0.0603048752570597
2077 	0.0606808266116657
2078 	0.0604292177936281
2079 	0.0601055479970149
2080 	0.0597818782004017
2081 	0.0595285372817663
2082 	0.0596044633827543
2083 	0.0596803894837424
2084 	0.0597563155847304
2085 	0.0598661321881579
2086 	0.0600150981650931
2087 	0.0601640641420282
2088 	0.0603130301189634
2089 	0.0602588121906376
2090 	0.0601411326226111
2091 	0.0600234530545845
2092 	0.059908634213748
2093 	0.0598330241632224
2094 	0.0597574141126967
2095 	0.0596818040621711
2096 	0.0596426759065271
2097 	0.0596618240245252
2098 	0.0596809721425233
2099 	0.0597001202605213
2100 	0.0596674578937638
2101 	0.0596136334980215
2102 	0.0595598091022793
2103 	0.0594997280523795
2104 	0.0593068668975807
2105 	0.0591140057427819
2106 	0.0589211445879831
2107 	0.0587662547470407
2108 	0.0586710062242635
2109 	0.0585757577014863
2110 	0.0584805091787091
2111 	0.0586457166724701
2112 	0.0589014870399061
2113 	0.059157257407342
2114 	0.0594090181284273
2115 	0.0596266013877618
2116 	0.0598441846470964
2117 	0.0600617679064309
2118 	0.0603074201784548
2119 	0.0605838483281235
2120 	0.0608602764777922
2121 	0.061136704627461
2122 	0.0609756074765457
2123 	0.0607420993784476
2124 	0.0605085912803495
2125 	0.0602285661119135
2126 	0.0598082424702897
2127 	0.0593879188286658
2128 	0.0589675951870419
2129 	0.0588319088403559
2130 	0.0588501634652002
2131 	0.0588684180900445
2132 	0.0588788716161563
2133 	0.0587626245387165
2134 	0.0586463774612767
2135 	0.0585301303838369
2136 	0.0584576962662238
2137 	0.0584333002576032
2138 	0.0584089042489825
2139 	0.0583845082403619
2140 	0.0582545782284267
2141 	0.0581135700614474
2142 	0.0579725618944681
2143 	0.057925770251692
2144 	0.0580594458287454
2145 	0.0581931214057988
2146 	0.0583267969828523
2147 	0.0584511039939302
2148 	0.0585729206267108
2149 	0.0586947372594914
2150 	0.0588825296602283
2151 	0.0592725404716927
2152 	0.0596625512831572
2153 	0.0600525620946216
2154 	0.0601537370167762
2155 	0.0601380794443786
2156 	0.060122421871981
2157 	0.0601204285770648
2158 	0.0601774533316958
2159 	0.0602344780863269
2160 	0.060291502840958
2161 	0.060213549279368
2162 	0.0600700118999409
2163 	0.0599264745205139
2164 	0.0598059515314488
2165 	0.0598002248727522
2166 	0.0597944982140557
2167 	0.0597887715553591
2168 	0.0597997588122506
2169 	0.0598189782962227
2170 	0.0598381977801949
2171 	0.0598562846635948
2172 	0.0598693487096744
2173 	0.0598824127557539
2174 	0.0598954768018335
2175 	0.0594166621872387
2176 	0.0587339996977109
2177 	0.058051337208183
2178 	0.0575432676481211
2179 	0.0575911195078234
2180 	0.0576389713675257
2181 	0.057686823227228
2182 	0.0581375561170922
2183 	0.0587019221180276
2184 	0.059266288118963
2185 	0.0598147177085919
2186 	0.0603310824706522
2187 	0.0608474472327125
2188 	0.0613638119947727
2189 	0.0620762064915616
2190 	0.0628123355302234
2191 	0.0635484645688853
2192 	0.0642184213631068
2193 	0.0648116297874267
2194 	0.0654048382117467
2195 	0.065951512215465
2196 	0.0654367582445047
2197 	0.0649220042735445
2198 	0.0644072503025843
2199 	0.0630898153567942
2200 	0.0613049965522424
2201 	0.0595201777476907
2202 	0.0579628038881023
2203 	0.0571625952349057
2204 	0.0563623865817092
2205 	0.0555621779285126
2206 	0.055438663673025
2207 	0.055445003765608
2208 	0.055451343858191
2209 	0.0557045709759702
2210 	0.0562511452593545
2211 	0.0567977195427388
2212 	0.0573175543272845
2213 	0.0575495462713908
2214 	0.0577815382154971
2215 	0.0580135301596034
2216 	0.0580705204755837
2217 	0.0580601278931998
2218 	0.0580497353108159
2219 	0.0580889817534362
2220 	0.0582131122740447
2221 	0.0583372427946532
2222 	0.0584776823875234
2223 	0.0592290849182028
2224 	0.0599804874488822
2225 	0.0607318899795615
2226 	0.0607828705610742
2227 	0.0605221026449808
2228 	0.0602613347288874
2229 	0.0599712304378611
2230 	0.0596307441116239
2231 	0.0592902577853867
2232 	0.0589603585302477
2233 	0.0588196282624672
2234 	0.0586788979946867
2235 	0.0585381677269062
2236 	0.0587393938911522
2237 	0.0590558246287547
2238 	0.0593722553663572
2239 	0.0596923478898865
2240 	0.0600168620401311
2241 	0.0603413761903757
2242 	0.0606624622955991
2243 	0.0609664492301484
2244 	0.0612704361646976
2245 	0.0615744230992469
2246 	0.0613638083081717
2247 	0.0610902399951065
2248 	0.0608166716820413
2249 	0.0606290396441492
2250 	0.0604929693713608
2251 	0.0603568990985724
2252 	0.0603825713306003
2253 	0.0606848276291296
2254 	0.0609870839276589
2255 	0.0612385446236428
2256 	0.0611244435242591
2257 	0.0610103424248753
2258 	0.0608962413254916
2259 	0.0604575780997343
2260 	0.0599767401343918
2261 	0.0594959021690493
2262 	0.0595532698195626
2263 	0.0598916184841374
2264 	0.0602299671487122
2265 	0.0603532093374226
2266 	0.0602026796477603
2267 	0.060052149958098
2268 	0.0598061956306337
2269 	0.0592443528469975
2270 	0.0586825100633612
2271 	0.0581363040726655
2272 	0.0580343669637477
2273 	0.0579324298548299
2274 	0.0578304927459122
2275 	0.057840814728387
2276 	0.0578715715809262
2277 	0.0579023284334654
2278 	0.0579808314449433
2279 	0.0580831717441673
2280 	0.0581855120433913
2281 	0.0583018470974925
2282 	0.0584322893141404
2283 	0.0585627315307883
2284 	0.0586434685174504
2285 	0.058627287636795
2286 	0.0586111067561395
2287 	0.058581794023901
2288 	0.0584964981349132
2289 	0.0584112022459255
2290 	0.0583664602011926
2291 	0.0590763377289669
2292 	0.0597862152567412
2293 	0.0604960927845156
2294 	0.060398881298111
2295 	0.0602324406780254
2296 	0.0600660000579398
2297 	0.0602294323039217
2298 	0.060474304484419
2299 	0.0607191766649164
2300 	0.0606761448327925
2301 	0.0605049707522765
2302 	0.0603337966717606
2303 	0.0601514715884944
2304 	0.0599614613546841
2305 	0.0597714511208738
2306 	0.0596163893816078
2307 	0.059495997662826
2308 	0.0593756059440441
2309 	0.0592534231907536
2310 	0.0591287772332339
2311 	0.0590041312757141
2312 	0.0588780936242637
2313 	0.0587494827267706
2314 	0.0586208718292774
2315 	0.0586011258196722
2316 	0.0588466210661235
2317 	0.0590921163125748
2318 	0.0592214596621438
2319 	0.0589829886715851
2320 	0.0587445176810264
2321 	0.0585875436009203
2322 	0.0587586048236911
2323 	0.0589296660464618
2324 	0.0591541697297862
2325 	0.0596433408368039
2326 	0.0601325119438215
2327 	0.060602168713914
2328 	0.0609585892296034
2329 	0.0613150097452928
2330 	0.0615816919670947
2331 	0.0612782720865526
2332 	0.0609748522060106
2333 	0.060597821572833
2334 	0.0597491368579545
2335 	0.058900452143076
2336 	0.0581449350240908
2337 	0.0579387854533032
2338 	0.0577326358825157
2339 	0.0575689049254999
2340 	0.0576229922490174
2341 	0.057677079572535
2342 	0.0577639655616311
2343 	0.0579888792683704
2344 	0.0582137929751097
2345 	0.0583547049547089
2346 	0.0582159748210152
2347 	0.0580772446873215
2348 	0.0580197275859835
2349 	0.0581710439964171
2350 	0.0583223604068507
2351 	0.058378360358282
2352 	0.0582485072731336
2353 	0.0581186541879851
2354 	0.0583883272170347
2355 	0.0592377048039405
2356 	0.0600870823908463
2357 	0.0605711498198038
2358 	0.0606704038790949
2359 	0.0607696579383861
2360 	0.0608144766970528
2361 	0.0608192250260931
2362 	0.0608239733551333
2363 	0.0608945631670929
2364 	0.0609968544337913
2365 	0.0610991457004897
2366 	0.0608028412563084
2367 	0.0603967196264767
2368 	0.0599905979966451
2369 	0.059822064958858
2370 	0.0596790536192198
2371 	0.059536863070885
2372 	0.059419501459478
2373 	0.059302139848071
2374 	0.0592230301017143
2375 	0.0593293636075608
2376 	0.0594356971134073
2377 	0.0595395467642919
2378 	0.0596381182233824
2379 	0.0597366896824729
2380 	0.0598119223747935
2381 	0.0598618714031135
2382 	0.0599118204314335
2383 	0.0599143338964989
2384 	0.0598911926886794
2385 	0.05986805148086
2386 	0.0602061342420538
2387 	0.06061872761688
2388 	0.0610248031813699
2389 	0.0610752959819589
2390 	0.0611257887825478
2391 	0.0611189540335767
2392 	0.060906476423339
2393 	0.0606939988131014
2394 	0.0602297679919224
2395 	0.0594290819449056
2396 	0.0586283958978888
2397 	0.0582644532123657
2398 	0.0581377538343206
2399 	0.0580110544562754
2400 	0.0580311270244217
