 	avma15
200 	0
201 	0
202 	0
203 	0.0533437800403114
204 	0.0558500565518697
205 	0.058356333063428
206 	0.0608626095749862
207 	0.0633688860865445
208 	0.0658751625981027
209 	0.0683549955614687
210 	0.0698035301453363
211 	0.0712520647292039
212 	0.0727005993130714
213 	0.074149133896939
214 	0.0755976684808066
215 	0.0770462030646742
216 	0.0764656426569472
217 	0.0745267064702062
218 	0.0725877702834652
219 	0.0706488340967242
220 	0.0687098979099832
221 	0.0667709617232422
222 	0.0648713139198157
223 	0.0631530989876506
224 	0.0614348840554855
225 	0.0597166691233204
226 	0.0579984541911553
227 	0.0562802392589902
228 	0.0545620243268251
229 	0.0528721749543054
230 	0.0511910877180111
231 	0.0495100004817168
232 	0.0478289132454225
233 	0.0461478260091283
234 	0.044466738772834
235 	0.0429826357446363
236 	0.0418580010735866
237 	0.040733366402537
238 	0.0396087317314873
239 	0.0384840970604376
240 	0.0373594623893879
241 	0.0362348277183382
242 	0.0371560752372697
243 	0.0381827362444337
244 	0.0392093972515976
245 	0.0402360582587616
246 	0.0412627192659255
247 	0.0422893802730895
248 	0.0431960604965407
249 	0.0440057580611862
250 	0.0448154556258318
251 	0.0456251531904773
252 	0.0464348507551228
253 	0.0472445483197683
254 	0.0480864139709759
255 	0.0490959133155106
256 	0.0501054126600453
257 	0.05111491200458
258 	0.0521244113491147
259 	0.0531339106936494
260 	0.0541434100381841
261 	0.0539242181691797
262 	0.0533462611654726
263 	0.0527683041617655
264 	0.0521903471580584
265 	0.0516123901543513
266 	0.0510344331506441
267 	0.0519370403744609
268 	0.0551264223720872
269 	0.0583158043697134
270 	0.0615051863673396
271 	0.0646945683649659
272 	0.0678839503625921
273 	0.0711750511887947
274 	0.0800154792184478
275 	0.088855907248101
276 	0.0976963352777541
277 	0.106536763307407
278 	0.11537719133706
279 	0.124217619366714
280 	0.130356390266598
281 	0.13502759433056
282 	0.139698798394521
283 	0.144370002458482
284 	0.149041206522444
285 	0.153712410586405
286 	0.156796960827537
287 	0.155881355656185
288 	0.154965750484832
289 	0.154050145313479
290 	0.153134540142127
291 	0.152218934970774
292 	0.151303329799421
293 	0.153982472154326
294 	0.15694888374999
295 	0.159915295345654
296 	0.162881706941317
297 	0.165848118536981
298 	0.168814530132645
299 	0.167900610455316
300 	0.164106863038796
301 	0.160313115622277
302 	0.156519368205758
303 	0.152725620789239
304 	0.148931873372719
305 	0.144274374636737
306 	0.136675555328309
307 	0.129076736019882
308 	0.121477916711454
309 	0.113879097403026
310 	0.106280278094599
311 	0.0986814587861711
312 	0.0980675759658801
313 	0.0983524321519632
314 	0.0986372883380463
315 	0.0989221445241293
316 	0.0992070007102124
317 	0.0994918568962955
318 	0.101432067214156
319 	0.104721195871704
320 	0.108010324529251
321 	0.111299453186799
322 	0.114588581844347
323 	0.117877710501895
324 	0.120187857596533
325 	0.119047205426432
326 	0.117906553256331
327 	0.11676590108623
328 	0.115625248916129
329 	0.114484596746028
330 	0.113343944575927
331 	0.114022965047484
332 	0.114908674393707
333 	0.115794383739929
334 	0.116680093086152
335 	0.117565802432374
336 	0.118451511778597
337 	0.118306311448912
338 	0.117414590319431
339 	0.116522869189951
340 	0.115631148060471
341 	0.11473942693099
342 	0.11384770580151
343 	0.111283276133565
344 	0.10415010523369
345 	0.0970169343338158
346 	0.0898837634339415
347 	0.0827505925340672
348 	0.0756174216341928
349 	0.0684842507343185
350 	0.065639208984755
351 	0.0629681912069523
352 	0.0602971734291496
353 	0.0576261556513469
354 	0.0549551378735441
355 	0.0522841200957414
356 	0.0485828950238266
357 	0.0443533185559905
358 	0.0401237420881544
359 	0.0358941656203183
360 	0.0316645891524822
361 	0.0274350126846461
362 	0.0237871768885242
363 	0.0211470558078856
364 	0.018506934727247
365 	0.0158668136466083
366 	0.0132266925659697
367 	0.0105865714853311
368 	0.00854326497802892
369 	0.0136539825121499
370 	0.018764700046271
371 	0.023875417580392
372 	0.028986135114513
373 	0.034096852648634
374 	0.039207570182755
375 	0.0477934992748263
376 	0.0572755521019664
377 	0.0667576049291065
378 	0.0762396577562467
379 	0.0857217105833868
380 	0.0952037634105269
381 	0.0971948104858968
382 	0.0921874904856284
383 	0.08718017048536
384 	0.0821728504850915
385 	0.0771655304848231
386 	0.0721582104845547
387 	0.0682653030697278
388 	0.0677881155306039
389 	0.06731092799148
390 	0.0668337404523562
391 	0.0663565529132324
392 	0.0658793653741085
393 	0.0654021778349846
394 	0.0717854455856363
395 	0.0783015865783937
396 	0.0848177275711511
397 	0.0913338685639085
398 	0.0978500095566659
399 	0.104366150549423
400 	0.102718156489435
401 	0.0979266312041504
402 	0.093135105918866
403 	0.0883435806335816
404 	0.0835520553482972
405 	0.0787605300630128
406 	0.0744933141740326
407 	0.0708221081116205
408 	0.0671509020492084
409 	0.0634796959867963
410 	0.0598084899243842
411 	0.0561372838619721
412 	0.0532597522980422
413 	0.0531798335590792
414 	0.0530999148201161
415 	0.0530199960811531
416 	0.0529400773421901
417 	0.052860158603227
418 	0.052780239864264
419 	0.0532968997280714
420 	0.0538263564771272
421 	0.0543558132261831
422 	0.0548852699752389
423 	0.0554147267242947
424 	0.0559441834733505
425 	0.058869830728287
426 	0.0626243083466305
427 	0.0663787859649739
428 	0.0701332635833173
429 	0.0738877412016607
430 	0.0776422188200041
431 	0.0834524252842235
432 	0.0912141716079784
433 	0.0989759179317333
434 	0.106737664255488
435 	0.114499410579243
436 	0.122261156902998
437 	0.128843744778201
438 	0.132539427486261
439 	0.136235110194321
440 	0.13993079290238
441 	0.14362647561044
442 	0.1473221583185
443 	0.150218435616548
444 	0.142811265407787
445 	0.135404095199025
446 	0.127996924990263
447 	0.120589754781501
448 	0.113182584572739
449 	0.105775414363978
450 	0.101845528324134
451 	0.0984817118001598
452 	0.095117895276186
453 	0.0917540787522123
454 	0.0883902622282385
455 	0.0850264457042647
456 	0.0798320932681717
457 	0.0736692921690919
458 	0.0675064910700121
459 	0.0613436899709323
460 	0.0551808888718525
461 	0.0490180877727728
462 	0.0444859142855584
463 	0.0419148039615124
464 	0.0393436936374665
465 	0.0367725833134205
466 	0.0342014729893745
467 	0.0316303626653286
468 	0.0314342824641948
469 	0.0379629044118421
470 	0.0444915263594895
471 	0.0510201483071369
472 	0.0575487702547842
473 	0.0640773922024316
474 	0.0705024808229705
475 	0.0756128380157079
476 	0.0807231952084453
477 	0.0858335524011827
478 	0.0909439095939201
479 	0.0960542667866575
480 	0.101164623979395
481 	0.100359161053557
482 	0.0988299894936849
483 	0.0973008179338128
484 	0.0957716463739406
485 	0.0942424748140685
486 	0.0927133032541963
487 	0.090028712543885
488 	0.0868835701442377
489 	0.0837384277445904
490 	0.0805932853449431
491 	0.0774481429452958
492 	0.0743030005456485
493 	0.0712606557857893
494 	0.0683037874516879
495 	0.0653469191175866
496 	0.0623900507834852
497 	0.0594331824493839
498 	0.0564763141152825
499 	0.0555397635651414
500 	0.0578716852414071
501 	0.0602036069176727
502 	0.0625355285939383
503 	0.064867450270204
504 	0.0671993719464696
505 	0.0694590092170996
506 	0.0714696668683177
507 	0.0734803245195359
508 	0.075490982170754
509 	0.0775016398219721
510 	0.0795122974731903
511 	0.0811740978496131
512 	0.0784704680035976
513 	0.0757668381575822
514 	0.0730632083115667
515 	0.0703595784655513
516 	0.0676559486195358
517 	0.0649523187735204
518 	0.0644794413117202
519 	0.0641796394659368
520 	0.0638798376201534
521 	0.06358003577437
522 	0.0632802339285866
523 	0.0629804320828031
524 	0.063017695256617
525 	0.0631450987588657
526 	0.0632725022611144
527 	0.063399905763363
528 	0.0635273092656117
529 	0.0636547127678604
530 	0.0629003548715285
531 	0.0616836099003311
532 	0.0604668649291338
533 	0.0592501199579364
534 	0.058033374986739
535 	0.0568166300155417
536 	0.0554217867251525
537 	0.0538683719634224
538 	0.0523149572016924
539 	0.0507615424399623
540 	0.0492081276782323
541 	0.0476547129165022
542 	0.047331022732057
543 	0.0487842695284805
544 	0.0502375163249041
545 	0.0516907631213277
546 	0.0531440099177512
547 	0.0545972567141748
548 	0.055641211833021
549 	0.0557023100662563
550 	0.0557634082994915
551 	0.0558245065327267
552 	0.055885604765962
553 	0.0559467029991972
554 	0.0560434953393277
555 	0.0562964973730748
556 	0.0565494994068219
557 	0.056802501440569
558 	0.057055503474316
559 	0.0573085055080631
560 	0.0576317231763882
561 	0.0587306967110751
562 	0.059829670245762
563 	0.0609286437804489
564 	0.0620276173151359
565 	0.0631265908498228
566 	0.0642255643845097
567 	0.064127980826703
568 	0.0640146371450843
569 	0.0639012934634656
570 	0.0637879497818469
571 	0.0636746061002282
572 	0.0635612624186095
573 	0.0635803739743218
574 	0.0636145305569914
575 	0.0636486871396611
576 	0.0636828437223307
577 	0.0637170003050004
578 	0.0637511568876701
579 	0.0624988048934737
580 	0.060952484108986
581 	0.0594061633244984
582 	0.0578598425400107
583 	0.0563135217555231
584 	0.0547672009710354
585 	0.0516669000393
586 	0.0480120580238113
587 	0.0443572160083227
588 	0.040702373992834
589 	0.0370475319773453
590 	0.0333926899618566
591 	0.0325177611880337
592 	0.0330369630789499
593 	0.0335561649698661
594 	0.0340753668607822
595 	0.0345945687516984
596 	0.0351137706426146
597 	0.0376180251160579
598 	0.0414401431176682
599 	0.0452622611192784
600 	0.0490843791208887
601 	0.052906497122499
602 	0.0567286151241092
603 	0.0631437212577183
604 	0.0717499502039756
605 	0.080356179150233
606 	0.0889624080964903
607 	0.0975686370427476
608 	0.106174865989005
609 	0.115309056645803
610 	0.124992758470716
611 	0.134676460295629
612 	0.144360162120542
613 	0.154043863945454
614 	0.163727565770367
615 	0.169432700405829
616 	0.170155665317564
617 	0.170878630229298
618 	0.171601595141033
619 	0.172324560052767
620 	0.173047524964502
621 	0.171952039179427
622 	0.168173888504999
623 	0.164395737830572
624 	0.160617587156144
625 	0.156839436481717
626 	0.153061285807289
627 	0.153925428776804
628 	0.162694017680601
629 	0.171462606584398
630 	0.180231195488195
631 	0.188999784391992
632 	0.197768373295788
633 	0.207073094451339
634 	0.217404751144504
635 	0.227736407837669
636 	0.238068064530835
637 	0.248399721224
638 	0.258731377917166
639 	0.273256091733938
640 	0.296569349428981
641 	0.319882607124024
642 	0.343195864819068
643 	0.366509122514111
644 	0.389822380209154
645 	0.408228049712625
646 	0.41560757951295
647 	0.422987109313276
648 	0.430366639113601
649 	0.437746168913927
650 	0.445125698714253
651 	0.444264063733537
652 	0.424173044263723
653 	0.404082024793908
654 	0.383991005324093
655 	0.363899985854278
656 	0.343808966384464
657 	0.323512156158789
658 	0.302730563682731
659 	0.281948971206673
660 	0.261167378730616
661 	0.240385786254558
662 	0.2196041937785
663 	0.202416983712397
664 	0.193498039454012
665 	0.184579095195626
666 	0.175660150937241
667 	0.166741206678855
668 	0.15782226242047
669 	0.152183896637438
670 	0.153712654529862
671 	0.155241412422287
672 	0.156770170314711
673 	0.158298928207135
674 	0.15982768609956
675 	0.160519786041899
676 	0.159520876411406
677 	0.158521966780914
678 	0.157523057150422
679 	0.156524147519929
680 	0.155525237889437
681 	0.150825605766327
682 	0.139402125734096
683 	0.127978645701866
684 	0.116555165669635
685 	0.105131685637404
686 	0.0937082056051731
687 	0.0843735241091589
688 	0.0783754948203479
689 	0.0723774655315369
690 	0.0663794362427259
691 	0.0603814069539149
692 	0.0543833776651039
693 	0.0511105393360442
694 	0.0515703085300555
695 	0.0520300777240669
696 	0.0524898469180783
697 	0.0529496161120897
698 	0.0534093853061011
699 	0.0534393731116304
700 	0.0529748812551429
701 	0.0525103893986554
702 	0.0520458975421678
703 	0.0515814056856803
704 	0.0511169138291928
705 	0.0501685383073343
706 	0.0487626385415649
707 	0.0473567387757954
708 	0.0459508390100259
709 	0.0445449392442565
710 	0.043139039478487
711 	0.0416350603242406
712 	0.04005709145588
713 	0.0384791225875194
714 	0.0369011537191589
715 	0.0353231848507983
716 	0.0337452159824377
717 	0.0339622286749786
718 	0.0352244205042473
719 	0.036486612333516
720 	0.0377488041627847
721 	0.0390109959920534
722 	0.0402731878213221
723 	0.0472917208040191
724 	0.0567655262615733
725 	0.0662393317191276
726 	0.0757131371766818
727 	0.0851869426342361
728 	0.0946607480917903
729 	0.100825508789193
730 	0.106040569381687
731 	0.111255629974182
732 	0.116470690566676
733 	0.121685751159171
734 	0.126900811751665
735 	0.12494565749238
736 	0.121813552948926
737 	0.118681448405472
738 	0.115549343862018
739 	0.112417239318565
740 	0.109285134775111
741 	0.111023364661399
742 	0.113034168702679
743 	0.115044972743958
744 	0.117055776785237
745 	0.119066580826517
746 	0.121041792189152
747 	0.122205151500814
748 	0.123368510812475
749 	0.124531870124137
750 	0.125695229435798
751 	0.12685858874746
752 	0.12793595968038
753 	0.128498001658189
754 	0.129060043635998
755 	0.129622085613807
756 	0.130184127591616
757 	0.130746169569424
758 	0.129615638999661
759 	0.123434364054873
760 	0.117253089110084
761 	0.111071814165296
762 	0.104890539220507
763 	0.0987092642757186
764 	0.0930186778250604
765 	0.0881780818259833
766 	0.0833374858269062
767 	0.078496889827829
768 	0.0736562938287519
769 	0.0688156978296747
770 	0.0636050778927066
771 	0.0580046791464201
772 	0.0524042804001336
773 	0.0468038816538471
774 	0.0412034829075606
775 	0.0356030841612741
776 	0.0362591591924396
777 	0.0408318885395708
778 	0.045404617886702
779 	0.0499773472338332
780 	0.0545500765809644
781 	0.0591228059280956
782 	0.0622666221573482
783 	0.0649315903324118
784 	0.0675965585074755
785 	0.0702615266825391
786 	0.0729264948576027
787 	0.0755914630326664
788 	0.0757945644479962
789 	0.0756933901963925
790 	0.0755922159447889
791 	0.0754910416931852
792 	0.0753898674415816
793 	0.0754403348235784
794 	0.0794375831017137
795 	0.083434831379849
796 	0.0874320796579842
797 	0.0914293279361195
798 	0.0954265762142547
799 	0.0999293826916466
800 	0.10657353253657
801 	0.113217682381494
802 	0.119861832226417
803 	0.126505982071341
804 	0.133150131916264
805 	0.135958883902778
806 	0.131707017104492
807 	0.127455150306205
808 	0.123203283507919
809 	0.118951416709632
810 	0.114699549911346
811 	0.107423682488898
812 	0.0973452248926131
813 	0.087266767296328
814 	0.0771883097000428
815 	0.0671098521037577
816 	0.0570313945074726
817 	0.049801683255599
818 	0.043833970745045
819 	0.0378662582344909
820 	0.0318985457239368
821 	0.0259308332133828
822 	0.0199631207028287
823 	0.020312209377164
824 	0.0215719581765518
825 	0.0228317069759396
826 	0.0240914557753274
827 	0.0253512045747152
828 	0.0269268559336878
829 	0.0332818073070228
830 	0.0396367586803578
831 	0.0459917100536928
832 	0.0523466614270278
833 	0.0587016128003627
834 	0.0657286676775792
835 	0.0747090233629515
836 	0.0836893790483238
837 	0.0926697347336961
838 	0.101650090419068
839 	0.110630446104441
840 	0.11291244202823
841 	0.107203412271535
842 	0.101494382514841
843 	0.0957853527581458
844 	0.090076323001451
845 	0.0843672932447562
846 	0.0818113460884761
847 	0.0808509347058998
848 	0.0798905233233235
849 	0.0789301119407472
850 	0.0779697005581709
851 	0.0770092891755946
852 	0.0801999150269176
853 	0.0839673364847731
854 	0.0877347579426286
855 	0.0915021794004841
856 	0.0952696008583395
857 	0.0983923148455045
858 	0.0956475396297215
859 	0.0929027644139385
860 	0.0901579891981554
861 	0.0874132139823724
862 	0.0846684387665894
863 	0.0824083676911886
864 	0.081145868134067
865 	0.0798833685769453
866 	0.0786208690198236
867 	0.0773583694627019
868 	0.0760958699055802
869 	0.0743413370433965
870 	0.0722017727713692
871 	0.0700622084993419
872 	0.0679226442273146
873 	0.0657830799552873
874 	0.06364351568326
875 	0.0619886486198954
876 	0.0604534449571732
877 	0.058918241294451
878 	0.0573830376317288
879 	0.0558478339690065
880 	0.0543775004564928
881 	0.0541396997979413
882 	0.0539018991393899
883 	0.0536640984808384
884 	0.0534262978222869
885 	0.0531884971637355
886 	0.053552744610092
887 	0.0552888721643541
888 	0.0570249997186163
889 	0.0587611272728784
890 	0.0604972548271405
891 	0.0622333823814026
892 	0.0628154623396646
893 	0.0625126365441032
894 	0.0622098107485419
895 	0.0619069849529805
896 	0.0616041591574191
897 	0.0613013333618578
898 	0.0599920473991069
899 	0.0584838800859534
900 	0.0569757127727999
901 	0.0554675454596464
902 	0.0539593781464929
903 	0.0527873940638492
904 	0.0543354379371478
905 	0.0558834818104464
906 	0.057431525683745
907 	0.0589795695570436
908 	0.0605276134303422
909 	0.063610337549468
910 	0.0690733820498764
911 	0.0745364265502847
912 	0.079999471050693
913 	0.0854625155511013
914 	0.0909255600515096
915 	0.0926122461070199
916 	0.092529977178797
917 	0.0924477082505741
918 	0.0923654393223513
919 	0.0922831703941284
920 	0.0922009014659055
921 	0.0871747629667025
922 	0.0820270539042787
923 	0.0768793448418549
924 	0.0717316357794311
925 	0.0665839267170073
926 	0.0629083474164096
927 	0.0630370891132193
928 	0.063165830810029
929 	0.0632945725068388
930 	0.0634233142036485
931 	0.0635520559004582
932 	0.060901922875831
933 	0.0563046871552306
934 	0.0517074514346302
935 	0.0471102157140298
936 	0.0425129799934294
937 	0.037915744272829
938 	0.0396317471052943
939 	0.0420104655869766
940 	0.0443891840686589
941 	0.0467679025503413
942 	0.0491466210320236
943 	0.0522398684152835
944 	0.0577524855880961
945 	0.0632651027609087
946 	0.0687777199337213
947 	0.0742903371065339
948 	0.0798029542793465
949 	0.0887654708366397
950 	0.100460703393826
951 	0.112155935951013
952 	0.123851168508199
953 	0.135546401065386
954 	0.147241633622572
955 	0.151169193947724
956 	0.154185463117161
957 	0.157201732286598
958 	0.160218001456036
959 	0.163234270625473
960 	0.162530167277338
961 	0.14998002423936
962 	0.137429881201382
963 	0.124879738163405
964 	0.112329595125427
965 	0.0997794520874498
966 	0.0919497486000888
967 	0.0874003505631558
968 	0.0828509525262228
969 	0.0783015544892898
970 	0.0737521564523568
971 	0.0692027584154239
972 	0.0684815289166562
973 	0.067974547498694
974 	0.0674675660807317
975 	0.0669605846627695
976 	0.0664536032448073
977 	0.0660896513647825
978 	0.06604109795303
979 	0.0659925445412775
980 	0.0659439911295249
981 	0.0658954377177724
982 	0.0658468843060199
983 	0.0660859511089787
984 	0.0664578950871552
985 	0.0668298390653317
986 	0.0672017830435081
987 	0.0675737270216846
988 	0.0677909547765314
989 	0.0657070856859826
990 	0.0636232165954338
991 	0.061539347504885
992 	0.0594554784143362
993 	0.0573716093237874
994 	0.0555362236384589
995 	0.0540070050059913
996 	0.0524777863735237
997 	0.0509485677410561
998 	0.0494193491085884
999 	0.0478901304761208
1000 	0.0476478628165765
1001 	0.0476489069343149
1002 	0.0476499510520533
1003 	0.0476509951697918
1004 	0.0476520392875302
1005 	0.0479593446352686
1006 	0.0492311822384843
1007 	0.0505030198416999
1008 	0.0517748574449156
1009 	0.0530466950481313
1010 	0.054318532651347
1011 	0.0556684215025423
1012 	0.0570607085625166
1013 	0.0584529956224909
1014 	0.0598452826824653
1015 	0.0612375697424396
1016 	0.0625900002305969
1017 	0.0633289008673401
1018 	0.0640678015040833
1019 	0.0648067021408266
1020 	0.0655456027775698
1021 	0.066284503414313
1022 	0.0680340176818017
1023 	0.0708696270960252
1024 	0.0737052365102487
1025 	0.0765408459244721
1026 	0.0793764553386956
1027 	0.0822120647529191
1028 	0.0830497647262969
1029 	0.0836898692604703
1030 	0.0843299737946438
1031 	0.0849700783288172
1032 	0.0856101828629906
1033 	0.0852325588678059
1034 	0.0829227256357239
1035 	0.0806128924036419
1036 	0.0783030591715599
1037 	0.0759932259394779
1038 	0.0736833927073959
1039 	0.0730714903242006
1040 	0.0729191295811742
1041 	0.0727667688381477
1042 	0.0726144080951212
1043 	0.0724620473520948
1044 	0.0714779872984831
1045 	0.0678014769343345
1046 	0.064124966570186
1047 	0.0604484562060374
1048 	0.0567719458418888
1049 	0.0530954354777402
1050 	0.0492871943952658
1051 	0.0454205964144853
1052 	0.0415539984337049
1053 	0.0376874004529245
1054 	0.0338208024721441
1055 	0.0309430420973881
1056 	0.0334151467193307
1057 	0.0358872513412733
1058 	0.0383593559632159
1059 	0.0408314605851585
1060 	0.0433035652071011
1061 	0.0459476782675217
1062 	0.0486941185170209
1063 	0.05144055876652
1064 	0.0541869990160192
1065 	0.0569334392655184
1066 	0.0594532206551237
1067 	0.0600202487902593
1068 	0.0605872769253949
1069 	0.0611543050605305
1070 	0.0617213331956662
1071 	0.0622883613308018
1072 	0.0641741083294374
1073 	0.0669800479475953
1074 	0.0697859875657532
1075 	0.072591927183911
1076 	0.0753978668020689
1077 	0.0778557531440505
1078 	0.0763647387353353
1079 	0.0748737243266201
1080 	0.0733827099179049
1081 	0.0718916955091897
1082 	0.0704006811004745
1083 	0.0695834020603687
1084 	0.0692540003561526
1085 	0.0689245986519365
1086 	0.0685951969477204
1087 	0.0682657952435043
1088 	0.0685041327820455
1089 	0.0747763501796564
1090 	0.0810485675772673
1091 	0.0873207849748782
1092 	0.0935930023724891
1093 	0.0998652197701
1094 	0.100655273451437
1095 	0.0977905513219239
1096 	0.0949258291924107
1097 	0.0920611070628975
1098 	0.0891963849333842
1099 	0.0858344127304805
1100 	0.0788259399893758
1101 	0.0718174672482712
1102 	0.0648089945071666
1103 	0.057800521766062
1104 	0.0507920490249574
1105 	0.0492681092526637
1106 	0.050723421957256
1107 	0.0521787346618483
1108 	0.0536340473664407
1109 	0.055089360071033
1110 	0.0574205458656397
1111 	0.0636620503189447
1112 	0.0699035547722497
1113 	0.0761450592255547
1114 	0.0823865636788598
1115 	0.0886280681321648
1116 	0.0910856025407408
1117 	0.0921150270426294
1118 	0.0931444515445179
1119 	0.0941738760464065
1120 	0.095203300548295
1121 	0.0972065841404669
1122 	0.101777314425203
1123 	0.106348044709939
1124 	0.110918774994674
1125 	0.11548950527941
1126 	0.120060235564146
1127 	0.118918361836037
1128 	0.116622981528411
1129 	0.114327601220786
1130 	0.11203222091316
1131 	0.109736840605535
1132 	0.107789781516372
1133 	0.106374000245267
1134 	0.104958218974163
1135 	0.103542437703059
1136 	0.102126656431955
1137 	0.100710875160851
1138 	0.104506662473556
1139 	0.108474733045229
1140 	0.112442803616902
1141 	0.116410874188576
1142 	0.120378944760249
1143 	0.121797877462495
1144 	0.121105732550755
1145 	0.120413587639015
1146 	0.119721442727274
1147 	0.119029297815534
1148 	0.117436737918536
1149 	0.109923267360908
1150 	0.102409796803281
1151 	0.0948963262456527
1152 	0.0873828556880248
1153 	0.0798693851303969
1154 	0.0752151888589663
1155 	0.071640112634943
1156 	0.0680650364109195
1157 	0.0644899601868962
1158 	0.0609148839628727
1159 	0.0576276461747598
1160 	0.0549355099381915
1161 	0.0522433737016233
1162 	0.049551237465055
1163 	0.0468591012284868
1164 	0.0441669649919185
1165 	0.0425935246290643
1166 	0.0410991355806267
1167 	0.0396047465321891
1168 	0.0381103574837515
1169 	0.0366159684353139
1170 	0.0360697233227089
1171 	0.0362992323394215
1172 	0.0365287413561341
1173 	0.0367582503728467
1174 	0.0369877593895593
1175 	0.0375629525229698
1176 	0.0398022529158327
1177 	0.0420415533086956
1178 	0.0442808537015585
1179 	0.0465201540944214
1180 	0.0487594544872843
1181 	0.051530201294033
1182 	0.0544321530757811
1183 	0.0573341048575291
1184 	0.0602360566392771
1185 	0.0631380084210251
1186 	0.0643697824268155
1187 	0.063475875626842
1188 	0.0625819688268685
1189 	0.061688062026895
1190 	0.0607941552269215
1191 	0.0601783465739824
1192 	0.0625951320006072
1193 	0.065011917427232
1194 	0.0674287028538568
1195 	0.0698454882804816
1196 	0.0722622737071064
1197 	0.0789133230511634
1198 	0.0870753783793238
1199 	0.0952374337074842
1200 	0.103399489035645
1201 	0.111561544363805
1202 	0.119744379473999
1203 	0.127958908999214
1204 	0.136173438524429
1205 	0.144387968049644
1206 	0.152602497574859
1207 	0.160462599277285
1208 	0.163051290345547
1209 	0.165639981413808
1210 	0.168228672482069
1211 	0.17081736355033
1212 	0.173406054618592
1213 	0.168725607162535
1214 	0.161464517032534
1215 	0.154203426902533
1216 	0.146942336772532
1217 	0.139681246642531
1218 	0.133388070004179
1219 	0.128437035940168
1220 	0.123486001876157
1221 	0.118534967812146
1222 	0.113583933748134
1223 	0.109152214753618
1224 	0.108965539125345
1225 	0.108778863497073
1226 	0.1085921878688
1227 	0.108405512240527
1228 	0.108218836612254
1229 	0.102503414515469
1230 	0.0954572519535575
1231 	0.0884110893916465
1232 	0.0813649268297354
1233 	0.0743187642678244
1234 	0.0678186103713153
1235 	0.0618430530356826
1236 	0.05586749570005
1237 	0.0498919383644173
1238 	0.0439163810287847
1239 	0.0404812120291384
1240 	0.0459488453961481
1241 	0.0514164787631578
1242 	0.0568841121301675
1243 	0.0623517454971772
1244 	0.0678193788641869
1245 	0.071796140832518
1246 	0.0756794262731955
1247 	0.079562711713873
1248 	0.0834459971545506
1249 	0.0873292825952281
1250 	0.0866199812499946
1251 	0.0836178292305349
1252 	0.0806156772110751
1253 	0.0776135251916154
1254 	0.0746113731721556
1255 	0.070122843393412
1256 	0.0634232342613065
1257 	0.0567236251292009
1258 	0.0500240159970953
1259 	0.0433244068649897
1260 	0.0376994620828044
1261 	0.0384627998251448
1262 	0.0392261375674852
1263 	0.0399894753098257
1264 	0.0407528130521661
1265 	0.0415161507945065
1266 	0.0449171216244282
1267 	0.0486341358366243
1268 	0.0523511500488204
1269 	0.0560681642610165
1270 	0.0597851784732126
1271 	0.0606386079951874
1272 	0.0599501072993513
1273 	0.0592616066035153
1274 	0.0585731059076792
1275 	0.0578846052118432
1276 	0.0579981321322662
1277 	0.059246896210003
1278 	0.0604956602877398
1279 	0.0617444243654765
1280 	0.0629931884432133
1281 	0.0652343015445072
1282 	0.0718182754263168
1283 	0.0784022493081264
1284 	0.084986223189936
1285 	0.0915701970717456
1286 	0.0981541709535552
1287 	0.0966567623420494
1288 	0.0948749158374033
1289 	0.0930930693327572
1290 	0.0913112228281111
1291 	0.0895293763234649
1292 	0.0856976117739239
1293 	0.0811934305483015
1294 	0.0766892493226791
1295 	0.0721850680970568
1296 	0.0676808868714344
1297 	0.0658969150942256
1298 	0.0663566197233725
1299 	0.0668163243525194
1300 	0.0672760289816663
1301 	0.0677357336108133
1302 	0.0690224941652649
1303 	0.0718452157238546
1304 	0.0746679372824443
1305 	0.0774906588410339
1306 	0.0803133803996236
1307 	0.0830302845709419
1308 	0.0851916474590857
1309 	0.0873530103472294
1310 	0.0895143732353732
1311 	0.091675736123517
1312 	0.0938370990116608
1313 	0.0862150617880226
1314 	0.0783729480792531
1315 	0.0705308343704835
1316 	0.062688720661714
1317 	0.0548466069529444
1318 	0.0513035434556193
1319 	0.0488151660002044
1320 	0.0463267885447895
1321 	0.0438384110893746
1322 	0.0413500336339597
1323 	0.0490474967187402
1324 	0.0625745918108031
1325 	0.0761016869028661
1326 	0.089628781994929
1327 	0.103155877086992
1328 	0.113780871541164
1329 	0.121223898209977
1330 	0.128666924878789
1331 	0.136109951547602
1332 	0.143552978216415
1333 	0.147792546644067
1334 	0.145409014290914
1335 	0.143025481937761
1336 	0.140641949584609
1337 	0.138258417231456
1338 	0.134065537325616
1339 	0.121740534902749
1340 	0.109415532479883
1341 	0.097090530057016
1342 	0.0847655276341494
1343 	0.0727445711574461
1344 	0.0671761453159751
1345 	0.0616077194745041
1346 	0.0560392936330331
1347 	0.0504708677915621
1348 	0.0449024419500911
1349 	0.0430861662032368
1350 	0.0416095070952631
1351 	0.0401328479872895
1352 	0.0386561888793158
1353 	0.0371795297713421
1354 	0.0453661584839078
1355 	0.0560293081957065
1356 	0.0666924579075052
1357 	0.0773556076193039
1358 	0.0880187573311026
1359 	0.103863303625985
1360 	0.122112685523851
1361 	0.140362067421717
1362 	0.158611449319583
1363 	0.176860831217449
1364 	0.187154791015991
1365 	0.191640466859662
1366 	0.196126142703333
1367 	0.200611818547005
1368 	0.205097494390676
1369 	0.2075534346707
1370 	0.207810494756772
1371 	0.208067554842845
1372 	0.208324614928917
1373 	0.20858167501499
1374 	0.212944293983438
1375 	0.223728428126883
1376 	0.234512562270328
1377 	0.245296696413773
1378 	0.256080830557217
1379 	0.261771284749609
1380 	0.256017496974049
1381 	0.250263709198489
1382 	0.244509921422929
1383 	0.238756133647369
1384 	0.227604229531545
1385 	0.198781568506985
1386 	0.169958907482425
1387 	0.141136246457865
1388 	0.112313585433306
1389 	0.0855705918881006
1390 	0.0691269039549471
1391 	0.0526832160217936
1392 	0.03623952808864
1393 	0.0197958401554864
1394 	0.00514875723853352
1395 	0.00518768413292026
1396 	0.00522661102730699
1397 	0.00526553792169372
1398 	0.00530446481608045
1399 	0.00583622252827139
1400 	0.0143722324882491
1401 	0.0229082424482267
1402 	0.0314442524082044
1403 	0.0399802623681821
1404 	0.0486441707758837
1405 	0.0651738337185703
1406 	0.0817034966612568
1407 	0.0982331596039434
1408 	0.11476282254663
1409 	0.131292485489316
1410 	0.157006499939888
1411 	0.182907950135518
1412 	0.208809400331148
1413 	0.234710850526778
1414 	0.260612300722408
1415 	0.275342307829493
1416 	0.289521362339345
1417 	0.303700416849198
1418 	0.31787947135905
1419 	0.332058525868903
1420 	0.341656211186228
1421 	0.350930159494232
1422 	0.360204107802235
1423 	0.369478056110238
1424 	0.378752004418241
1425 	0.408368943564148
1426 	0.439706873258163
1427 	0.471044802952178
1428 	0.502382732646192
1429 	0.533720662340207
1430 	0.571116565007957
1431 	0.609046413062944
1432 	0.646976261117932
1433 	0.684906109172919
1434 	0.722835957227907
1435 	0.743744431244004
1436 	0.763232920643638
1437 	0.782721410043273
1438 	0.802209899442908
1439 	0.821698388842543
1440 	0.837356841937167
1441 	0.85274903582342
1442 	0.868141229709674
1443 	0.883533423595927
1444 	0.898925617482181
1445 	0.911261978367731
1446 	0.923454347122357
1447 	0.935646715876983
1448 	0.947839084631609
1449 	0.960031453386236
1450 	0.96801956570755
1451 	0.97593931613564
1452 	0.98385906656373
1453 	0.99177881699182
1454 	0.999495415069037
1455 	0.997257547953459
1456 	0.99501968083788
1457 	0.992781813722302
1458 	0.990543946606724
1459 	0.985139493651649
1460 	0.933423722793987
1461 	0.881707951936325
1462 	0.829992181078663
1463 	0.778276410221002
1464 	0.726275786688465
1465 	0.672083036049281
1466 	0.617890285410097
1467 	0.563697534770914
1468 	0.50950478413173
1469 	0.458267741847227
1470 	0.420964753234792
1471 	0.383661764622358
1472 	0.346358776009924
1473 	0.30905578739749
1474 	0.274933830531736
1475 	0.250721507543503
1476 	0.22650918455527
1477 	0.202296861567038
1478 	0.178084538578805
1479 	0.15743933511257
1480 	0.144409204983266
1481 	0.131379074853963
1482 	0.118348944724659
1483 	0.105318814595355
1484 	0.0951603273156723
1485 	0.0892558618256262
1486 	0.0833513963355801
1487 	0.077446930845534
1488 	0.0715424653554878
1489 	0.0670099377199114
1490 	0.063877063855057
1491 	0.0607441899902027
1492 	0.0576113161253484
1493 	0.054478442260494
1494 	0.0519748766931245
1495 	0.0498996638324463
1496 	0.0478244509717681
1497 	0.0457492381110898
1498 	0.0436740252504116
1499 	0.0424564151712704
1500 	0.0416011209187529
1501 	0.0407458266662355
1502 	0.0398905324137181
1503 	0.0390352381612006
1504 	0.0397738143742571
1505 	0.0408646379063232
1506 	0.0419554614383894
1507 	0.0430462849704555
1508 	0.0441371085025217
1509 	0.0442280522852204
1510 	0.0442585579494525
1511 	0.0442890636136846
1512 	0.0443195692779167
1513 	0.0443936373718219
1514 	0.0449973329001734
1515 	0.0456010284285248
1516 	0.0462047239568763
1517 	0.0468084194852277
1518 	0.047387499851747
1519 	0.0478772362975421
1520 	0.0483669727433373
1521 	0.0488567091891324
1522 	0.0493464456349275
1523 	0.0498982034900778
1524 	0.0505578616053389
1525 	0.0512175197206
1526 	0.0518771778358611
1527 	0.0525368359511222
1528 	0.0538121012007506
1529 	0.0556533469059681
1530 	0.0574945926111855
1531 	0.059335838316403
1532 	0.0611770840216205
1533 	0.0620066897027881
1534 	0.0623732414953962
1535 	0.0627397932880043
1536 	0.0631063450806124
1537 	0.0634728968732205
1538 	0.0624258382635065
1539 	0.0611448254846434
1540 	0.0598638127057803
1541 	0.0585827999269173
1542 	0.0573125673475242
1543 	0.0563079699396868
1544 	0.0553033725318495
1545 	0.0542987751240121
1546 	0.0532941777161748
1547 	0.0524649526029966
1548 	0.0522295319261205
1549 	0.0519941112492444
1550 	0.0517586905723683
1551 	0.0515232698954922
1552 	0.0508568341951325
1553 	0.0496096411626611
1554 	0.0483624481301897
1555 	0.0471152550977183
1556 	0.0458680620652469
1557 	0.0448864742213464
1558 	0.044060208587561
1559 	0.0432339429537756
1560 	0.0424076773199902
1561 	0.0415814116862048
1562 	0.0415069400296636
1563 	0.0415703714103685
1564 	0.0416338027910733
1565 	0.0416972341717782
1566 	0.0419067974281507
1567 	0.0441513015800152
1568 	0.0463958057318796
1569 	0.048640309883744
1570 	0.0508848140356084
1571 	0.052679287616825
1572 	0.0534085373220637
1573 	0.0541377870273025
1574 	0.0548670367325413
1575 	0.05559628643778
1576 	0.0570913892656856
1577 	0.0592521401347874
1578 	0.0614128910038891
1579 	0.0635736418729909
1580 	0.0657343927420927
1581 	0.0690873778636824
1582 	0.0727746770714373
1583 	0.0764619762791922
1584 	0.0801492754869471
1585 	0.0838480719754889
1586 	0.087854740093991
1587 	0.091861408212493
1588 	0.0958680763309951
1589 	0.0998747444494972
1590 	0.103489214393374
1591 	0.106184182931191
1592 	0.108879151469008
1593 	0.111574120006824
1594 	0.114269088544641
1595 	0.116501373419267
1596 	0.118384616232187
1597 	0.120267859045107
1598 	0.122151101858027
1599 	0.124034344670947
1600 	0.123654943906657
1601 	0.122876253099331
1602 	0.122097562292005
1603 	0.121318871484678
1604 	0.12099454988061
1605 	0.123532422600714
1606 	0.126070295320818
1607 	0.128608168040922
1608 	0.131146040761026
1609 	0.136112406641537
1610 	0.144258808600457
1611 	0.152405210559376
1612 	0.160551612518296
1613 	0.168698014477216
1614 	0.175423173131032
1615 	0.181643771153498
1616 	0.187864369175963
1617 	0.194084967198429
1618 	0.200004582638027
1619 	0.200323561388584
1620 	0.20064254013914
1621 	0.200961518889697
1622 	0.201280497640253
1623 	0.20498336952772
1624 	0.214423354038139
1625 	0.223863338548558
1626 	0.233303323058976
1627 	0.242743307569395
1628 	0.263813328985446
1629 	0.289843951021731
1630 	0.315874573058015
1631 	0.341905195094299
1632 	0.368769254443083
1633 	0.41617006397937
1634 	0.463570873515657
1635 	0.510971683051944
1636 	0.55837249258823
1637 	0.604856885574798
1638 	0.649877392384542
1639 	0.694897899194287
1640 	0.739918406004031
1641 	0.784938912813775
1642 	0.795826022577702
1643 	0.794657900096762
1644 	0.793489777615821
1645 	0.792321655134881
1646 	0.786582100255042
1647 	0.74059601307906
1648 	0.694609925903078
1649 	0.648623838727096
1650 	0.602637751551114
1651 	0.560464448715265
1652 	0.522539216381004
1653 	0.484613984046742
1654 	0.446688751712481
1655 	0.408763519378219
1656 	0.395849527819453
1657 	0.387245796980495
1658 	0.378642066141537
1659 	0.370038335302579
1660 	0.368520873443585
1661 	0.389320748330622
1662 	0.410120623217659
1663 	0.430920498104696
1664 	0.451720372991733
1665 	0.480518681061348
1666 	0.513874965968131
1667 	0.547231250874914
1668 	0.580587535781697
1669 	0.613226592286149
1670 	0.629506010470719
1671 	0.645785428655289
1672 	0.662064846839859
1673 	0.678344265024429
1674 	0.676611167474663
1675 	0.653389454662876
1676 	0.630167741851089
1677 	0.606946029039302
1678 	0.583724316227514
1679 	0.537628000563608
1680 	0.488323502287601
1681 	0.439019004011595
1682 	0.389714505735588
1683 	0.343548191381654
1684 	0.304432601943548
1685 	0.265317012505441
1686 	0.226201423067334
1687 	0.187085833629228
1688 	0.158768720114374
1689 	0.134128299474193
1690 	0.109487878834011
1691 	0.084847458193829
1692 	0.0632700097880844
1693 	0.0544181058202622
1694 	0.04556620185244
1695 	0.0367142978846179
1696 	0.0278623939167957
1697 	0.0259280323926449
1698 	0.0277185014150849
1699 	0.0295089704375248
1700 	0.0312994394599648
1701 	0.0340959555263909
1702 	0.0447113986188822
1703 	0.0553268417113734
1704 	0.0659422848038646
1705 	0.0765577278963559
1706 	0.088895392275438
1707 	0.102444772823791
1708 	0.115994153372144
1709 	0.129543533920497
1710 	0.142381122512123
1711 	0.145462974285073
1712 	0.148544826058024
1713 	0.151626677830974
1714 	0.154708529603924
1715 	0.149613981334806
1716 	0.138042786437383
1717 	0.126471591539959
1718 	0.114900396642536
1719 	0.103356242606395
1720 	0.0922679202318652
1721 	0.0811795978573358
1722 	0.0700912754828063
1723 	0.0590029531082769
1724 	0.0523079640510521
1725 	0.0490230756326574
1726 	0.0457381872142626
1727 	0.0424532987958679
1728 	0.0394130079049394
1729 	0.0392242907202955
1730 	0.0390355735356517
1731 	0.0388468563510079
1732 	0.038658139166364
1733 	0.0384931170656812
1734 	0.0383436952109892
1735 	0.0381942733562972
1736 	0.0380448515016052
1737 	0.0380114132963704
1738 	0.0387148123935695
1739 	0.0394182114907686
1740 	0.0401216105879677
1741 	0.0408250096851668
1742 	0.0417082626748755
1743 	0.0426773248333889
1744 	0.0436463869919022
1745 	0.0446154491504155
1746 	0.0456709082862712
1747 	0.0470205738692005
1748 	0.0483702394521298
1749 	0.0497199050350591
1750 	0.0510695706179884
1751 	0.0527874087777995
1752 	0.0546054873084156
1753 	0.0564235658390316
1754 	0.0582416443696476
1755 	0.0598185784862369
1756 	0.0609535283652192
1757 	0.0620884782442015
1758 	0.0632234281231837
1759 	0.064358378002166
1760 	0.0652349386462312
1761 	0.066091751566207
1762 	0.0669485644861828
1763 	0.0678053774061587
1764 	0.0685939991817033
1765 	0.0693181445055096
1766 	0.0700422898293159
1767 	0.0707664351531221
1768 	0.0714476331902151
1769 	0.0717704020026823
1770 	0.0720931708151495
1771 	0.0724159396276167
1772 	0.0727387084400839
1773 	0.0726008799543243
1774 	0.072274005186782
1775 	0.0719471304192397
1776 	0.0716202556516974
1777 	0.0714019354084992
1778 	0.071414293529532
1779 	0.0714266516505649
1780 	0.0714390097715977
1781 	0.0714513678926306
1782 	0.0712011606379175
1783 	0.0709338964205628
1784 	0.0706666322032081
1785 	0.0703993679858534
1786 	0.0696502432365572
1787 	0.0685346330122632
1788 	0.0674190227879693
1789 	0.0663034125636753
1790 	0.065222783410453
1791 	0.0642786490247457
1792 	0.0633345146390385
1793 	0.0623903802533312
1794 	0.0614462458676239
1795 	0.0606495707906254
1796 	0.0598789179445756
1797 	0.0591082650985257
1798 	0.0583376122524759
1799 	0.0579443294904758
1800 	0.0579209441375936
1801 	0.0578975587847114
1802 	0.0578741734318292
1803 	0.0579755949200467
1804 	0.0586951074308537
1805 	0.0594146199416607
1806 	0.0601341324524677
1807 	0.0608536449632747
1808 	0.0613321005703455
1809 	0.0617646405767046
1810 	0.0621971805830638
1811 	0.0626297205894229
1812 	0.0628050291983958
1813 	0.0627428934405507
1814 	0.0626807576827056
1815 	0.0626186219248604
1816 	0.0625223797161512
1817 	0.0622978322875245
1818 	0.0620732848588979
1819 	0.0618487374302712
1820 	0.0616241900016445
1821 	0.0619189317904439
1822 	0.0622662887862953
1823 	0.0626136457821467
1824 	0.0629610027779981
1825 	0.0632309275592318
1826 	0.0634523785150544
1827 	0.063673829470877
1828 	0.0638952804266996
1829 	0.0641391958362847
1830 	0.0644285152324775
1831 	0.0647178346286703
1832 	0.0650071540248631
1833 	0.0652729622293076
1834 	0.0651424389157093
1835 	0.0650119156021109
1836 	0.0648813922885127
1837 	0.0647508689749143
1838 	0.064523105008614
1839 	0.0642694922612157
1840 	0.0640158795138173
1841 	0.063762266766419
1842 	0.0636176923067078
1843 	0.0635690387466916
1844 	0.0635203851866753
1845 	0.063471731626659
1846 	0.063229188766249
1847 	0.0624978264020296
1848 	0.0617664640378103
1849 	0.061035101673591
1850 	0.0603455672473404
1851 	0.0605648398369551
1852 	0.0607841124265697
1853 	0.0610033850161844
1854 	0.0612226576057991
1855 	0.0610894822419454
1856 	0.0608752395136408
1857 	0.0606609967853363
1858 	0.0604467540570318
1859 	0.0610597322166808
1860 	0.062245186422308
1861 	0.0634306406279352
1862 	0.0646160948335625
1863 	0.0654009626087002
1864 	0.0655266643527148
1865 	0.0656523660967294
1866 	0.0657780678407441
1867 	0.0659134117473019
1868 	0.0660945282185766
1869 	0.0662756446898513
1870 	0.066456761161126
1871 	0.0666378776324007
1872 	0.0666689091785544
1873 	0.0666967213340773
1874 	0.0667245334896001
1875 	0.066752345645123
1876 	0.0668782008668586
1877 	0.0670296486670381
1878 	0.0671810964672176
1879 	0.0673325442673971
1880 	0.0666909535615674
1881 	0.0655550011896538
1882 	0.0644190488177403
1883 	0.0632830964458268
1884 	0.0626263710728338
1885 	0.0625601218235105
1886 	0.0624938725741871
1887 	0.0624276233248638
1888 	0.0622897616094462
1889 	0.0619748579639622
1890 	0.0616599543184782
1891 	0.0613450506729942
1892 	0.0610424829411083
1893 	0.0608169699738714
1894 	0.0605914570066345
1895 	0.0603659440393976
1896 	0.0601404310721607
1897 	0.0600335818505303
1898 	0.0599270896913241
1899 	0.0598205975321179
1900 	0.0597141053729116
1901 	0.0593923104775374
1902 	0.0590369134210272
1903 	0.0586815163645169
1904 	0.0583261193080067
1905 	0.0584332824608027
1906 	0.0587012819127914
1907 	0.0589692813647802
1908 	0.0592372808167689
1909 	0.060030330506323
1910 	0.0611343972155815
1911 	0.06223846392484
1912 	0.0633425306340985
1913 	0.0639111272691615
1914 	0.0639893892385819
1915 	0.0640676512080023
1916 	0.0641459131774226
1917 	0.0642108809331029
1918 	0.064257935828016
1919 	0.0643049907229291
1920 	0.0643520456178422
1921 	0.0642589188036806
1922 	0.0638924583325915
1923 	0.0635259978615023
1924 	0.0631595373904132
1925 	0.0628314143502461
1926 	0.0626112799513783
1927 	0.0623911455525105
1928 	0.0621710111536427
1929 	0.0620056851578299
1930 	0.0620695321219413
1931 	0.0621333790860527
1932 	0.0621972260501641
1933 	0.0623622751083677
1934 	0.0631870400731714
1935 	0.0640118050379752
1936 	0.064836570002779
1937 	0.0655531590208976
1938 	0.0650745993268456
1939 	0.0645960396327935
1940 	0.0641174799387415
1941 	0.0636432649318981
1942 	0.0632706732185474
1943 	0.0628980815051966
1944 	0.0625254897918459
1945 	0.0621553861103734
1946 	0.062059242383499
1947 	0.0619630986566246
1948 	0.0618669549297502
1949 	0.0617708112028758
1950 	0.0620728802671017
1951 	0.062380603468321
1952 	0.0626883266695402
1953 	0.0629960498707594
1954 	0.0630572248770876
1955 	0.0631112976720404
1956 	0.0631653704669931
1957 	0.0632194432619459
1958 	0.0634415022968496
1959 	0.0636692940576254
1960 	0.0638970858184012
1961 	0.0641248775791771
1962 	0.0642289098485483
1963 	0.0643292459024193
1964 	0.0644295819562902
1965 	0.0645299180101612
1966 	0.0642081848635859
1967 	0.0638800242672576
1968 	0.0635518636709293
1969 	0.0632280422194413
1970 	0.0634422747281449
1971 	0.0636565072368485
1972 	0.0638707397455522
1973 	0.0640674612273407
1974 	0.063843918063168
1975 	0.0636203748989952
1976 	0.0633968317348225
1977 	0.0631752407311185
1978 	0.0629757983134741
1979 	0.0627763558958297
1980 	0.0625769134781853
1981 	0.0623904318719162
1982 	0.0622899269456868
1983 	0.0621894220194573
1984 	0.0620889170932279
1985 	0.0620016689366872
1986 	0.0619705711816031
1987 	0.061939473426519
1988 	0.0619083756714348
1989 	0.0618373958434626
1990 	0.0616529055003473
1991 	0.0614684151572319
1992 	0.0612839248141166
1993 	0.0613238479847489
1994 	0.0618013444078509
1995 	0.062278840830953
1996 	0.0627563372540551
1997 	0.0631071665006416
1998 	0.063287322133801
1999 	0.0634674777669604
2000 	0.0636476334001198
2001 	0.0637472408589397
2002 	0.0637733846864787
2003 	0.0637995285140176
2004 	0.0638256723415565
2005 	0.0636491318826611
2006 	0.063353043140352
2007 	0.0630569543980429
2008 	0.0627608656557338
2009 	0.0628514311414184
2010 	0.0630750389421117
2011 	0.063298646742805
2012 	0.0635222545434983
2013 	0.06348733880975
2014 	0.0634134511738016
2015 	0.0633395635378531
2016 	0.063265186578798
2017 	0.0630281912406006
2018 	0.0627911959024031
2019 	0.0625542005642057
2020 	0.0623468155463997
2021 	0.0623112509591651
2022 	0.0622756863719305
2023 	0.0622401217846959
2024 	0.0622910561120467
2025 	0.062544785553526
2026 	0.0627985149950053
2027 	0.0630522444364846
2028 	0.0632764355342581
2029 	0.0634662291668502
2030 	0.0636560227994423
2031 	0.0638458164320344
2032 	0.064006440889078
2033 	0.064150153675622
2034 	0.0642938664621659
2035 	0.0644375792487098
2036 	0.064413243610457
2037 	0.0643505087006905
2038 	0.064287773790924
2039 	0.0642252734777904
2040 	0.064221187726258
2041 	0.0642171019747256
2042 	0.0642130162231932
2043 	0.0641812089120199
2044 	0.0640412331622477
2045 	0.0639012574124754
2046 	0.0637612816627032
2047 	0.0634761653203767
2048 	0.0629847595644198
2049 	0.062493353808463
2050 	0.0620019480525061
2051 	0.0617072998635863
2052 	0.0615272193719286
2053 	0.0613471388802709
2054 	0.0611670583886132
2055 	0.0610035296730009
2056 	0.0608426954325588
2057 	0.0606818611921167
2058 	0.0605730763884897
2059 	0.0609488342801615
2060 	0.0613245921718333
2061 	0.0617003500635051
2062 	0.0620201010193122
2063 	0.0622330480509125
2064 	0.0624459950825127
2065 	0.062658942114113
2066 	0.0625446137795128
2067 	0.0622130094530424
2068 	0.0618814051265721
2069 	0.0615498008001018
2070 	0.0613654559591229
2071 	0.0612037010968872
2072 	0.0610419462346515
2073 	0.0610466383590431
2074 	0.0620570453744655
2075 	0.063067452389888
2076 	0.0640778594053104
2077 	0.0646233842011628
2078 	0.0645450740747354
2079 	0.0644667639483081
2080 	0.0643884538218807
2081 	0.0642475874335223
2082 	0.0640826342850299
2083 	0.0639176811365375
2084 	0.0637564014180985
2085 	0.0637327340408944
2086 	0.0637090666636903
2087 	0.0636853992864862
2088 	0.0636817185349568
2089 	0.0637170087556132
2090 	0.0637522989762697
2091 	0.0637875891969261
2092 	0.0637855606112133
2093 	0.0637644780125809
2094 	0.0637433954139484
2095 	0.0637223128153159
2096 	0.0635927366408761
2097 	0.063462615272588
2098 	0.0633324939042998
2099 	0.063190491867711
2100 	0.0630251162908156
2101 	0.0628597407139202
2102 	0.0626943651370248
2103 	0.0625089004072549
2104 	0.0623143678595693
2105 	0.0621198353118836
2106 	0.061923772543135
2107 	0.0616992356608809
2108 	0.0614746987786267
2109 	0.0612501618963726
2110 	0.0612967264663412
2111 	0.0617146100869843
2112 	0.0621324937076275
2113 	0.0625503773282707
2114 	0.062914033227814
2115 	0.0632643012361132
2116 	0.0636145692444124
2117 	0.0639055159575541
2118 	0.0639484197422398
2119 	0.0639913235269254
2120 	0.0640342273116111
2121 	0.0639144825131042
2122 	0.0636831053817821
2123 	0.06345172825046
2124 	0.063219683504485
2125 	0.0626544990466867
2126 	0.0620893145888885
2127 	0.0615241301310902
2128 	0.0614155810066349
2129 	0.0619350410460889
2130 	0.0624545010855428
2131 	0.0629739611249968
2132 	0.0630373028908601
2133 	0.063020153196678
2134 	0.0630030035024958
2135 	0.0629193332801728
2136 	0.0626720087481332
2137 	0.0624246842160937
2138 	0.0621773596840541
2139 	0.0621801606386877
2140 	0.0622722193992848
2141 	0.0623642781598818
2142 	0.0624563706799981
2143 	0.0625486025663347
2144 	0.0626408344526712
2145 	0.0627330663390078
2146 	0.0626246552770534
2147 	0.0624142582821065
2148 	0.0622038612871595
2149 	0.0620777232774214
2150 	0.0624649077378561
2151 	0.0628520921982907
2152 	0.0632392766587254
2153 	0.0632835958123837
2154 	0.0631248164085249
2155 	0.0629660370046661
2156 	0.0628645416574422
2157 	0.0631640347066619
2158 	0.0634635277558816
2159 	0.0637630208051013
2160 	0.0637016112151827
2161 	0.0634300557847534
2162 	0.063158500354324
2163 	0.0628863777157854
2164 	0.0626109897981315
2165 	0.0623356018804776
2166 	0.0620602139628237
2167 	0.0619833696452698
2168 	0.0620025568019483
2169 	0.0620217439586269
2170 	0.0621096358728634
2171 	0.0624559885417226
2172 	0.0628023412105818
2173 	0.0631486938794411
2174 	0.063121725464911
2175 	0.062974267176906
2176 	0.062826808888901
2177 	0.0627495424230151
2178 	0.0628270579238536
2179 	0.0629045734246921
2180 	0.0629820889255305
2181 	0.0632853365289448
2182 	0.0636202432527889
2183 	0.0639551499766329
2184 	0.0642934941481453
2185 	0.0646359890566878
2186 	0.0649784839652303
2187 	0.0653243449400981
2188 	0.0657554205414127
2189 	0.0661864961427274
2190 	0.066617571744042
2191 	0.0669035487530808
2192 	0.0671054006699152
2193 	0.0673072525867496
2194 	0.0673332807076459
2195 	0.0667963771793613
2196 	0.0662594736510767
2197 	0.0657225701227921
2198 	0.0644446735893086
2199 	0.063039079550826
2200 	0.0616334855123434
2201 	0.0606887547404021
2202 	0.060247309795102
2203 	0.0598058648498018
2204 	0.0594069259076433
2205 	0.0593449988475365
2206 	0.0592830717874298
2207 	0.059221144727323
2208 	0.0592507810081679
2209 	0.0593098094843251
2210 	0.0593688379604822
2211 	0.0594343087140604
2212 	0.059509011831145
2213 	0.0595837149482295
2214 	0.059702130927484
2215 	0.060352003283647
2216 	0.0610018756398099
2217 	0.0616517479959729
2218 	0.0620863110763177
2219 	0.0624491043980565
2220 	0.0628118977197953
2221 	0.0633033052979515
2222 	0.0639617635769719
2223 	0.0646202218559922
2224 	0.0651587259089469
2225 	0.0648873064665275
2226 	0.0646158870241081
2227 	0.0643444675816887
2228 	0.0640857780816527
2229 	0.063829640682911
2230 	0.0635735032841692
2231 	0.0632668583515728
2232 	0.0629183854247602
2233 	0.0625699124979477
2234 	0.0623052918701406
2235 	0.0622650994543774
2236 	0.0622249070386141
2237 	0.0621876670715465
2238 	0.0626395494384004
2239 	0.0630914318052542
2240 	0.063543314172108
2241 	0.0637606683400467
2242 	0.0638998464416803
2243 	0.0640390245433139
2244 	0.0641453446740127
2245 	0.0642194574866666
2246 	0.0642935702993204
2247 	0.0642649309769606
2248 	0.0639570655925372
2249 	0.0636492002081138
2250 	0.0633511071894922
2251 	0.0632705061260397
2252 	0.0631899050625872
2253 	0.0631093039991347
2254 	0.0631732380312524
2255 	0.0632671962619669
2256 	0.0633611544926813
2257 	0.0635449082476039
2258 	0.063783000546068
2259 	0.0640210928445322
2260 	0.0640650666919407
2261 	0.0638485490347712
2262 	0.0636320313776016
2263 	0.0634998338677079
2264 	0.0636317465711819
2265 	0.0637636592746559
2266 	0.0638345734167209
2267 	0.0630560598305085
2268 	0.0622775462442962
2269 	0.0614990326580838
2270 	0.061392894051632
2271 	0.0613598072722494
2272 	0.0613267204928668
2273 	0.0612671645880853
2274 	0.061198643905893
2275 	0.0611301232237006
2276 	0.0613776983264524
2277 	0.0618333829260913
2278 	0.0622890675257301
2279 	0.0626051606154755
2280 	0.0627625727580772
2281 	0.0629199849006788
2282 	0.0629547919710864
2283 	0.0627557940201004
2284 	0.0625567960691144
2285 	0.0624227177745716
2286 	0.0625072117731196
2287 	0.0625917057716676
2288 	0.0627505560943244
2289 	0.0634299006857432
2290 	0.064109245277162
2291 	0.064745357749623
2292 	0.0640736986236179
2293 	0.0634020394976128
2294 	0.0627303803716076
2295 	0.0626650037779566
2296 	0.06263288318819
2297 	0.0626007625984234
2298 	0.0627537159948062
2299 	0.0629331085320674
2300 	0.0631125010693287
2301 	0.0629543712959723
2302 	0.0627180959630147
2303 	0.062481820630057
2304 	0.0623441024489209
2305 	0.0622376784358861
2306 	0.0621312544228514
2307 	0.0624205437384686
2308 	0.0628667919721546
2309 	0.0633130402058405
2310 	0.0630716561525965
2311 	0.0625125940252741
2312 	0.0619535318979516
2313 	0.0619547536812059
2314 	0.0622420418719755
2315 	0.0625293300627451
2316 	0.0628052584061903
2317 	0.0630750699087684
2318 	0.0633448814113465
2319 	0.0634012855818633
2320 	0.0633417647818777
2321 	0.0632822439818921
2322 	0.0633247681880612
2323 	0.0634205670321466
2324 	0.063516365876232
2325 	0.0635268234483475
2326 	0.0634965642836148
2327 	0.0634663051188821
2328 	0.0636591459156552
2329 	0.0639448923621204
2330 	0.0642306388085857
2331 	0.0636260079046496
2332 	0.0627182190288613
2333 	0.061810430153073
2334 	0.0615979033649719
2335 	0.0615635593229617
2336 	0.0615292152809515
2337 	0.0614221250705558
2338 	0.0613027971869738
2339 	0.0611834693033918
2340 	0.0612106850452424
2341 	0.061249440899991
2342 	0.0612910912629493
2343 	0.0616514591409825
2344 	0.0620118270190158
2345 	0.0623536018317157
2346 	0.0625280390564155
2347 	0.0627024762811153
2348 	0.0628367400352707
2349 	0.0628122986929189
2350 	0.0627878573505671
2351 	0.0628824936673575
2352 	0.0632360766397425
2353 	0.0635896596121276
2354 	0.0635475650714069
2355 	0.0629977747261991
2356 	0.0624479843809913
2357 	0.0622636659516845
2358 	0.0623539315012245
2359 	0.0624441970507646
2360 	0.0627052869202285
2361 	0.0630344676025291
2362 	0.0633636482848297
2363 	0.0634784732575915
2364 	0.063561268066859
2365 	0.0636275904283658
2366 	0.0632259014799713
2367 	0.0628242125315768
2368 	0.0626008944491492
2369 	0.0630485905767876
2370 	0.063496286704426
2371 	0.0638171711988949
2372 	0.0639446359296406
2373 	0.0640721006603863
2374 	0.0639804820975493
2375 	0.0637378736972433
2376 	0.0634952652969373
2377 	0.063557576577931
2378 	0.0636970730414091
2379 	0.0638357448671852
2380 	0.0639237014742801
2381 	0.064011658081375
2382 	0.0639711034562267
2383 	0.0635323746852761
2384 	0.0630936459143255
2385 	0.0630264336375728
2386 	0.0633584859749164
2387 	0.0636905383122601
2388 	0.0642213727686429
2389 	0.0648253568693779
2390 	0.0654293409701129
2391 	0.0640635406016214
2392 	0.062677843420309
2393 	0.0615687696796834
2394 	0.0612429324243742
2395 	0.060917095169065
2396 	0.0605244563998144
2397 	0.0600753691187829
2398 	0.0596262818377514
2399 	0.0598108250054312
2400 	0.0601223985271742
