 	avma10
200 	0
201 	0
202 	0
203 	0.0506637378109126
204 	0.0537997687129194
205 	0.0569357996149262
206 	0.060071830516933
207 	0.0632078614189398
208 	0.0663438923209466
209 	0.0694312800472157
210 	0.0706215839197121
211 	0.0718118877922086
212 	0.0730021916647051
213 	0.0741924955372015
214 	0.075382799409698
215 	0.0765731032821945
216 	0.0759981107114628
217 	0.0742413420577019
218 	0.072484573403941
219 	0.0707278047501801
220 	0.0689710360964191
221 	0.0672142674426582
222 	0.0654794127306254
223 	0.0638457561090446
224 	0.0622120994874638
225 	0.060578442865883
226 	0.0589447862443022
227 	0.0573111296227214
228 	0.0556774730011406
229 	0.0538131532308574
230 	0.051877581493174
231 	0.0499420097554906
232 	0.0480064380178072
233 	0.0460708662801238
234 	0.0441352945424404
235 	0.0421463988186406
236 	0.040060194351815
237 	0.0379739898849893
238 	0.0358877854181636
239 	0.033801580951338
240 	0.0317153764845123
241 	0.0296291720176866
242 	0.0312877949849973
243 	0.0331393691029628
244 	0.0349909432209282
245 	0.0368425173388937
246 	0.0386940914568592
247 	0.0405456655748246
248 	0.041897754050685
249 	0.042846099159419
250 	0.0437944442681529
251 	0.0447427893768868
252 	0.0456911344856207
253 	0.0466394795943546
254 	0.0475581039998175
255 	0.0483218484671161
256 	0.0490855929344148
257 	0.0498493374017135
258 	0.0506130818690121
259 	0.0513768263363108
260 	0.0521405708036094
261 	0.051554762802009
262 	0.0505748994283528
263 	0.0495950360546966
264 	0.0486151726810404
265 	0.0476353093073842
266 	0.046655445933728
267 	0.0476340564171782
268 	0.0516375870819608
269 	0.0556411177467435
270 	0.0596446484115262
271 	0.0636481790763088
272 	0.0676517097410915
273 	0.0717222302836525
274 	0.0794474208250135
275 	0.0871726113663746
276 	0.0948978019077357
277 	0.102622992449097
278 	0.110348182990458
279 	0.118073373531819
280 	0.123528699976977
281 	0.127751013826667
282 	0.131973327676358
283 	0.136195641526048
284 	0.140417955375738
285 	0.144640269225428
286 	0.147595659956322
287 	0.14735697690884
288 	0.147118293861359
289 	0.146879610813877
290 	0.146640927766395
291 	0.146402244718914
292 	0.146163561671432
293 	0.149131708224506
294 	0.15235612409771
295 	0.155580539970915
296 	0.15880495584412
297 	0.162029371717324
298 	0.165253787590529
299 	0.164401825588582
300 	0.16052453784654
301 	0.156647250104499
302 	0.152769962362457
303 	0.148892674620415
304 	0.145015386878373
305 	0.140294947201043
306 	0.132703333752885
307 	0.125111720304727
308 	0.117520106856568
309 	0.10992849340841
310 	0.102336879960252
311 	0.0947452665120932
312 	0.0936470758708589
313 	0.0933843820693416
314 	0.0931216882678242
315 	0.0928589944663068
316 	0.0925963006647895
317 	0.0923336068632721
318 	0.0942140649033092
319 	0.097840938872308
320 	0.101467812841307
321 	0.105094686810306
322 	0.108721560779305
323 	0.112348434748304
324 	0.11506653226276
325 	0.114581295577723
326 	0.114096058892685
327 	0.113610822207647
328 	0.113125585522609
329 	0.112640348837571
330 	0.112155112152534
331 	0.111917270704448
332 	0.111707529828933
333 	0.111497788953418
334 	0.111288048077904
335 	0.111078307202389
336 	0.110868566326874
337 	0.110490559160769
338 	0.109990703991133
339 	0.109490848821497
340 	0.108990993651861
341 	0.108491138482225
342 	0.107991283312589
343 	0.105779789253936
344 	0.0988932218118507
345 	0.0920066543697651
346 	0.0851200869276795
347 	0.078233519485594
348 	0.0713469520435084
349 	0.0644603846014228
350 	0.0614755753045637
351 	0.0586491099907053
352 	0.055822644676847
353 	0.0529961793629887
354 	0.0501697140491304
355 	0.0473432487352721
356 	0.0453063367580194
357 	0.043674354555516
358 	0.0420423723530127
359 	0.0404103901505094
360 	0.038778407948006
361 	0.0371464257455027
362 	0.0341658587693334
363 	0.0288492187152838
364 	0.0235325786612342
365 	0.0182159386071845
366 	0.0128992985531349
367 	0.00758265849908527
368 	0.00314297718385292
369 	0.00921541165989816
370 	0.0152878461359434
371 	0.0213602806119886
372 	0.0274327150880339
373 	0.0335051495640791
374 	0.0395775840401243
375 	0.048311230579215
376 	0.0577311016125499
377 	0.0671509726458848
378 	0.0765708436792198
379 	0.0859907147125548
380 	0.0954105857458897
381 	0.0978428273053755
382 	0.093746974017919
383 	0.0896511207304625
384 	0.085555267443006
385 	0.0814594141555495
386 	0.077363560868093
387 	0.0739311793575955
388 	0.0725323658138749
389 	0.0711335522701543
390 	0.0697347387264337
391 	0.0683359251827131
392 	0.0669371116389925
393 	0.0655382980952719
394 	0.071830871893682
395 	0.0782724124194116
396 	0.0847139529451413
397 	0.091155493470871
398 	0.0975970339966007
399 	0.10403857452233
400 	0.102684388757828
401 	0.098328524449441
402 	0.0939726601410539
403 	0.0896167958326669
404 	0.0852609315242798
405 	0.0809050672158927
406 	0.0763675626261554
407 	0.0716235780584729
408 	0.0668795934907904
409 	0.0621356089231078
410 	0.0573916243554253
411 	0.0526476397877428
412 	0.0490593515474388
413 	0.0495447621262651
414 	0.0500301727050914
415 	0.0505155832839178
416 	0.0510009938627441
417 	0.0514864044415704
418 	0.0519718150203967
419 	0.0524311144164215
420 	0.0528898537155732
421 	0.0533485930147248
422 	0.0538073323138764
423 	0.054266071613028
424 	0.0547248109121797
425 	0.0569145906998924
426 	0.0597031287723429
427 	0.0624916668447935
428 	0.0652802049172441
429 	0.0680687429896946
430 	0.0708572810621452
431 	0.0765536779568199
432 	0.0850105568133334
433 	0.0934674356698469
434 	0.10192431452636
435 	0.110381193382874
436 	0.118838072239387
437 	0.125876908841732
438 	0.129443986821801
439 	0.13301106480187
440 	0.136578142781939
441 	0.140145220762008
442 	0.143712298742076
443 	0.146549168855138
444 	0.139974470904547
445 	0.133399772953956
446 	0.126825075003366
447 	0.120250377052775
448 	0.113675679102184
449 	0.107100981151593
450 	0.102131585978379
451 	0.0974235191642713
452 	0.0927154523501641
453 	0.0880073855360569
454 	0.0832993187219497
455 	0.0785912519078425
456 	0.0728588236198322
457 	0.066584454857861
458 	0.0603100860958897
459 	0.0540357173339185
460 	0.0477613485719473
461 	0.0414869798099761
462 	0.0368219154111105
463 	0.0340922699158919
464 	0.0313626244206733
465 	0.0286329789254546
466 	0.025903333430236
467 	0.0231736879350174
468 	0.0229616671486766
469 	0.0298780933349811
470 	0.0367945195212857
471 	0.0437109457075903
472 	0.0506273718938949
473 	0.0575437980801995
474 	0.0643126381169169
475 	0.069207336226684
476 	0.0741020343364511
477 	0.0789967324462183
478 	0.0838914305559854
479 	0.0887861286657525
480 	0.0936808267755196
481 	0.0932391852031587
482 	0.0921447254205263
483 	0.0910502656378939
484 	0.0899558058552614
485 	0.088861346072629
486 	0.0877668862899966
487 	0.0861487891541836
488 	0.0843219694370327
489 	0.0824951497198819
490 	0.0806683300027311
491 	0.0788415102855802
492 	0.0770146905684294
493 	0.0749031926068744
494 	0.0725549841637085
495 	0.0702067757205427
496 	0.0678585672773769
497 	0.065510358834211
498 	0.0631621503910452
499 	0.0625891591863701
500 	0.0648881162889913
501 	0.0671870733916126
502 	0.0694860304942339
503 	0.0717849875968552
504 	0.0740839446994765
505 	0.0761957427997785
506 	0.0776628821143142
507 	0.0791300214288499
508 	0.0805971607433855
509 	0.0820643000579212
510 	0.0835314393724569
511 	0.0846863067554915
512 	0.0819335551037964
513 	0.0791808034521014
514 	0.0764280518004063
515 	0.0736753001487113
516 	0.0709225484970162
517 	0.0681697968453212
518 	0.0669537238128263
519 	0.0658568758456142
520 	0.0647600278784021
521 	0.0636631799111899
522 	0.0625663319439778
523 	0.0614694839767657
524 	0.0608893899048778
525 	0.0604474898404848
526 	0.0600055897760917
527 	0.0595636897116986
528 	0.0591217896473055
529 	0.0586798895829125
530 	0.0578206019579952
531 	0.0567424403684128
532 	0.0556642787788303
533 	0.0545861171892479
534 	0.0535079555996655
535 	0.052429794010083
536 	0.0510525596513903
537 	0.0494090431107487
538 	0.0477655265701071
539 	0.0461220100294655
540 	0.0444784934888239
541 	0.0428349769481823
542 	0.0427306289028865
543 	0.0448503605171247
544 	0.0469700921313629
545 	0.0490898237456011
546 	0.0512095553598393
547 	0.0533292869740775
548 	0.0553833824212405
549 	0.0572798617665152
550 	0.05917634111179
551 	0.0610728204570648
552 	0.0629692998023396
553 	0.0648657791476144
554 	0.0662960224071635
555 	0.065685856130258
556 	0.0650756898533525
557 	0.064465523576447
558 	0.0638553572995415
559 	0.063245191022636
560 	0.0627572112905906
561 	0.0636191720601927
562 	0.0644811328297948
563 	0.0653430935993969
564 	0.066205054368999
565 	0.0670670151386011
566 	0.0679289759082032
567 	0.0661247915264593
568 	0.0642854907445456
569 	0.062446189962632
570 	0.0606068891807183
571 	0.0587675883988047
572 	0.056928287616891
573 	0.0571007264937623
574 	0.0575016703207406
575 	0.0579026141477188
576 	0.058303557974697
577 	0.0587045018016753
578 	0.0591054456286535
579 	0.0575428894759793
580 	0.0555316711657922
581 	0.0535204528556051
582 	0.051509234545418
583 	0.0494980162352309
584 	0.0474867979250438
585 	0.0450203721461215
586 	0.0423915046246248
587 	0.039762637103128
588 	0.0371337695816312
589 	0.0345049020601344
590 	0.0318760345386376
591 	0.0315325246836793
592 	0.0323351251299577
593 	0.0331377255762362
594 	0.0339403260225146
595 	0.034742926468793
596 	0.0355455269150714
597 	0.0382207886898478
598 	0.0421392981685689
599 	0.0460578076472899
600 	0.0499763171260109
601 	0.0538948266047319
602 	0.057813336083453
603 	0.0645257794736331
604 	0.0735991485675921
605 	0.0826725176615511
606 	0.0917458867555101
607 	0.100819255849469
608 	0.109892624943428
609 	0.119677133977477
610 	0.130201809071621
611 	0.140726484165764
612 	0.151251159259908
613 	0.161775834354051
614 	0.172300509448194
615 	0.178601755500944
616 	0.17961420302438
617 	0.180626650547817
618 	0.181639098071253
619 	0.182651545594689
620 	0.183663993118125
621 	0.183353640665099
622 	0.181091830821054
623 	0.178830020977009
624 	0.176568211132964
625 	0.174306401288919
626 	0.172044591444874
627 	0.173138334411429
628 	0.179945586217655
629 	0.18675283802388
630 	0.193560089830105
631 	0.200367341636331
632 	0.207174593442556
633 	0.215083070186511
634 	0.225100890324309
635 	0.235118710462107
636 	0.245136530599905
637 	0.255154350737704
638 	0.265172170875502
639 	0.27957407325163
640 	0.30316490341522
641 	0.32675573357881
642 	0.3503465637424
643 	0.37393739390599
644 	0.39752822406958
645 	0.416842882727941
646 	0.426550039173253
647 	0.436257195618566
648 	0.445964352063878
649 	0.455671508509191
650 	0.465378664954504
651 	0.466459825483879
652 	0.447413662209396
653 	0.428367498934914
654 	0.409321335660432
655 	0.390275172385949
656 	0.371229009111467
657 	0.351073664324652
658 	0.328305415438315
659 	0.305537166551977
660 	0.28276891766564
661 	0.260000668779303
662 	0.237232419892966
663 	0.218102481128578
664 	0.207341856407087
665 	0.196581231685597
666 	0.185820606964107
667 	0.175059982242616
668 	0.164299357521126
669 	0.157053962940619
670 	0.157488338668122
671 	0.157922714395624
672 	0.158357090123127
673 	0.15879146585063
674 	0.159225841578132
675 	0.158987589512076
676 	0.157389857101938
677 	0.155792124691799
678 	0.154194392281661
679 	0.152596659871522
680 	0.150998927461384
681 	0.146323039500298
682 	0.136054446383264
683 	0.125785853266231
684 	0.115517260149198
685 	0.105248667032165
686 	0.0949800739151315
687 	0.0863459391056152
688 	0.0803226922418726
689 	0.0742994453781301
690 	0.0682761985143876
691 	0.062252951650645
692 	0.0562297047869025
693 	0.0527605127129188
694 	0.0527895283841493
695 	0.0528185440553798
696 	0.0528475597266104
697 	0.0528765753978409
698 	0.0529055910690714
699 	0.0527039645094392
700 	0.0522369753831154
701 	0.0517699862567917
702 	0.0513029971304679
703 	0.0508360080041441
704 	0.0503690188778204
705 	0.049465935689133
706 	0.0481505145348644
707 	0.0468350933805959
708 	0.0455196722263273
709 	0.0442042510720588
710 	0.0428888299177902
711 	0.0412756259304957
712 	0.0394377787533746
713 	0.0375999315762535
714 	0.0357620843991324
715 	0.0339242372220113
716 	0.0320863900448902
717 	0.0319745257613861
718 	0.0328676641754313
719 	0.0337608025894766
720 	0.0346539410035218
721 	0.035547079417567
722 	0.0364402178316123
723 	0.0433313302471205
724 	0.0527807796475606
725 	0.0622302290480006
726 	0.0716796784484407
727 	0.0811291278488808
728 	0.0905785772493209
729 	0.0962169566947813
730 	0.100761554158311
731 	0.105306151621841
732 	0.10985074908537
733 	0.1143953465489
734 	0.11893994401243
735 	0.117675770486539
736 	0.115458119999638
737 	0.113240469512737
738 	0.111022819025835
739 	0.108805168538934
740 	0.106587518052033
741 	0.10823032783539
742 	0.110089192945382
743 	0.111948058055374
744 	0.113806923165367
745 	0.115665788275359
746 	0.117507287385999
747 	0.118952676320951
748 	0.120398065255902
749 	0.121843454190854
750 	0.123288843125805
751 	0.124734232060757
752 	0.126180682479047
753 	0.127633494374409
754 	0.129086306269771
755 	0.130539118165134
756 	0.131991930060496
757 	0.133444741955858
758 	0.132943920291449
759 	0.126613331550272
760 	0.120282742809095
761 	0.113952154067918
762 	0.107621565326741
763 	0.101290976585564
764 	0.0951839396083131
765 	0.0894641480363343
766 	0.0837443564643556
767 	0.0780245648923769
768 	0.0723047733203981
769 	0.0665849817484194
770 	0.0611264741885057
771 	0.0559432000950999
772 	0.0507599260016942
773 	0.0455766519082884
774 	0.0403933778148826
775 	0.0352101037214768
776 	0.0368491278557558
777 	0.0427590216122438
778 	0.0486689153687318
779 	0.0545788091252198
780 	0.0604887028817077
781 	0.0663985966381957
782 	0.0696933832039899
783 	0.0721118120863874
784 	0.074530240968785
785 	0.0769486698511825
786 	0.0793670987335801
787 	0.0817855276159776
788 	0.0817041824918759
789 	0.0813138765355103
790 	0.0809235705791446
791 	0.080533264622779
792 	0.0801429586664133
793 	0.0798811372624494
794 	0.0829633867763974
795 	0.0860456362903454
796 	0.0891278858042934
797 	0.0922101353182414
798 	0.0952923848321894
799 	0.0989631620183396
800 	0.105126708245388
801 	0.111290254472436
802 	0.117453800699484
803 	0.123617346926532
804 	0.12978089315358
805 	0.132585165896617
806 	0.129205321544085
807 	0.125825477191553
808 	0.122445632839021
809 	0.11906578848649
810 	0.115685944133958
811 	0.108300328524918
812 	0.0972022351232366
813 	0.0861041417215554
814 	0.0750060483198742
815 	0.0639079549181931
816 	0.0528098615165119
817 	0.0455679271089938
818 	0.040034276700333
819 	0.0345006262916722
820 	0.0289669758830115
821 	0.0234333254743507
822 	0.01789967506569
823 	0.0182605870970108
824 	0.0194712873061777
825 	0.0206819875153447
826 	0.0218926877245116
827 	0.0231033879336786
828 	0.0246004023062681
829 	0.030429072893218
830 	0.0362577434801679
831 	0.0420864140671178
832 	0.0479150846540676
833 	0.0537437552410175
834 	0.0602871970599624
835 	0.0689079427718928
836 	0.0775286884838232
837 	0.0861494341957537
838 	0.0947701799076841
839 	0.103390925619615
840 	0.10643893068874
841 	0.102838753938379
842 	0.0992385771880173
843 	0.095638400437656
844 	0.0920382236872948
845 	0.0884380469369335
846 	0.0873030780020982
847 	0.0874155636245171
848 	0.087528049246936
849 	0.0876405348693549
850 	0.0877530204917737
851 	0.0878655061141926
852 	0.0902561952947962
853 	0.0929634457898627
854 	0.0956706962849292
855 	0.0983779467799956
856 	0.101085197275062
857 	0.103241880974782
858 	0.100387850708773
859 	0.0975338204427648
860 	0.0946797901767562
861 	0.0918257599107476
862 	0.0889717296447391
863 	0.0864449357801041
864 	0.0845916284540759
865 	0.0827383211280477
866 	0.0808850138020195
867 	0.0790317064759913
868 	0.0771783991499631
869 	0.0751267849254614
870 	0.0729199893668602
871 	0.0707131938082589
872 	0.0685063982496577
873 	0.0662996026910564
874 	0.0640928071324551
875 	0.062219629258229
876 	0.0604288158497213
877 	0.0586380024412136
878 	0.056847189032706
879 	0.0550563756241983
880 	0.0533656057083726
881 	0.0535756621535061
882 	0.0537857185986395
883 	0.053995775043773
884 	0.0542058314889064
885 	0.0544158879340399
886 	0.0548761550612659
887 	0.0559065743985063
888 	0.0569369937357467
889 	0.0579674130729871
890 	0.0589978324102275
891 	0.0600282517474679
892 	0.0601254148997464
893 	0.0595069717193863
894 	0.0588885285390262
895 	0.0582700853586662
896 	0.0576516421783061
897 	0.057033198997946
898 	0.0561904641724667
899 	0.0553034082434608
900 	0.0544163523144549
901 	0.053529296385449
902 	0.0526422404564431
903 	0.0519986632003631
904 	0.0533250497525018
905 	0.0546514363046404
906 	0.0559778228567791
907 	0.0573042094089178
908 	0.0586305959610564
909 	0.0619756035329848
910 	0.0684515335029538
911 	0.0749274634729228
912 	0.0814033934428917
913 	0.0878793234128607
914 	0.0943552533828297
915 	0.0962066434110219
916 	0.0958917658306583
917 	0.0955768882502946
918 	0.095262010669931
919 	0.0949471330895674
920 	0.0946322555092038
921 	0.0895000878657702
922 	0.0842494622699661
923 	0.078998836674162
924 	0.0737482110783579
925 	0.0684975854825537
926 	0.0644528145311512
927 	0.0635242485927005
928 	0.0625956826542498
929 	0.0616671167157991
930 	0.0607385507773484
931 	0.0598099848388977
932 	0.0568459450041741
933 	0.0524556887659393
934 	0.0480654325277045
935 	0.0436751762894698
936 	0.039284920051235
937 	0.0348946638130002
938 	0.0362624437381581
939 	0.0382346583986998
940 	0.0402068730592416
941 	0.0421790877197834
942 	0.0441513023803251
943 	0.047000229551954
944 	0.052817674524282
945 	0.0586351194966101
946 	0.0644525644689382
947 	0.0702700094412662
948 	0.0760874544135943
949 	0.0860860720829305
950 	0.0993966580893234
951 	0.112707244095716
952 	0.126017830102109
953 	0.139328416108502
954 	0.152639002114895
955 	0.157430238684201
956 	0.161221998503904
957 	0.165013758323608
958 	0.168805518143311
959 	0.172597277963014
960 	0.172309891345444
961 	0.159034092850197
962 	0.14575829435495
963 	0.132482495859703
964 	0.119206697364456
965 	0.10593089886921
966 	0.0976851336421102
967 	0.092934815262367
968 	0.0881844968826239
969 	0.0834341785028807
970 	0.0786838601231376
971 	0.0739335417433944
972 	0.0720228298570763
973 	0.0702710399814778
974 	0.0685192501058793
975 	0.0667674602302809
976 	0.0650156703546824
977 	0.0638655143260146
978 	0.0640420380623733
979 	0.0642185617987319
980 	0.0643950855350906
981 	0.0645716092714493
982 	0.064748133007808
983 	0.0649941536763926
984 	0.065272281114836
985 	0.0655504085532793
986 	0.0658285359917227
987 	0.0661066634301661
988 	0.0662376437370541
989 	0.0641801024206505
990 	0.0621225611042469
991 	0.0600650197878432
992 	0.0580074784714396
993 	0.055949937155036
994 	0.054069503286449
995 	0.0524072910946361
996 	0.0507450789028232
997 	0.0490828667110103
998 	0.0474206545191974
999 	0.0457584423273845
1000 	0.0453251403227717
1001 	0.0451241768672251
1002 	0.0449232134116786
1003 	0.0447222499561321
1004 	0.0445212865005855
1005 	0.0446118660285484
1006 	0.0456206244962777
1007 	0.046629382964007
1008 	0.0476381414317363
1009 	0.0486468998994656
1010 	0.0496556583671948
1011 	0.0510927491958562
1012 	0.052762514393419
1013 	0.0544322795909818
1014 	0.0561020447885446
1015 	0.0577718099861074
1016 	0.0594216355205681
1017 	0.0607645209951461
1018 	0.0621074064697242
1019 	0.0634502919443023
1020 	0.0647931774188804
1021 	0.0661360628934585
1022 	0.0684240938192144
1023 	0.0717278619725847
1024 	0.0750316301259549
1025 	0.0783353982793252
1026 	0.0816391664326955
1027 	0.0849429345860658
1028 	0.0856636252838059
1029 	0.0861288467826378
1030 	0.0865940682814696
1031 	0.0870592897803014
1032 	0.0875245112791333
1033 	0.0870764890673263
1034 	0.0848946273469154
1035 	0.0827127656265045
1036 	0.0805309039060936
1037 	0.0783490421856828
1038 	0.0761671804652719
1039 	0.0752348648107826
1040 	0.0746407363380485
1041 	0.0740466078653144
1042 	0.0734524793925803
1043 	0.0728583509198461
1044 	0.071636208697158
1045 	0.0683810050127558
1046 	0.0651258013283535
1047 	0.0618705976439512
1048 	0.058615393959549
1049 	0.0553601902751467
1050 	0.0512952687518131
1051 	0.0468716410574088
1052 	0.0424480133630046
1053 	0.0380243856686004
1054 	0.0336007579741961
1055 	0.0301670858820073
1056 	0.032089327432576
1057 	0.0340115689831447
1058 	0.0359338105337133
1059 	0.037856052084282
1060 	0.0397782936348506
1061 	0.0424427887878363
1062 	0.0455488478861196
1063 	0.0486549069844029
1064 	0.0517609660826861
1065 	0.0548670251809694
1066 	0.0577259640614941
1067 	0.0584558672197921
1068 	0.0591857703780901
1069 	0.0599156735363881
1070 	0.0606455766946861
1071 	0.0613754798529841
1072 	0.0628367931173746
1073 	0.0648084791383085
1074 	0.0667801651592424
1075 	0.0687518511801763
1076 	0.0707235372011103
1077 	0.0724316726993466
1078 	0.0711496485635166
1079 	0.0698676244276866
1080 	0.0685856002918566
1081 	0.0673035761560266
1082 	0.0660215520201966
1083 	0.0659296974208006
1084 	0.0666996897270985
1085 	0.0674696820333964
1086 	0.0682396743396942
1087 	0.0690096666459921
1088 	0.0701562450459862
1089 	0.075305145418519
1090 	0.0804540457910518
1091 	0.0856029461635846
1092 	0.0907518465361174
1093 	0.0959007469086502
1094 	0.0967057012225837
1095 	0.09461469149745
1096 	0.0925236817723162
1097 	0.0904326720471825
1098 	0.0883416623220487
1099 	0.0857025666537432
1100 	0.0790441740688409
1101 	0.0723857814839385
1102 	0.0657273888990361
1103 	0.0590689963141338
1104 	0.0524106037292314
1105 	0.0509807006586953
1106 	0.0523909647317666
1107 	0.0538012288048379
1108 	0.0552114928779093
1109 	0.0566217569509806
1110 	0.0586547683147136
1111 	0.0634680230471384
1112 	0.0682812777795633
1113 	0.0730945325119881
1114 	0.0779077872444129
1115 	0.0827210419768377
1116 	0.0851489077716164
1117 	0.0866765028103143
1118 	0.0882040978490122
1119 	0.0897316928877101
1120 	0.091259287926408
1121 	0.0933233919781789
1122 	0.0968019288825963
1123 	0.100280465787014
1124 	0.103759002691431
1125 	0.107237539595848
1126 	0.110716076500266
1127 	0.11006292359349
1128 	0.108575487167148
1129 	0.107088050740806
1130 	0.105600614314463
1131 	0.104113177888121
1132 	0.102924191146027
1133 	0.102190415538495
1134 	0.101456639930963
1135 	0.100722864323431
1136 	0.099989088715899
1137 	0.0992553131083669
1138 	0.102193332027456
1139 	0.105252732583789
1140 	0.108312133140121
1141 	0.111371533696454
1142 	0.114430934252787
1143 	0.115825357744624
1144 	0.115840924545025
1145 	0.115856491345425
1146 	0.115872058145826
1147 	0.115887624946226
1148 	0.114946251922527
1149 	0.10771227460096
1150 	0.100478297279393
1151 	0.0932443199578254
1152 	0.0860103426362583
1153 	0.0787763653146912
1154 	0.0739749391515479
1155 	0.0700915832603161
1156 	0.0662082273690844
1157 	0.0623248714778526
1158 	0.0584415155866209
1159 	0.0550694530944653
1160 	0.0527544818629763
1161 	0.0504395106314873
1162 	0.0481245393999983
1163 	0.0458095681685092
1164 	0.0434945969370202
1165 	0.042171490213741
1166 	0.0409184724171661
1167 	0.0396654546205913
1168 	0.0384124368240164
1169 	0.0371594190274416
1170 	0.0366289018747698
1171 	0.0366895216125644
1172 	0.036750141350359
1173 	0.0368107610881535
1174 	0.0368713808259481
1175 	0.037206231300664
1176 	0.0388612157880009
1177 	0.0405162002753378
1178 	0.0421711847626747
1179 	0.0438261692500116
1180 	0.0454811537373486
1181 	0.0485072686977111
1182 	0.0518718921788458
1183 	0.0552365156599805
1184 	0.0586011391411152
1185 	0.0619657626222499
1186 	0.0636088219629173
1187 	0.0630607996702633
1188 	0.0625127773776092
1189 	0.0619647550849552
1190 	0.0614167327923011
1191 	0.0611669251437214
1192 	0.064169077185283
1193 	0.0671712292268447
1194 	0.0701733812684064
1195 	0.073175533309968
1196 	0.0761776853515297
1197 	0.0830049897709852
1198 	0.0911973078612489
1199 	0.0993896259515127
1200 	0.107581944041776
1201 	0.11577426213204
1202 	0.124027220693614
1203 	0.132372671287187
1204 	0.14071812188076
1205 	0.149063572474333
1206 	0.157409023067906
1207 	0.165459020875841
1208 	0.169114744713259
1209 	0.172770468550677
1210 	0.176426192388096
1211 	0.180081916225514
1212 	0.183737640062932
1213 	0.178948344007991
1214 	0.1711609514601
1215 	0.163373558912209
1216 	0.155586166364318
1217 	0.147798773816427
1218 	0.140891048837825
1219 	0.135203101562702
1220 	0.129515154287578
1221 	0.123827207012454
1222 	0.11813925973733
1223 	0.112928162185603
1224 	0.111614983015041
1225 	0.110301803844478
1226 	0.108988624673916
1227 	0.107675445503354
1228 	0.106362266332791
1229 	0.100813752238127
1230 	0.094245815097216
1231 	0.0876778779563047
1232 	0.0811099408153933
1233 	0.074542003674482
1234 	0.0679193109206538
1235 	0.0612440098328468
1236 	0.0545687087450397
1237 	0.0478934076572327
1238 	0.0412181065694256
1239 	0.0370013313467919
1240 	0.0414004710930999
1241 	0.0457996108394078
1242 	0.0501987505857158
1243 	0.0545978903320238
1244 	0.0589970300783318
1245 	0.0633353203668159
1246 	0.0676697954395598
1247 	0.0720042705123037
1248 	0.0763387455850476
1249 	0.0806732206577914
1250 	0.08049524301112
1251 	0.0780644216529556
1252 	0.0756336002947912
1253 	0.0732027789366268
1254 	0.0707719575784624
1255 	0.0667464010021996
1256 	0.0603485766139401
1257 	0.0539507522256806
1258 	0.0475529278374211
1259 	0.0411551034491616
1260 	0.0358407938021035
1261 	0.0369673773388537
1262 	0.0380939608756039
1263 	0.0392205444123541
1264 	0.0403471279491043
1265 	0.0414737114858545
1266 	0.0439827292449166
1267 	0.0466573914180742
1268 	0.0493320535912319
1269 	0.0520067157643895
1270 	0.0546813779375471
1271 	0.0563080741122934
1272 	0.05737048090328
1273 	0.0584328876942665
1274 	0.059495294485253
1275 	0.0605577012762396
1276 	0.0612653815261122
1277 	0.0614709609231038
1278 	0.0616765403200954
1279 	0.061882119717087
1280 	0.0620876991140786
1281 	0.0633085726185056
1282 	0.0689727224855823
1283 	0.0746368723526589
1284 	0.0803010222197355
1285 	0.0859651720868121
1286 	0.0916293219538888
1287 	0.0914264332152217
1288 	0.0910170441529564
1289 	0.0906076550906911
1290 	0.0901982660284258
1291 	0.0897888769661605
1292 	0.0865526818797861
1293 	0.082389234352568
1294 	0.07822578682535
1295 	0.074062339298132
1296 	0.069898891770914
1297 	0.0681220428167939
1298 	0.068313702174791
1299 	0.0685053615327881
1300 	0.0686970208907853
1301 	0.0688886802487824
1302 	0.0701216949350978
1303 	0.073288655231148
1304 	0.0764556155271982
1305 	0.0796225758232484
1306 	0.0827895361192986
1307 	0.0857250505329868
1308 	0.0874454740642753
1309 	0.0891658975955637
1310 	0.0908863211268522
1311 	0.0926067446581406
1312 	0.0943271681894291
1313 	0.0872738508411173
1314 	0.0800231691785411
1315 	0.0727724875159649
1316 	0.0655218058533888
1317 	0.0582711241908126
1318 	0.0533857049609531
1319 	0.049080555593167
1320 	0.0447754062253808
1321 	0.0404702568575946
1322 	0.0361651074898085
1323 	0.0432864282343972
1324 	0.0569474268420441
1325 	0.070608425449691
1326 	0.0842694240573379
1327 	0.0979304226649848
1328 	0.108001174028138
1329 	0.114135448852781
1330 	0.120269723677424
1331 	0.126403998502067
1332 	0.132538273326709
1333 	0.136009452875258
1334 	0.133974723785504
1335 	0.131939994695749
1336 	0.129905265605994
1337 	0.127870536516239
1338 	0.124197228585148
1339 	0.113159319048493
1340 	0.102121409511838
1341 	0.0910834999751835
1342 	0.0800455904385286
1343 	0.069251841869413
1344 	0.0636397316114023
1345 	0.0580276213533916
1346 	0.0524155110953809
1347 	0.0468034008373702
1348 	0.0411912905793595
1349 	0.0395197095974639
1350 	0.0382047959328178
1351 	0.0368898822681718
1352 	0.0355749686035258
1353 	0.0342600549388797
1354 	0.0423985261998078
1355 	0.0529597242507064
1356 	0.0635209223016051
1357 	0.0740821203525037
1358 	0.0846433184034023
1359 	0.100222200278822
1360 	0.118129933943953
1361 	0.136037667609085
1362 	0.153945401274217
1363 	0.171853134939348
1364 	0.18286622004468
1365 	0.188845495993895
1366 	0.194824771943109
1367 	0.200804047892324
1368 	0.206783323841539
1369 	0.210218900556037
1370 	0.210898803099594
1371 	0.211578705643151
1372 	0.212258608186707
1373 	0.212938510730264
1374 	0.217464621442114
1375 	0.228006596212061
1376 	0.238548570982009
1377 	0.249090545751956
1378 	0.259632520521904
1379 	0.265726048292686
1380 	0.261825013325083
1381 	0.25792397835748
1382 	0.254022943389876
1383 	0.250121908422273
1384 	0.240278461858963
1385 	0.210982505542176
1386 	0.181686549225389
1387 	0.152390592908603
1388 	0.123094636591816
1389 	0.0958240877709236
1390 	0.0785841284535145
1391 	0.0613441691361054
1392 	0.0441042098186963
1393 	0.0268642505012872
1394 	0.0114314902089475
1395 	0.0107713384609933
1396 	0.0101111867130392
1397 	0.00945103496508507
1398 	0.00879088321713093
1399 	0.00859388525029495
1400 	0.0159191435216203
1401 	0.0232444017929456
1402 	0.0305696600642709
1403 	0.0378949183355962
1404 	0.0454004756835196
1405 	0.0639944262421708
1406 	0.0825883768008219
1407 	0.101182327359473
1408 	0.119776277918124
1409 	0.138370228476775
1410 	0.16493661373284
1411 	0.191665701737831
1412 	0.218394789742823
1413 	0.245123877747814
1414 	0.271852965752805
1415 	0.28733633593549
1416 	0.302265090443832
1417 	0.317193844952175
1418 	0.332122599460517
1419 	0.347051353968859
1420 	0.356622603411337
1421 	0.365815271125391
1422 	0.375007938839445
1423 	0.384200606553499
1424 	0.393393274267553
1425 	0.421548821054789
1426 	0.451308602731079
1427 	0.481068384407369
1428 	0.510828166083659
1429 	0.540587947759949
1430 	0.577593352272803
1431 	0.615237380778866
1432 	0.65288140928493
1433 	0.690525437790994
1434 	0.728169466297058
1435 	0.749734923563075
1436 	0.769959048233769
1437 	0.790183172904462
1438 	0.810407297575155
1439 	0.830631422245849
1440 	0.846281942724824
1441 	0.861614512110256
1442 	0.876947081495689
1443 	0.892279650881121
1444 	0.907612220266554
1445 	0.92099287179202
1446 	0.934281548130367
1447 	0.947570224468715
1448 	0.960858900807062
1449 	0.974147577145409
1450 	0.979002849122936
1451 	0.983720992574271
1452 	0.988439136025605
1453 	0.99315727947694
1454 	0.99774734974687
1455 	0.996061834127977
1456 	0.994376318509085
1457 	0.992690802890193
1458 	0.991005287271301
1459 	0.986246671747599
1460 	0.936543970116116
1461 	0.886841268484633
1462 	0.83713856685315
1463 	0.787435865221667
1464 	0.737353905322349
1465 	0.684353305709692
1466 	0.631352706097035
1467 	0.578352106484379
1468 	0.525351506871721
1469 	0.474810504428773
1470 	0.435864745785881
1471 	0.396918987142988
1472 	0.357973228500096
1473 	0.319027469857204
1474 	0.283592545132041
1475 	0.259094662693801
1476 	0.234596780255561
1477 	0.210098897817321
1478 	0.185601015379081
1479 	0.164299617541301
1480 	0.149822063004192
1481 	0.135344508467083
1482 	0.120866953929974
1483 	0.106389399392865
1484 	0.0952501983441492
1485 	0.0890563993613667
1486 	0.0828626003785841
1487 	0.0766688013958016
1488 	0.0704750024130191
1489 	0.0656689759409081
1490 	0.0622787577877657
1491 	0.0588885396346233
1492 	0.0554983214814809
1493 	0.0521081033283385
1494 	0.0500027072243335
1495 	0.0487718538596573
1496 	0.0475410004949811
1497 	0.0463101471303049
1498 	0.0450792937656287
1499 	0.0438596517953115
1500 	0.0426447463600222
1501 	0.0414298409247329
1502 	0.0402149354894436
1503 	0.0390000300541543
1504 	0.0385225746268094
1505 	0.0382080965516477
1506 	0.0378936184764859
1507 	0.0375791404013241
1508 	0.0372646623261623
1509 	0.0372423016507111
1510 	0.0372375981245532
1511 	0.0372328945983952
1512 	0.0372281910722372
1513 	0.0372930397863478
1514 	0.038203497316355
1515 	0.0391139548463621
1516 	0.0400244123763693
1517 	0.0409348699063764
1518 	0.0419407234749964
1519 	0.0432928293319151
1520 	0.0446449351888338
1521 	0.0459970410457525
1522 	0.0473491469026711
1523 	0.0488001216089118
1524 	0.0504231010256167
1525 	0.0520460804423216
1526 	0.0536690598590265
1527 	0.0552920392757314
1528 	0.0568224226959478
1529 	0.0582676746721757
1530 	0.0597129266484036
1531 	0.0611581786246316
1532 	0.0626034306008595
1533 	0.0630711756533334
1534 	0.0630914904229228
1535 	0.0631118051925121
1536 	0.0631321199621015
1537 	0.0631524347316908
1538 	0.0620690104645901
1539 	0.0608029161005079
1540 	0.0595368217364257
1541 	0.0582707273723435
1542 	0.0570240009207851
1543 	0.0562545196983372
1544 	0.0554850384758893
1545 	0.0547155572534415
1546 	0.0539460760309936
1547 	0.0532949371136677
1548 	0.0530445010891233
1549 	0.0527940650645788
1550 	0.0525436290400343
1551 	0.0522931930154899
1552 	0.051695574289281
1553 	0.0506301553969796
1554 	0.0495647365046782
1555 	0.0484993176123768
1556 	0.0474338987200754
1557 	0.0461155720397319
1558 	0.0446493484120231
1559 	0.0431831247843144
1560 	0.0417169011566056
1561 	0.0402506775288968
1562 	0.0406560042002483
1563 	0.0414046329974629
1564 	0.0421532617946775
1565 	0.042901890591892
1566 	0.0436207080604222
1567 	0.0439243916533914
1568 	0.0442280752463607
1569 	0.0445317588393299
1570 	0.0448354424322992
1571 	0.0454809231982259
1572 	0.0469354390233751
1573 	0.0483899548485244
1574 	0.0498444706736736
1575 	0.0512989864988228
1576 	0.0533249987718789
1577 	0.055847732256667
1578 	0.0583704657414551
1579 	0.0608931992262432
1580 	0.0634159327110314
1581 	0.0671382162911164
1582 	0.0711968653908816
1583 	0.0752555144906467
1584 	0.0793141635904119
1585 	0.0833024376247648
1586 	0.0854062237964182
1587 	0.0875100099680716
1588 	0.089613796139725
1589 	0.0917175823113783
1590 	0.0940359586802772
1591 	0.0968574378193067
1592 	0.0996789169583362
1593 	0.102500396097366
1594 	0.105321875236395
1595 	0.107538969635115
1596 	0.109300124668338
1597 	0.11106127970156
1598 	0.112822434734783
1599 	0.114583589768006
1600 	0.115002927113279
1601 	0.115185473101856
1602 	0.115368019090432
1603 	0.115550565079008
1604 	0.116114038815277
1605 	0.119077079312561
1606 	0.122040119809845
1607 	0.125003160307128
1608 	0.127966200804412
1609 	0.13275066342134
1610 	0.139920221515956
1611 	0.147089779610572
1612 	0.154259337705188
1613 	0.161428895799804
1614 	0.167449057601679
1615 	0.173061168145155
1616 	0.178673278688631
1617 	0.184285389232107
1618 	0.18972281275189
1619 	0.191909687536658
1620 	0.194096562321425
1621 	0.196283437106193
1622 	0.198470311890961
1623 	0.203498700044115
1624 	0.213344640511862
1625 	0.223190580979609
1626 	0.233036521447357
1627 	0.242882461915104
1628 	0.265401169762288
1629 	0.293325237732798
1630 	0.321249305703308
1631 	0.349173373673818
1632 	0.377903699944776
1633 	0.426501057670365
1634 	0.475098415395955
1635 	0.523695773121545
1636 	0.572293130847134
1637 	0.620235274930998
1638 	0.667130779041714
1639 	0.714026283152431
1640 	0.760921787263148
1641 	0.807817291373865
1642 	0.818541967731856
1643 	0.816491832123055
1644 	0.814441696514254
1645 	0.812391560905453
1646 	0.806023659547614
1647 	0.761642487183584
1648 	0.717261314819554
1649 	0.672880142455524
1650 	0.628498970091493
1651 	0.58766707200328
1652 	0.550789650750916
1653 	0.513912229498551
1654 	0.477034808246186
1655 	0.440157386993822
1656 	0.426921485684888
1657 	0.417759797074293
1658 	0.408598108463698
1659 	0.399436419853103
1660 	0.397330409585814
1661 	0.417445394598897
1662 	0.43756037961198
1663 	0.457675364625063
1664 	0.477790349638146
1665 	0.507072698223539
1666 	0.541579148813249
1667 	0.576085599402959
1668 	0.610592049992668
1669 	0.644245528729363
1670 	0.658443125675813
1671 	0.672640722622263
1672 	0.686838319568713
1673 	0.701035916515163
1674 	0.697477738262532
1675 	0.672737231702218
1676 	0.647996725141904
1677 	0.623256218581591
1678 	0.598515712021277
1679 	0.550675610875802
1680 	0.499595771835258
1681 	0.448515932794714
1682 	0.39743609375417
1683 	0.350104195489716
1684 	0.311192995332583
1685 	0.272281795175449
1686 	0.233370595018316
1687 	0.194459394861182
1688 	0.165348598967691
1689 	0.139574669941444
1690 	0.113800740915197
1691 	0.08802681188895
1692 	0.0654748687386536
1693 	0.056309114330713
1694 	0.0471433599227723
1695 	0.0379776055148316
1696 	0.0288118511068909
1697 	0.0258366550420765
1698 	0.0261948365466364
1699 	0.0265530180511964
1700 	0.0269111995557563
1701 	0.0283971457652283
1702 	0.0386480001198907
1703 	0.0488988544745531
1704 	0.0591497088292155
1705 	0.0694005631838779
1706 	0.0816005235541653
1707 	0.0951718310870645
1708 	0.108743138619964
1709 	0.122314446152863
1710 	0.135355267360872
1711 	0.141125305410087
1712 	0.146895343459303
1713 	0.152665381508518
1714 	0.158435419557734
1715 	0.154693799639515
1716 	0.143417855668238
1717 	0.132141911696961
1718 	0.120865967725685
1719 	0.1095031326303
1720 	0.0966755614428055
1721 	0.0838479902553113
1722 	0.071020419067817
1723 	0.0581928478803228
1724 	0.0503707793929183
1725 	0.0464339767668607
1726 	0.0424971741408031
1727 	0.0385603715147456
1728 	0.0350024183465305
1729 	0.0358611784779759
1730 	0.0367199386094214
1731 	0.0375786987408669
1732 	0.0384374588723123
1733 	0.0387813593446553
1734 	0.0387862891956655
1735 	0.0387912190466758
1736 	0.038796148897686
1737 	0.0388442685823494
1738 	0.0391667707396327
1739 	0.039489272896916
1740 	0.0398117750541992
1741 	0.0401342772114825
1742 	0.0410364672507437
1743 	0.0422152292041539
1744 	0.0433939911575642
1745 	0.0445727531109745
1746 	0.0458500822706309
1747 	0.0474630609916454
1748 	0.04907603971266
1749 	0.0506890184336745
1750 	0.052301997154689
1751 	0.0539621307279196
1752 	0.0556351028995908
1753 	0.057308075071262
1754 	0.0589810472429332
1755 	0.0603175739052435
1756 	0.0610374426509632
1757 	0.0617573113966829
1758 	0.0624771801424026
1759 	0.0631970488881223
1760 	0.0629168473459621
1761 	0.0625602141671611
1762 	0.06220358098836
1763 	0.0618469478095589
1764 	0.0624362284365283
1765 	0.0639198944907441
1766 	0.0654035605449598
1767 	0.0668872265991756
1768 	0.0683169181881013
1769 	0.06929614998727
1770 	0.0702753817864388
1771 	0.0712546135856075
1772 	0.0722338453847762
1773 	0.0719021678747846
1774 	0.0710324443718936
1775 	0.0701627208690027
1776 	0.0692929973661118
1777 	0.0683965010605536
1778 	0.0674431125493277
1779 	0.0664897240381018
1780 	0.0655363355268759
1781 	0.06458294701565
1782 	0.0641047900518537
1783 	0.0636575054250044
1784 	0.0632102207981552
1785 	0.0627629361713059
1786 	0.0623272728702697
1787 	0.0619004483240774
1788 	0.061473623777885
1789 	0.0610467992316927
1790 	0.0607256873685443
1791 	0.0608170622490383
1792 	0.0609084371295323
1793 	0.0609998120100262
1794 	0.0610911868905202
1795 	0.0613446296534492
1796 	0.0616266726309256
1797 	0.061908715608402
1798 	0.0621907585858784
1799 	0.0623418726943318
1800 	0.062364650584634
1801 	0.0623874284749362
1802 	0.0624102063652384
1803 	0.0623725597060716
1804 	0.0620356676590581
1805 	0.0616987756120445
1806 	0.061361883565031
1807 	0.0610249915180174
1808 	0.0604646121519217
1809 	0.0598616637726675
1810 	0.0592587153934133
1811 	0.058655767014159
1812 	0.0581960687494449
1813 	0.0578686013596907
1814 	0.0575411339699365
1815 	0.0572136665801824
1816 	0.057030360535388
1817 	0.05738937574068
1818 	0.057748390945972
1819 	0.058107406151264
1820 	0.058466421356556
1821 	0.0593611159290151
1822 	0.0603100863844913
1823 	0.0612590568399674
1824 	0.0622080272954435
1825 	0.062657594749608
1826 	0.0627945278045775
1827 	0.0629314608595469
1828 	0.0630683939145164
1829 	0.0630808735700347
1830 	0.062841814481647
1831 	0.0626027553932593
1832 	0.0623636963048716
1833 	0.0621436374304984
1834 	0.0622438678780831
1835 	0.0623440983256678
1836 	0.0624443287732525
1837 	0.0625445592208373
1838 	0.0625587366205418
1839 	0.0625500391594174
1840 	0.062541341698293
1841 	0.0625326442371685
1842 	0.0627308614008467
1843 	0.0631111012043888
1844 	0.063491341007931
1845 	0.0638715808114731
1846 	0.0641436940276611
1847 	0.0641432064109424
1848 	0.0641427187942237
1849 	0.0641422311775051
1850 	0.0641479654406602
1851 	0.0642888841847104
1852 	0.0644298029287605
1853 	0.0645707216728107
1854 	0.0647116404168609
1855 	0.0643731200822657
1856 	0.0639243228624226
1857 	0.0634755256425794
1858 	0.0630267284227363
1859 	0.0628716319733505
1860 	0.0629197903718786
1861 	0.0629679487704066
1862 	0.0630161071689347
1863 	0.0630414806084953
1864 	0.0630293613377972
1865 	0.0630172420670992
1866 	0.0630051227964011
1867 	0.0629469323348798
1868 	0.0626700361054276
1869 	0.0623931398759755
1870 	0.0621162436465233
1871 	0.0618393474170711
1872 	0.0620991111804604
1873 	0.0623703865473734
1874 	0.0626416619142864
1875 	0.0629129372811994
1876 	0.0628493789895097
1877 	0.0626984177125354
1878 	0.062547456435561
1879 	0.0623964951585867
1880 	0.0615873780758584
1881 	0.0603679820492835
1882 	0.0591485860227085
1883 	0.0579291899961336
1884 	0.0570608723601918
1885 	0.0566251334555658
1886 	0.0561893945509397
1887 	0.0557536556463137
1888 	0.0557040532514336
1889 	0.056609066116759
1890 	0.0575140789820844
1891 	0.0584190918474097
1892 	0.0591996252539892
1893 	0.0592026130559376
1894 	0.0592056008578861
1895 	0.0592085886598346
1896 	0.059211576461783
1897 	0.0594579809949526
1898 	0.0597051179756585
1899 	0.0599522549563643
1900 	0.0601993919370702
1901 	0.0603362810715453
1902 	0.0604559638947589
1903 	0.0605756467179726
1904 	0.0606953295411862
1905 	0.0607717464534311
1906 	0.0608331194235871
1907 	0.0608944923937431
1908 	0.060955865363899
1909 	0.0611772202904606
1910 	0.061493341598842
1911 	0.0618094629072234
1912 	0.0621255842156048
1913 	0.0621646979279366
1914 	0.0619501533435026
1915 	0.0617356087590686
1916 	0.0615210641746346
1917 	0.0613555092453427
1918 	0.0612559638513831
1919 	0.0611564184574236
1920 	0.061056873063464
1921 	0.0612058826161333
1922 	0.0618395376547074
1923 	0.0624731926932815
1924 	0.0631068477318556
1925 	0.0636817512301899
1926 	0.0640911637487649
1927 	0.0645005762673398
1928 	0.0649099887859147
1929 	0.0651684471231929
1930 	0.064795713624686
1931 	0.0644229801261791
1932 	0.0640502466276722
1933 	0.0637116200911281
1934 	0.0635953299156498
1935 	0.0634790397401715
1936 	0.0633627495646932
1937 	0.0632797311022771
1938 	0.0635643049395958
1939 	0.0638488787769145
1940 	0.0641334526142333
1941 	0.064409925865427
1942 	0.0644969244314055
1943 	0.0645839229973839
1944 	0.0646709215633623
1945 	0.0647559372595608
1946 	0.0646226169610986
1947 	0.0644892966626364
1948 	0.0643559763641742
1949 	0.064222656065712
1950 	0.0636514294628048
1951 	0.0630739851233234
1952 	0.062496540783842
1953 	0.0619190964443605
1954 	0.061540515933208
1955 	0.0611676640097028
1956 	0.0607948120861976
1957 	0.0604219601626924
1958 	0.0607084955743983
1959 	0.0610175333460442
1960 	0.0613265711176901
1961 	0.061635608889336
1962 	0.0617637930331461
1963 	0.0618865757812741
1964 	0.0620093585294022
1965 	0.0621321412775302
1966 	0.0618820474918526
1967 	0.0616262753833251
1968 	0.0613705032747976
1969 	0.061117250476057
1970 	0.0611763920908983
1971 	0.0612355337057396
1972 	0.0612946753205809
1973 	0.0613332443056964
1974 	0.0608780701773942
1975 	0.060422896049092
1976 	0.0599677219207897
1977 	0.059533888048531
1978 	0.0593421738713838
1979 	0.0591504596942366
1980 	0.0589587455170894
1981 	0.0588338468087475
1982 	0.0591521743782046
1983 	0.0594705019476618
1984 	0.059788829517119
1985 	0.0600722829026683
1986 	0.0602080231218222
1987 	0.0603437633409762
1988 	0.0604795035601301
1989 	0.0605615183830501
1990 	0.0604906224628427
1991 	0.0604197265426352
1992 	0.0603488306224278
1993 	0.060598175421525
1994 	0.061471942390122
1995 	0.0623457093587191
1996 	0.0632194763273161
1997 	0.0636860693546181
1998 	0.063604028949283
1999 	0.0635219885439479
2000 	0.0634399481386128
2001 	0.0632826124826666
2002 	0.0630566041029317
2003 	0.0628305957231968
2004 	0.0626045873434619
2005 	0.0624291873374579
2006 	0.0622836374215243
2007 	0.0621380875055906
2008 	0.061992537589657
2009 	0.0620114685187845
2010 	0.0620869950075031
2011 	0.0621625214962216
2012 	0.0622380479849401
2013 	0.0621579757319863
2014 	0.0620544472820715
2015 	0.0619509188321568
2016 	0.061847525881513
2017 	0.0617891638552669
2018 	0.0617308018290209
2019 	0.0616724398027749
2020 	0.0616268090204029
2021 	0.0616550540953413
2022 	0.0616832991702797
2023 	0.0617115442452181
2024 	0.0617585461209904
2025 	0.0618495229712928
2026 	0.0619404998215952
2027 	0.0620314766718976
2028 	0.0621659543915648
2029 	0.0623510889677651
2030 	0.0625362235439655
2031 	0.0627213581201658
2032 	0.0628480943472606
2033 	0.0629409724477809
2034 	0.0630338505483011
2035 	0.0631267286488213
2036 	0.0630957856564192
2037 	0.0630365493921699
2038 	0.0629773131279206
2039 	0.0629183972173207
2040 	0.0629392493653918
2041 	0.0629601015134629
2042 	0.062980953661534
2043 	0.0630160130014218
2044 	0.0631065082466338
2045 	0.0631970034918457
2046 	0.0632874987370576
2047 	0.0630666552297301
2048 	0.0624033036164932
2049 	0.0617399520032563
2050 	0.0610766003900193
2051 	0.0608412618879842
2052 	0.0608551462101932
2053 	0.0608690305324021
2054 	0.060882914854611
2055 	0.0606957800514126
2056 	0.0604759212045433
2057 	0.060256062357674
2058 	0.0600770377047122
2059 	0.0602781499290539
2060 	0.0604792621533957
2061 	0.0606803743777375
2062 	0.0609225056195373
2063 	0.0612428591736992
2064 	0.061563212727861
2065 	0.0618835662820228
2066 	0.0618092775873919
2067 	0.0614729884646941
2068 	0.0611366993419963
2069 	0.0608004102192985
2070 	0.0605387385571826
2071 	0.0602885134028608
2072 	0.0600382882485389
2073 	0.0599026573657203
2074 	0.0604594341233945
2075 	0.0610162108810687
2076 	0.061572987638743
2077 	0.0619212165407716
2078 	0.0619895908262082
2079 	0.0620579651116448
2080 	0.0621263393970813
2081 	0.0621665804139475
2082 	0.0621959889534417
2083 	0.0622253974929358
2084 	0.0622571047993722
2085 	0.0623749274520287
2086 	0.0624927501046852
2087 	0.0626105727573417
2088 	0.0626674064195077
2089 	0.0626053205456434
2090 	0.0625432346717791
2091 	0.0624811487979148
2092 	0.0624735942578844
2093 	0.0624938820000834
2094 	0.0625141697422823
2095 	0.0625344574844813
2096 	0.0625072345780103
2097 	0.0624797729245611
2098 	0.062452311271112
2099 	0.0622192421395644
2100 	0.0615816692751409
2101 	0.0609440964107173
2102 	0.0603065235462937
2103 	0.060389470005873
2104 	0.0607976436204089
2105 	0.0612058172349447
2106 	0.0616005523062803
2107 	0.0617452250737521
2108 	0.061889897841224
2109 	0.0620345706086958
2110 	0.0621333260094852
2111 	0.0621691898511693
2112 	0.0622050536928534
2113 	0.0622409175345376
2114 	0.0621725884753039
2115 	0.062078535981679
2116 	0.0619844834880541
2117 	0.0619557266596664
2118 	0.0621999936750422
2119 	0.0624442606904179
2120 	0.0626885277057936
2121 	0.0628504541573239
2122 	0.0629558669334999
2123 	0.0630612797096759
2124 	0.063165094434334
2125 	0.0624714814515895
2126 	0.061777868468845
2127 	0.0610842554861004
2128 	0.0605336438602271
2129 	0.0601797015588871
2130 	0.0598257592575471
2131 	0.0594718169562071
2132 	0.0595999787425421
2133 	0.0598132177208198
2134 	0.0600264566990975
2135 	0.0602597668703085
2136 	0.0605424563431648
2137 	0.0608251458160211
2138 	0.0611078352888774
2139 	0.0613122909422278
2140 	0.0614888286925523
2141 	0.0616653664428768
2142 	0.0618160171051672
2143 	0.0618598005578813
2144 	0.0619035840105953
2145 	0.0619473674633094
2146 	0.0619281803629894
2147 	0.0618769856059989
2148 	0.0618257908490085
2149 	0.0618371360064769
2150 	0.0622294867421021
2151 	0.0626218374777273
2152 	0.0630141882133525
2153 	0.0631089672100403
2154 	0.0630274775970391
2155 	0.0629459879840379
2156 	0.0628384938981193
2157 	0.0625489685017791
2158 	0.0622594431054389
2159 	0.0619699177090988
2160 	0.0617505454773696
2161 	0.0615720219237683
2162 	0.061393498370167
2163 	0.0612428455482849
2164 	0.0612526377495422
2165 	0.0612624299507995
2166 	0.0612722221520568
2167 	0.0613182405107489
2168 	0.0613817807200699
2169 	0.0614453209293908
2170 	0.0615357102976879
2171 	0.0617271036449904
2172 	0.061918496992293
2173 	0.0621098903395956
2174 	0.0619366106448093
2175 	0.061645632243317
2176 	0.0613546538418246
2177 	0.0611261240430817
2178 	0.0610353014196324
2179 	0.0609444787961831
2180 	0.0608536561727338
2181 	0.061301536148624
2182 	0.0618249696247638
2183 	0.0623484031009035
2184 	0.0628051857408767
2185 	0.0631814871283485
2186 	0.0635577885158203
2187 	0.0639391544880778
2188 	0.0644487344225426
2189 	0.0649583143570073
2190 	0.0654678942914721
2191 	0.0660432419349051
2192 	0.0666567203037588
2193 	0.0672701986726126
2194 	0.0675554002215254
2195 	0.0667895642208785
2196 	0.0660237282202316
2197 	0.0652578922195847
2198 	0.0634954422093752
2199 	0.0615612427743056
2200 	0.0596270433392361
2201 	0.0583807317763074
2202 	0.0578856283080597
2203 	0.0573905248398119
2204 	0.0569779024281813
2205 	0.0572192369654437
2206 	0.0574605715027061
2207 	0.0577019060399685
2208 	0.0580449131659402
2209 	0.0584205575958172
2210 	0.0587962020256942
2211 	0.0592082429184131
2212 	0.0596724432189514
2213 	0.0601366435194897
2214 	0.0605869186241044
2215 	0.0608678926624903
2216 	0.0611488667008762
2217 	0.061429840739262
2218 	0.0615413072106344
2219 	0.0615962711596689
2220 	0.0616512351087034
2221 	0.0619659218870397
2222 	0.0626179498114806
2223 	0.0632699777359214
2224 	0.0637933524067734
2225 	0.0634480682878885
2226 	0.0631027841690036
2227 	0.0627575000501187
2228 	0.062529072106598
2229 	0.0623240715115597
2230 	0.0621190709165214
2231 	0.0619963000878648
2232 	0.061941628133378
2233 	0.0618869561788912
2234 	0.061819704190227
2235 	0.061718782110088
2236 	0.061617860029949
2237 	0.0615186789580555
2238 	0.0617079249188325
2239 	0.0618971708796095
2240 	0.0620864168403866
2241 	0.0622775282846945
2242 	0.062469261556846
2243 	0.0626609948289976
2244 	0.062724542791492
2245 	0.0626624437672928
2246 	0.0626003447430936
2247 	0.0625546033877606
2248 	0.0625533135415025
2249 	0.0625520236952443
2250 	0.0625529556721406
2251 	0.062603336131798
2252 	0.0626537165914555
2253 	0.0627040970511129
2254 	0.0626366539592198
2255 	0.0625447354435746
2256 	0.0624528169279294
2257 	0.0622866263832066
2258 	0.0620754911274689
2259 	0.0618643558717313
2260 	0.06181591863056
2261 	0.0619858091700598
2262 	0.0621556997095596
2263 	0.0623116763473735
2264 	0.0624240714253617
2265 	0.0625364665033498
2266 	0.0626076845442722
2267 	0.0621054969794878
2268 	0.0616033094147034
2269 	0.0611011218499189
2270 	0.061015542536978
2271 	0.060975226648295
2272 	0.060934910759612
2273 	0.0607877084824774
2274 	0.0606043050590533
2275 	0.0604209016356292
2276 	0.0604792938187357
2277 	0.0606968781341684
2278 	0.060914462449601
2279 	0.0610682253993207
2280 	0.0611494392751957
2281 	0.0612306531510707
2282 	0.0612642261064038
2283 	0.0612069489341921
2284 	0.0611496717619804
2285 	0.061114716376051
2286 	0.0611549142531075
2287 	0.061195112130164
2288 	0.0612906476845104
2289 	0.0617735469798862
2290 	0.0622564462752621
2291 	0.0627208821590006
2292 	0.0626267998407101
2293 	0.0625327175224195
2294 	0.062438635204129
2295 	0.0624947603621775
2296 	0.062559124748886
2297 	0.0626234891355945
2298 	0.0626584022265471
2299 	0.0626891079895346
2300 	0.0627198137525221
2301 	0.0625627266583013
2302 	0.0623621604296531
2303 	0.0621615942010048
2304 	0.0619024111567698
2305 	0.0616246159220785
2306 	0.0613468206873871
2307 	0.0613406355575983
2308 	0.0614421840448378
2309 	0.0615437325320774
2310 	0.0616342182884413
2311 	0.0617195931925293
2312 	0.0618049680966173
2313 	0.0618583813734486
2314 	0.0618954758738256
2315 	0.0619325703742026
2316 	0.0619280325998121
2317 	0.0619010774467006
2318 	0.0618741222935891
2319 	0.0617895179130001
2320 	0.0616735979026701
2321 	0.0615576778923402
2322 	0.0616030159490258
2323 	0.0617325420072126
2324 	0.0618620680653994
2325 	0.0619621545903685
2326 	0.0620481953705381
2327 	0.0621342361507076
2328 	0.0622171431153466
2329 	0.0622987450633198
2330 	0.0623803470112931
2331 	0.0619748926058986
2332 	0.0614036039997598
2333 	0.0608323153936209
2334 	0.0608094824987671
2335 	0.060927208605298
2336 	0.0610449347118289
2337 	0.0610120913275323
2338 	0.0609539184961806
2339 	0.0608957456648288
2340 	0.0608124579017947
2341 	0.0607271923717564
2342 	0.0606434051424126
2343 	0.0607223952450978
2344 	0.060801385347783
2345 	0.0608611166931557
2346 	0.0607475192227158
2347 	0.0606339217522759
2348 	0.0605380489245557
2349 	0.0605121972101539
2350 	0.0604863454957521
2351 	0.0607981069780588
2352 	0.0618440431897152
2353 	0.0628899794013717
2354 	0.0633679988627104
2355 	0.0631173214891667
2356 	0.0628666441156231
2357 	0.0627846190896139
2358 	0.0628293048466034
2359 	0.062873990603593
2360 	0.0628338610250355
2361 	0.0627599239351063
2362 	0.0626859868451769
2363 	0.0623999926330357
2364 	0.062082311724472
2365 	0.0617735842612942
2366 	0.0617192399817268
2367 	0.0616648957021594
2368 	0.061638607810318
2369 	0.0617178653770651
2370 	0.0617971229438122
2371 	0.0619294987991814
2372 	0.0621428934584083
2373 	0.0623562881176353
2374 	0.0622754758466346
2375 	0.0619918993399367
2376 	0.0617083228332388
2377 	0.0620344451130244
2378 	0.0625149021733487
2379 	0.0629874917553682
2380 	0.06297623142165
2381 	0.0629649710879318
2382 	0.0629851178148726
2383 	0.0631025749428714
2384 	0.0632200320708702
2385 	0.0633180803085988
2386 	0.063395270029398
2387 	0.0634724597501972
2388 	0.0630906214237143
2389 	0.0625398657993945
2390 	0.0619891101750747
2391 	0.0612423228057209
2392 	0.0604935553177305
2393 	0.0600065143708785
2394 	0.0602605305654114
2395 	0.0605145467599442
2396 	0.0605896707336739
2397 	0.0605136274802304
2398 	0.0604375842267869
2399 	0.0603817432743126
2400 	0.060329952483017
