 	avmm20
200 	0
201 	0
202 	0
203 	0.0716002220442239
204 	0.0739957778788641
205 	0.0763913337135044
206 	0.0787868895481446
207 	0.0811824453827848
208 	0.0835780012174251
209 	0.0859266748356618
210 	0.0877211766138465
211 	0.0895156783920312
212 	0.0913101801702158
213 	0.0931046819484005
214 	0.0948991837265852
215 	0.0966936855047699
216 	0.0957369685896809
217 	0.0931505488817609
218 	0.0905641291738409
219 	0.0879777094659209
220 	0.0853912897580009
221 	0.0828048700500809
222 	0.0803754596625226
223 	0.0786377389835848
224 	0.076900018304647
225 	0.0751622976257092
226 	0.0734245769467714
227 	0.0716868562678336
228 	0.0699491355888958
229 	0.0680567579283653
230 	0.0661119997908028
231 	0.0641672416532402
232 	0.0622224835156777
233 	0.0602777253781152
234 	0.0583329672405526
235 	0.0565100551620105
236 	0.0549521099102273
237 	0.053394164658444
238 	0.0518362194066607
239 	0.0502782741548774
240 	0.0487203289030941
241 	0.0471623836513108
242 	0.047947320407041
243 	0.0490247879871063
244 	0.0501022555671716
245 	0.0511797231472369
246 	0.0522571907273022
247 	0.0533346583073675
248 	0.0545125043285273
249 	0.0558039984354464
250 	0.0570954925423656
251 	0.0583869866492847
252 	0.0596784807562039
253 	0.060969974863123
254 	0.0622173560109165
255 	0.0627067963155508
256 	0.0631962366201852
257 	0.0636856769248196
258 	0.0641751172294539
259 	0.0646645575340883
260 	0.0651539978387226
261 	0.0659276721668303
262 	0.0668564231723507
263 	0.0677851741778712
264 	0.0687139251833916
265 	0.069642676188912
266 	0.0705714271944324
267 	0.0723413445997241
268 	0.0767034278492086
269 	0.081065511098693
270 	0.0854275943481775
271 	0.089789677597662
272 	0.0941517608471465
273 	0.098513844096631
274 	0.110582432028588
275 	0.124021670381103
276 	0.137460908733618
277 	0.150900147086133
278 	0.164339385438648
279 	0.177778623791163
280 	0.186628582863591
281 	0.190069391411994
282 	0.193510199960397
283 	0.1969510085088
284 	0.200391817057203
285 	0.203832625605606
286 	0.206740244710037
287 	0.20307186067215
288 	0.199403476634263
289 	0.195735092596376
290 	0.192066708558489
291 	0.188398324520602
292 	0.184729940482715
293 	0.183092559367247
294 	0.18233809630844
295 	0.181583633249632
296 	0.180829170190825
297 	0.180074707132018
298 	0.179320244073211
299 	0.17791630293616
300 	0.175163445790448
301 	0.172410588644737
302 	0.169657731499026
303 	0.166904874353314
304 	0.164152017207603
305 	0.161399160061892
306 	0.155324310186912
307 	0.149107435596707
308 	0.142890561006503
309 	0.136673686416299
310 	0.130456811826094
311 	0.12423993723589
312 	0.122274010796844
313 	0.123153877694382
314 	0.124033744591921
315 	0.124913611489459
316 	0.125793478386998
317 	0.126673345284536
318 	0.128165819627693
319 	0.13153596069441
320 	0.134906101761128
321 	0.138276242827845
322 	0.141646383894563
323 	0.14501652496128
324 	0.148386666027998
325 	0.148219868123178
326 	0.147651324366357
327 	0.147082780609536
328 	0.146514236852715
329 	0.145945693095895
330 	0.145377149339074
331 	0.146565882316789
332 	0.1491579082264
333 	0.151749934136011
334 	0.154341960045622
335 	0.156933985955233
336 	0.159526011864844
337 	0.16132803536758
338 	0.16032914124594
339 	0.159330247124299
340 	0.158331353002659
341 	0.157332458881019
342 	0.156333564759379
343 	0.155334670637739
344 	0.145140525415351
345 	0.133821484154825
346 	0.122502442894299
347 	0.111183401633773
348 	0.0998643603732469
349 	0.0885453191127208
350 	0.0797597896481459
351 	0.0729090231600203
352 	0.0660582566718947
353 	0.0592074901837691
354 	0.0523567236956434
355 	0.0455059572075178
356 	0.0398151283837306
357 	0.0376041125529586
358 	0.0353930967221867
359 	0.0331820808914147
360 	0.0309710650606427
361 	0.0287600492298707
362 	0.0265490333990987
363 	0.0268601272220253
364 	0.0273350641640952
365 	0.0278100011061651
366 	0.0282849380482349
367 	0.0287598749903048
368 	0.0292348119323747
369 	0.0332955253744656
370 	0.0394262612124676
371 	0.0455569970504696
372 	0.0516877328884716
373 	0.0578184687264737
374 	0.0639492045644757
375 	0.0726098416641747
376 	0.0862925215669443
377 	0.099975201469714
378 	0.113657881372484
379 	0.127340561275253
380 	0.141023241178023
381 	0.153827977914782
382 	0.146607249102994
383 	0.139386520291206
384 	0.132165791479418
385 	0.12494506266763
386 	0.117724333855842
387 	0.110503605044054
388 	0.108782349355053
389 	0.108845690904572
390 	0.108909032454092
391 	0.108972374003611
392 	0.109035715553131
393 	0.109099057102651
394 	0.113482646905829
395 	0.122660436247878
396 	0.131838225589927
397 	0.141016014931976
398 	0.150193804274025
399 	0.159371593616073
400 	0.165056522471183
401 	0.156770009378533
402 	0.148483496285884
403 	0.140196983193235
404 	0.131910470100585
405 	0.123623957007936
406 	0.115337443915286
407 	0.108816483976453
408 	0.102424341220515
409 	0.0960321984645781
410 	0.0896400557086408
411 	0.0832479129527035
412 	0.0768557701967662
413 	0.0751760876149636
414 	0.0758174675069885
415 	0.0764588473990134
416 	0.0771002272910382
417 	0.0777416071830631
418 	0.078382987075088
419 	0.0783952107629243
420 	0.0775168896786483
421 	0.0766385685943724
422 	0.0757602475100964
423 	0.0748819264258204
424 	0.0740036053415444
425 	0.0736619324242455
426 	0.0760360244731638
427 	0.0784101165220821
428 	0.0807842085710004
429 	0.0831583006199186
430 	0.0855323926688369
431 	0.0879064847177552
432 	0.0921174198839848
433 	0.0964859127117427
434 	0.100854405539501
435 	0.105222898367259
436 	0.109591391195016
437 	0.113959884022774
438 	0.119469706392637
439 	0.125506809662068
440 	0.1315439129315
441 	0.137581016200931
442 	0.143618119470363
443 	0.149655222739794
444 	0.151646430755679
445 	0.148752197924565
446 	0.145857965093451
447 	0.142963732262337
448 	0.140069499431223
449 	0.137175266600109
450 	0.13426079173832
451 	0.131278165760152
452 	0.128295539781983
453 	0.125312913803815
454 	0.122330287825647
455 	0.119347661847478
456 	0.116311444003978
457 	0.107969631492574
458 	0.0996278189811705
459 	0.0912860064697669
460 	0.0829441939583633
461 	0.0746023814469598
462 	0.0662605689355562
463 	0.064668480797035
464 	0.0647849695047823
465 	0.0649014582125295
466 	0.0650179469202768
467 	0.0651344356280241
468 	0.0652509243357713
469 	0.0700442762924029
470 	0.0780608718394819
471 	0.086077467386561
472 	0.09409406293364
473 	0.102110658480719
474 	0.110127254027798
475 	0.117377889874431
476 	0.123445478550147
477 	0.129513067225863
478 	0.135580655901579
479 	0.141648244577294
480 	0.14771583325301
481 	0.151861167744312
482 	0.148269187654128
483 	0.144677207563945
484 	0.141085227473761
485 	0.137493247383578
486 	0.133901267293394
487 	0.130265824335624
488 	0.12305193861322
489 	0.115838052890816
490 	0.108624167168412
491 	0.101410281446008
492 	0.0941963957236039
493 	0.0869825100011998
494 	0.0814251438044498
495 	0.0762022671273032
496 	0.0709793904501565
497 	0.0657565137730098
498 	0.0605336370958632
499 	0.0553107604187165
500 	0.0539851264605383
501 	0.0546941260679709
502 	0.0554031256754035
503 	0.0561121252828361
504 	0.0568211248902687
505 	0.0575301244977013
506 	0.0591417826058079
507 	0.0616967096174819
508 	0.0642516366291559
509 	0.0668065636408299
510 	0.0693614906525039
511 	0.0719164176641779
512 	0.0741919465138482
513 	0.0758950498608768
514 	0.0775981532079054
515 	0.079301256554934
516 	0.0810043599019626
517 	0.0827074632489912
518 	0.0845310534106937
519 	0.0869346614941984
520 	0.0893382695777032
521 	0.091741877661208
522 	0.0941454857447127
523 	0.0965490938282175
524 	0.0989272029803713
525 	0.100222161874706
526 	0.101517120769042
527 	0.102812079663377
528 	0.104107038557712
529 	0.105401997452047
530 	0.106696956346382
531 	0.104230651093583
532 	0.10125629767562
533 	0.0982819442576566
534 	0.0953075908396936
535 	0.0923332374217306
536 	0.0893588840037677
537 	0.0862808229116159
538 	0.0831672645618559
539 	0.0800537062120959
540 	0.0769401478623359
541 	0.0738265895125759
542 	0.070713031162816
543 	0.0699055775452404
544 	0.0705417829876501
545 	0.0711779884300598
546 	0.0718141938724696
547 	0.0724503993148793
548 	0.073086604757289
549 	0.0732835660227875
550 	0.0730251804735246
551 	0.0727667949242617
552 	0.0725084093749987
553 	0.0722500238257358
554 	0.0719916382764729
555 	0.0712845897868671
556 	0.0698265707072757
557 	0.0683685516276843
558 	0.0669105325480928
559 	0.0654525134685014
560 	0.06399449438891
561 	0.0634722154033241
562 	0.0655586663767836
563 	0.0676451173502431
564 	0.0697315683237027
565 	0.0718180192971622
566 	0.0739044702706218
567 	0.0756993140083804
568 	0.0759632197587092
569 	0.076227125509038
570 	0.0764910312593668
571 	0.0767549370096956
572 	0.0770188427600244
573 	0.0774914923147163
574 	0.0811222336192876
575 	0.0847529749238589
576 	0.0883837162284302
577 	0.0920144575330016
578 	0.0956451988375729
579 	0.0992759401421442
580 	0.0965990304984864
581 	0.0937270388667393
582 	0.0908550472349921
583 	0.0879830556032449
584 	0.0851110639714978
585 	0.0822390723397506
586 	0.0765253900354736
587 	0.0704460725882298
588 	0.064366755140986
589 	0.0582874376937422
590 	0.0522081202464984
591 	0.0461288027992546
592 	0.0453517312444616
593 	0.0458427308882347
594 	0.0463337305320079
595 	0.046824730175781
596 	0.0473157298195542
597 	0.0478067294633273
598 	0.0525438971567161
599 	0.0588119961877213
600 	0.0650800952187265
601 	0.0713481942497317
602 	0.0776162932807369
603 	0.0838843923117421
604 	0.093247940446581
605 	0.104136112766891
606 	0.1150242850872
607 	0.12591245740751
608 	0.136800629727819
609 	0.147688802048129
610 	0.158452588237583
611 	0.16913718260232
612 	0.179821776967056
613 	0.190506371331793
614 	0.201190965696529
615 	0.211875560061266
616 	0.217106711032168
617 	0.218018109350606
618 	0.218929507669044
619 	0.219840905987482
620 	0.22075230430592
621 	0.221663702624358
622 	0.217026260730547
623 	0.207100080509436
624 	0.197173900288324
625 	0.187247720067212
626 	0.1773215398461
627 	0.167395359624989
628 	0.167206152505791
629 	0.17786553909634
630 	0.188524925686888
631 	0.199184312277437
632 	0.209843698867986
633 	0.220503085458534
634 	0.231729942980578
635 	0.243679036233617
636 	0.255628129486656
637 	0.267577222739695
638 	0.279526315992734
639 	0.291475409245773
640 	0.308382774230285
641 	0.332308369250167
642 	0.356233964270049
643 	0.380159559289931
644 	0.404085154309813
645 	0.428010749329696
646 	0.442974009218442
647 	0.444152560758286
648 	0.44533111229813
649 	0.446509663837974
650 	0.447688215377817
651 	0.448866766917661
652 	0.440023356647769
653 	0.414828324477782
654 	0.389633292307795
655 	0.364438260137808
656 	0.339243227967821
657 	0.314048195797833
658 	0.292593295697901
659 	0.277398616656403
660 	0.262203937614905
661 	0.247009258573407
662 	0.231814579531908
663 	0.21661990049041
664 	0.205072724691485
665 	0.199630728116758
666 	0.194188731542032
667 	0.188746734967306
668 	0.183304738392579
669 	0.177862741817853
670 	0.178474534102753
671 	0.188963560842833
672 	0.199452587582913
673 	0.209941614322993
674 	0.220430641063073
675 	0.230919667803153
676 	0.237230640133573
677 	0.237088485169684
678 	0.236946330205795
679 	0.236804175241906
680 	0.236662020278017
681 	0.236519865314128
682 	0.22837615100994
683 	0.208859760355256
684 	0.189343369700571
685 	0.169826979045887
686 	0.150310588391202
687 	0.130794197736518
688 	0.115684882358557
689 	0.106207387550626
690 	0.096729892742694
691 	0.0872523979347623
692 	0.0777749031268307
693 	0.068297408318899
694 	0.0644268175069904
695 	0.0668283565889386
696 	0.0692298956708868
697 	0.071631434752835
698 	0.0740329738347832
699 	0.0764345129167314
700 	0.0782969891178973
701 	0.0796436106249288
702 	0.0809902321319604
703 	0.0823368536389919
704 	0.0836834751460235
705 	0.085030096653055
706 	0.0835065343149556
707 	0.0797002225273176
708 	0.0758939107396797
709 	0.0720875989520418
710 	0.0682812871644039
711 	0.064474975376766
712 	0.0605055832532991
713 	0.0564319266528267
714 	0.0523582700523544
715 	0.0482846134518821
716 	0.0442109568514098
717 	0.0401373002509375
718 	0.0412548894505243
719 	0.0449409425661345
720 	0.0486269956817447
721 	0.052313048797355
722 	0.0559991019129652
723 	0.0596851550285754
724 	0.0687199080740019
725 	0.0796831039512667
726 	0.0906462998285315
727 	0.101609495705796
728 	0.112572691583061
729 	0.123535887460326
730 	0.132149982146079
731 	0.140205874568502
732 	0.148261766990925
733 	0.156317659413348
734 	0.164373551835771
735 	0.172429444258194
736 	0.171038581134749
737 	0.168444241825639
738 	0.16584990251653
739 	0.16325556320742
740 	0.160661223898311
741 	0.158066884589201
742 	0.162129157551873
743 	0.166369122423237
744 	0.170609087294601
745 	0.174849052165965
746 	0.179089017037329
747 	0.18293972487855
748 	0.181281855959865
749 	0.17962398704118
750 	0.177966118122495
751 	0.17630824920381
752 	0.174650380285125
753 	0.172650016770033
754 	0.168928927391062
755 	0.165207838012092
756 	0.161486748633122
757 	0.157765659254151
758 	0.154044569875181
759 	0.149464692818599
760 	0.142586295801354
761 	0.135707898784109
762 	0.128829501766863
763 	0.121951104749618
764 	0.115072707732373
765 	0.109405558903536
766 	0.105673261076961
767 	0.101940963250386
768 	0.0982086654238116
769 	0.094476367597237
770 	0.0907440697706623
771 	0.0856481829709526
772 	0.0792157089599521
773 	0.0727832349489516
774 	0.0663507609379511
775 	0.0599182869269505
776 	0.05348581291595
777 	0.0505377420052694
778 	0.0496273014337619
779 	0.0487168608622543
780 	0.0478064202907468
781 	0.0468959797192392
782 	0.0459855391477317
783 	0.0477057750364111
784 	0.0502386282609597
785 	0.0527714814855084
786 	0.055304334710057
787 	0.0578371879346056
788 	0.0603700411591543
789 	0.0629622135786796
790 	0.0655606853817423
791 	0.068159157184805
792 	0.0707576289878677
793 	0.0733561007909304
794 	0.0761434570349643
795 	0.0824455453276539
796 	0.0887476336203435
797 	0.0950497219130331
798 	0.101351810205723
799 	0.107653898498412
800 	0.113730473179671
801 	0.118932495075138
802 	0.124134516970604
803 	0.129336538866071
804 	0.134538560761538
805 	0.139740582657004
806 	0.141870730626833
807 	0.138656659575348
808 	0.135442588523863
809 	0.132228517472378
810 	0.129014446420893
811 	0.125800375369408
812 	0.119949921024187
813 	0.11178024227771
814 	0.103610563531232
815 	0.0954408847847552
816 	0.087271206038278
817 	0.0791015272918009
818 	0.0738279500697071
819 	0.0697603981283054
820 	0.0656928461869038
821 	0.0616252942455021
822 	0.0575577423041005
823 	0.0534901903626988
824 	0.0546777372018174
825 	0.0565347611121863
826 	0.0583917850225553
827 	0.0602488089329243
828 	0.0621058328432933
829 	0.0646124020232455
830 	0.075130029528053
831 	0.0856476570328604
832 	0.0961652845376679
833 	0.106682912042475
834 	0.117200539547283
835 	0.127515013241554
836 	0.13727742211983
837 	0.147039830998107
838 	0.156802239876384
839 	0.166564648754661
840 	0.176327057632938
841 	0.17487951152426
842 	0.160790952345189
843 	0.146702393166118
844 	0.132613833987047
845 	0.118525274807976
846 	0.104436715628905
847 	0.0985526150768532
848 	0.0965650273240647
849 	0.0945774395712762
850 	0.0925898518184878
851 	0.0906022640656993
852 	0.0886146763129108
853 	0.0897923063664206
854 	0.0913491954403938
855 	0.092906084514367
856 	0.0944629735883402
857 	0.0960198626623134
858 	0.0972251373425256
859 	0.0957245099490112
860 	0.0942238825554968
861 	0.0927232551619824
862 	0.0912226277684681
863 	0.0897220003749537
864 	0.0889846263796179
865 	0.0897027588645293
866 	0.0904208913494407
867 	0.0911390238343521
868 	0.0918571563192635
869 	0.0925752888041749
870 	0.0921006358067206
871 	0.0907622415978982
872 	0.0894238473890758
873 	0.0880854531802534
874 	0.086747058971431
875 	0.0854086647626087
876 	0.083637648543334
877 	0.0817735896802562
878 	0.0799095308171783
879 	0.0780454719541004
880 	0.0761814130910226
881 	0.0745303988411731
882 	0.0756252929396009
883 	0.0767201870380286
884 	0.0778150811364564
885 	0.0789099752348841
886 	0.0800048693333119
887 	0.0816487591019015
888 	0.0844174204874083
889 	0.087186081872915
890 	0.0899547432584218
891 	0.0927234046439286
892 	0.0954920660294353
893 	0.097965404098577
894 	0.100235208530764
895 	0.102505012962952
896 	0.104774817395139
897 	0.107044621827326
898 	0.109314426259514
899 	0.10713233334293
900 	0.104237523681415
901 	0.1013427140199
902 	0.0984479043583848
903 	0.0955530946968697
904 	0.0924523752477252
905 	0.088076200207581
906 	0.0837000251674367
907 	0.0793238501272925
908 	0.0749476750871482
909 	0.070571500047004
910 	0.0680070301709597
911 	0.0679037446687875
912 	0.0678004591666152
913 	0.0676971736644429
914 	0.0675938881622706
915 	0.0674906026600984
916 	0.0683554630140934
917 	0.0696062276604068
918 	0.0708569923067201
919 	0.0721077569530335
920 	0.0733585215993469
921 	0.0745939217810562
922 	0.074662804534753
923 	0.0747316872884498
924 	0.0748005700421466
925 	0.0748694527958434
926 	0.0749383355495401
927 	0.0749437362511207
928 	0.0748129899101122
929 	0.0746822435691038
930 	0.0745514972280954
931 	0.074420750887087
932 	0.0742900045460786
933 	0.073160160131778
934 	0.071443543833163
935 	0.0697269275345481
936 	0.0680103112359331
937 	0.0662936949373181
938 	0.0645770786387031
939 	0.0657951488981563
940 	0.0671709315016155
941 	0.0685467141050747
942 	0.0699224967085339
943 	0.0712982793119931
944 	0.0733905225529997
945 	0.0773621770316314
946 	0.081333831510263
947 	0.0853054859888947
948 	0.0892771404675264
949 	0.0932487949461581
950 	0.100125295063379
951 	0.108866811017527
952 	0.117608326971675
953 	0.126349842925822
954 	0.13509135887997
955 	0.143832874834118
956 	0.146211902971753
957 	0.148249006052864
958 	0.150286109133975
959 	0.152323212215086
960 	0.154360315296196
961 	0.152905569983768
962 	0.143145887951571
963 	0.133386205919375
964 	0.123626523887179
965 	0.113866841854982
966 	0.104107159822786
967 	0.100437020957088
968 	0.1000314758934
969 	0.0996259308297122
970 	0.0992203857660242
971 	0.0988148407023361
972 	0.0984486767854068
973 	0.101324893951629
974 	0.104201111117851
975 	0.107077328284073
976 	0.109953545450295
977 	0.112829762616517
978 	0.113664374189361
979 	0.111182046491071
980 	0.108699718792782
981 	0.106217391094492
982 	0.103735063396203
983 	0.101252735697913
984 	0.0980194858623337
985 	0.0945438749136605
986 	0.0910682639649872
987 	0.087592653016314
988 	0.0841170420676408
989 	0.0808743188160841
990 	0.0790741589258029
991 	0.0772739990355218
992 	0.0754738391452407
993 	0.0736736792549595
994 	0.0718735193646784
995 	0.0704859283309589
996 	0.0694656717612101
997 	0.0684454151914614
998 	0.0674251586217126
999 	0.0664049020519638
1000 	0.0653846454822151
1001 	0.0653927470340617
1002 	0.0654830283926016
1003 	0.0655733097511415
1004 	0.0656635911096814
1005 	0.0657538724682213
1006 	0.0661088557743019
1007 	0.0670012642466013
1008 	0.0678936727189007
1009 	0.0687860811912001
1010 	0.0696784896634995
1011 	0.0705708981357989
1012 	0.0715553499671542
1013 	0.0725719734989085
1014 	0.0735885970306627
1015 	0.0746052205624168
1016 	0.0756218440941711
1017 	0.076382148009919
1018 	0.0757866984850299
1019 	0.0751912489601409
1020 	0.0745957994352518
1021 	0.0740003499103627
1022 	0.0734049003854736
1023 	0.0732794142837008
1024 	0.0734886966477094
1025 	0.073697979011718
1026 	0.0739072613757266
1027 	0.0741165437397352
1028 	0.0743331467285949
1029 	0.0749730540838461
1030 	0.0756129614390973
1031 	0.0762528687943485
1032 	0.0768927761495997
1033 	0.0775326835048509
1034 	0.0775581118119498
1035 	0.0768534260640234
1036 	0.076148740316097
1037 	0.0754440545681706
1038 	0.0747393688202442
1039 	0.0740346830723178
1040 	0.0767679816356812
1041 	0.0798663758781197
1042 	0.0829647701205582
1043 	0.0860631643629967
1044 	0.0891615586054352
1045 	0.0903487799764307
1046 	0.088108702510927
1047 	0.0858686250454233
1048 	0.0836285475799196
1049 	0.0813884701144159
1050 	0.0791483926489122
1051 	0.0779850646581294
1052 	0.0770596996159724
1053 	0.0761343345738155
1054 	0.0752089695316585
1055 	0.0742836044895015
1056 	0.0741820809779484
1057 	0.0761272439169891
1058 	0.0780724068560299
1059 	0.0800175697950707
1060 	0.0819627327341115
1061 	0.0839078956731522
1062 	0.0836353438786896
1063 	0.0826739344278172
1064 	0.0817125249769449
1065 	0.0807511155260726
1066 	0.0797897060752002
1067 	0.0789436539819013
1068 	0.078451176878888
1069 	0.0779586997758746
1070 	0.0774662226728613
1071 	0.076973745569848
1072 	0.0764812684668347
1073 	0.0811099043374234
1074 	0.0875754611659337
1075 	0.094041017994444
1076 	0.100506574822954
1077 	0.106972131651465
1078 	0.111192811210989
1079 	0.108064875436991
1080 	0.104936939662993
1081 	0.101809003888995
1082 	0.0986810681149968
1083 	0.0955531323409989
1084 	0.0955649693857582
1085 	0.0966914683255232
1086 	0.0978179672652881
1087 	0.0989444662050531
1088 	0.100070965144818
1089 	0.102975546047383
1090 	0.111214372838346
1091 	0.11945319962931
1092 	0.127692026420274
1093 	0.135930853211238
1094 	0.144169680002201
1095 	0.141136112325829
1096 	0.134716428756148
1097 	0.128296745186467
1098 	0.121877061616785
1099 	0.115457378047104
1100 	0.10784186676538
1101 	0.0973822247090696
1102 	0.0869225826527587
1103 	0.0764629405964478
1104 	0.0660032985401369
1105 	0.055543656483826
1106 	0.0559351657763287
1107 	0.0585649704616514
1108 	0.0611947751469741
1109 	0.0638245798322968
1110 	0.0664543845176195
1111 	0.0713056372880574
1112 	0.0799393557169367
1113 	0.0885730741458159
1114 	0.0972067925746952
1115 	0.105840511003574
1116 	0.114474229432454
1117 	0.121533699842613
1118 	0.128454417162983
1119 	0.135375134483352
1120 	0.142295851803722
1121 	0.149216569124092
1122 	0.156951858787006
1123 	0.165591083159157
1124 	0.174230307531308
1125 	0.18286953190346
1126 	0.191508756275611
1127 	0.199661463393475
1128 	0.195151572784924
1129 	0.190641682176374
1130 	0.186131791567823
1131 	0.181621900959272
1132 	0.177112010350721
1133 	0.173827903493482
1134 	0.171334104581167
1135 	0.168840305668853
1136 	0.166346506756539
1137 	0.163852707844225
1138 	0.162801522141961
1139 	0.168105632473167
1140 	0.173409742804374
1141 	0.17871385313558
1142 	0.184017963466786
1143 	0.189322073797992
1144 	0.185290000720206
1145 	0.17846919753324
1146 	0.171648394346275
1147 	0.164827591159309
1148 	0.158006787972344
1149 	0.150385523567621
1150 	0.141359593059012
1151 	0.132333662550403
1152 	0.123307732041794
1153 	0.114281801533185
1154 	0.105255871024576
1155 	0.101276794527724
1156 	0.0974916262327781
1157 	0.0937064579378318
1158 	0.0899212896428855
1159 	0.0861361213479393
1160 	0.082612749200886
1161 	0.0792868723934713
1162 	0.0759609955860566
1163 	0.0726351187786418
1164 	0.0693092419712271
1165 	0.0659743395328505
1166 	0.0625994103832513
1167 	0.0592244812336521
1168 	0.0558495520840529
1169 	0.0524746229344537
1170 	0.0490996937848545
1171 	0.049154524727355
1172 	0.0500348810518247
1173 	0.0509152373762943
1174 	0.051795593700764
1175 	0.0526759500252336
1176 	0.0541565615374144
1177 	0.0564168148451281
1178 	0.0586770681528418
1179 	0.0609373214605556
1180 	0.0631975747682693
1181 	0.0653642801437935
1182 	0.0663252566155388
1183 	0.0672862330872842
1184 	0.0682472095590295
1185 	0.0692081860307748
1186 	0.0701691625025202
1187 	0.0698329439225756
1188 	0.0689821954617929
1189 	0.0681314470010102
1190 	0.0672806985402274
1191 	0.0664299500794447
1192 	0.06657529458028
1193 	0.0684313204717205
1194 	0.070287346363161
1195 	0.0721433722546015
1196 	0.073999398146042
1197 	0.0760355188006633
1198 	0.0845617211061951
1199 	0.093087923411727
1200 	0.101614125717259
1201 	0.110140328022791
1202 	0.118666530328323
1203 	0.125275269874753
1204 	0.131034570652001
1205 	0.136793871429248
1206 	0.142553172206496
1207 	0.148312472983744
1208 	0.151157386982301
1209 	0.148975579370746
1210 	0.146793771759191
1211 	0.144611964147636
1212 	0.142430156536081
1213 	0.140173348670488
1214 	0.136460923629586
1215 	0.132748498588684
1216 	0.129036073547782
1217 	0.12532364850688
1218 	0.121611223465978
1219 	0.119289784104974
1220 	0.117462163508378
1221 	0.115634542911781
1222 	0.113806922315185
1223 	0.111979301718588
1224 	0.109839245868509
1225 	0.107291728374487
1226 	0.104744210880464
1227 	0.102196693386442
1228 	0.0996491758924196
1229 	0.0966614391650677
1230 	0.0909239272266267
1231 	0.0851864152881857
1232 	0.0794489033497446
1233 	0.0737113914113036
1234 	0.0679738794728626
1235 	0.0678394293729258
1236 	0.0687015191288366
1237 	0.0695636088847474
1238 	0.0704256986406582
1239 	0.0712877883965689
1240 	0.0758923394135759
1241 	0.0833432694178955
1242 	0.0907941994222151
1243 	0.0982451294265348
1244 	0.105696059430854
1245 	0.112517330652238
1246 	0.117833824104231
1247 	0.123150317556224
1248 	0.128466811008217
1249 	0.13378330446021
1250 	0.138744718080545
1251 	0.13181707940637
1252 	0.124889440732195
1253 	0.11796180205802
1254 	0.111034163383845
1255 	0.10410652470967
1256 	0.0970861516141829
1257 	0.0900380786266159
1258 	0.0829900056390489
1259 	0.0759419326514818
1260 	0.0688938596639148
1261 	0.0652885874649524
1262 	0.0648740420084154
1263 	0.0644594965518783
1264 	0.0640449510953413
1265 	0.0636304056388043
1266 	0.0639711134323024
1267 	0.0662929927947323
1268 	0.0686148721571623
1269 	0.0709367515195923
1270 	0.0732586308820222
1271 	0.0755027057164172
1272 	0.0758794718779707
1273 	0.0762562380395242
1274 	0.0766330042010776
1275 	0.0770097703626311
1276 	0.0773865365241846
1277 	0.0779382212869585
1278 	0.0785304044450889
1279 	0.0791225876032192
1280 	0.0797147707613496
1281 	0.08030695391948
1282 	0.0821874263752974
1283 	0.0849594560608174
1284 	0.0877314857463373
1285 	0.0905035154318573
1286 	0.0932755451173773
1287 	0.0943109772845698
1288 	0.0924888336411802
1289 	0.0906666899977906
1290 	0.0888445463544011
1291 	0.0870224027110115
1292 	0.0843303771243985
1293 	0.0774800141560181
1294 	0.0706296511876377
1295 	0.0637792882192573
1296 	0.0569289252508769
1297 	0.0500785622824965
1298 	0.0484523159932478
1299 	0.0469600214137209
1300 	0.045467726834194
1301 	0.0439754322546672
1302 	0.0424831376751403
1303 	0.0466488453771613
1304 	0.052364197016166
1305 	0.0580795486551707
1306 	0.0637949002941755
1307 	0.0695102519331802
1308 	0.0758090879877081
1309 	0.0824920754733516
1310 	0.0891750629589951
1311 	0.0958580504446386
1312 	0.102541037930282
1313 	0.103692928519384
1314 	0.0974527924149818
1315 	0.0912126563105791
1316 	0.0849725202061764
1317 	0.0787323841017737
1318 	0.0740677357026986
1319 	0.0738639509597053
1320 	0.0736601662167119
1321 	0.0734563814737185
1322 	0.0732525967307252
1323 	0.0743176221466085
1324 	0.0866763142241623
1325 	0.0990350063017161
1326 	0.11139369837927
1327 	0.123752390456824
1328 	0.136111082534377
1329 	0.148875117133997
1330 	0.161660935156826
1331 	0.174446753179654
1332 	0.187232571202483
1333 	0.200018389225312
1334 	0.201637854483051
1335 	0.200552426834963
1336 	0.199466999186875
1337 	0.198381571538787
1338 	0.197296143890699
1339 	0.187898955736574
1340 	0.174389371876175
1341 	0.160879788015776
1342 	0.147370204155376
1343 	0.133860620294977
1344 	0.122915176422279
1345 	0.114153999946511
1346 	0.105392823470744
1347 	0.096631646994976
1348 	0.0878704705192083
1349 	0.0823720654578221
1350 	0.0813979329304569
1351 	0.0804238004030918
1352 	0.0794496678757266
1353 	0.0784755353483615
1354 	0.0824480730665985
1355 	0.0976395295771468
1356 	0.112830986087695
1357 	0.128022442598243
1358 	0.143213899108792
1359 	0.159451555843074
1360 	0.179874013472289
1361 	0.200296471101504
1362 	0.22071892873072
1363 	0.241141386359935
1364 	0.259364968789131
1365 	0.258229826418173
1366 	0.257094684047215
1367 	0.255959541676257
1368 	0.254824399305299
1369 	0.253656399351493
1370 	0.249783125076588
1371 	0.245909850801683
1372 	0.242036576526778
1373 	0.238163302251873
1374 	0.234290027976968
1375 	0.232432923889391
1376 	0.230727574547096
1377 	0.229022225204802
1378 	0.227316875862507
1379 	0.225611526520212
1380 	0.217392510541191
1381 	0.208068837647169
1382 	0.198745164753147
1383 	0.189421491859125
1384 	0.180097818965103
1385 	0.161078221404726
1386 	0.139465670606578
1387 	0.11785311980843
1388 	0.0962405690102822
1389 	0.0746280182121343
1390 	0.0609097405220291
1391 	0.0501112624746244
1392 	0.0393127844272196
1393 	0.0285143063798149
1394 	0.0177158283324102
1395 	0.0152590033953481
1396 	0.0167638485195383
1397 	0.0182686936437284
1398 	0.0197735387679185
1399 	0.0212783838921087
1400 	0.0268491384437046
1401 	0.0347569905401873
1402 	0.0426648426366701
1403 	0.0505726947331528
1404 	0.0584805468296356
1405 	0.0686691342175089
1406 	0.0803845577520396
1407 	0.0920999812865704
1408 	0.103815404821101
1409 	0.115530828355632
1410 	0.131145117365116
1411 	0.149676739282432
1412 	0.168208361199749
1413 	0.186739983117066
1414 	0.205271605034383
1415 	0.221688681674529
1416 	0.236389605625956
1417 	0.251090529577383
1418 	0.265791453528811
1419 	0.280492377480238
1420 	0.293872216744983
1421 	0.306126687572926
1422 	0.318381158400868
1423 	0.33063562922881
1424 	0.342890100056753
1425 	0.361905787591074
1426 	0.386774468692109
1427 	0.411643149793145
1428 	0.436511830894181
1429 	0.461380511995217
1430 	0.490735147491954
1431 	0.523926564021007
1432 	0.557117980550061
1433 	0.590309397079114
1434 	0.623500813608167
1435 	0.645127550167336
1436 	0.65733043680549
1437 	0.669533323443644
1438 	0.681736210081797
1439 	0.693939096719951
1440 	0.710514883393807
1441 	0.730389524480563
1442 	0.750264165567319
1443 	0.770138806654074
1444 	0.79001344774083
1445 	0.806825080006007
1446 	0.821569053049918
1447 	0.836313026093829
1448 	0.851056999137739
1449 	0.86580097218165
1450 	0.88540268445108
1451 	0.907820811089807
1452 	0.930238937728533
1453 	0.95265706436726
1454 	0.975075191005987
1455 	0.984342139311794
1456 	0.987305860132589
1457 	0.990269580953385
1458 	0.99323330177418
1459 	0.996197022594976
1460 	0.957816494178849
1461 	0.903910546173074
1462 	0.850004598167299
1463 	0.796098650161524
1464 	0.742192702155749
1465 	0.683962266203404
1466 	0.624554425135836
1467 	0.565146584068267
1468 	0.505738743000699
1469 	0.44633090193313
1470 	0.410218577039355
1471 	0.378120836996161
1472 	0.346023096952967
1473 	0.313925356909773
1474 	0.281827616866579
1475 	0.258603076848773
1476 	0.236077289368026
1477 	0.213551501887279
1478 	0.191025714406532
1479 	0.168608996219111
1480 	0.156990138070909
1481 	0.145371279922707
1482 	0.133752421774505
1483 	0.122133563626303
1484 	0.110893675439509
1485 	0.103026995127035
1486 	0.0951603148145614
1487 	0.0872936345020875
1488 	0.0794269541896135
1489 	0.0728538567384523
1490 	0.0714550907325407
1491 	0.0700563247266291
1492 	0.0686575587207175
1493 	0.0672587927148059
1494 	0.0658240169888452
1495 	0.0643079554778875
1496 	0.0627918939669299
1497 	0.0612758324559722
1498 	0.0597597709450145
1499 	0.0588046392035896
1500 	0.0586209524421158
1501 	0.0584372656806419
1502 	0.0582535789191681
1503 	0.0580698921576943
1504 	0.0583748405405576
1505 	0.0590893801473504
1506 	0.0598039197541433
1507 	0.0605184593609362
1508 	0.061232998967729
1509 	0.061487196383694
1510 	0.0615197475596307
1511 	0.0615522987355673
1512 	0.061584849911504
1513 	0.0616174010874407
1514 	0.0620369146441811
1515 	0.0625454343081913
1516 	0.0630539539722014
1517 	0.0635624736362116
1518 	0.0640709933002217
1519 	0.0649349137859055
1520 	0.0658136426391589
1521 	0.0666923714924124
1522 	0.0675711003456659
1523 	0.0684608034914494
1524 	0.0694349609753996
1525 	0.0704091184593497
1526 	0.0713832759432999
1527 	0.07235743342725
1528 	0.0732777149957063
1529 	0.0740580742224841
1530 	0.0748384334492619
1531 	0.0756187926760397
1532 	0.0763991519028176
1533 	0.0770972799208505
1534 	0.0776944961437422
1535 	0.0782917123666339
1536 	0.0788889285895256
1537 	0.0794861448124172
1538 	0.0788204566496948
1539 	0.0774066786279777
1540 	0.0759929006062607
1541 	0.0745791225845436
1542 	0.0731653445628266
1543 	0.0726982352647979
1544 	0.0724460139592627
1545 	0.0721937926537276
1546 	0.0719415713481924
1547 	0.0716910677512773
1548 	0.0716106173077436
1549 	0.0715301668642099
1550 	0.0714497164206762
1551 	0.0713692659771425
1552 	0.07091902444759
1553 	0.0691024656189912
1554 	0.0672859067903924
1555 	0.0654693479617936
1556 	0.0636527891331948
1557 	0.0619273807188508
1558 	0.0603252934532045
1559 	0.0587232061875582
1560 	0.0571211189219118
1561 	0.0555190316562655
1562 	0.0555019906904925
1563 	0.056361155443283
1564 	0.0572203201960735
1565 	0.058079484948864
1566 	0.0589386497016545
1567 	0.0609243094905848
1568 	0.0630753263490401
1569 	0.0652263432074955
1570 	0.0673773600659508
1571 	0.0692013801763842
1572 	0.0682963526608023
1573 	0.0673913251452204
1574 	0.0664862976296385
1575 	0.0655812701140566
1576 	0.0663119130145827
1577 	0.0700669151745207
1578 	0.0738219173344587
1579 	0.0775769194943968
1580 	0.0813319216543348
1581 	0.0848513670402307
1582 	0.0882157277838469
1583 	0.0915800885274631
1584 	0.0949444492710794
1585 	0.0983088100146956
1586 	0.103763184853892
1587 	0.10954934640351
1588 	0.115335507953129
1589 	0.121121669502747
1590 	0.126579921068419
1591 	0.129881916072985
1592 	0.133183911077552
1593 	0.136485906082118
1594 	0.139787901086685
1595 	0.141539841720764
1596 	0.141042683856488
1597 	0.140545525992212
1598 	0.140048368127937
1599 	0.139551210263661
1600 	0.136046254649925
1601 	0.131208840292921
1602 	0.126371425935917
1603 	0.121534011578913
1604 	0.116696597221909
1605 	0.115047812791868
1606 	0.113444303026105
1607 	0.111840793260341
1608 	0.110237283494577
1609 	0.111061750960889
1610 	0.117918092177964
1611 	0.12477443339504
1612 	0.131630774612115
1613 	0.138487115829191
1614 	0.144664559545757
1615 	0.150381810996877
1616 	0.156099062447997
1617 	0.161816313899117
1618 	0.167533565350238
1619 	0.164288270232204
1620 	0.160199672045299
1621 	0.156111073858395
1622 	0.152022475671491
1623 	0.150060371551975
1624 	0.154832165312522
1625 	0.159603959073069
1626 	0.164375752833616
1627 	0.169147546594163
1628 	0.17998378211837
1629 	0.19532080543233
1630 	0.21065782874629
1631 	0.22599485206025
1632 	0.241331875374211
1633 	0.27477635938171
1634 	0.309881352885125
1635 	0.34498634638854
1636 	0.380091339891955
1637 	0.415252743098209
1638 	0.450569803153651
1639 	0.485886863209093
1640 	0.521203923264535
1641 	0.556520983319976
1642 	0.572621765249484
1643 	0.577192780303431
1644 	0.581763795357378
1645 	0.586334810411325
1646 	0.590905825465272
1647 	0.5374879041349
1648 	0.483602330091749
1649 	0.429716756048598
1650 	0.375831182005447
1651 	0.326206693076003
1652 	0.283900154667926
1653 	0.241593616259849
1654 	0.199287077851773
1655 	0.156980539443696
1656 	0.137997304085795
1657 	0.126747094639339
1658 	0.115496885192883
1659 	0.104246675746427
1660 	0.0965843484649016
1661 	0.110249987386018
1662 	0.123915626307134
1663 	0.13758126522825
1664 	0.151246904149366
1665 	0.171308905246031
1666 	0.196732562872198
1667 	0.222156220498364
1668 	0.24757987812453
1669 	0.273003535750697
1670 	0.30158415747945
1671 	0.330323953868837
1672 	0.359063750258225
1673 	0.387803546647612
1674 	0.408410546736956
1675 	0.415110244752236
1676 	0.421809942767515
1677 	0.428509640782795
1678 	0.435209338798075
1679 	0.414914702346032
1680 	0.38765926266657
1681 	0.360403822987108
1682 	0.333148383307646
1683 	0.305013977494437
1684 	0.273903423193277
1685 	0.242792868892117
1686 	0.211682314590956
1687 	0.180571760289796
1688 	0.154024246680192
1689 	0.129714051084779
1690 	0.105403855489365
1691 	0.0810936598939511
1692 	0.0585558128061258
1693 	0.048893125537878
1694 	0.0392304382696301
1695 	0.0295677510013823
1696 	0.0199050637331344
1697 	0.0210567463606124
1698 	0.0300395244298253
1699 	0.0390223024990381
1700 	0.0480050805682509
1701 	0.0573468507652891
1702 	0.0739677592137586
1703 	0.0905886676622281
1704 	0.107209576110698
1705 	0.123830484559167
1706 	0.14071338966915
1707 	0.157836207430864
1708 	0.174959025192578
1709 	0.192081842954292
1710 	0.209073856236367
1711 	0.204395927391861
1712 	0.199717998547356
1713 	0.195040069702851
1714 	0.190362140858345
1715 	0.180053024667517
1716 	0.164090151241201
1717 	0.148127277814886
1718 	0.132164404388571
1719 	0.116201530962256
1720 	0.105116273479371
1721 	0.0940310159964864
1722 	0.0829457585136018
1723 	0.0718605010307171
1724 	0.0656192485684006
1725 	0.0640507003597164
1726 	0.0624821521510322
1727 	0.060913603942348
1728 	0.059369094322205
1729 	0.0586908642076385
1730 	0.058012634093072
1731 	0.0573344039785055
1732 	0.056656173863939
1733 	0.0555249810519249
1734 	0.0540276502186469
1735 	0.0525303193853689
1736 	0.0510329885520909
1737 	0.0497740705116009
1738 	0.0509859759600063
1739 	0.0521978814084116
1740 	0.0534097868568169
1741 	0.0546216923052222
1742 	0.0563197311715711
1743 	0.0583020540810597
1744 	0.0602843769905482
1745 	0.0622666999000367
1746 	0.0640867510917542
1747 	0.0651774711563472
1748 	0.0662681912209402
1749 	0.0673589112855332
1750 	0.0684496313501262
1751 	0.0700476244008826
1752 	0.0718210806514291
1753 	0.0735945369019756
1754 	0.0753679931525221
1755 	0.0770586329987999
1756 	0.0785657985603794
1757 	0.0800729641219589
1758 	0.0815801296835384
1759 	0.0830872952451179
1760 	0.0853600621777801
1761 	0.0877293914455339
1762 	0.0900987207132878
1763 	0.0924680499810416
1764 	0.093612189652461
1765 	0.0933967307422937
1766 	0.0931812718321264
1767 	0.0929658129219592
1768 	0.0927224273098684
1769 	0.0920962816067089
1770 	0.0914701359035495
1771 	0.09084399020039
1772 	0.0902178444972305
1773 	0.0903517384027973
1774 	0.0908582895829853
1775 	0.0913648407631733
1776 	0.0918713919433613
1777 	0.0925251548655429
1778 	0.0935537334996092
1779 	0.0945823121336755
1780 	0.0956108907677417
1781 	0.096639469401808
1782 	0.096023476850991
1783 	0.0952288058344108
1784 	0.0944341348178306
1785 	0.0936394638012503
1786 	0.0925562829249217
1787 	0.0912172536824011
1788 	0.0898782244398806
1789 	0.08853919519736
1790 	0.0871840389719272
1791 	0.0857484409694531
1792 	0.084312842966979
1793 	0.0828772449645049
1794 	0.0814416469620308
1795 	0.0800469104692375
1796 	0.0786615726262723
1797 	0.0772762347833071
1798 	0.0758908969403419
1799 	0.0746112551708564
1800 	0.0734522472496894
1801 	0.0722932393285224
1802 	0.0711342314073554
1803 	0.0701702683476741
1804 	0.0705116055148576
1805 	0.0708529426820412
1806 	0.0711942798492247
1807 	0.0715356170164083
1808 	0.0728968958591527
1809 	0.074511568451506
1810 	0.0761262410438593
1811 	0.0777409136362126
1812 	0.0795049658824178
1813 	0.0814301990856899
1814 	0.0833554322889619
1815 	0.0852806654922339
1816 	0.086846159828609
1817 	0.0866552820501354
1818 	0.0864644042716617
1819 	0.086273526493188
1820 	0.0860826487147143
1821 	0.0854854559525144
1822 	0.0848259334407925
1823 	0.0841664109290706
1824 	0.0835068884173487
1825 	0.0825881833775881
1826 	0.081476335337003
1827 	0.0803644872964178
1828 	0.0792526392558327
1829 	0.0786774597834994
1830 	0.0794290442715667
1831 	0.0801806287596339
1832 	0.0809322132477012
1833 	0.0816880134241312
1834 	0.0828228423088175
1835 	0.0839576711935038
1836 	0.0850925000781901
1837 	0.0862273289628764
1838 	0.0859644490593168
1839 	0.0852181086462293
1840 	0.0844717682331417
1841 	0.0837254278200542
1842 	0.0829069160759499
1843 	0.0820114613425797
1844 	0.0811160066092096
1845 	0.0802205518758394
1846 	0.0793220834445503
1847 	0.0784136943853476
1848 	0.0775053053261448
1849 	0.0765969162669421
1850 	0.0756885272077394
1851 	0.0753448709719098
1852 	0.0750063434902784
1853 	0.074667816008647
1854 	0.0743292885270156
1855 	0.0748191348546109
1856 	0.075573448809954
1857 	0.0763277627652971
1858 	0.0770820767206402
1859 	0.0776847553324648
1860 	0.078154575209912
1861 	0.0786243950873592
1862 	0.0790942149648064
1863 	0.0797698628704522
1864 	0.0808869406982096
1865 	0.082004018525967
1866 	0.0831210963537244
1867 	0.0843992345177858
1868 	0.0869673063662982
1869 	0.0895353782148107
1870 	0.0921034500633231
1871 	0.0946715219118356
1872 	0.0943955749308698
1873 	0.0938452050803932
1874 	0.0932948352299165
1875 	0.0927444653794398
1876 	0.0916779481638695
1877 	0.0904136815428621
1878 	0.0891494149218546
1879 	0.0878851483008472
1880 	0.0876562056491003
1881 	0.088302130853297
1882 	0.0889480560574936
1883 	0.0895939812616903
1884 	0.0905490963617494
1885 	0.0920306699331421
1886 	0.0935122435045347
1887 	0.0949938170759274
1888 	0.0957208617030236
1889 	0.093557367910667
1890 	0.0913938741183104
1891 	0.0892303803259537
1892 	0.0871332672487889
1893 	0.0862222397808019
1894 	0.0853112123128149
1895 	0.084400184844828
1896 	0.083489157376841
1897 	0.0832838477214355
1898 	0.0831508994293928
1899 	0.0830179511373502
1900 	0.0828850028453076
1901 	0.081806046536044
1902 	0.0804445164034546
1903 	0.0790829862708652
1904 	0.0777214561382759
1905 	0.0770713505031142
1906 	0.0768179582169854
1907 	0.0765645659308566
1908 	0.0763111736447277
1909 	0.0769371902664374
1910 	0.0783652681673806
1911 	0.0797933460683237
1912 	0.0812214239692669
1913 	0.0820776061236735
1914 	0.0821209485608477
1915 	0.082164290998022
1916 	0.0822076334351962
1917 	0.0821475416209221
1918 	0.0818593640214028
1919 	0.0815711864218834
1920 	0.0812830088223641
1921 	0.0809461467310321
1922 	0.08043566551593
1923 	0.0799251843008278
1924 	0.0794147030857257
1925 	0.0788633354688044
1926 	0.0780522189462086
1927 	0.0772411024236128
1928 	0.076429985901017
1929 	0.0756829996006459
1930 	0.0759231981964906
1931 	0.0761633967923353
1932 	0.07640359538818
1933 	0.0766437939840247
1934 	0.0779555656884496
1935 	0.0792727221823651
1936 	0.0805898786762806
1937 	0.081907035170196
1938 	0.0812696444666015
1939 	0.080503061943982
1940 	0.0797364794213625
1941 	0.078969896898743
1942 	0.0772049103368355
1943 	0.0753165255228813
1944 	0.0734281407089272
1945 	0.071539755894973
1946 	0.0707295029224137
1947 	0.0701080180395932
1948 	0.0694865331567727
1949 	0.0688650482739522
1950 	0.0704648812762393
1951 	0.0725490211012237
1952 	0.0746331609262082
1953 	0.0767173007511926
1954 	0.0801272096896534
1955 	0.0838685609064833
1956 	0.0876099121233131
1957 	0.0913512633401431
1958 	0.0916812032420715
1959 	0.0910933522826306
1960 	0.0905055013231897
1961 	0.0899176503637488
1962 	0.0887287060783506
1963 	0.0873741544480459
1964 	0.0860196028177412
1965 	0.0846650511874365
1966 	0.083913573297528
1967 	0.0833224061487374
1968 	0.0827312389999468
1969 	0.0821400718511562
1970 	0.0820817407035794
1971 	0.0821524816308307
1972 	0.082223222558082
1973 	0.0822939634853333
1974 	0.0830885983603744
1975 	0.084033607340512
1976 	0.0849786163206496
1977 	0.0859236253007872
1978 	0.0867428679234583
1979 	0.0875418068020088
1980 	0.0883407456805592
1981 	0.0891396845591097
1982 	0.0876280208125526
1983 	0.0858653159825582
1984 	0.0841026111525637
1985 	0.0823399063225693
1986 	0.0808178295195596
1987 	0.0793076199959499
1988 	0.0777974104723403
1989 	0.0763156746263911
1990 	0.0769957479997593
1991 	0.0776758213731274
1992 	0.0783558947464956
1993 	0.0790570329282537
1994 	0.0799971656644615
1995 	0.0809372984006692
1996 	0.081877431136877
1997 	0.0826195100588667
1998 	0.0823140213220057
1999 	0.0820085325851446
2000 	0.0817030438482836
2001 	0.0814938037506609
2002 	0.0815795696448498
2003 	0.0816653355390388
2004 	0.0817511014332277
2005 	0.0818507532654185
2006 	0.0819771213175078
2007 	0.082103489369597
2008 	0.0822298574216862
2009 	0.0821839529567834
2010 	0.0819249238791365
2011 	0.0816658948014896
2012 	0.0814068657238427
2013 	0.0814280349559113
2014 	0.0816684681059212
2015 	0.0819089012559311
2016 	0.082149334405941
2017 	0.0824027165847434
2018 	0.0826620810633974
2019 	0.0829214455420514
2020 	0.0831808100207054
2021 	0.0830120608607696
2022 	0.0827467762725243
2023 	0.0824814916842789
2024 	0.0822162070960336
2025 	0.0819515269597062
2026 	0.0816868739826604
2027 	0.0814222210056145
2028 	0.081125228196481
2029 	0.0805611323297344
2030 	0.0799970364629878
2031 	0.0794329405962412
2032 	0.0788619802503081
2033 	0.0782721747236871
2034 	0.077682369197066
2035 	0.077092563670445
2036 	0.076931243107448
2037 	0.0773242012588638
2038 	0.0777171594102797
2039 	0.0781101175616956
2040 	0.0786134292498611
2041 	0.0791861162884915
2042 	0.0797588033271219
2043 	0.0803314903657522
2044 	0.0808913609013096
2045 	0.0814480473118839
2046 	0.0820047337224581
2047 	0.0825614201330324
2048 	0.0820518116785469
2049 	0.0815389947139358
2050 	0.0810261777493248
2051 	0.0805301879392139
2052 	0.080100673719653
2053 	0.079671159500092
2054 	0.0792416452805311
2055 	0.0789035335224377
2056 	0.078693209857955
2057 	0.0784828861934722
2058 	0.0782725625289895
2059 	0.0782356578741774
2060 	0.0782963014123052
2061 	0.0783569449504329
2062 	0.0784175884885607
2063 	0.0788458574112246
2064 	0.0793276067735632
2065 	0.0798093561359019
2066 	0.0802195976620328
2067 	0.0800795397529992
2068 	0.0799394818439655
2069 	0.0797994239349319
2070 	0.0797574111375685
2071 	0.0798852360473063
2072 	0.080013060957044
2073 	0.0801408858667818
2074 	0.0806980886496933
2075 	0.0815107267542857
2076 	0.0823233648588781
2077 	0.0831360029634705
2078 	0.0828705351857489
2079 	0.0824812715263344
2080 	0.0820920078669199
2081 	0.0817443997068041
2082 	0.0815918150206774
2083 	0.0814392303345506
2084 	0.0812866456484238
2085 	0.0814168780065822
2086 	0.0818738128124494
2087 	0.0823307476183166
2088 	0.0827876824241838
2089 	0.0826202881496447
2090 	0.0822578934536665
2091 	0.0818954987576884
2092 	0.0815153871819626
2093 	0.0808924501367554
2094 	0.0802695130915482
2095 	0.079646576046341
2096 	0.0793174051055265
2097 	0.0794574969028974
2098 	0.0795975887002683
2099 	0.0797376804976392
2100 	0.0796633389587921
2101 	0.0795014119727575
2102 	0.0793394849867228
2103 	0.0792090533676499
2104 	0.0797470234252097
2105 	0.0802849934827695
2106 	0.0808229635403293
2107 	0.0812311804130961
2108 	0.0814355947256868
2109 	0.0816400090382775
2110 	0.0818444233508682
2111 	0.0817459157194396
2112 	0.0815420794336217
2113 	0.0813382431478038
2114 	0.0811187883037346
2115 	0.080766203844095
2116 	0.0804136193844554
2117 	0.0800610349248157
2118 	0.0801025907991767
2119 	0.0805762963479243
2120 	0.0810500018966719
2121 	0.0815237074454195
2122 	0.0817013665484721
2123 	0.0818300296197198
2124 	0.0819586926909675
2125 	0.0818432285247924
2126 	0.0809914609236588
2127 	0.0801396933225252
2128 	0.0792879257213915
2129 	0.0787774595935913
2130 	0.0784515802410455
2131 	0.0781257008884997
2132 	0.0778368258608163
2133 	0.0781489521093458
2134 	0.0784610783578753
2135 	0.0787732046064048
2136 	0.0789974586148104
2137 	0.0791253663305852
2138 	0.0792532740463599
2139 	0.0793811817621347
2140 	0.0798242050682328
2141 	0.0803003068064643
2142 	0.0807764085446957
2143 	0.080912166488612
2144 	0.0803960122667407
2145 	0.0798798580448694
2146 	0.0793637038229981
2147 	0.0790599765772396
2148 	0.0788127172618403
2149 	0.0785654579464409
2150 	0.0784743497265333
2151 	0.0788618509619131
2152 	0.0792493521972929
2153 	0.0796368534326728
2154 	0.0797411260260329
2155 	0.0797308342248682
2156 	0.0797205424237035
2157 	0.0798926785708988
2158 	0.0808527481971806
2159 	0.0818128178234625
2160 	0.0827728874497443
2161 	0.0832196522930029
2162 	0.0834170105032024
2163 	0.0836143687134019
2164 	0.0836929179547806
2165 	0.0831788452139567
2166 	0.0826647724731329
2167 	0.082150699732309
2168 	0.0818742147709725
2169 	0.0817147506562492
2170 	0.0815552865415259
2171 	0.0813140996632566
2172 	0.0807104900944797
2173 	0.0801068805257029
2174 	0.079503270956926
2175 	0.0796213176127066
2176 	0.0800384382059632
2177 	0.0804555587992197
2178 	0.0809019331226847
2179 	0.0814414542607461
2180 	0.0819809753988075
2181 	0.0825204965368689
2182 	0.0826574545422971
2183 	0.0826808691000597
2184 	0.0827042836578224
2185 	0.0826019032907819
2186 	0.0822464174726315
2187 	0.0818909316544811
2188 	0.0815354458363307
2189 	0.0811314632822027
2190 	0.0807216089259609
2191 	0.0803117545697191
2192 	0.0801055724250101
2193 	0.0801356148539361
2194 	0.080165657282862
2195 	0.0802015547581828
2196 	0.0803710030536511
2197 	0.0805404513491194
2198 	0.0807098996445877
2199 	0.0805460632313442
2200 	0.0801881623041672
2201 	0.0798302613769901
2202 	0.0794953207224463
2203 	0.0792368149148937
2204 	0.078978309107341
2205 	0.0787198032997883
2206 	0.0788573171934645
2207 	0.0790708253325494
2208 	0.0792843334716343
2209 	0.079555368496334
2210 	0.0798947560350139
2211 	0.0802341435736938
2212 	0.0804886544020446
2213 	0.0798294924074425
2214 	0.0791703304128403
2215 	0.0785111684182382
2216 	0.0782404396456157
2217 	0.0781192738033397
2218 	0.0779981079610637
2219 	0.0778753144882599
2220 	0.0777497377231446
2221 	0.0776241609580292
2222 	0.0775269096183837
2223 	0.0784907722944236
2224 	0.0794546349704635
2225 	0.0804184976465034
2226 	0.0810618492765152
2227 	0.0815625457010695
2228 	0.0820632421256237
2229 	0.0825965129459824
2230 	0.0831857267504401
2231 	0.0837749405548978
2232 	0.0843231525843152
2233 	0.0841387479917847
2234 	0.0839543433992543
2235 	0.0837699388067238
2236 	0.0831716438776563
2237 	0.0824339099582046
2238 	0.0816961760387529
2239 	0.0813240693133781
2240 	0.0813934594426614
2241 	0.0814628495719447
2242 	0.0815165593496914
2243 	0.0814920551583961
2244 	0.0814675509671007
2245 	0.0814430467758054
2246 	0.0814467127979616
2247 	0.0814538250078466
2248 	0.0814609372177315
2249 	0.0812550456485572
2250 	0.0809213518119475
2251 	0.0805876579753378
2252 	0.0804779131201849
2253 	0.080751127092401
2254 	0.0810243410646171
2255 	0.0812627029013485
2256 	0.0812502436318863
2257 	0.0812377843624241
2258 	0.0812253250929619
2259 	0.0810275108560789
2260 	0.0808056109454633
2261 	0.0805837110348477
2262 	0.0806271029860566
2263 	0.0808089958636061
2264 	0.0809908887411555
2265 	0.0812583620820786
2266 	0.0816347560127497
2267 	0.0820111499434209
2268 	0.0820655111869626
2269 	0.0810538331903516
2270 	0.0800421551937405
2271 	0.0790684674156059
2272 	0.0791741487859442
2273 	0.0792798301562826
2274 	0.0793855115266209
2275 	0.0791950479192437
2276 	0.0789506761244336
2277 	0.0787063043296235
2278 	0.0787204398721195
2279 	0.0788636352996574
2280 	0.0790068307271953
2281 	0.0791953642018031
2282 	0.0794295998845014
2283 	0.0796638355671997
2284 	0.0798539517243386
2285 	0.0799580413139414
2286 	0.0800621309035443
2287 	0.0801365454466457
2288 	0.0800844505809778
2289 	0.0800323557153099
2290 	0.0800338083457269
2291 	0.0810316643836849
2292 	0.0820295204216429
2293 	0.0830273764596009
2294 	0.0829447650244569
2295 	0.0827694750547035
2296 	0.0825941850849501
2297 	0.0824559795274897
2298 	0.0823269294733136
2299 	0.0821978794191374
2300 	0.081916794015324
2301 	0.0815680396986661
2302 	0.0812192853820083
2303 	0.080857121822719
2304 	0.080485716758373
2305 	0.0801143116940269
2306 	0.0799329067983599
2307 	0.0799399881258049
2308 	0.0799470694532499
2309 	0.0799427532322915
2310 	0.0799227619982082
2311 	0.079902770764125
2312 	0.0797009495008014
2313 	0.0791629239953782
2314 	0.078624898489955
2315 	0.078125635163295
2316 	0.0777208130213189
2317 	0.0773159908793428
2318 	0.0772394423761608
2319 	0.0782024270624944
2320 	0.079165411748828
2321 	0.0801684204046268
2322 	0.0813325305656594
2323 	0.082496640726692
2324 	0.0835408800355652
2325 	0.0839914732194589
2326 	0.0844420664033525
2327 	0.0846492622152303
2328 	0.0834440909636409
2329 	0.0822389197120515
2330 	0.0811258283626406
2331 	0.0805977152153043
2332 	0.0800696020679681
2333 	0.0795565078068896
2334 	0.0791396456688693
2335 	0.078722783530849
2336 	0.0784579192149167
2337 	0.0790893179188824
2338 	0.0797207166228482
2339 	0.0802684862263287
2340 	0.0803868229641268
2341 	0.080505159701925
2342 	0.0804992866214134
2343 	0.079970697222182
2344 	0.0794421078229506
2345 	0.0792839278352583
2346 	0.0803588423820823
2347 	0.0814337569289062
2348 	0.0822235117938447
2349 	0.0822799989053641
2350 	0.0823364860168835
2351 	0.0821003324133529
2352 	0.081293572577822
2353 	0.080486812742291
2354 	0.0800742249963873
2355 	0.0802335732236682
2356 	0.0803929214509492
2357 	0.0798444650968948
2358 	0.0785504158265675
2359 	0.0772563665562401
2360 	0.076924799656178
2361 	0.0773017267231167
2362 	0.0776786537900553
2363 	0.0791826471703403
2364 	0.0812293021089028
2365 	0.0832759570474652
2366 	0.0834293721543101
2367 	0.0830611803687433
2368 	0.0826929885831765
2369 	0.0819361680362851
2370 	0.0811376010997497
2371 	0.0803545418178852
2372 	0.08004058908981
2373 	0.0797266363617349
2374 	0.0795863259261707
2375 	0.0802878252010841
2376 	0.0809893244759975
2377 	0.0814810518112244
2378 	0.0815270137746177
2379 	0.0815729757380109
2380 	0.081939754233485
2381 	0.0826540839720465
2382 	0.0833684137106081
2383 	0.0836028817256086
2384 	0.0835778251412716
2385 	0.0835527685569347
2386 	0.0836261098734651
2387 	0.0837197479825748
2388 	0.0838069894568482
2389 	0.0835452589639371
2390 	0.083283528471026
2391 	0.0829179548059424
2392 	0.0821798794865513
2393 	0.0814418041671602
2394 	0.0799294644091958
2395 	0.0773823600277168
2396 	0.0748352556462379
2397 	0.0740629948489666
2398 	0.0742548466159557
2399 	0.0744466983829448
2400 	0.0757373305919815
