 	avmm10
200 	0
201 	0
202 	0
203 	0.0575593081917109
204 	0.0595302469654224
205 	0.061501185739134
206 	0.0634721245128455
207 	0.065443063286557
208 	0.0674140020602685
209 	0.0693480446937122
210 	0.0698431378567085
211 	0.0703382310197048
212 	0.0708333241827011
213 	0.0713284173456974
214 	0.0718235105086937
215 	0.07231860367169
216 	0.0715064816268551
217 	0.0698192455614184
218 	0.0681320094959818
219 	0.0664447734305452
220 	0.0647575373651086
221 	0.0630703012996719
222 	0.0613549287055223
223 	0.0595096222540574
224 	0.0576643158025925
225 	0.0558190093511276
226 	0.0539737028996628
227 	0.0521283964481979
228 	0.050283089996733
229 	0.048287504865558
230 	0.0462454985715407
231 	0.0442034922775233
232 	0.0421614859835059
233 	0.0401194796894886
234 	0.0380774733954712
235 	0.0365255642954638
236 	0.0358680133517571
237 	0.0352104624080505
238 	0.0345529114643438
239 	0.0338953605206371
240 	0.0332378095769304
241 	0.0325802586332237
242 	0.0332784610850321
243 	0.0340465183385022
244 	0.0348145755919723
245 	0.0355826328454424
246 	0.0363506900989125
247 	0.0371187473523826
248 	0.0379869980464434
249 	0.0389362369284681
250 	0.0398854758104928
251 	0.0408347146925174
252 	0.0417839535745421
253 	0.0427331924565668
254 	0.0437384669767266
255 	0.0450357533005847
256 	0.0463330396244428
257 	0.0476303259483009
258 	0.048927612272159
259 	0.0502248985960171
260 	0.0515221849198752
261 	0.0511394181987433
262 	0.0502660933533635
263 	0.0493927685079838
264 	0.0485194436626041
265 	0.0476461188172243
266 	0.0467727939718446
267 	0.0479505968165708
268 	0.0522964263989419
269 	0.056642255981313
270 	0.060988085563684
271 	0.0653339151460551
272 	0.0696797447284262
273 	0.0741639011036691
274 	0.0861945525122678
275 	0.0982252039208665
276 	0.110255855329465
277 	0.122286506738064
278 	0.134317158146663
279 	0.146347809555261
280 	0.153140521542879
281 	0.157087933104285
282 	0.161035344665692
283 	0.164982756227098
284 	0.168930167788504
285 	0.172877579349911
286 	0.174461391873769
287 	0.170086271612826
288 	0.165711151351882
289 	0.161336031090938
290 	0.156960910829994
291 	0.152585790569051
292 	0.148210670308107
293 	0.148727271253504
294 	0.149634787284505
295 	0.150542303315506
296 	0.151449819346507
297 	0.152357335377509
298 	0.15326485140851
299 	0.151608366025212
300 	0.148048980637573
301 	0.144489595249935
302 	0.140930209862296
303 	0.137370824474658
304 	0.13381143908702
305 	0.129835756294235
306 	0.124442461632827
307 	0.119049166971419
308 	0.113655872310011
309 	0.108262577648602
310 	0.102869282987194
311 	0.0974759883257859
312 	0.0973244293530222
313 	0.0978473149271043
314 	0.0983702005011863
315 	0.0988930860752684
316 	0.0994159716493505
317 	0.0999388572234325
318 	0.102038904404203
319 	0.105424152240878
320 	0.108809400077553
321 	0.112194647914227
322 	0.115579895750902
323 	0.118965143587577
324 	0.121580519357511
325 	0.121482183181786
326 	0.12138384700606
327 	0.121285510830335
328 	0.121187174654609
329 	0.121088838478883
330 	0.120990502303158
331 	0.123023877372535
332 	0.125299384454162
333 	0.127574891535789
334 	0.129850398617416
335 	0.132125905699043
336 	0.134401412780671
337 	0.134809712735674
338 	0.13386589718519
339 	0.132922081634707
340 	0.131978266084223
341 	0.13103445053374
342 	0.130090634983257
343 	0.12660059315425
344 	0.116155933280918
345 	0.105711273407586
346 	0.0952666135342544
347 	0.0848219536609225
348 	0.0743772937875906
349 	0.0639326339142587
350 	0.0573863179126265
351 	0.0509982073334668
352 	0.0446100967543072
353 	0.0382219861751476
354 	0.031833875595988
355 	0.0254457650168284
356 	0.0221186392307882
357 	0.0203613679755611
358 	0.018604096720334
359 	0.0168468254651069
360 	0.0150895542098798
361 	0.0133322829546527
362 	0.0128003215843921
363 	0.0143908915449206
364 	0.0159814615054491
365 	0.0175720314659776
366 	0.0191626014265061
367 	0.0207531713870346
368 	0.0225908099765771
369 	0.0273900634307945
370 	0.0321893168850119
371 	0.0369885703392293
372 	0.0417878237934466
373 	0.046587077247664
374 	0.0513863307018814
375 	0.0623611602542585
376 	0.0749284339577333
377 	0.087495707661208
378 	0.100062981364683
379 	0.112630255068157
380 	0.125197528771632
381 	0.128024021767563
382 	0.121750326984493
383 	0.115476632201422
384 	0.109202937418352
385 	0.102929242635282
386 	0.0966555478522112
387 	0.0914032466933557
388 	0.0892815585127855
389 	0.0871598703322153
390 	0.085038182151645
391 	0.0829164939710748
392 	0.0807948057905045
393 	0.0786731176099343
394 	0.0890669648702551
395 	0.0997032129189317
396 	0.110339460967608
397 	0.120975709016285
398 	0.131611957064961
399 	0.142248205113638
400 	0.139007586154542
401 	0.13042379679633
402 	0.121840007438119
403 	0.113256218079908
404 	0.104672428721696
405 	0.096088639363485
406 	0.0888715125498836
407 	0.0832079423040867
408 	0.0775443720582897
409 	0.0718808018124928
410 	0.0662172315666958
411 	0.0605536613208989
412 	0.0561084962192081
413 	0.0559580714218554
414 	0.0558076466245026
415 	0.0556572218271499
416 	0.0555067970297972
417 	0.0553563722324444
418 	0.0552059474350917
419 	0.0548968102379534
420 	0.0545842685868871
421 	0.0542717269358208
422 	0.0539591852847545
423 	0.0536466436336882
424 	0.053334101982622
425 	0.0547607626629208
426 	0.0567890047687391
427 	0.0588172468745573
428 	0.0608454889803755
429 	0.0628737310861937
430 	0.0649019731920119
431 	0.0675344509975802
432 	0.0707405404713322
433 	0.0739466299450842
434 	0.0771527194188362
435 	0.0803588088925882
436 	0.0835648983663402
437 	0.0874827362698752
438 	0.0931431306739131
439 	0.098803525077951
440 	0.104463919481989
441 	0.110124313886027
442 	0.115784708290065
443 	0.12087861100711
444 	0.118671065314034
445 	0.116463519620958
446 	0.114255973927881
447 	0.112048428234805
448 	0.109840882541729
449 	0.107633336848653
450 	0.104355780952874
451 	0.100904037349678
452 	0.097452293746483
453 	0.0940005501432876
454 	0.0905488065400922
455 	0.0870970629368968
456 	0.0813397759425906
457 	0.0743627366343328
458 	0.067385697326075
459 	0.0604086580178172
460 	0.0534316187095595
461 	0.0464545794013017
462 	0.0425421156323488
463 	0.0423152427102252
464 	0.0420883697881015
465 	0.0418614968659778
466 	0.0416346239438542
467 	0.0414077510217305
468 	0.0434978331735439
469 	0.0521481827569256
470 	0.0607985323403073
471 	0.069448881923689
472 	0.0780992315070707
473 	0.0867495810904524
474 	0.0951851849321139
475 	0.100893812026177
476 	0.10660243912024
477 	0.112311066214304
478 	0.118019693308367
479 	0.12372832040243
480 	0.129436947496494
481 	0.12588334120673
482 	0.121196644637687
483 	0.116509948068645
484 	0.111823251499603
485 	0.107136554930561
486 	0.102449858361519
487 	0.0971751696731969
488 	0.0916661065037638
489 	0.0861570433343307
490 	0.0806479801648976
491 	0.0751389169954646
492 	0.0696298538260315
493 	0.0645250337923406
494 	0.0597563426663915
495 	0.0549876515404423
496 	0.0502189604144931
497 	0.0454502692885439
498 	0.0406815781625948
499 	0.0376315500712675
500 	0.0373619768369986
501 	0.0370924036027298
502 	0.0368228303684609
503 	0.036553257134192
504 	0.0362836838999232
505 	0.0365610795104032
506 	0.0387224789194627
507 	0.0408838783285221
508 	0.0430452777375815
509 	0.045206677146641
510 	0.0473680765557004
511 	0.0495037399233185
512 	0.0513173549885759
513 	0.0531309700538333
514 	0.0549445851190907
515 	0.0567582001843481
516 	0.0585718152496055
517 	0.0603854303148629
518 	0.0629655303812731
519 	0.065605099111566
520 	0.0682446678418588
521 	0.0708842365721516
522 	0.0735238053024444
523 	0.0761633740327372
524 	0.0772603348986643
525 	0.0779447605815989
526 	0.0786291862645334
527 	0.0793136119474679
528 	0.0799980376304024
529 	0.0806824633133369
530 	0.0799367076155865
531 	0.0784409787547937
532 	0.076945249894001
533 	0.0754495210332082
534 	0.0739537921724155
535 	0.0724580633116228
536 	0.0698657354935353
537 	0.0662970407399359
538 	0.0627283459863364
539 	0.059159651232737
540 	0.0555909564791375
541 	0.0520222617255381
542 	0.050275769570697
543 	0.0511623378947464
544 	0.0520489062187957
545 	0.0529354745428451
546 	0.0538220428668944
547 	0.0547086111909438
548 	0.0553644336700352
549 	0.0554661521813022
550 	0.0555678706925693
551 	0.0556695892038364
552 	0.0557713077151034
553 	0.0558730262263705
554 	0.0558960727208135
555 	0.055574823399693
556 	0.0552535740785725
557 	0.054932324757452
558 	0.0546110754363315
559 	0.054289826115211
560 	0.0541006715148189
561 	0.0553709248530776
562 	0.0566411781913363
563 	0.057911431529595
564 	0.0591816848678537
565 	0.0604519382061124
566 	0.061722191544371
567 	0.0613768627074353
568 	0.0610102546726499
569 	0.0606436466378645
570 	0.0602770386030791
571 	0.0599104305682936
572 	0.0595438225335082
573 	0.0604157178169702
574 	0.0614282894238855
575 	0.0624408610308009
576 	0.0634534326377162
577 	0.0644660042446316
578 	0.0654785758515469
579 	0.0637323176380642
580 	0.0613556634213945
581 	0.0589790092047248
582 	0.0566023549880552
583 	0.0542257007713855
584 	0.0518490465547158
585 	0.0473194787741164
586 	0.0420216392603912
587 	0.0367237997466661
588 	0.031425960232941
589 	0.0261281207192158
590 	0.0208302812054907
591 	0.020076959982972
592 	0.0216027215070939
593 	0.0231284830312158
594 	0.0246542445553377
595 	0.0261800060794596
596 	0.0277057676035815
597 	0.0325492814419905
598 	0.0395954295123471
599 	0.0466415775827038
600 	0.0536877256530604
601 	0.0607338737234171
602 	0.0677800217937737
603 	0.077166736198397
604 	0.0885312723393561
605 	0.0998958084803151
606 	0.111260344621274
607 	0.122624880762233
608 	0.133989416903192
609 	0.144422906540884
610 	0.153887347777217
611 	0.163351789013549
612 	0.172816230249881
613 	0.182280671486213
614 	0.191745112722546
615 	0.198223308665243
616 	0.200961972213207
617 	0.203700635761171
618 	0.206439299309136
619 	0.2091779628571
620 	0.211916626405064
621 	0.209345951366844
622 	0.198942687721282
623 	0.18853942407572
624 	0.178136160430158
625 	0.167732896784596
626 	0.157329633139034
627 	0.154552965421907
628 	0.164762123204547
629 	0.174971280987187
630 	0.185180438769828
631 	0.195389596552468
632 	0.205598754335108
633 	0.216066200177537
634 	0.227028384373556
635 	0.237990568569575
636 	0.248952752765594
637 	0.259914936961612
638 	0.270877121157631
639 	0.286842845876777
640 	0.313295867605697
641 	0.339748889334617
642 	0.366201911063537
643 	0.392654932792458
644 	0.419107954521378
645 	0.437074226005276
646 	0.435972863821785
647 	0.434871501638295
648 	0.433770139454804
649 	0.432668777271314
650 	0.431567415087823
651 	0.422944744512543
652 	0.396772354356415
653 	0.370599964200287
654 	0.344427574044159
655 	0.318255183888031
656 	0.292082793731903
657 	0.269202451817625
658 	0.25407720341267
659 	0.238951955007714
660 	0.223826706602759
661 	0.208701458197804
662 	0.193576209792848
663 	0.181753932028408
664 	0.177529576826472
665 	0.173305221624537
666 	0.169080866422601
667 	0.164856511220666
668 	0.16063215601873
669 	0.160135077251416
670 	0.167781029166109
671 	0.175426981080803
672 	0.183072932995497
673 	0.190718884910191
674 	0.198364836824885
675 	0.203857488993939
676 	0.204998003610627
677 	0.206138518227316
678 	0.207279032844004
679 	0.208419547460693
680 	0.209560062077382
681 	0.204273788874356
682 	0.187310675829879
683 	0.170347562785401
684 	0.153384449740924
685 	0.136421336696447
686 	0.119458223651969
687 	0.105771899190178
688 	0.0973199253215098
689 	0.0888679514528411
690 	0.0804159775841725
691 	0.0719640037155038
692 	0.0635120298468352
693 	0.058966614059967
694 	0.0597718868306352
695 	0.0605771596013035
696 	0.0613824323719717
697 	0.06218770514264
698 	0.0629929779133082
699 	0.0629500036025144
700 	0.0619310891012214
701 	0.0609121745999283
702 	0.0598932600986353
703 	0.0588743455973423
704 	0.0578554310960493
705 	0.056190191470811
706 	0.0539138350941382
707 	0.0516374787174653
708 	0.0493611223407925
709 	0.0470847659641197
710 	0.0448084095874468
711 	0.0419719075642169
712 	0.0387128395269178
713 	0.0354537714896186
714 	0.0321947034523195
715 	0.0289356354150203
716 	0.0256765673777211
717 	0.0263155113686667
718 	0.0292241838823882
719 	0.0321328563961097
720 	0.0350415289098312
721 	0.0379502014235527
722 	0.0408588739372742
723 	0.0486677592313764
724 	0.058566749548779
725 	0.0684657398661817
726 	0.0783647301835844
727 	0.088263720500987
728 	0.0981627108183897
729 	0.106615822923295
730 	0.114653966120366
731 	0.122692109317438
732 	0.130730252514509
733 	0.13876839571158
734 	0.146806538908652
735 	0.146204278040743
736 	0.144183743630155
737 	0.142163209219568
738 	0.14014267480898
739 	0.138122140398392
740 	0.136101605987804
741 	0.13886298397601
742 	0.141891987473336
743 	0.144920990970662
744 	0.147949994467987
745 	0.150978997965313
746 	0.153895967060874
747 	0.154257484801897
748 	0.15461900254292
749 	0.154980520283943
750 	0.155342038024966
751 	0.155703555765989
752 	0.155473579010096
753 	0.151698771597862
754 	0.147923964185627
755 	0.144149156773392
756 	0.140374349361158
757 	0.136599541948923
758 	0.132474434461516
759 	0.127304009219908
760 	0.122133583978301
761 	0.116963158736693
762 	0.111792733495085
763 	0.106622308253478
764 	0.101231556536565
765 	0.0954591463897532
766 	0.0896867362429412
767 	0.0839143260961292
768 	0.0781419159493172
769 	0.0723695058025052
770 	0.0664371930395714
771 	0.0603364407651991
772 	0.0542356884908268
773 	0.0481349362164545
774 	0.0420341839420822
775 	0.0359334316677099
776 	0.0328383415026463
777 	0.0316248446905647
778 	0.030411347878483
779 	0.0291978510664014
780 	0.0279843542543197
781 	0.026770857442238
782 	0.0291918025753346
783 	0.0328306982134241
784 	0.0364695938515135
785 	0.0401084894896029
786 	0.0437473851276923
787 	0.0473862807657818
788 	0.0502720361043516
789 	0.053064706686801
790 	0.0558573772692504
791 	0.0586500478516998
792 	0.0614427184341491
793 	0.0643408501951118
794 	0.069983822899539
795 	0.0756267956039662
796 	0.0812697683083933
797 	0.0869127410128205
798 	0.0925557137172477
799 	0.0978750636347279
800 	0.101823676198072
801 	0.105772288761415
802 	0.109720901324759
803 	0.113669513888103
804 	0.117618126451447
805 	0.118951675839957
806 	0.115471131656614
807 	0.111990587473271
808 	0.108510043289928
809 	0.105029499106586
810 	0.101548954923243
811 	0.0956670450232517
812 	0.0875595919446331
813 	0.0794521388660145
814 	0.0713446857873959
815 	0.0632372327087773
816 	0.0551297796301587
817 	0.0506344052040422
818 	0.047739186833219
819 	0.0448439684623959
820 	0.0419487500915727
821 	0.0390535317207495
822 	0.0361583133499263
823 	0.0366954901871238
824 	0.0377274974547682
825 	0.0387595047224125
826 	0.0397915119900568
827 	0.0408235192577011
828 	0.042507198066258
829 	0.0540500366389408
830 	0.0655928752116236
831 	0.0771357137843064
832 	0.0886785523569892
833 	0.100221390929672
834 	0.111050809122855
835 	0.119806849338115
836 	0.128562889553375
837 	0.137318929768636
838 	0.146074969983896
839 	0.154831010199156
840 	0.153522929503083
841 	0.140208529123314
842 	0.126894128743546
843 	0.113579728363777
844 	0.100265327984009
845 	0.0869509276042399
846 	0.080870756192864
847 	0.0784512789582653
848 	0.0760318017236665
849 	0.0736123244890678
850 	0.071192847254469
851 	0.0687733700198703
852 	0.0693368526371164
853 	0.0703148239809286
854 	0.0712927953247407
855 	0.0722707666685528
856 	0.0732487380123649
857 	0.0740752591366703
858 	0.0735234302834456
859 	0.0729716014302209
860 	0.0724197725769962
861 	0.0718679437237714
862 	0.0713161148705467
863 	0.0710917353585285
864 	0.0715412806374337
865 	0.0719908259163388
866 	0.072440371195244
867 	0.0728899164741492
868 	0.0733394617530544
869 	0.0723540480782824
870 	0.070245734259724
871 	0.0681374204411656
872 	0.0660291066226071
873 	0.0639207928040487
874 	0.0618124789854903
875 	0.059538588666168
876 	0.0572238203578791
877 	0.0549090520495902
878 	0.0525942837413012
879 	0.0502795154330123
880 	0.0481387509427987
881 	0.0493040589960182
882 	0.0504693670492378
883 	0.0516346751024573
884 	0.0527999831556768
885 	0.0539652912088964
886 	0.0557900243304644
887 	0.0591173817881058
888 	0.0624447392457472
889 	0.0657720967033885
890 	0.0690994541610299
891 	0.0724268116186713
892 	0.0750108062640703
893 	0.0770248018626263
894 	0.0790387974611823
895 	0.0810527930597384
896 	0.0830667886582944
897 	0.0850807842568504
898 	0.0833793041232595
899 	0.0809436281863104
900 	0.0785079522493613
901 	0.0760722763124122
902 	0.0736366003754631
903 	0.0709974005364498
904 	0.066711507308008
905 	0.0624256140795662
906 	0.0581397208511244
907 	0.0538538276226827
908 	0.0495679343942409
909 	0.0473979589144425
910 	0.0485098150447842
911 	0.0496216711751258
912 	0.0507335273054674
913 	0.0518453834358091
914 	0.0529572395661507
915 	0.0539577133065841
916 	0.0549060123298651
917 	0.0558543113531461
918 	0.0568026103764271
919 	0.0577509093997081
920 	0.0586992084229891
921 	0.0581463549143991
922 	0.0575565878189598
923 	0.0569668207235204
924 	0.0563770536280811
925 	0.0557872865326418
926 	0.0553686376300371
927 	0.0553921973906359
928 	0.0554157571512347
929 	0.0554393169118334
930 	0.0554628766724322
931 	0.055486436433031
932 	0.0540663161374061
933 	0.0516346377071482
934 	0.0492029592768902
935 	0.0467712808466323
936 	0.0443396024163744
937 	0.0419079239861164
938 	0.0435484780441713
939 	0.0456165040208891
940 	0.0476845299976068
941 	0.0497525559743246
942 	0.0518205819510423
943 	0.0542112224460521
944 	0.0576942243801912
945 	0.0611772263143304
946 	0.0646602282484695
947 	0.0681432301826087
948 	0.0716262321167478
949 	0.077459812135296
950 	0.08515531959705
951 	0.0928508270588039
952 	0.100546334520558
953 	0.108241841982312
954 	0.115937349444066
955 	0.119013945256941
956 	0.121548657580283
957 	0.124083369903625
958 	0.126618082226967
959 	0.129152794550309
960 	0.12904223791543
961 	0.120508879283872
962 	0.111975520652314
963 	0.103442162020756
964 	0.0949088033891976
965 	0.0863754447576396
966 	0.08200567389863
967 	0.0805292436951198
968 	0.0790528134916096
969 	0.0775763832880994
970 	0.0760999530845892
971 	0.074623522881079
972 	0.0747215048647511
973 	0.0749076007300712
974 	0.0750936965953913
975 	0.0752797924607114
976 	0.0754658883260315
977 	0.0753399072674116
978 	0.0745257565816417
979 	0.0737116058958718
980 	0.072897455210102
981 	0.0720833045243321
982 	0.0712691538385622
983 	0.0695867633362237
984 	0.0675032561934821
985 	0.0654197490507405
986 	0.0633362419079989
987 	0.0612527347652573
988 	0.0592059279408563
989 	0.0577049655336798
990 	0.0562040031265033
991 	0.0547030407193268
992 	0.0532020783121503
993 	0.0517011159049738
994 	0.0505786412967953
995 	0.049922517726668
996 	0.0492663941565407
997 	0.0486102705864134
998 	0.047954147016286
999 	0.0472980234461587
1000 	0.0472852941382173
1001 	0.0473942053626035
1002 	0.0475031165869896
1003 	0.0476120278113758
1004 	0.047720939035762
1005 	0.0482359057407038
1006 	0.050029694477769
1007 	0.0518234832148341
1008 	0.0536172719518992
1009 	0.0554110606889644
1010 	0.0572048494260295
1011 	0.0579066972877073
1012 	0.0580153920812736
1013 	0.0581240868748398
1014 	0.0582327816684061
1015 	0.0583414764619723
1016 	0.0584125423555299
1017 	0.0579043699358399
1018 	0.0573961975161499
1019 	0.0568880250964599
1020 	0.05637985267677
1021 	0.05587168025708
1022 	0.0556745014944492
1023 	0.0558115441308989
1024 	0.0559485867673485
1025 	0.0560856294037982
1026 	0.0562226720402478
1027 	0.0563597146766974
1028 	0.0564791195665073
1029 	0.0565967800637923
1030 	0.0567144405610773
1031 	0.0568321010583623
1032 	0.0569497615556474
1033 	0.056875738041472
1034 	0.056437792708437
1035 	0.0559998473754021
1036 	0.0555619020423671
1037 	0.0551239567093321
1038 	0.0546860113762972
1039 	0.0561441378985752
1040 	0.0581154325341715
1041 	0.0600867271697679
1042 	0.0620580218053642
1043 	0.0640293164409606
1044 	0.0651668039318241
1045 	0.0636050174456729
1046 	0.0620432309595216
1047 	0.0604814444733704
1048 	0.0589196579872191
1049 	0.0573578715010679
1050 	0.0564717725008317
1051 	0.055885004031874
1052 	0.0552982355629162
1053 	0.0547114670939584
1054 	0.0541246986250007
1055 	0.0538928296505324
1056 	0.0555810579411234
1057 	0.0572692862317144
1058 	0.0589575145223053
1059 	0.0606457428128963
1060 	0.0623339711034873
1061 	0.062524918050605
1062 	0.0618251378189099
1063 	0.0611253575872147
1064 	0.0604255773555196
1065 	0.0597257971238245
1066 	0.0591183049120749
1067 	0.059305909487548
1068 	0.0594935140630211
1069 	0.0596811186384942
1070 	0.0598687232139673
1071 	0.0600563277894404
1072 	0.0630232590837152
1073 	0.0679295847437418
1074 	0.0728359104037684
1075 	0.077742236063795
1076 	0.0826485617238215
1077 	0.0870219446461143
1078 	0.0853487303341111
1079 	0.0836755160221078
1080 	0.0820023017101046
1081 	0.0803290873981014
1082 	0.0786558730860981
1083 	0.077673091608163
1084 	0.0771902787342083
1085 	0.0767074658602536
1086 	0.076224652986299
1087 	0.0757418401123443
1088 	0.0759772736127715
1089 	0.0838461627665107
1090 	0.0917150519202499
1091 	0.0995839410739891
1092 	0.107452830227728
1093 	0.115321719381467
1094 	0.115613518535508
1095 	0.110853924356415
1096 	0.106094330177322
1097 	0.101334735998229
1098 	0.0965751418191362
1099 	0.0912567729868401
1100 	0.0818407233643848
1101 	0.0724246737419294
1102 	0.063008624119474
1103 	0.0535925744970187
1104 	0.0441765248745633
1105 	0.0413271467312099
1106 	0.0420448493913208
1107 	0.0427625520514316
1108 	0.0434802547115424
1109 	0.0441979573716532
1110 	0.0462106383862882
1111 	0.0540047254973506
1112 	0.0617988126084131
1113 	0.0695928997194756
1114 	0.0773869868305381
1115 	0.0851810739416006
1116 	0.0913594824394032
1117 	0.0969281169151218
1118 	0.10249675139084
1119 	0.108065385866559
1120 	0.113634020342278
1121 	0.119838734088324
1122 	0.127720384092508
1123 	0.135602034096692
1124 	0.143483684100875
1125 	0.151365334105059
1126 	0.159246984109243
1127 	0.157758601570251
1128 	0.154378193229274
1129 	0.150997784888296
1130 	0.147617376547319
1131 	0.144236968206341
1132 	0.141591020513597
1133 	0.140065310779267
1134 	0.138539601044938
1135 	0.137013891310609
1136 	0.13548818157628
1137 	0.133962471841951
1138 	0.138071324986193
1139 	0.142366444671874
1140 	0.146661564357556
1141 	0.150956684043237
1142 	0.155251803728919
1143 	0.154440730838419
1144 	0.149400946362893
1145 	0.144361161887367
1146 	0.13932137741184
1147 	0.134281592936314
1148 	0.128822047954292
1149 	0.120602259641684
1150 	0.112382471329076
1151 	0.104162683016468
1152 	0.0959428947038601
1153 	0.0877231063912521
1154 	0.0828787570786467
1155 	0.0793083337798157
1156 	0.0757379104809846
1157 	0.0721674871821536
1158 	0.0685970638833226
1159 	0.0649242507950359
1160 	0.0610397483874449
1161 	0.0571552459798539
1162 	0.053270743572263
1163 	0.049386241164672
1164 	0.045501738757081
1165 	0.0436421274977244
1166 	0.0419256027649025
1167 	0.0402090780320807
1168 	0.0384925532992588
1169 	0.036776028566437
1170 	0.0359955217824806
1171 	0.035980847865778
1172 	0.0359661739490754
1173 	0.0359515000323728
1174 	0.0359368261156702
1175 	0.0362776439734828
1176 	0.0383297826993099
1177 	0.0403819214251371
1178 	0.0424340601509642
1179 	0.0444861988767914
1180 	0.0465383376026185
1181 	0.0479940988072063
1182 	0.0493026246636576
1183 	0.050611150520109
1184 	0.0519196763765603
1185 	0.0532282022330116
1186 	0.0534136833351216
1187 	0.0521698347498886
1188 	0.0509259861646555
1189 	0.0496821375794224
1190 	0.0484382889941894
1191 	0.0473693459848681
1192 	0.0482077066366785
1193 	0.0490460672884889
1194 	0.0498844279402993
1195 	0.0507227885921097
1196 	0.0515611492439201
1197 	0.0584878191440048
1198 	0.0675871150037849
1199 	0.076686410863565
1200 	0.0857857067233451
1201 	0.0948850025831251
1202 	0.102602659476011
1203 	0.108212968045653
1204 	0.113823276615295
1205 	0.119433585184938
1206 	0.12504389375458
1207 	0.130161538394044
1208 	0.127951784579927
1209 	0.12574203076581
1210 	0.123532276951693
1211 	0.121322523137575
1212 	0.119112769323458
1213 	0.114849405421362
1214 	0.109856982111339
1215 	0.104864558801316
1216 	0.0998721354912935
1217 	0.0948797121812707
1218 	0.0915459779811563
1219 	0.0905122398976445
1220 	0.0894785018141328
1221 	0.088444763730621
1222 	0.0874110256471092
1223 	0.0863136050906188
1224 	0.0846956241357426
1225 	0.0830776431808665
1226 	0.0814596622259903
1227 	0.0798416812711142
1228 	0.078223700316238
1229 	0.0743274173876661
1230 	0.0698827590460707
1231 	0.0654381007044754
1232 	0.0609934423628801
1233 	0.0565487840212847
1234 	0.0547717308438507
1235 	0.0555576708633561
1236 	0.0563436108828616
1237 	0.057129550902367
1238 	0.0579154909218724
1239 	0.0597380214254309
1240 	0.0651932879496806
1241 	0.0706485544739303
1242 	0.0761038209981799
1243 	0.0815590875224296
1244 	0.0870143540466793
1245 	0.0918811789972705
1246 	0.0967111090989289
1247 	0.101541039200587
1248 	0.106370969302246
1249 	0.111200899403904
1250 	0.109243407394638
1251 	0.10389729235248
1252 	0.0985511773103229
1253 	0.0932050622681654
1254 	0.0878589472260079
1255 	0.0815181428480374
1256 	0.0736976762242558
1257 	0.0658772096004742
1258 	0.0580567429766926
1259 	0.0502362763529111
1260 	0.0436377498562914
1261 	0.0443029785600228
1262 	0.0449682072637542
1263 	0.0456334359674855
1264 	0.0462986646712169
1265 	0.0469638933749483
1266 	0.0495694884895609
1267 	0.0524075799154436
1268 	0.0552456713413264
1269 	0.0580837627672091
1270 	0.0609218541930919
1271 	0.0611349316269076
1272 	0.0599345399880725
1273 	0.0587341483492373
1274 	0.0575337567104022
1275 	0.0563333650715671
1276 	0.0554164196094806
1277 	0.0549006805714878
1278 	0.054384941533495
1279 	0.0538692024955021
1280 	0.0533534634575093
1281 	0.0540667976014093
1282 	0.0601589788961763
1283 	0.0662511601909434
1284 	0.0723433414857104
1285 	0.0784355227804775
1286 	0.0845277040752446
1287 	0.0821128315662433
1288 	0.0793985389440649
1289 	0.0766842463218866
1290 	0.0739699536997083
1291 	0.0712556610775299
1292 	0.0654915374684215
1293 	0.058727004491754
1294 	0.0519624715150865
1295 	0.0451979385384191
1296 	0.0384334055617516
1297 	0.0338467835323437
1298 	0.03105654060542
1299 	0.0282662976784963
1300 	0.0254760547515726
1301 	0.0226858118246489
1302 	0.0231415550999214
1303 	0.0296255584649895
1304 	0.0361095618300575
1305 	0.0425935651951255
1306 	0.0490775685601936
1307 	0.0556604423850124
1308 	0.0627623861235226
1309 	0.0698643298620328
1310 	0.076966273600543
1311 	0.0840682173390531
1312 	0.0911701610775633
1313 	0.0842762556913419
1314 	0.0770675152532359
1315 	0.06985877481513
1316 	0.062650034377024
1317 	0.055441293938918
1318 	0.0532337330874123
1319 	0.0522531116861675
1320 	0.0512724902849228
1321 	0.050291868883678
1322 	0.0493112474824332
1323 	0.0574535422140805
1324 	0.0708171285689561
1325 	0.0841807149238316
1326 	0.0975443012787071
1327 	0.110907887633583
1328 	0.122912227314146
1329 	0.133426239928326
1330 	0.143940252542506
1331 	0.154454265156686
1332 	0.164968277770866
1333 	0.17275284022269
1334 	0.174894306326576
1335 	0.177035772430462
1336 	0.179177238534348
1337 	0.181318704638234
1338 	0.180493315413989
1339 	0.166333378616059
1340 	0.152173441818128
1341 	0.138013505020197
1342 	0.123853568222267
1343 	0.109966352987015
1344 	0.101866895359713
1345 	0.0937674377324106
1346 	0.0856679801051087
1347 	0.0775685224778067
1348 	0.0694690648505047
1349 	0.0666566974282281
1350 	0.0643228779743458
1351 	0.0619890585204635
1352 	0.0596552390665811
1353 	0.0573214196126988
1354 	0.0684991597026541
1355 	0.0831396612837425
1356 	0.0977801628648309
1357 	0.112420664445919
1358 	0.127061166027008
1359 	0.145562640949749
1360 	0.165856104963712
1361 	0.186149568977675
1362 	0.206443032991638
1363 	0.226736497005601
1364 	0.236299939984978
1365 	0.238029353766091
1366 	0.239758767547205
1367 	0.241488181328318
1368 	0.243217595109432
1369 	0.241209987067557
1370 	0.235153938717445
1371 	0.229097890367333
1372 	0.223041842017221
1373 	0.216985793667109
1374 	0.213293531059244
1375 	0.213298471791817
1376 	0.21330341252439
1377 	0.213308353256963
1378 	0.213313293989536
1379 	0.210300281779977
1380 	0.200506673999134
1381 	0.190713066218291
1382 	0.180919458437448
1383 	0.171125850656605
1384 	0.158784794565473
1385 	0.13810465554407
1386 	0.117424516522668
1387 	0.0967443775012658
1388 	0.0760642384798635
1389 	0.0569882230455578
1390 	0.0458564387092604
1391 	0.034724654372963
1392 	0.0235928700366657
1393 	0.0124610857003683
1394 	0.00263780857297075
1395 	0.00351067752934099
1396 	0.00438354648571124
1397 	0.00525641544208149
1398 	0.00612928439845173
1399 	0.00734510044837933
1400 	0.014130850328153
1401 	0.0209166002079266
1402 	0.0277023500877003
1403 	0.0344880999674739
1404 	0.041372144218041
1405 	0.0543012922723732
1406 	0.0672304403267054
1407 	0.0801595883810377
1408 	0.0930887364353699
1409 	0.106017884489702
1410 	0.122590842519487
1411 	0.139238164018158
1412 	0.155885485516829
1413 	0.172532807015501
1414 	0.189180128514172
1415 	0.205668704360301
1416 	0.222149451197332
1417 	0.238630198034363
1418 	0.255110944871395
1419 	0.271591691708426
1420 	0.282388453376354
1421 	0.292783562987365
1422 	0.303178672598376
1423 	0.313573782209386
1424 	0.323968891820397
1425 	0.349212711066738
1426 	0.375712711822358
1427 	0.402212712577978
1428 	0.428712713333598
1429 	0.455212714089218
1430 	0.487340851326326
1431 	0.519965048470942
1432 	0.552589245615558
1433 	0.585213442760175
1434 	0.617837639904791
1435 	0.633216086148593
1436 	0.647155829446174
1437 	0.661095572743754
1438 	0.675035316041335
1439 	0.688975059338915
1440 	0.706122968942876
1441 	0.723493906151025
1442 	0.740864843359173
1443 	0.758235780567322
1444 	0.77560671777547
1445 	0.792200081870506
1446 	0.808756806394766
1447 	0.825313530919026
1448 	0.841870255443287
1449 	0.858426979967547
1450 	0.876385845720114
1451 	0.894367510517044
1452 	0.912349175313973
1453 	0.930330840110903
1454 	0.948177077091415
1455 	0.959387351067476
1456 	0.970597625043536
1457 	0.981807899019597
1458 	0.993018172995657
1459 	1
1460 	0.945140790043061
1461 	0.890281580086121
1462 	0.835422370129182
1463 	0.780563160172243
1464 	0.725232272979933
1465 	0.666271521845864
1466 	0.607310770711795
1467 	0.548350019577725
1468 	0.489389268443656
1469 	0.434502004064058
1470 	0.3988183200984
1471 	0.363134636132742
1472 	0.327450952167084
1473 	0.291767268201426
1474 	0.259238746853251
1475 	0.236539271189995
1476 	0.213839795526739
1477 	0.191140319863484
1478 	0.168440844200228
1479 	0.148952630514309
1480 	0.136319806817629
1481 	0.123686983120949
1482 	0.111054159424268
1483 	0.0984213357275882
1484 	0.0887676417150549
1485 	0.0835271993686151
1486 	0.0782867570221753
1487 	0.0730463146757355
1488 	0.0678058723292957
1489 	0.063494029943603
1490 	0.0601295471138243
1491 	0.0567650642840455
1492 	0.0534005814542668
1493 	0.0500360986244881
1494 	0.0480059974213437
1495 	0.0468841727875888
1496 	0.045762348153834
1497 	0.0446405235200791
1498 	0.0435186988863243
1499 	0.0424566452988029
1500 	0.0414198434904158
1501 	0.0403830416820286
1502 	0.0393462398736415
1503 	0.0383094380652543
1504 	0.0380956895492408
1505 	0.0380638368157909
1506 	0.038031984082341
1507 	0.0380001313488911
1508 	0.0379682786154412
1509 	0.0373068173418801
1510 	0.036607299136414
1511 	0.035907780930948
1512 	0.035208262725482
1513 	0.0346713738733625
1514 	0.0361117155803502
1515 	0.037552057287338
1516 	0.0389923989943257
1517 	0.0404327407013135
1518 	0.0418761009184623
1519 	0.0433304172095295
1520 	0.0447847335005966
1521 	0.0462390497916638
1522 	0.0476933660827309
1523 	0.0490789463666469
1524 	0.0503449448299026
1525 	0.0516109432931583
1526 	0.052876941756414
1527 	0.0541429402196697
1528 	0.0554610464738126
1529 	0.0568270598907866
1530 	0.0581930733077605
1531 	0.0595590867247345
1532 	0.0609251001417085
1533 	0.0613815476754315
1534 	0.0614216633034098
1535 	0.0614617789313882
1536 	0.0615018945593665
1537 	0.0615420101873448
1538 	0.0607307825557367
1539 	0.0597786566224255
1540 	0.0588265306891142
1541 	0.057874404755803
1542 	0.0569206202040798
1543 	0.0559259655935403
1544 	0.0549313109830007
1545 	0.0539366563724611
1546 	0.0529420017619216
1547 	0.0520339005386857
1548 	0.051418866047899
1549 	0.0508038315571124
1550 	0.0501887970663257
1551 	0.0495737625755391
1552 	0.0484504667899639
1553 	0.0466423306682179
1554 	0.044834194546472
1555 	0.0430260584247261
1556 	0.0412179223029802
1557 	0.0403818501484641
1558 	0.0401142274454657
1559 	0.0398466047424673
1560 	0.0395789820394688
1561 	0.0393113593364704
1562 	0.039685069014733
1563 	0.0401764195439961
1564 	0.0406677700732592
1565 	0.0411591206025223
1566 	0.0417140710519984
1567 	0.0431546741217542
1568 	0.0445952771915101
1569 	0.0460358802612659
1570 	0.0474764833310217
1571 	0.0487513913870593
1572 	0.0496340987877303
1573 	0.0505168061884013
1574 	0.0513995135890724
1575 	0.0522822209897434
1576 	0.0540457824748323
1577 	0.05657494610806
1578 	0.0591041097412877
1579 	0.0616332733745154
1580 	0.0641624370077431
1581 	0.0679470154342564
1582 	0.0720836243853916
1583 	0.0762202333365267
1584 	0.0803568422876619
1585 	0.0844652609759287
1586 	0.0878188070696099
1587 	0.0911723531632911
1588 	0.0945258992569723
1589 	0.0978794453506535
1590 	0.101137442026933
1591 	0.104171424851711
1592 	0.107205407676489
1593 	0.110239390501267
1594 	0.113273373326045
1595 	0.115251113772332
1596 	0.116432039792741
1597 	0.117612965813149
1598 	0.118793891833557
1599 	0.119974817853965
1600 	0.117783017817003
1601 	0.11499603082874
1602 	0.112209043840478
1603 	0.109422056852215
1604 	0.106841415751942
1605 	0.105560603128568
1606 	0.104279790505194
1607 	0.102998977881821
1608 	0.101718165258447
1609 	0.10326738225429
1610 	0.108522434802317
1611 	0.113777487350345
1612 	0.119032539898372
1613 	0.1242875924464
1614 	0.1286128602611
1615 	0.132608041896761
1616 	0.136603223532421
1617 	0.140598405168081
1618 	0.144346402223518
1619 	0.1434948273842
1620 	0.142643252544882
1621 	0.141791677705564
1622 	0.140940102866246
1623 	0.1410043062662
1624 	0.142621136384487
1625 	0.144237966502775
1626 	0.145854796621062
1627 	0.14747162673935
1628 	0.157798900499455
1629 	0.171841470477683
1630 	0.18588404045591
1631 	0.199926610434138
1632 	0.214591410652126
1633 	0.244588602162683
1634 	0.27458579367324
1635 	0.304582985183797
1636 	0.334580176694354
1637 	0.370611178880749
1638 	0.416280605912966
1639 	0.461950032945182
1640 	0.507619459977399
1641 	0.553288887009615
1642 	0.576491950547848
1643 	0.591760344435297
1644 	0.607028738322747
1645 	0.622297132210196
1646 	0.630947292797352
1647 	0.5813310464859
1648 	0.531714800174447
1649 	0.482098553862995
1650 	0.432482307551543
1651 	0.381696689227992
1652 	0.329608197647833
1653 	0.277519706067673
1654 	0.225431214487513
1655 	0.173342722907353
1656 	0.15286900254193
1657 	0.137843548728164
1658 	0.122818094914399
1659 	0.107792641100633
1660 	0.0983978601823706
1661 	0.106736194316753
1662 	0.115074528451135
1663 	0.123412862585517
1664 	0.1317511967199
1665 	0.151964900480175
1666 	0.178945887088488
1667 	0.205926873696801
1668 	0.232907860305113
1669 	0.260112668681389
1670 	0.292422745003112
1671 	0.324732821324834
1672 	0.357042897646557
1673 	0.38935297396828
1674 	0.413118640274897
1675 	0.426690975335421
1676 	0.440263310395945
1677 	0.453835645456469
1678 	0.467407980516993
1679 	0.446758470272267
1680 	0.421309316957362
1681 	0.395860163642456
1682 	0.370411010327551
1683 	0.341746295529964
1684 	0.305857007531026
1685 	0.269967719532089
1686 	0.234078431533152
1687 	0.198189143534215
1688 	0.16869454701839
1689 	0.141377231516922
1690 	0.114059916015453
1691 	0.0867426005139845
1692 	0.0628016168288349
1693 	0.0528880735764371
1694 	0.0429745303240393
1695 	0.0330609870716415
1696 	0.0231474438192438
1697 	0.0212791237626413
1698 	0.0237428469653116
1699 	0.0262065701679818
1700 	0.028670293370652
1701 	0.0328096160961101
1702 	0.0499715807267396
1703 	0.0671335453573691
1704 	0.0842955099879985
1705 	0.101457474618628
1706 	0.120149806574979
1707 	0.139918870567995
1708 	0.159687934561012
1709 	0.179456998554028
1710 	0.197948575606593
1711 	0.198931066945901
1712 	0.19991355828521
1713 	0.200896049624518
1714 	0.201878540963827
1715 	0.191880439676943
1716 	0.173184449607303
1717 	0.154488459537664
1718 	0.135792469468024
1719 	0.117306490844292
1720 	0.102360705165848
1721 	0.087414919487404
1722 	0.07246913380896
1723 	0.0575233481305159
1724 	0.0482814332841981
1725 	0.0434668568990493
1726 	0.0386522805139004
1727 	0.0338377041287515
1728 	0.0295220492789135
1729 	0.0310229353660574
1730 	0.0325238214532013
1731 	0.0340247075403452
1732 	0.0355255936274892
1733 	0.0363697713119979
1734 	0.0367815887380555
1735 	0.037193406164113
1736 	0.0376052235901706
1737 	0.0379585110912758
1738 	0.0379399614220958
1739 	0.0379214117529157
1740 	0.0379028620837357
1741 	0.0378843124145557
1742 	0.0385212704802202
1743 	0.0394709744814163
1744 	0.0404206784826124
1745 	0.0413703824838085
1746 	0.0425174076905033
1747 	0.0443363681035877
1748 	0.0461553285166721
1749 	0.0479742889297565
1750 	0.0497932493428409
1751 	0.0516138503918791
1752 	0.05343489812806
1753 	0.0552559458642409
1754 	0.0570769936004218
1755 	0.0584565563124284
1756 	0.0590269382577473
1757 	0.0595973202030663
1758 	0.0601677021483853
1759 	0.0607380840937043
1760 	0.0614900763384818
1761 	0.0622559483800962
1762 	0.0630218204217106
1763 	0.063787692463325
1764 	0.0648020774645757
1765 	0.0660514377545097
1766 	0.0673007980444437
1767 	0.0685501583343778
1768 	0.0697010331616885
1769 	0.0700299685672919
1770 	0.0703589039728953
1771 	0.0706878393784986
1772 	0.071016774784102
1773 	0.0708113835479219
1774 	0.0703866847620111
1775 	0.0699619859761003
1776 	0.0695372871901896
1777 	0.0690034222831585
1778 	0.0682375793687466
1779 	0.0674717364543346
1780 	0.0667058935399227
1781 	0.0659400506255108
1782 	0.0655324555880677
1783 	0.0651481333094053
1784 	0.0647638110307429
1785 	0.0643794887520805
1786 	0.064048094380178
1787 	0.0637569550359521
1788 	0.0634658156917261
1789 	0.0631746763475002
1790 	0.0628778699404734
1791 	0.0625589508766357
1792 	0.0622400318127979
1793 	0.0619211127489602
1794 	0.0616021936851225
1795 	0.0616538042615614
1796 	0.0617708024215787
1797 	0.0618878005815959
1798 	0.0620047987416132
1799 	0.0618046285318435
1800 	0.061293570514065
1801 	0.0607825124962865
1802 	0.060271454478508
1803 	0.0598535439443118
1804 	0.0598969352335711
1805 	0.0599403265228304
1806 	0.0599837178120897
1807 	0.060027109101349
1808 	0.0597013381612347
1809 	0.0593052506060016
1810 	0.0589091630507684
1811 	0.0585130754955352
1812 	0.0584140000524949
1813 	0.0585890896360941
1814 	0.0587641792196933
1815 	0.0589392688032926
1816 	0.0590855099873688
1817 	0.0591232262399062
1818 	0.0591609424924436
1819 	0.059198658744981
1820 	0.0592363749975184
1821 	0.0600714118656503
1822 	0.0609872345230276
1823 	0.0619030571804049
1824 	0.0628188798377822
1825 	0.0632586498264977
1826 	0.0634004031039373
1827 	0.0635421563813768
1828 	0.0636839096588164
1829 	0.0637523555090377
1830 	0.063672636196694
1831 	0.0635929168843504
1832 	0.0635131975720067
1833 	0.0634136920379284
1834 	0.0629806473374675
1835 	0.0625476026370066
1836 	0.0621145579365457
1837 	0.0616815132360848
1838 	0.0618466099791862
1839 	0.0621707063465256
1840 	0.0624948027138651
1841 	0.0628188990812046
1842 	0.0631240805413979
1843 	0.0634126225719964
1844 	0.0637011646025949
1845 	0.0639897066331934
1846 	0.0640633266656858
1847 	0.0635951010973197
1848 	0.0631268755289536
1849 	0.0626586499605874
1850 	0.0622113061268567
1851 	0.0622176654365657
1852 	0.0622240247462748
1853 	0.0622303840559839
1854 	0.0622367433656929
1855 	0.0623161379256898
1856 	0.0624123314915955
1857 	0.0625085250575011
1858 	0.0626047186234068
1859 	0.062664689557454
1860 	0.0626995927141238
1861 	0.0627344958707935
1862 	0.0627693990274633
1863 	0.0626797818684265
1864 	0.0623852662004757
1865 	0.0620907505325249
1866 	0.0617962348645742
1867 	0.0616491546895005
1868 	0.0622019694403839
1869 	0.0627547841912673
1870 	0.0633075989421507
1871 	0.0638604136930341
1872 	0.0640037061407229
1873 	0.0641382141467701
1874 	0.0642727221528173
1875 	0.0644072301588645
1876 	0.0643762090414252
1877 	0.0643019791868338
1878 	0.0642277493322423
1879 	0.0641535194776508
1880 	0.0631155520221819
1881 	0.0614768130752568
1882 	0.0598380741283318
1883 	0.0581993351814067
1884 	0.0574493529568462
1885 	0.0577944459794845
1886 	0.0581395390021228
1887 	0.058484632024761
1888 	0.0588700900088547
1889 	0.0593553391476574
1890 	0.0598405882864601
1891 	0.0603258374252628
1892 	0.0607235401776747
1893 	0.0605743952121964
1894 	0.060425250246718
1895 	0.0602761052812397
1896 	0.0601269603157613
1897 	0.0600233436300755
1898 	0.0599198639402166
1899 	0.0598163842503576
1900 	0.0597129045604987
1901 	0.0597245363245893
1902 	0.0597541334601056
1903 	0.0597837305956219
1904 	0.0598133277311382
1905 	0.0598553256838961
1906 	0.0599016355111127
1907 	0.0599479453383293
1908 	0.0599942551655459
1909 	0.060270093467766
1910 	0.0606818944972175
1911 	0.061093695526669
1912 	0.0615054965561206
1913 	0.061706832022311
1914 	0.0617154423175458
1915 	0.0617240526127806
1916 	0.0617326629080154
1917 	0.0618855696340331
1918 	0.0622329039451904
1919 	0.0625802382563477
1920 	0.062927572567505
1921 	0.0632050618451519
1922 	0.0633463636090809
1923 	0.06348766537301
1924 	0.063628967136939
1925 	0.0636497508712821
1926 	0.0633310601558755
1927 	0.0630123694404689
1928 	0.0626936787250623
1929 	0.062448555096764
1930 	0.0625110409984985
1931 	0.0625735269002329
1932 	0.0626360128019674
1933 	0.0626975605969332
1934 	0.062752993064317
1935 	0.0628084255317007
1936 	0.0628638579990845
1937 	0.0629382388667057
1938 	0.0632219653128538
1939 	0.0635056917590018
1940 	0.0637894182051498
1941 	0.064064236415951
1942 	0.0641306888292481
1943 	0.0641971412425451
1944 	0.0642635936558423
1945 	0.0643253753228372
1946 	0.0638728559247873
1947 	0.0634203365267373
1948 	0.0629678171286874
1949 	0.0625152977306374
1950 	0.0622956035523037
1951 	0.0620792152087326
1952 	0.0618628268651615
1953 	0.0616464385215904
1954 	0.0616442947679229
1955 	0.0616483226691085
1956 	0.0616523505702942
1957 	0.0616563784714798
1958 	0.061729712467905
1959 	0.0618054116154604
1960 	0.0618811107630157
1961 	0.0619568099105711
1962 	0.0621330974590204
1963 	0.0623123891924604
1964 	0.0624916809259004
1965 	0.0626709726593403
1966 	0.0623440845213915
1967 	0.0620094880605281
1968 	0.0616748915996647
1969 	0.0613416930393418
1970 	0.0611818341460521
1971 	0.0610219752527624
1972 	0.0608621163594728
1973 	0.0607207018731954
1974 	0.0610219531552141
1975 	0.0613232044372328
1976 	0.0616244557192515
1977 	0.0618818816764196
1978 	0.0616420795652206
1979 	0.0614022774540217
1980 	0.0611624753428228
1981 	0.0609488391833867
1982 	0.0609087771619807
1983 	0.0608687151405746
1984 	0.0608286531191685
1985 	0.0607776665213532
1986 	0.0606804077648203
1987 	0.0605831490082873
1988 	0.0604858902517544
1989 	0.0604008456970857
1990 	0.0603505646400304
1991 	0.0603002835829752
1992 	0.06025000252592
1993 	0.0604389847347998
1994 	0.061094495022686
1995 	0.0617500053105722
1996 	0.0624055155984585
1997 	0.0627839619764891
1998 	0.0627890874994561
1999 	0.0627942130224231
2000 	0.0627993385453901
2001 	0.0626890831354858
2002 	0.0624735950200755
2003 	0.0622581069046652
2004 	0.0620426187892549
2005 	0.0620707081322288
2006 	0.0622424655786375
2007 	0.0624142230250462
2008 	0.0625859804714549
2009 	0.0625649772157239
2010 	0.0624776476968911
2011 	0.0623903181780582
2012 	0.0623029886592254
2013 	0.0622564531572228
2014 	0.062216067271106
2015 	0.0621756813849891
2016 	0.0621346846587857
2017 	0.0618906854104512
2018 	0.0616466861621167
2019 	0.0614026869137823
2020 	0.0612273351143772
2021 	0.0614503253145423
2022 	0.0616733155147074
2023 	0.0618963057148725
2024 	0.0620929011686877
2025 	0.0622276146252078
2026 	0.0623623280817279
2027 	0.0624970415382479
2028 	0.0625675419042433
2029 	0.0625632659873332
2030 	0.0625589900704231
2031 	0.0625547141535131
2032 	0.0624991225280926
2033 	0.0624137791411818
2034 	0.062328435754271
2035 	0.0622430923673603
2036 	0.0622535777802009
2037 	0.0622859601915106
2038 	0.0623183426028202
2039 	0.0623520996921647
2040 	0.0627281516121963
2041 	0.0631042035322279
2042 	0.0634802554522595
2043 	0.0637772189547832
2044 	0.0637655825536972
2045 	0.0637539461526113
2046 	0.0637423097515254
2047 	0.0633973134916951
2048 	0.0625785103624146
2049 	0.0617597072331341
2050 	0.0609409041038536
2051 	0.0605319037358406
2052 	0.0603615226971732
2053 	0.0601911416585058
2054 	0.0600207606198384
2055 	0.0601597801976019
2056 	0.0603491673175751
2057 	0.0605385544375483
2058 	0.0607200934832279
2059 	0.0608285726207928
2060 	0.0609370517583577
2061 	0.0610455308959226
2062 	0.0610349388447919
2063 	0.0607972808059161
2064 	0.0605596227670403
2065 	0.0603219647281645
2066 	0.0601069042081137
2067 	0.0599068460341714
2068 	0.0597067878602291
2069 	0.0595067296862867
2070 	0.0596633592957471
2071 	0.0598747057162716
2072 	0.060086052136796
2073 	0.0603712859929275
2074 	0.0611029664670235
2075 	0.0618346469411196
2076 	0.0625663274152156
2077 	0.063037865089434
2078 	0.0631603118401634
2079 	0.0632827585908928
2080 	0.0634052053416222
2081 	0.0633671229345109
2082 	0.0632672301314443
2083 	0.0631673373283778
2084 	0.0630590115408198
2085 	0.0626347731803881
2086 	0.0622105348199563
2087 	0.0617862964595246
2088 	0.061545163835541
2089 	0.0616610603908857
2090 	0.0617769569462304
2091 	0.0618928535015751
2092 	0.0619282171714335
2093 	0.0619224628423578
2094 	0.061916708513282
2095 	0.0619109541842063
2096 	0.0618450923358575
2097 	0.0617789284396732
2098 	0.0617127645434888
2099 	0.0615942407937796
2100 	0.0613727064123581
2101 	0.0611511720309366
2102 	0.060929637649515
2103 	0.0609562522398785
2104 	0.0610948760177965
2105 	0.0612334997957146
2106 	0.0613771101828772
2107 	0.0616135106126505
2108 	0.0618499110424237
2109 	0.0620863114721969
2110 	0.062298862389696
2111 	0.0624787473875399
2112 	0.0626586323853838
2113 	0.0628385173832277
2114 	0.0628534683134004
2115 	0.0628276998602828
2116 	0.0628019314071651
2117 	0.0627878133927778
2118 	0.062822409907175
2119 	0.0628570064215722
2120 	0.0628916029359694
2121 	0.0628120653398997
2122 	0.0626541928653139
2123 	0.0624963203907281
2124 	0.0623371531182762
2125 	0.0615318817105936
2126 	0.0607266103029111
2127 	0.0599213388952285
2128 	0.0595294722225659
2129 	0.0597061598054297
2130 	0.0598828473882936
2131 	0.0600595349711575
2132 	0.0603191372273751
2133 	0.0605933714847729
2134 	0.0608676057421706
2135 	0.0610715719717465
2136 	0.0611026642643629
2137 	0.0611337565569792
2138 	0.0611648488495956
2139 	0.0611260922637833
2140 	0.061062409958803
2141 	0.0609987276538228
2142 	0.0609464660027623
2143 	0.0609413511537803
2144 	0.0609362363047984
2145 	0.0609311214558165
2146 	0.0607925710860414
2147 	0.0605861960247018
2148 	0.0603798209633623
2149 	0.0603273798702641
2150 	0.0612127350801399
2151 	0.0620980902900156
2152 	0.0629834454998913
2153 	0.0631852951668279
2154 	0.0629822657541892
2155 	0.0627792363415505
2156 	0.0625951932276011
2157 	0.0625440542044767
2158 	0.0624929151813524
2159 	0.062441776158228
2160 	0.0623512727981923
2161 	0.0622378484318537
2162 	0.0621244240655151
2163 	0.0620173205177765
2164 	0.0619466043852214
2165 	0.0618758882526664
2166 	0.0618051721201113
2167 	0.0618361182414346
2168 	0.0619162363134469
2169 	0.0619963543854592
2170 	0.0620714665371574
2171 	0.0621277468933885
2172 	0.0621840272496196
2173 	0.0622403076058506
2174 	0.0623583046311953
2175 	0.0624962207931323
2176 	0.0626341369550692
2177 	0.0626890638530487
2178 	0.0625609887843527
2179 	0.0624329137156566
2180 	0.0623048386469606
2181 	0.0624718802982627
2182 	0.0626803123219248
2183 	0.062888744345587
2184 	0.0630002226693651
2185 	0.0629946288654685
2186 	0.062989035061572
2187 	0.0629684102046215
2188 	0.0625672623729895
2189 	0.0621661145413574
2190 	0.0617649667097254
2191 	0.0615505802810883
2192 	0.0614444741603488
2193 	0.0613383680396093
2194 	0.0612904291404119
2195 	0.0614287231101857
2196 	0.0615670170799595
2197 	0.0617053110497333
2198 	0.0615457736818294
2199 	0.0613349101631182
2200 	0.061124046644407
2201 	0.061105798167169
2202 	0.0612978949862677
2203 	0.0614899918053664
2204 	0.0616246180931222
2205 	0.0613035851680883
2206 	0.0609825522430543
2207 	0.0606615193180204
2208 	0.0606729077761575
2209 	0.0607910048156824
2210 	0.0609091018552073
2211 	0.0610673863596643
2212 	0.0612832631192184
2213 	0.0614991398787726
2214 	0.0616823950692916
2215 	0.0614690406573309
2216 	0.0612556862453702
2217 	0.0610423318334095
2218 	0.0607881685055484
2219 	0.0605204022057206
2220 	0.0602526359058928
2221 	0.0603555507016614
2222 	0.0609399248514805
2223 	0.0615242990012997
2224 	0.0620379037785928
2225 	0.0620736781413877
2226 	0.0621094525041826
2227 	0.0621452268669775
2228 	0.0623376509074665
2229 	0.0625614801054284
2230 	0.0627853093033903
2231 	0.0628584847848436
2232 	0.0628068958539052
2233 	0.0627553069229668
2234 	0.0627643654896372
2235 	0.0629357452999078
2236 	0.0631071251101784
2237 	0.0632775917471839
2238 	0.0632967760132502
2239 	0.0633159602793166
2240 	0.063335144545383
2241 	0.0630738030854056
2242 	0.0627189530500803
2243 	0.062364103014755
2244 	0.0621284568712818
2245 	0.0620096541465546
2246 	0.0618908514218275
2247 	0.0618517926714786
2248 	0.0620294359481583
2249 	0.0622070792248379
2250 	0.0623859537938269
2251 	0.0625922317753771
2252 	0.0627985097569274
2253 	0.0630047877384776
2254 	0.062963067914767
2255 	0.062869831638756
2256 	0.0627765953627449
2257 	0.0625593423688272
2258 	0.0622670423401571
2259 	0.061974742311487
2260 	0.0617496560514992
2261 	0.0616147653171669
2262 	0.0614798745828347
2263 	0.0614829926840114
2264 	0.0619183863939304
2265 	0.0623537801038494
2266 	0.0627150377404641
2267 	0.0620439228936015
2268 	0.0613728080467389
2269 	0.0607016931998764
2270 	0.0607633172150732
2271 	0.06090455143923
2272 	0.0610457856633867
2273 	0.0608999492883598
2274 	0.0606568855216416
2275 	0.0604138217549233
2276 	0.0603172987787937
2277 	0.0603172545652905
2278 	0.0603172103517873
2279 	0.060494745481455
2280 	0.0608741443089155
2281 	0.0612535431363761
2282 	0.0615233275951347
2283 	0.0615840800019502
2284 	0.0616448324087657
2285 	0.0616612567901409
2286 	0.0615284370334612
2287 	0.0613956172767815
2288 	0.0613769203927311
2289 	0.0621570836170862
2290 	0.0629372468414413
2291 	0.0636876650952478
2292 	0.0635382979899623
2293 	0.0633889308846769
2294 	0.0632395637793914
2295 	0.0629433706231462
2296 	0.0626391237172702
2297 	0.0623348768113943
2298 	0.0620552238566058
2299 	0.0617790843234012
2300 	0.0615029447901966
2301 	0.0614152147594903
2302 	0.0613711066333033
2303 	0.0613269985071163
2304 	0.0613345005391633
2305 	0.0613583899864072
2306 	0.061382279433651
2307 	0.0614151788070291
2308 	0.0614516519499912
2309 	0.0614881250929533
2310 	0.0615642117645796
2311 	0.0616585994231327
2312 	0.0617529870816858
2313 	0.0619047129436118
2314 	0.0620857142024259
2315 	0.0622667154612401
2316 	0.0623152960899943
2317 	0.0622925733025626
2318 	0.0622698505151308
2319 	0.0621881725046984
2320 	0.0620744694348581
2321 	0.0619607663650178
2322 	0.0619134936458003
2323 	0.0619009022207435
2324 	0.0618883107956866
2325 	0.061984691370529
2326 	0.0621330630177015
2327 	0.062281434664874
2328 	0.0621612217987921
2329 	0.0619291621240747
2330 	0.0616971024493572
2331 	0.061222150429066
2332 	0.0606644977978154
2333 	0.0601068451665648
2334 	0.0602221625531676
2335 	0.0605099496428386
2336 	0.0607977367325095
2337 	0.060864271583708
2338 	0.0608935864321729
2339 	0.0609229012806377
2340 	0.0612155688110215
2341 	0.0615289750099921
2342 	0.0618406386704248
2343 	0.0619604294762995
2344 	0.0620802202821743
2345 	0.0621498589511058
2346 	0.0617681283875488
2347 	0.0613863978239917
2348 	0.0610632754753074
2349 	0.0609716845893378
2350 	0.0608800937033682
2351 	0.0610284363466164
2352 	0.0616985392041956
2353 	0.0623686420617746
2354 	0.0625783701194133
2355 	0.0621973889588636
2356 	0.061816407798314
2357 	0.0616755219487532
2358 	0.061715022944051
2359 	0.0617545239393487
2360 	0.061912384383573
2361 	0.062117423069677
2362 	0.062322461755781
2363 	0.0623793626942464
2364 	0.0624141281072027
2365 	0.0624458531800621
2366 	0.0623911968254655
2367 	0.062336540470869
2368 	0.0622731599851037
2369 	0.0621769601487512
2370 	0.0620807603123987
2371 	0.0620479545514762
2372 	0.0621118407641892
2373 	0.0621757269769022
2374 	0.0621584691805318
2375 	0.0620852878103337
2376 	0.0620121064401356
2377 	0.0622175021937217
2378 	0.0624934149636043
2379 	0.0627649665664108
2380 	0.0627683063940424
2381 	0.062771646221674
2382 	0.0627573807946966
2383 	0.0626885679395044
2384 	0.0626197550843123
2385 	0.0626449710838211
2386 	0.0627712388400419
2387 	0.0628975065962627
2388 	0.0628654687464568
2389 	0.062775176166116
2390 	0.0626848835857752
2391 	0.0616962973391715
2392 	0.060698637419171
2393 	0.0599857204795656
2394 	0.0600790298331097
2395 	0.0601723391866539
2396 	0.0603493160852772
2397 	0.0605969936031741
2398 	0.060844671121071
2399 	0.0608430787968134
2400 	0.0607915128067217
