 	avmm15
200 	0
201 	0
202 	0
203 	0.0686830124604387
204 	0.071136851542286
205 	0.0735906906241333
206 	0.0760445297059806
207 	0.0784983687878278
208 	0.0809522078696751
209 	0.0833604041751805
210 	0.0839885322033538
211 	0.0846166602315269
212 	0.0852447882597002
213 	0.0858729162878734
214 	0.0865010443160466
215 	0.0871291723442198
216 	0.0855602455903699
217 	0.0825205025300237
218 	0.0794807594696775
219 	0.0764410164093313
220 	0.0734012733489851
221 	0.0703615302886389
222 	0.0675472614440865
223 	0.0657742274612337
224 	0.0640011934783809
225 	0.0622281594955281
226 	0.0604551255126752
227 	0.0586820915298224
228 	0.0569090575469696
229 	0.0551618742973466
230 	0.0534226763527528
231 	0.051683478408159
232 	0.0499442804635652
233 	0.0482050825189713
234 	0.0464658845743775
235 	0.0447723347149354
236 	0.0431620861634255
237 	0.0415518376119156
238 	0.0399415890604057
239 	0.0383313405088958
240 	0.036721091957386
241 	0.0351108434058761
242 	0.0367127299788134
243 	0.0384801208851871
244 	0.0402475117915608
245 	0.0420149026979345
246 	0.0437822936043082
247 	0.0455496845106819
248 	0.0468557459717735
249 	0.0477889064165159
250 	0.0487220668612583
251 	0.0496552273060008
252 	0.0505883877507432
253 	0.0515215481954856
254 	0.0524923206385446
255 	0.053659095979663
256 	0.0548258713207813
257 	0.0559926466618997
258 	0.0571594220030181
259 	0.0583261973441364
260 	0.0594929726852548
261 	0.0595928839024352
262 	0.059381281822445
263 	0.0591696797424549
264 	0.0589580776624647
265 	0.0587464755824746
266 	0.0585348735024845
267 	0.0602206740069483
268 	0.0648370683250604
269 	0.0694534626431725
270 	0.0740698569612846
271 	0.0786862512793967
272 	0.0833026455975087
273 	0.0880770281052046
274 	0.101470544066873
275 	0.114864060028541
276 	0.128257575990209
277 	0.141651091951878
278 	0.155044607913546
279 	0.168438123875214
280 	0.174843324956407
281 	0.177452404374132
282 	0.180061483791857
283 	0.182670563209583
284 	0.185279642627308
285 	0.187888722045033
286 	0.188573660291343
287 	0.184407594739298
288 	0.180241529187252
289 	0.176075463635206
290 	0.171909398083161
291 	0.167743332531115
292 	0.16357726697907
293 	0.164464372717682
294 	0.165755295600473
295 	0.167046218483263
296 	0.168337141366054
297 	0.169628064248845
298 	0.170918987131635
299 	0.169559834975841
300 	0.166233902390713
301 	0.162907969805586
302 	0.159582037220459
303 	0.156256104635332
304 	0.152930172050204
305 	0.148889975445556
306 	0.142417505329499
307 	0.135945035213443
308 	0.129472565097386
309 	0.123000094981329
310 	0.116527624865273
311 	0.110055154749216
312 	0.110513725583565
313 	0.111864100783993
314 	0.113214475984421
315 	0.114564851184849
316 	0.115915226385277
317 	0.117265601585705
318 	0.119267943896025
319 	0.121801562490088
320 	0.124335181084151
321 	0.126868799678213
322 	0.129402418272276
323 	0.131936036866339
324 	0.134085894913489
325 	0.134883040444598
326 	0.135680185975707
327 	0.136477331506816
328 	0.137274477037925
329 	0.138071622569034
330 	0.138868768100143
331 	0.141246244114144
332 	0.143803223145132
333 	0.14636020217612
334 	0.148917181207109
335 	0.151474160238097
336 	0.154031139269086
337 	0.15413504853686
338 	0.152462596941619
339 	0.150790145346377
340 	0.149117693751135
341 	0.147445242155893
342 	0.145772790560651
343 	0.141415890089
344 	0.129726838208646
345 	0.118037786328292
346 	0.106348734447938
347 	0.0946596825675845
348 	0.0829706306872307
349 	0.0712815788068768
350 	0.0646463555359858
351 	0.0582162304084549
352 	0.0517861052809239
353 	0.0453559801533929
354 	0.038925855025862
355 	0.032495729898331
356 	0.0285611217125442
357 	0.0259063626088318
358 	0.0232516035051195
359 	0.0205968444014072
360 	0.0179420852976948
361 	0.0152873261939825
362 	0.0145380969634542
363 	0.0170897036334688
364 	0.0196413103034835
365 	0.0221929169734981
366 	0.0247445236435128
367 	0.0272961303135274
368 	0.0300907384452067
369 	0.0357982082537231
370 	0.0415056780622396
371 	0.047213147870756
372 	0.0529206176792725
373 	0.0586280874877889
374 	0.0643355572963053
375 	0.0758372432386761
376 	0.0888330352281413
377 	0.101828827217607
378 	0.114824619207072
379 	0.127820411196537
380 	0.140816203186002
381 	0.143595915877375
382 	0.136831399746739
383 	0.130066883616102
384 	0.123302367485466
385 	0.11653785135483
386 	0.109773335224194
387 	0.104274597042939
388 	0.102655519730927
389 	0.101036442418915
390 	0.0994173651069037
391 	0.097798287794892
392 	0.0961792104828802
393 	0.0945601331708685
394 	0.104506734869904
395 	0.114677340545707
396 	0.124847946221511
397 	0.135018551897315
398 	0.145189157573119
399 	0.155359763248922
400 	0.151443212186844
401 	0.142102520441759
402 	0.132761828696673
403 	0.123421136951588
404 	0.114080445206502
405 	0.104739753461417
406 	0.0971686494886597
407 	0.0916091281972673
408 	0.0860496069058749
409 	0.0804900856144825
410 	0.0749305643230901
411 	0.0693710430316977
412 	0.0649373744079435
413 	0.0644722090787151
414 	0.0640070437494867
415 	0.0635418784202582
416 	0.0630767130910298
417 	0.0626115477618014
418 	0.0621463824325729
419 	0.0624757416789762
420 	0.0628221438427321
421 	0.0631685460064881
422 	0.063514948170244
423 	0.063861350334
424 	0.0642077524977559
425 	0.0658677195966419
426 	0.0679820422652834
427 	0.0700963649339249
428 	0.0722106876025664
429 	0.074325010271208
430 	0.0764393329398495
431 	0.0793306715288164
432 	0.0829596451142717
433 	0.0865886186997269
434 	0.0902175922851822
435 	0.0938465658706374
436 	0.0974755394560927
437 	0.101436297278255
438 	0.106209354438562
439 	0.110982411598869
440 	0.115755468759176
441 	0.120528525919483
442 	0.12530158307979
443 	0.129561553427589
444 	0.127208404858622
445 	0.124855256289654
446 	0.122502107720686
447 	0.120148959151719
448 	0.117795810582751
449 	0.115442662013784
450 	0.111794174080531
451 	0.107934816948441
452 	0.104075459816352
453 	0.100216102684262
454 	0.0963567455521725
455 	0.0924973884200829
456 	0.0861420193316555
457 	0.0784661301562361
458 	0.0707902409808167
459 	0.0631143518053972
460 	0.0554384626299778
461 	0.0477625734545583
462 	0.044883142944779
463 	0.0477721406980822
464 	0.0506611384513854
465 	0.0535501362046885
466 	0.0564391339579917
467 	0.0593281317112949
468 	0.0635912563120606
469 	0.071745107887059
470 	0.0798989594620574
471 	0.0880528110370557
472 	0.0962066626120541
473 	0.104360514187052
474 	0.112266260300796
475 	0.117021406927094
476 	0.121776553553392
477 	0.12653170017969
478 	0.131286846805989
479 	0.136041993432287
480 	0.140797140058585
481 	0.136996433563232
482 	0.132149051433469
483 	0.127301669303705
484 	0.122454287173942
485 	0.117606905044179
486 	0.112759522914415
487 	0.107140131234366
488 	0.10121301546784
489 	0.0952858997013129
490 	0.0893587839347862
491 	0.0834316681682596
492 	0.0775045524017329
493 	0.0721003697377824
494 	0.0671310069063768
495 	0.0621616440749713
496 	0.0571922812435657
497 	0.0522229184121602
498 	0.0472535555807546
499 	0.044339928335425
500 	0.0447520722738516
501 	0.0451642162122781
502 	0.0455763601507047
503 	0.0459885040891313
504 	0.0464006480275578
505 	0.047119732170137
506 	0.0488960547936858
507 	0.0506723774172347
508 	0.0524487000407835
509 	0.0542250226643324
510 	0.0560013452878812
511 	0.0577955878998621
512 	0.0598140725292487
513 	0.0618325571586353
514 	0.0638510417880219
515 	0.0658695264174085
516 	0.0678880110467951
517 	0.0699064956761817
518 	0.0732428635164864
519 	0.0766814809162589
520 	0.0801200983160313
521 	0.0835587157158038
522 	0.0869973331155763
523 	0.0904359505153487
524 	0.0910982379909262
525 	0.0910180595425427
526 	0.0909378810941592
527 	0.0908577026457757
528 	0.0907775241973922
529 	0.0906973457490088
530 	0.0895926327963744
531 	0.0879506639451693
532 	0.0863086950939643
533 	0.0846667262427593
534 	0.0830247573915542
535 	0.0813827885403492
536 	0.0787333651585425
537 	0.0751869453988279
538 	0.0716405256391132
539 	0.0680941058793985
540 	0.0645476861196838
541 	0.0610012663599691
542 	0.0593388649131628
543 	0.0603988468965004
544 	0.061458828879838
545 	0.0625188108631756
546 	0.0635787928465132
547 	0.0646387748298508
548 	0.0656805798716234
549 	0.0666787355231074
550 	0.0676768911745915
551 	0.0686750468260755
552 	0.0696732024775595
553 	0.0706713581290435
554 	0.0713449978040759
555 	0.0705984439047446
556 	0.0698518900054133
557 	0.069105336106082
558 	0.0683587822067507
559 	0.0676122283074194
560 	0.066999713118935
561 	0.0678680834466757
562 	0.0687364537744165
563 	0.0696048241021572
564 	0.0704731944298979
565 	0.0713415647576386
566 	0.0722099350853793
567 	0.071561988101461
568 	0.0708940693596383
569 	0.0702261506178156
570 	0.0695582318759929
571 	0.0688903131341703
572 	0.0682223943923476
573 	0.0696256895135638
574 	0.0712642450067511
575 	0.0729028004999383
576 	0.0745413559931256
577 	0.0761799114863128
578 	0.0778184669795001
579 	0.0752315621514028
580 	0.0716791344489085
581 	0.0681267067464143
582 	0.06457427904392
583 	0.0610218513414258
584 	0.0574694236389316
585 	0.0530059381464035
586 	0.0482173397654372
587 	0.0434287413844709
588 	0.0386401430035047
589 	0.0338515446225384
590 	0.0290629462415722
591 	0.0286831598790493
592 	0.0305143993636131
593 	0.0323456388481769
594 	0.0341768783327407
595 	0.0360081178173045
596 	0.0378393573018683
597 	0.0436534965872992
598 	0.0521118572047533
599 	0.0605702178222074
600 	0.0690285784396614
601 	0.0774869390571155
602 	0.0859452996745696
603 	0.0959461358256431
604 	0.107250392261583
605 	0.118554648697523
606 	0.129858905133463
607 	0.141163161569403
608 	0.152467418005343
609 	0.163173038849186
610 	0.173255589995131
611 	0.183338141141077
612 	0.193420692287023
613 	0.203503243432969
614 	0.213585794578914
615 	0.219910505470161
616 	0.221529452438857
617 	0.223148399407553
618 	0.224767346376249
619 	0.226386293344945
620 	0.228005240313641
621 	0.22523706137308
622 	0.21599678579411
623 	0.206756510215141
624 	0.197516234636171
625 	0.188275959057202
626 	0.179035683478232
627 	0.177236323862241
628 	0.188106631966998
629 	0.198976940071755
630 	0.209847248176512
631 	0.220717556281269
632 	0.231587864386026
633 	0.243155562411469
634 	0.256059077282076
635 	0.268962592152682
636 	0.281866107023289
637 	0.294769621893895
638 	0.307673136764502
639 	0.325849042815736
640 	0.355075750196026
641 	0.384302457576316
642 	0.413529164956606
643 	0.442755872336896
644 	0.471982579717186
645 	0.490657072084192
646 	0.485623341109664
647 	0.480589610135135
648 	0.475555879160606
649 	0.470522148186077
650 	0.465488417211549
651 	0.453242367905734
652 	0.424167575826917
653 	0.395092783748099
654 	0.366017991669281
655 	0.336943199590463
656 	0.307868407511645
657 	0.28268782935336
658 	0.266680869222639
659 	0.250673909091917
660 	0.234666948961196
661 	0.218659988830474
662 	0.202653028699752
663 	0.190452076700911
664 	0.187006199513688
665 	0.183560322326465
666 	0.180114445139242
667 	0.176668567952019
668 	0.173222690764796
669 	0.173146998539131
670 	0.180434194477893
671 	0.187721390416654
672 	0.195008586355416
673 	0.202295782294177
674 	0.209582978232939
675 	0.21442769125195
676 	0.214335784714127
677 	0.214243878176303
678 	0.214151971638479
679 	0.214060065100655
680 	0.213968158562831
681 	0.207981044601827
682 	0.191282919970539
683 	0.174584795339251
684 	0.157886670707962
685 	0.141188546076674
686 	0.124490421445386
687 	0.110985700252698
688 	0.102582130007383
689 	0.0941785597620689
690 	0.0857749895167545
691 	0.0773714192714402
692 	0.0689678490261259
693 	0.0645852469092226
694 	0.0657100371577728
695 	0.0668348274063229
696 	0.0679596176548731
697 	0.0690844079034233
698 	0.0702091981519734
699 	0.070506976148881
700 	0.069853245426157
701 	0.0691995147034329
702 	0.0685457839807088
703 	0.0678920532579847
704 	0.0672383225352606
705 	0.0657027933389725
706 	0.0633335013836336
707 	0.0609642094282947
708 	0.0585949174729559
709 	0.056225625517617
710 	0.0538563335622781
711 	0.0507312446665096
712 	0.0470359931665575
713 	0.0433407416666053
714 	0.0396454901666532
715 	0.0359502386667011
716 	0.032254987166749
717 	0.0328247000969188
718 	0.0358778100370337
719 	0.0389309199771485
720 	0.0419840299172634
721 	0.0450371398573782
722 	0.0480902497974931
723 	0.0561049242409036
724 	0.0662358722741648
725 	0.0763668203074259
726 	0.086497768340687
727 	0.0966287163739482
728 	0.106759664407209
729 	0.114191871125947
730 	0.120849535614132
731 	0.127507200102318
732 	0.134164864590504
733 	0.140822529078689
734 	0.147480193566875
735 	0.147905726508535
736 	0.147308290244073
737 	0.14671085397961
738 	0.146113417715148
739 	0.145515981450685
740 	0.144918545186222
741 	0.148816462309611
742 	0.152965967320598
743 	0.157115472331585
744 	0.161264977342573
745 	0.16541448235356
746 	0.169402116869072
747 	0.169697562463983
748 	0.169993008058894
749 	0.170288453653806
750 	0.170583899248717
751 	0.170879344843629
752 	0.170878625634789
753 	0.169102988685987
754 	0.167327351737186
755 	0.165551714788384
756 	0.163776077839583
757 	0.162000440890781
758 	0.159206921948838
759 	0.153375978254449
760 	0.14754503456006
761 	0.141714090865672
762 	0.135883147171283
763 	0.130052203476894
764 	0.123781029654432
765 	0.116747271402465
766 	0.109713513150498
767 	0.102679754898531
768 	0.0956459966465638
769 	0.0886122383945969
770 	0.0814506853692016
771 	0.0741545148514681
772 	0.0668583443337346
773 	0.0595621738160011
774 	0.0522660032982676
775 	0.0449698327805341
776 	0.0416772032658025
777 	0.0408908555171777
778 	0.0401045077685529
779 	0.0393181600199281
780 	0.0385318122713032
781 	0.0377454645226784
782 	0.0405385159590728
783 	0.0445310723292985
784 	0.0485236286995243
785 	0.05251618506975
786 	0.0565087414399758
787 	0.0605012978102015
788 	0.0631071956292891
789 	0.0655417086836292
790 	0.0679762217379693
791 	0.0704107347923094
792 	0.0728452478466495
793 	0.0754341167453309
794 	0.0820404093764603
795 	0.0886467020075896
796 	0.0952529946387189
797 	0.101859287269848
798 	0.108465579900978
799 	0.114458064619286
800 	0.117850703256589
801 	0.121243341893891
802 	0.124635980531194
803 	0.128028619168497
804 	0.131421257805799
805 	0.132172047690611
806 	0.128059434190153
807 	0.123946820689696
808 	0.119834207189238
809 	0.115721593688781
810 	0.111608980188323
811 	0.104670709766219
812 	0.0951136705978493
813 	0.0855566314294794
814 	0.0759995922611095
815 	0.0664425530927397
816 	0.0568855139243698
817 	0.0526375602287352
818 	0.0507415390585405
819 	0.0488455178883459
820 	0.0469494967181512
821 	0.0450534755479565
822 	0.0431574543777619
823 	0.0434920915994089
824 	0.0441483111521451
825 	0.0448045307048814
826 	0.0454607502576177
827 	0.0461169698103539
828 	0.0474885398497243
829 	0.059682670477202
830 	0.0718768011046798
831 	0.0840709317321575
832 	0.0962650623596353
833 	0.108459192987113
834 	0.119563946339323
835 	0.127502696985285
836 	0.135441447631246
837 	0.143380198277208
838 	0.15131894892317
839 	0.159257699569131
840 	0.157438532160076
841 	0.143978339702932
842 	0.130518147245788
843 	0.117057954788644
844 	0.103597762331499
845 	0.0901375698743551
846 	0.084532696515952
847 	0.0829028039063096
848 	0.0812729112966673
849 	0.0796430186870249
850 	0.0780131260773826
851 	0.0763832334677402
852 	0.0772671636292124
853 	0.0785003949046663
854 	0.0797336261801201
855 	0.080966857455574
856 	0.0822000887310278
857 	0.0832590655203456
858 	0.0827321504711937
859 	0.0822052354220417
860 	0.0816783203728898
861 	0.0811514053237378
862 	0.0806244902745858
863 	0.0804063112216564
864 	0.0808235429499434
865 	0.0812407746782304
866 	0.0816580064065174
867 	0.0820752381348044
868 	0.0824924698630914
869 	0.0813329239417585
870 	0.0789395003231296
871 	0.0765460767045008
872 	0.074152653085872
873 	0.0717592294672432
874 	0.0693658058486143
875 	0.0669347518487766
876 	0.0644944075553238
877 	0.062054063261871
878 	0.0596137189684182
879 	0.0571733746749653
880 	0.0549388925692111
881 	0.0566157920297345
882 	0.0582926914902579
883 	0.0599695909507813
884 	0.0616464904113047
885 	0.0633233898718281
886 	0.0656592590430682
887 	0.0694967149321714
888 	0.0733341708212745
889 	0.0771716267103776
890 	0.0810090825994808
891 	0.0848465384885839
892 	0.0872281418064888
893 	0.0884934200079628
894 	0.0897586982094368
895 	0.0910239764109108
896 	0.0922892546123848
897 	0.0935545328138588
898 	0.0915227297012802
899 	0.0888394075266434
900 	0.0861560853520067
901 	0.08347276317737
902 	0.0807894410027333
903 	0.0779769550193448
904 	0.0741194164015103
905 	0.0702618777836759
906 	0.0664043391658415
907 	0.062546800548007
908 	0.0586892619301726
909 	0.0568978591695791
910 	0.0583110752896036
911 	0.059724291409628
912 	0.0611375075296525
913 	0.062550723649677
914 	0.0639639397697014
915 	0.0652305615528838
916 	0.0664285143295279
917 	0.067626467106172
918 	0.0688244198828161
919 	0.0700223726594602
920 	0.0712203254361043
921 	0.0706175491284083
922 	0.0699704925973269
923 	0.0693234360662455
924 	0.068676379535164
925 	0.0680293230040826
926 	0.0673652475166522
927 	0.0666571911420261
928 	0.0659491347674
929 	0.0652410783927739
930 	0.0645330220181478
931 	0.0638249656435217
932 	0.0619469152682036
933 	0.0592490731781149
934 	0.0565512310880261
935 	0.0538533889979373
936 	0.0511555469078485
937 	0.0484577048177597
938 	0.050009743416087
939 	0.0520079020866792
940 	0.0540060607572714
941 	0.0560042194278635
942 	0.0580023780984557
943 	0.060732923333807
944 	0.0659433037796589
945 	0.0711536842255109
946 	0.0763640646713628
947 	0.0815744451172147
948 	0.0867848255630667
949 	0.0932161736350332
950 	0.10061466810618
951 	0.108013162577327
952 	0.115411657048474
953 	0.122810151519621
954 	0.130208645990768
955 	0.13146288669243
956 	0.13199629315298
957 	0.13252969961353
958 	0.133063106074079
959 	0.133596512534629
960 	0.132186681593099
961 	0.124589387626539
962 	0.11699209365998
963 	0.10939479969342
964 	0.10179750572686
965 	0.0942002117603
966 	0.0902756364247145
967 	0.0889032892903141
968 	0.0875309421559137
969 	0.0861585950215134
970 	0.084786247887113
971 	0.0834139007527126
972 	0.0838182502872146
973 	0.0843220347989624
974 	0.0848258193107101
975 	0.0853296038224579
976 	0.0858333883342057
977 	0.085855881226456
978 	0.0848170643936605
979 	0.083778247560865
980 	0.0827394307280695
981 	0.081700613895274
982 	0.0806617970624785
983 	0.0787928051707987
984 	0.0765402821115641
985 	0.0742877590523296
986 	0.072035235993095
987 	0.0697827129338604
988 	0.0675868738499563
989 	0.0662340964308889
990 	0.0648813190118214
991 	0.063528541592754
992 	0.0621757641736865
993 	0.060822986754619
994 	0.059706625637113
995 	0.058881563176888
996 	0.0580565007166631
997 	0.0572314382564381
998 	0.0564063757962132
999 	0.0555813133359882
1000 	0.0557761333814525
1001 	0.0561637730683016
1002 	0.0565514127551508
1003 	0.0569390524419999
1004 	0.057326692128849
1005 	0.058112341725678
1006 	0.0601514748149336
1007 	0.0621906079041893
1008 	0.0642297409934449
1009 	0.0662688740827005
1010 	0.0683080071719561
1011 	0.0689618712581021
1012 	0.0688632435400899
1013 	0.0687646158220776
1014 	0.0686659881040654
1015 	0.0685673603860532
1016 	0.0684427003800907
1017 	0.0679173138432228
1018 	0.0673919273063548
1019 	0.0668665407694868
1020 	0.0663411542326188
1021 	0.0658157676957509
1022 	0.0656969182850757
1023 	0.0660149697693548
1024 	0.0663330212536338
1025 	0.0666510727379129
1026 	0.0669691242221919
1027 	0.067287175706471
1028 	0.0669804925378165
1029 	0.0666120224254654
1030 	0.0662435523131143
1031 	0.0658750822007632
1032 	0.065506612088412
1033 	0.0651192738779473
1034 	0.0646961136261363
1035 	0.0642729533743254
1036 	0.0638497931225144
1037 	0.0634266328707035
1038 	0.0630034726188925
1039 	0.064564199807718
1040 	0.0666618622250766
1041 	0.0687595246424351
1042 	0.0708571870597936
1043 	0.0729548494771521
1044 	0.0741936087761213
1045 	0.0726518512003062
1046 	0.0711100936244911
1047 	0.0695683360486759
1048 	0.0680265784728608
1049 	0.0664848208970457
1050 	0.0655155915962816
1051 	0.0647999931475242
1052 	0.0640843946987668
1053 	0.0633687962500094
1054 	0.0626531978012521
1055 	0.0623334894107692
1056 	0.064155647745824
1057 	0.0659778060808787
1058 	0.0677999644159334
1059 	0.0696221227509882
1060 	0.0714442810860429
1061 	0.0713068041539568
1062 	0.0700035473899031
1063 	0.0687002906258494
1064 	0.0673970338617957
1065 	0.0660937770977419
1066 	0.0649578543219879
1067 	0.0652635782146617
1068 	0.0655693021073353
1069 	0.0658750260000091
1070 	0.0661807498926828
1071 	0.0664864737853565
1072 	0.0699310623103001
1073 	0.0755659281932458
1074 	0.0812007940761915
1075 	0.0868356599591372
1076 	0.0924705258420828
1077 	0.0974947614209185
1078 	0.0955909815741018
1079 	0.093687201727285
1080 	0.0917834218804682
1081 	0.0898796420336515
1082 	0.0879758621868347
1083 	0.0872351333346286
1084 	0.0873366138233478
1085 	0.087438094312067
1086 	0.0875395748007862
1087 	0.0876410552895054
1088 	0.0883681049161022
1089 	0.0957436451475835
1090 	0.103119185379065
1091 	0.110494725610546
1092 	0.117870265842027
1093 	0.125245806073509
1094 	0.12420570323688
1095 	0.117555171688176
1096 	0.110904640139471
1097 	0.104254108590767
1098 	0.0976035770420629
1099 	0.0907544261125346
1100 	0.0824487330569614
1101 	0.0741430400013883
1102 	0.0658373469458152
1103 	0.0575316538902421
1104 	0.0492259608346689
1105 	0.046816519126174
1106 	0.0476099793839944
1107 	0.0484034396418147
1108 	0.0491968998996351
1109 	0.0499903601574555
1110 	0.0520357407761831
1111 	0.0596702959023492
1112 	0.0673048510285152
1113 	0.0749394061546813
1114 	0.0825739612808473
1115 	0.0902085164070134
1116 	0.0961842251280721
1117 	0.101533867850509
1118 	0.106883510572947
1119 	0.112233153295384
1120 	0.117582796017821
1121 	0.123702558273277
1122 	0.131852635661234
1123 	0.140002713049191
1124 	0.148152790437148
1125 	0.156302867825105
1126 	0.164452945213061
1127 	0.162465355642923
1128 	0.158430737167787
1129 	0.154396118692651
1130 	0.150361500217514
1131 	0.146326881742378
1132 	0.143678376512552
1133 	0.143144044010421
1134 	0.14260971150829
1135 	0.142075379006159
1136 	0.141541046504029
1137 	0.141006714001898
1138 	0.144547718912398
1139 	0.148223445720836
1140 	0.151899172529275
1141 	0.155574899337713
1142 	0.159250626146151
1143 	0.157800664716341
1144 	0.152105846299462
1145 	0.146411027882583
1146 	0.140716209465704
1147 	0.135021391048825
1148 	0.129130954180406
1149 	0.121954177797314
1150 	0.114777401414222
1151 	0.107600625031131
1152 	0.100423848648039
1153 	0.0932470722649468
1154 	0.0884092867169204
1155 	0.0844542607953507
1156 	0.080499234873781
1157 	0.0765442089522114
1158 	0.0725891830306417
1159 	0.0686435291447511
1160 	0.064717251798884
1161 	0.060790974453017
1162 	0.0568646971071499
1163 	0.0529384197612829
1164 	0.0490121424154158
1165 	0.0474670304974595
1166 	0.0460901808046019
1167 	0.0447133311117443
1168 	0.0433364814188867
1169 	0.0419596317260291
1170 	0.0415129578690542
1171 	0.0418273369687107
1172 	0.0421417160683673
1173 	0.0424560951680238
1174 	0.0427704742676804
1175 	0.0434768291447787
1176 	0.0460701371830496
1177 	0.0486634452213205
1178 	0.0512567532595914
1179 	0.0538500612978623
1180 	0.0564433693361332
1181 	0.0578023930847934
1182 	0.0588566932806567
1183 	0.05991099347652
1184 	0.0609652936723834
1185 	0.0620195938682467
1186 	0.0620379058725385
1187 	0.060737687451194
1188 	0.0594374690298495
1189 	0.0581372506085051
1190 	0.0568370321871606
1191 	0.0557713064292637
1192 	0.0572626673346736
1193 	0.0587540282400836
1194 	0.0602453891454936
1195 	0.0617367500509036
1196 	0.0632281109563136
1197 	0.069961487635463
1198 	0.0785654886680627
1199 	0.0871694897006624
1200 	0.0957734907332621
1201 	0.104377491765862
1202 	0.111760764797995
1203 	0.117282119364769
1204 	0.122803473931544
1205 	0.128324828498318
1206 	0.133846183065092
1207 	0.138867797452315
1208 	0.136456768216686
1209 	0.134045738981058
1210 	0.13163470974543
1211 	0.129223680509802
1212 	0.126812651274174
1213 	0.123377888240125
1214 	0.119579685835906
1215 	0.115781483431687
1216 	0.111983281027468
1217 	0.108185078623249
1218 	0.105626605612204
1219 	0.104787184575943
1220 	0.103947763539681
1221 	0.103108342503419
1222 	0.102268921467158
1223 	0.101238365849468
1224 	0.0986454165432244
1225 	0.0960524672369805
1226 	0.0934595179307367
1227 	0.0908665686244928
1228 	0.0882736193182489
1229 	0.0842266950303273
1230 	0.0798298065408604
1231 	0.0754329180513936
1232 	0.0710360295619268
1233 	0.06663914107246
1234 	0.0644001582045337
1235 	0.0642344572082837
1236 	0.0640687562120336
1237 	0.0639030552157836
1238 	0.0637373542195336
1239 	0.0653269421047802
1240 	0.0730679477819393
1241 	0.0808089534590984
1242 	0.0885499591362575
1243 	0.0962909648134165
1244 	0.104031970490576
1245 	0.107598838984095
1246 	0.110903992181298
1247 	0.1142091453785
1248 	0.117514298575703
1249 	0.120819451772905
1250 	0.118420230092387
1251 	0.113173097116096
1252 	0.107925964139804
1253 	0.102678831163512
1254 	0.0974316981872202
1255 	0.0909815953701121
1256 	0.0827420001032327
1257 	0.0745024048363534
1258 	0.066262809569474
1259 	0.0580232143025946
1260 	0.0510871699676854
1261 	0.051900011728376
1262 	0.0527128534890667
1263 	0.0535256952497573
1264 	0.0543385370104479
1265 	0.0551513787711386
1266 	0.0583989909500468
1267 	0.0619383393380807
1268 	0.0654776877261146
1269 	0.0690170361141485
1270 	0.0725563845021824
1271 	0.0728700727843612
1272 	0.0714468671633878
1273 	0.0700236615424144
1274 	0.068600455921441
1275 	0.0671772503004676
1276 	0.0662779775593307
1277 	0.0661203102954502
1278 	0.0659626430315698
1279 	0.0658049757676894
1280 	0.065647308503809
1281 	0.0666555887584416
1282 	0.0727664565403328
1283 	0.078877324322224
1284 	0.0849881921041152
1285 	0.0910990598860064
1286 	0.0972099276678976
1287 	0.0941049450222769
1288 	0.0906755949703038
1289 	0.0872462449183306
1290 	0.0838168948663575
1291 	0.0803875448143844
1292 	0.0744956297267447
1293 	0.0677959409819869
1294 	0.0610962522372291
1295 	0.0543965634924713
1296 	0.0476968747477136
1297 	0.0430078526992182
1298 	0.0399772637651584
1299 	0.0369466748310985
1300 	0.0339160858970387
1301 	0.0308854969629788
1302 	0.0315254438443626
1303 	0.0389821000972875
1304 	0.0464387563502123
1305 	0.0538954126031372
1306 	0.061352068856062
1307 	0.0685313120556101
1308 	0.0742541367249308
1309 	0.0799769613942516
1310 	0.0856997860635723
1311 	0.0914226107328931
1312 	0.0971454354022139
1313 	0.09070338204633
1314 	0.0839876811275078
1315 	0.0772719802086856
1316 	0.0705562792898634
1317 	0.0638405783710411
1318 	0.06172254490259
1319 	0.0607324572469937
1320 	0.0597423695913975
1321 	0.0587522819358012
1322 	0.057762194280205
1323 	0.0666922723207684
1324 	0.0812999294704553
1325 	0.0959075866201423
1326 	0.110515243769829
1327 	0.125122900919516
1328 	0.137343672346776
1329 	0.14694737619997
1330 	0.156551080053165
1331 	0.166154783906359
1332 	0.175758487759554
1333 	0.182715977153063
1334 	0.184202458737286
1335 	0.185688940321509
1336 	0.187175421905732
1337 	0.188661903489954
1338 	0.187140684516037
1339 	0.172101338857734
1340 	0.157061993199431
1341 	0.142022647541128
1342 	0.126983301882825
1343 	0.112273067075941
1344 	0.10454729589362
1345 	0.0968215247112989
1346 	0.0890957535289777
1347 	0.0813699823466564
1348 	0.0736442111643351
1349 	0.0713753589121961
1350 	0.0696004262578822
1351 	0.0678254936035683
1352 	0.0660505609492545
1353 	0.0642756282949406
1354 	0.0774063954788156
1355 	0.0943572163900645
1356 	0.111308037301313
1357 	0.128258858212562
1358 	0.145209679123811
1359 	0.164286378007244
1360 	0.184349758174984
1361 	0.204413138342725
1362 	0.224476518510465
1363 	0.244539898678206
1364 	0.253782994102448
1365 	0.255126158450986
1366 	0.256469322799524
1367 	0.257812487148062
1368 	0.259155651496601
1369 	0.25734068775282
1370 	0.252104418575694
1371 	0.246868149398567
1372 	0.241631880221441
1373 	0.236395611044315
1374 	0.233253381009509
1375 	0.233386442966535
1376 	0.233519504923562
1377 	0.233652566880588
1378 	0.233785628837615
1379 	0.230211523406168
1380 	0.21830832760841
1381 	0.206405131810652
1382 	0.194501936012893
1383 	0.182598740215135
1384 	0.168513158157767
1385 	0.147283525353124
1386 	0.126053892548481
1387 	0.104824259743838
1388 	0.0835946269391947
1389 	0.0640557675130169
1390 	0.0528902619611493
1391 	0.0417247564092817
1392 	0.0305592508574141
1393 	0.0193937453055465
1394 	0.00960838722169405
1395 	0.0111047850461206
1396 	0.0126011828705472
1397 	0.0140975806949737
1398 	0.0155939785194003
1399 	0.0174355140391462
1400 	0.024882561782872
1401 	0.0323296095265978
1402 	0.0397766572703236
1403 	0.0472237050140494
1404 	0.0547773075039815
1405 	0.0688840268855686
1406 	0.0829907462671557
1407 	0.0970974656487428
1408 	0.11120418503033
1409 	0.125310904411917
1410 	0.143632350941933
1411 	0.162039812311712
1412 	0.180447273681492
1413 	0.198854735051271
1414 	0.217262196421051
1415 	0.233854390981385
1416 	0.250357060316069
1417 	0.266859729650753
1418 	0.283362398985438
1419 	0.299865068320122
1420 	0.309982891041124
1421 	0.319649536164156
1422 	0.329316181287189
1423 	0.338982826410221
1424 	0.348649471533253
1425 	0.376978302984313
1426 	0.406885931109544
1427 	0.436793559234775
1428 	0.466701187360006
1429 	0.496608815485236
1430 	0.527793117575346
1431 	0.559089944791849
1432 	0.590386772008352
1433 	0.621683599224854
1434 	0.652980426441357
1435 	0.668478371329646
1436 	0.68265831628373
1437 	0.696838261237813
1438 	0.711018206191896
1439 	0.725198151145979
1440 	0.741298932490349
1441 	0.757533247915327
1442 	0.773767563340304
1443 	0.790001878765282
1444 	0.80623619419026
1445 	0.822231860891835
1446 	0.838216282365606
1447 	0.854200703839377
1448 	0.870185125313147
1449 	0.886169546786918
1450 	0.904374881685882
1451 	0.922616328998264
1452 	0.940857776310647
1453 	0.959099223623029
1454 	0.977082302055185
1455 	0.982405305356242
1456 	0.9877283086573
1457 	0.993051311958358
1458 	0.998374315259416
1459 	0.99957836963525
1460 	0.940542795979771
1461 	0.881507222324292
1462 	0.822471648668813
1463 	0.763436075013334
1464 	0.70471919051922
1465 	0.648454826962571
1466 	0.592190463405921
1467 	0.535926099849271
1468 	0.479661736292621
1469 	0.427140150151221
1470 	0.392263086110289
1471 	0.357386022069358
1472 	0.322508958028427
1473 	0.287631893987495
1474 	0.256125331526363
1475 	0.235118644357037
1476 	0.214111957187711
1477 	0.193105270018384
1478 	0.172098582849058
1479 	0.153921306885147
1480 	0.141784247319003
1481 	0.129647187752859
1482 	0.117510128186716
1483 	0.105373068620572
1484 	0.0960262118751779
1485 	0.0908127325094054
1486 	0.0855992531436329
1487 	0.0803857737778604
1488 	0.0751722944120879
1489 	0.0708286393811689
1490 	0.0673723808938888
1491 	0.0639161224066087
1492 	0.0604598639193285
1493 	0.0570036054320484
1494 	0.0552302581982349
1495 	0.0546024219856885
1496 	0.053974585773142
1497 	0.0533467495605956
1498 	0.0527189133480492
1499 	0.051906293730873
1500 	0.0510156077251122
1501 	0.0501249217193513
1502 	0.0492342357135905
1503 	0.0483435497078296
1504 	0.0478910715113778
1505 	0.0475354377758355
1506 	0.0471798040402932
1507 	0.0468241703047509
1508 	0.0464685365692086
1509 	0.0452078866001237
1510 	0.0438925325745044
1511 	0.0425771785488851
1512 	0.0412618245232658
1513 	0.0402002816524469
1514 	0.0422245480847271
1515 	0.0442488145170072
1516 	0.0462730809492873
1517 	0.0482973473815674
1518 	0.0501746158522518
1519 	0.0515183361660325
1520 	0.0528620564798132
1521 	0.0542057767935939
1522 	0.0555494971073747
1523 	0.0571769283941947
1524 	0.0592979390450694
1525 	0.0614189496959442
1526 	0.0635399603468189
1527 	0.0656609709976936
1528 	0.0672721718483061
1529 	0.0684146608096178
1530 	0.0695571497709296
1531 	0.0706996387322413
1532 	0.071842127693553
1533 	0.0725529486497236
1534 	0.0730661839592259
1535 	0.0735794192687283
1536 	0.0740926545782306
1537 	0.074605889887733
1538 	0.0731349131318704
1539 	0.0713355469665883
1540 	0.0695361808013061
1541 	0.067736814636024
1542 	0.0659908602731633
1543 	0.0655610275033031
1544 	0.065131194733443
1545 	0.0647013619635828
1546 	0.0642715291937227
1547 	0.0636816694696192
1548 	0.062549964093429
1549 	0.0614182587172387
1550 	0.0602865533410485
1551 	0.0591548479648583
1552 	0.0580843983690304
1553 	0.0570964859044889
1554 	0.0561085734399474
1555 	0.0551206609754059
1556 	0.0541327485108644
1557 	0.0526600846430347
1558 	0.0509039449149621
1559 	0.0491478051868894
1560 	0.0473916654588167
1561 	0.0456355257307441
1562 	0.0463709800152847
1563 	0.0475634722548017
1564 	0.0487559644943187
1565 	0.0499484567338356
1566 	0.0511073260184973
1567 	0.0517979831109196
1568 	0.0524886402033419
1569 	0.0531792972957643
1570 	0.0538699543881866
1571 	0.0550137605636217
1572 	0.0572301721443026
1573 	0.0594465837249834
1574 	0.0616629953056642
1575 	0.063879406886345
1576 	0.0658045796387309
1577 	0.0674766195777389
1578 	0.0691486595167469
1579 	0.0708206994557549
1580 	0.0724927393947629
1581 	0.0775154647233046
1582 	0.0834777548409731
1583 	0.0894400449586416
1584 	0.0954023350763102
1585 	0.101270816763423
1586 	0.104627317143441
1587 	0.107983817523458
1588 	0.111340317903476
1589 	0.114696818283494
1590 	0.117977108008714
1591 	0.121078723255631
1592 	0.124180338502549
1593 	0.127281953749466
1594 	0.130383568996383
1595 	0.131147559418652
1596 	0.130148078481975
1597 	0.129148597545298
1598 	0.12814911660862
1599 	0.127149635671943
1600 	0.126001993713584
1601 	0.124828205692576
1602 	0.123654417671567
1603 	0.122480629650558
1604 	0.121460834415351
1605 	0.121411081327202
1606 	0.121361328239053
1607 	0.121311575150904
1608 	0.121261822062755
1609 	0.124671072979111
1610 	0.132609781795131
1611 	0.14054849061115
1612 	0.148487199427169
1613 	0.156425908243189
1614 	0.161979179168184
1615 	0.166685587318859
1616 	0.171391995469534
1617 	0.176098403620209
1618 	0.180456010117031
1619 	0.178323170152912
1620 	0.176190330188794
1621 	0.174057490224676
1622 	0.171924650260558
1623 	0.171416389195101
1624 	0.173662468095299
1625 	0.175908546995497
1626 	0.178154625895695
1627 	0.180400704795892
1628 	0.192567914536445
1629 	0.208966819171813
1630 	0.225365723807181
1631 	0.241764628442549
1632 	0.258881496468615
1633 	0.293689718814174
1634 	0.328497941159732
1635 	0.363306163505291
1636 	0.39811438585085
1637 	0.437337500892591
1638 	0.483612976994469
1639 	0.529888453096346
1640 	0.576163929198224
1641 	0.622439405300101
1642 	0.637421448423398
1643 	0.641351277734235
1644 	0.645281107045072
1645 	0.649210936355909
1646 	0.646674016371707
1647 	0.587204342790062
1648 	0.527734669208418
1649 	0.468264995626773
1650 	0.408795322045129
1651 	0.35305021133899
1652 	0.301454877874694
1653 	0.249859544410399
1654 	0.198264210946103
1655 	0.146668877481807
1656 	0.12881822846734
1657 	0.116782900219722
1658 	0.104747571972103
1659 	0.0927122437244849
1660 	0.086529094667874
1661 	0.0987766676277575
1662 	0.111024240587641
1663 	0.123271813547525
1664 	0.135519386507408
1665 	0.159387163700652
1666 	0.189876815519816
1667 	0.220366467338981
1668 	0.250856119158145
1669 	0.281464490260985
1670 	0.314780791691501
1671 	0.348097093122016
1672 	0.381413394552531
1673 	0.414729695983046
1674 	0.437917686370001
1675 	0.449022779371651
1676 	0.460127872373302
1677 	0.471232965374952
1678 	0.482338058376603
1679 	0.457195216597777
1680 	0.426968570967182
1681 	0.396741925336588
1682 	0.366515279705994
1683 	0.3346783095878
1684 	0.299223337698766
1685 	0.263768365809731
1686 	0.228313393920697
1687 	0.192858422031663
1688 	0.164298263783806
1689 	0.13808566942986
1690 	0.111873075075915
1691 	0.0856604807219689
1692 	0.0627226493043086
1693 	0.0533902762714248
1694 	0.0440579032385409
1695 	0.0347255302056571
1696 	0.0253931571727732
1697 	0.0246681645927912
1698 	0.0285779153336006
1699 	0.03248766607441
1700 	0.0363974168152194
1701 	0.0419038282835777
1702 	0.0598193748800751
1703 	0.0777349214765725
1704 	0.09565046807307
1705 	0.113566014669567
1706 	0.131445201913243
1707 	0.149298807533893
1708 	0.167152413154543
1709 	0.185006018775194
1710 	0.201615443390405
1711 	0.201172269519293
1712 	0.200729095648182
1713 	0.20028592177707
1714 	0.199842747905959
1715 	0.189542435465502
1716 	0.17143413871026
1717 	0.153325841955017
1718 	0.135217545199774
1719 	0.117362261571557
1720 	0.103772056370336
1721 	0.0901818511691145
1722 	0.0765916459678934
1723 	0.0630014407666723
1724 	0.0551393215474933
1725 	0.0517233365630414
1726 	0.0483073515785896
1727 	0.0448913665941378
1728 	0.0418301863776768
1729 	0.0429054009880491
1730 	0.0439806155984214
1731 	0.0450558302087937
1732 	0.0461310448191659
1733 	0.0468547297675864
1734 	0.0473469764476903
1735 	0.0478392231277942
1736 	0.0483314698078981
1737 	0.0488179864799257
1738 	0.0492681007477038
1739 	0.0497182150154819
1740 	0.0501683292832599
1741 	0.050618443551038
1742 	0.0511410619663834
1743 	0.0516982724639507
1744 	0.052255482961518
1745 	0.0528126934590853
1746 	0.0538093463977439
1747 	0.0563024266798533
1748 	0.0587955069619627
1749 	0.0612885872440721
1750 	0.0637816675261815
1751 	0.0650013921120597
1752 	0.0658744269791168
1753 	0.066747461846174
1754 	0.0676204967132311
1755 	0.0684082767180609
1756 	0.0690397963946723
1757 	0.0696713160712837
1758 	0.0703028357478952
1759 	0.0709343554245066
1760 	0.0712145212275758
1761 	0.0714678343664668
1762 	0.0717211475053579
1763 	0.0719744606442489
1764 	0.0732230890831973
1765 	0.0754128133116946
1766 	0.0776025375401919
1767 	0.0797922617686892
1768 	0.0818412064356822
1769 	0.0827152338276902
1770 	0.0835892612196982
1771 	0.0844632886117062
1772 	0.0853373160037142
1773 	0.0844404426225668
1774 	0.0828167256236647
1775 	0.0811930086247626
1776 	0.0795692916258605
1777 	0.0781637804491829
1778 	0.0772219566447326
1779 	0.0762801328402824
1780 	0.0753383090358321
1781 	0.0743964852313819
1782 	0.0736181021471604
1783 	0.0728503366177141
1784 	0.0720825710882679
1785 	0.0713148055588216
1786 	0.0710739666423852
1787 	0.0712338888118999
1788 	0.0713938109814146
1789 	0.0715537331509293
1790 	0.071698649941512
1791 	0.0717850163319478
1792 	0.0718713827223837
1793 	0.0719577491128195
1794 	0.0720441155032554
1795 	0.0723273797402027
1796 	0.0726453906559461
1797 	0.0729634015716895
1798 	0.0732814124874329
1799 	0.0736696459197381
1800 	0.0741267113237225
1801 	0.074583776727707
1802 	0.0750408421316914
1803 	0.0753249327167333
1804 	0.0747523861032019
1805 	0.0741798394896704
1806 	0.0736072928761389
1807 	0.0730347462626074
1808 	0.071865484704755
1809 	0.070582563157508
1810 	0.0692996416102611
1811 	0.0680167200630141
1812 	0.0672070799510153
1813 	0.0668343150100149
1814 	0.0664615500690145
1815 	0.0660887851280141
1816 	0.0658749570810661
1817 	0.0662590344926962
1818 	0.0666431119043262
1819 	0.0670271893159562
1820 	0.0674112667275863
1821 	0.0681930320483014
1822 	0.0690150917386597
1823 	0.0698371514290179
1824 	0.0706592111193761
1825 	0.0714673905476385
1826 	0.0722668807061335
1827 	0.0730663708646285
1828 	0.0738658610231235
1829 	0.0742865982436089
1830 	0.0739418197072102
1831 	0.0735970411708116
1832 	0.0732522626344129
1833 	0.0728847388092328
1834 	0.0721337944017368
1835 	0.0713828499942407
1836 	0.0706319055867447
1837 	0.0698809611792486
1838 	0.069932380082941
1839 	0.070197085436443
1840 	0.0704617907899451
1841 	0.0707264961434471
1842 	0.0712798080941255
1843 	0.0720870070513427
1844 	0.0728942060085599
1845 	0.0737014049657771
1846 	0.0744728689296312
1847 	0.0751542404454291
1848 	0.075835611961227
1849 	0.0765169834770249
1850 	0.0771653068452755
1851 	0.0770955840986373
1852 	0.0770258613519991
1853 	0.0769561386053609
1854 	0.0768864158587227
1855 	0.0763228608573246
1856 	0.0756457183631342
1857 	0.0749685758689439
1858 	0.0742914333747536
1859 	0.0741113667361164
1860 	0.0742753001396473
1861 	0.0744392335431782
1862 	0.0746031669467091
1863 	0.0744262561640649
1864 	0.0736884853713653
1865 	0.0729507145786657
1866 	0.072212943785966
1867 	0.0715792877241031
1868 	0.0714398774534536
1869 	0.0713004671828041
1870 	0.0711610569121545
1871 	0.071021646641505
1872 	0.0709771749776185
1873 	0.0709347397904859
1874 	0.0708923046033533
1875 	0.0708498694162207
1876 	0.0708895280499018
1877 	0.070950615965939
1878 	0.0710117038819762
1879 	0.0710727917980135
1880 	0.0702208915259771
1881 	0.0687998557600768
1882 	0.0673788199941764
1883 	0.065957784228276
1884 	0.0650570826753485
1885 	0.0647975072062622
1886 	0.0645379317371759
1887 	0.0642783562680896
1888 	0.0643001706939814
1889 	0.0650176434713468
1890 	0.0657351162487121
1891 	0.0664525890260775
1892 	0.0671527902708662
1893 	0.0677451070150675
1894 	0.0683374237592688
1895 	0.0689297405034701
1896 	0.0695220572476715
1897 	0.0699329080677504
1898 	0.0703432128519493
1899 	0.0707535176361482
1900 	0.0711638224203471
1901 	0.0719383202468671
1902 	0.0727696574499343
1903 	0.0736009946530014
1904 	0.0744323318560686
1905 	0.0741238064095869
1906 	0.0734189405809171
1907 	0.0727140747522473
1908 	0.0720092089235774
1909 	0.0717805416588299
1910 	0.0718339537981892
1911 	0.0718873659375485
1912 	0.0719407780769079
1913 	0.071829479216021
1914 	0.0715673530407324
1915 	0.0713052268654438
1916 	0.0710431006901552
1917 	0.0710608976220392
1918 	0.0714558679424609
1919 	0.0718508382628828
1920 	0.0722458085833046
1921 	0.0726826176882985
1922 	0.073201006252296
1923 	0.0737193948162934
1924 	0.0742377833802909
1925 	0.0746869535463776
1926 	0.0749411497519369
1927 	0.0751953459574962
1928 	0.0754495421630555
1929 	0.075521633412882
1930 	0.0748322806250069
1931 	0.0741429278371318
1932 	0.0734535750492568
1933 	0.0727711771013692
1934 	0.0721341163434756
1935 	0.0714970555855819
1936 	0.0708599948276883
1937 	0.0703812828447938
1938 	0.0716520386531533
1939 	0.0729227944615128
1940 	0.0741935502698722
1941 	0.0754617542871154
1942 	0.0766702712877603
1943 	0.0778787882884051
1944 	0.07908730528905
1945 	0.080284107317871
1946 	0.0801909607825338
1947 	0.0800978142471967
1948 	0.0800046677118596
1949 	0.0799115211765225
1950 	0.0785578380706692
1951 	0.0771862568796362
1952 	0.0758146756886033
1953 	0.0744430944975703
1954 	0.0737750451800585
1955 	0.0731272622128128
1956 	0.0724794792455671
1957 	0.0718316962783215
1958 	0.071631797090392
1959 	0.0714471824574961
1960 	0.0712625678246001
1961 	0.0710779531917042
1962 	0.0716511083595545
1963 	0.0722468951692396
1964 	0.0728426819789247
1965 	0.0734384687886098
1966 	0.0727050612296935
1967 	0.071951412132169
1968 	0.0711977630346444
1969 	0.0704475584666798
1970 	0.0701244755641427
1971 	0.0698013926616056
1972 	0.0694783097590686
1973 	0.069138633202818
1974 	0.0684007089574436
1975 	0.0676627847120693
1976 	0.0669248604666949
1977 	0.0662565757644104
1978 	0.0663783989645911
1979 	0.0665002221647719
1980 	0.0666220453649527
1981 	0.0668179000484024
1982 	0.0675048490750632
1983 	0.0681917981017239
1984 	0.0688787471283847
1985 	0.0694855379560485
1986 	0.0697528105481703
1987 	0.0700200831402922
1988 	0.0702873557324141
1989 	0.0704357325148437
1990 	0.0702457135312263
1991 	0.0700556945476089
1992 	0.0698656755639915
1993 	0.0699467891998466
1994 	0.0705565714536114
1995 	0.0711663537073761
1996 	0.0717761359611409
1997 	0.0721452410720004
1998 	0.0721900535067386
1999 	0.0722348659414769
2000 	0.0722796783762151
2001 	0.0722330805787688
2002 	0.0721031124548366
2003 	0.0719731443309044
2004 	0.0718431762069723
2005 	0.0718399557177078
2006 	0.0719114941671743
2007 	0.0719830326166407
2008 	0.0720545710661072
2009 	0.0720680024148651
2010 	0.0720614399225191
2011 	0.0720548774301731
2012 	0.072048314937827
2013 	0.0718518982560798
2014 	0.0716268614376104
2015 	0.071401824619141
2016 	0.0711771617334619
2017 	0.0710767691784613
2018 	0.0709763766234606
2019 	0.0708759840684599
2020 	0.0707945732267709
2021 	0.0708233079732104
2022 	0.0708520427196499
2023 	0.0708807774660894
2024 	0.0709520212871472
2025 	0.0711229268517084
2026 	0.0712938324162696
2027 	0.0714647379808307
2028 	0.0717703481682454
2029 	0.0722328221805414
2030 	0.0726952961928374
2031 	0.0731577702051334
2032 	0.073251810005023
2033 	0.0731322394479567
2034 	0.0730126688908903
2035 	0.0728930983338239
2036 	0.0728683465534459
2037 	0.0728652609800261
2038 	0.0728621754066063
2039 	0.072858396133826
2040 	0.0726818857202517
2041 	0.0725053753066773
2042 	0.072328864893103
2043 	0.0721584293217655
2044 	0.0720116975466066
2045 	0.0718649657714477
2046 	0.0717182339962888
2047 	0.0714198766987842
2048 	0.0709060129082606
2049 	0.0703921491177369
2050 	0.0698782853272133
2051 	0.0697647549243536
2052 	0.0698843300383613
2053 	0.0700039051523691
2054 	0.0701234802663769
2055 	0.0700258302360824
2056 	0.0698928179729945
2057 	0.0697598057099067
2058 	0.0696536710647299
2059 	0.0697977476460858
2060 	0.0699418242274416
2061 	0.0700859008087975
2062 	0.0701515062706404
2063 	0.0700674691324819
2064 	0.0699834319943234
2065 	0.0698993948561649
2066 	0.0697477181765239
2067 	0.0695511360442183
2068 	0.0693545539119127
2069 	0.069157971779607
2070 	0.0692376955756921
2071 	0.0693598054023146
2072 	0.069481915228937
2073 	0.0696879707996345
2074 	0.0704012478380539
2075 	0.0711145248764732
2076 	0.0718278019148926
2077 	0.0721860192987297
2078 	0.0720677748978467
2079 	0.0719495304969637
2080 	0.0718312860960807
2081 	0.0717866063712138
2082 	0.0717702521033172
2083 	0.0717538978354205
2084 	0.0717398562371603
2085 	0.0718124508014334
2086 	0.0718850453657064
2087 	0.0719576399299795
2088 	0.0719733159929431
2089 	0.0718780093734124
2090 	0.0717827027538817
2091 	0.071687396134351
2092 	0.0716273975706271
2093 	0.0715854263828287
2094 	0.0715434551950302
2095 	0.0715014840072318
2096 	0.0716270112606394
2097 	0.0717533802147566
2098 	0.0718797491688738
2099 	0.0719116569883714
2100 	0.0717577258397596
2101 	0.0716037946911478
2102 	0.0714498635425361
2103 	0.0713069338724733
2104 	0.0711689700367048
2105 	0.0710310062009363
2106 	0.0709014214900834
2107 	0.0709277542212881
2108 	0.0709540869524927
2109 	0.0709804196836974
2110 	0.0709977838898182
2111 	0.0710028641919142
2112 	0.0710079444940102
2113 	0.0710130247961062
2114 	0.0711711531579713
2115 	0.0713670664522981
2116 	0.0715629797466248
2117 	0.0717492655936248
2118 	0.0718952957411809
2119 	0.0720413258887371
2120 	0.0721873560362932
2121 	0.0722395391627251
2122 	0.0722273112645405
2123 	0.0722150833663558
2124 	0.0722012946304973
2125 	0.0714086478953366
2126 	0.0706160011601759
2127 	0.0698233544250152
2128 	0.0693750057297945
2129 	0.0694001690657507
2130 	0.0694253324017069
2131 	0.069450495737663
2132 	0.0694603549779688
2133 	0.0694675134955127
2134 	0.0694746720130567
2135 	0.0694686573727259
2136 	0.0694302340291118
2137 	0.0693918106854977
2138 	0.0693533873418836
2139 	0.0693997946283042
2140 	0.0694764739034617
2141 	0.0695531531786192
2142 	0.0696044674629841
2143 	0.0695510698622823
2144 	0.0694976722615806
2145 	0.0694442746608788
2146 	0.0696099529124855
2147 	0.0698869864615701
2148 	0.0701640200106547
2149 	0.0705090230841807
2150 	0.0712681099980982
2151 	0.0720271969120156
2152 	0.0727862838259331
2153 	0.0731187939995593
2154 	0.0731986185881724
2155 	0.0732784431767856
2156 	0.0732916147778993
2157 	0.0728382154665171
2158 	0.0723848161551348
2159 	0.0719314168437526
2160 	0.0716998210827235
2161 	0.0715973767560772
2162 	0.071494932429431
2163 	0.0713966105887463
2164 	0.0713220208969758
2165 	0.0712474312052053
2166 	0.0711728415134348
2167 	0.0711115821356531
2168 	0.0710567703578125
2169 	0.071001958579972
2170 	0.0709867253597694
2171 	0.0711203829040142
2172 	0.0712540404482591
2173 	0.071387697992504
2174 	0.0716243253536083
2175 	0.0718941863593075
2176 	0.0721640473650067
2177 	0.0723065684500914
2178 	0.0721682886845902
2179 	0.072030008919089
2180 	0.0718917291535878
2181 	0.0720175958996041
2182 	0.0721805094197558
2183 	0.0723434229399075
2184 	0.0724365442273498
2185 	0.0724453910086286
2186 	0.0724542377899074
2187 	0.0724575337426363
2188 	0.0723203060883919
2189 	0.0721830784341476
2190 	0.0720458507799033
2191 	0.0720643149991605
2192 	0.0721730460708271
2193 	0.0722817771424937
2194 	0.0723119251219542
2195 	0.0720904751339311
2196 	0.071869025145908
2197 	0.0716475751578849
2198 	0.0708452260975867
2199 	0.0699427689908355
2200 	0.0690403118840843
2201 	0.0686715859927895
2202 	0.0688857213869929
2203 	0.0690998567811964
2204 	0.0692949909241607
2205 	0.0693394722894433
2206 	0.0693839536547259
2207 	0.0694284350200085
2208 	0.0694325839627916
2209 	0.0694237860381144
2210 	0.0694149881134373
2211 	0.0694012485154293
2212 	0.0693804270546675
2213 	0.0693596055939057
2214 	0.069337425458642
2215 	0.0692987267018026
2216 	0.0692600279449633
2217 	0.069221329188124
2218 	0.0694233654924498
2219 	0.0697056468171639
2220 	0.0699879281418781
2221 	0.0704415515079646
2222 	0.0711177225829601
2223 	0.0717938936579556
2224 	0.0724058847039113
2225 	0.072584536173946
2226 	0.0727631876439807
2227 	0.0729418391140154
2228 	0.0729631995492081
2229 	0.0729530262475236
2230 	0.0729428529458392
2231 	0.0727904612873732
2232 	0.0725202909897445
2233 	0.0722501206921157
2234 	0.0720250515161479
2235 	0.0719206941658018
2236 	0.0718163368154557
2237 	0.0717133434860263
2238 	0.0718363229551367
2239 	0.0719593024242471
2240 	0.0720822818933575
2241 	0.0720180550280312
2242 	0.0718914260512261
2243 	0.0717647970744209
2244 	0.0716773791688363
2245 	0.0716283958776163
2246 	0.0715794125863963
2247 	0.0715371795220176
2248 	0.0715132900108764
2249 	0.0714894004997353
2250 	0.0714698097348431
2251 	0.0715458910667003
2252 	0.0716219723985575
2253 	0.0716980537304147
2254 	0.0718568449334306
2255 	0.0720328174140302
2256 	0.0722087898946299
2257 	0.0723294042911087
2258 	0.0724165194938258
2259 	0.0725036346965429
2260 	0.0725165242596885
2261 	0.0724298089247677
2262 	0.0723430935898468
2263 	0.0722532874373169
2264 	0.0721538001288047
2265 	0.0720543128202925
2266 	0.07191811660431
2267 	0.0712707351544503
2268 	0.0706233537045906
2269 	0.0699759722547309
2270 	0.0698270030008413
2271 	0.0697321849611479
2272 	0.0696373669214546
2273 	0.0695286461699842
2274 	0.0694152167356764
2275 	0.0693017873013686
2276 	0.0694464838421624
2277 	0.0697611240183048
2278 	0.0700757641944473
2279 	0.0702791467693386
2280 	0.0703560570282778
2281 	0.070432967287217
2282 	0.0705029891718084
2283 	0.0705598750867134
2284 	0.0706167610016185
2285 	0.0706547031405118
2286 	0.0706288651427021
2287 	0.0706030271448923
2288 	0.0706638370176069
2289 	0.0713311819839912
2290 	0.0719985269503755
2291 	0.0726371608233681
2292 	0.0724072841212677
2293 	0.0721774074191672
2294 	0.0719475307170668
2295 	0.0715349193526922
2296 	0.071112284568024
2297 	0.0706896497833558
2298 	0.0707983757949099
2299 	0.0709830104916385
2300 	0.0711676451883672
2301 	0.0712174439258368
2302 	0.071236024485547
2303 	0.0712546050452571
2304 	0.0710838975699523
2305 	0.0708530867791815
2306 	0.0706222759884108
2307 	0.0706105708947137
2308 	0.070685773647342
2309 	0.0707609763999702
2310 	0.0709753848599724
2311 	0.0712541047286443
2312 	0.0715328245973162
2313 	0.0716385622599351
2314 	0.0716559797025449
2315 	0.0716733971451547
2316 	0.0714549248897371
2317 	0.0711094351046124
2318 	0.0707639453194878
2319 	0.070580909371719
2320 	0.0704861199528841
2321 	0.0703913305340492
2322 	0.0706068600004453
2323 	0.0709843976519771
2324 	0.0713619353035089
2325 	0.0717129658415258
2326 	0.0720513497064771
2327 	0.0723897335714284
2328 	0.0725985716779404
2329 	0.0727534629671985
2330 	0.0729083542564567
2331 	0.071869346967855
2332 	0.0704238380186955
2333 	0.0689783290695359
2334 	0.0686664214056211
2335 	0.0686450346741061
2336 	0.068623647942591
2337 	0.0688917115821982
2338 	0.0692084678076016
2339 	0.069525224033005
2340 	0.0697155644391015
2341 	0.0698959497698911
2342 	0.07007602603488
2343 	0.0702220707211393
2344 	0.0703681154073986
2345 	0.0704965574122567
2346 	0.070466575284503
2347 	0.0704365931567494
2348 	0.0704063041015632
2349 	0.0703748025310743
2350 	0.0703433009605854
2351 	0.0706364939476567
2352 	0.0716357687503744
2353 	0.0726350435530921
2354 	0.0732047184248767
2355 	0.0732231714674733
2356 	0.0732416245100699
2357 	0.0730795108574872
2358 	0.0727817350118536
2359 	0.0724839591662201
2360 	0.0721980662211421
2361 	0.071916909816845
2362 	0.0716357534125479
2363 	0.071480481011528
2364 	0.0713440188638714
2365 	0.0712101121977645
2366 	0.0711488112721586
2367 	0.0710875103465526
2368 	0.0710788488676274
2369 	0.0712682119738342
2370 	0.0714575750800409
2371 	0.0715096938191595
2372 	0.0713524802408001
2373 	0.0711952666624407
2374 	0.0710790152926226
2375 	0.0709909946340964
2376 	0.0709029739755703
2377 	0.0711679650357352
2378 	0.07152231495201
2379 	0.071874169891915
2380 	0.0720725837850734
2381 	0.0722709976782318
2382 	0.0724016356798759
2383 	0.0723222795258446
2384 	0.0722429233718132
2385 	0.0721588139457425
2386 	0.0720695962314636
2387 	0.0719803785171847
2388 	0.0721154295936118
2389 	0.0723330091306405
2390 	0.0725505886676693
2391 	0.071625874471242
2392 	0.0706896219542745
2393 	0.0699198880330449
2394 	0.0696216377985981
2395 	0.0693233875641513
2396 	0.069297855321683
2397 	0.0695027748141337
2398 	0.0697076943065845
2399 	0.0696577389429065
2400 	0.0695566862191162
