 	sdc0
200 	0
201 	0
202 	0
203 	0.00896617337656533
204 	0.00851629515624356
205 	0.00831273852308601
206 	0.00837348677155763
207 	0.00869300063666253
208 	0.00924448807776242
209 	0.00986560594888177
210 	0.00915437586004021
211 	0.00856456381215605
212 	0.00812266264567413
213 	0.0078536795755682
214 	0.00777558078559377
215 	0.00789403379066897
216 	0.00758504223971639
217 	0.00714171949607462
218 	0.00697839155314921
219 	0.0071143685386433
220 	0.00753346072295677
221 	0.00819233305909547
222 	0.00874375931091025
223 	0.00823545300940516
224 	0.00805952253948778
225 	0.00823729195611656
226 	0.00874722309578838
227 	0.00953617863276925
228 	0.010541695871921
229 	0.0106146039127191
230 	0.0105100529457995
231 	0.0106107617482899
232 	0.0109110481664366
233 	0.0113951452187978
234 	0.0120409033000247
235 	0.0121197136262612
236 	0.0108595893159207
237 	0.00989316556762471
238 	0.0093123355231924
239 	0.00919049965750972
240 	0.00954525002935808
241 	0.0103275909776353
242 	0.00968958271658155
243 	0.00906868945784781
244 	0.00872821689905029
245 	0.00870114581439923
246 	0.00899030773792479
247 	0.00956707136245604
248 	0.00961034961090621
249 	0.00897912623913833
250 	0.00857888685434225
251 	0.00844254668731637
252 	0.00858269146259571
253 	0.00898639494922166
254 	0.00950410661023472
255 	0.00826044169300153
256 	0.00737717355741665
257 	0.00699224003142167
258 	0.00718617351904217
259 	0.00791654579109784
260 	0.00905445983520352
261 	0.00884677229719811
262 	0.00795634007885446
263 	0.00732505640388504
264 	0.00702315397009107
265 	0.00709281809670262
266 	0.00752373457240591
267 	0.00783385192319767
268 	0.00729641733011779
269 	0.00742190383290424
270 	0.00817985867258685
271 	0.00941881096800918
272 	0.0109770849020888
273 	0.0127380244383979
274 	0.0116266018633761
275 	0.0103285497004021
276 	0.00953901874202132
277 	0.0093872088413082
278 	0.0099024932579012
279 	0.0109914479136266
280 	0.0113145184325041
281 	0.0104096262220658
282 	0.00964079943249813
283 	0.009042810083325
284 	0.00865115712488244
285 	0.00849442934437717
286 	0.00855364158165667
287 	0.0084298577298336
288 	0.00848822750560944
289 	0.00872509592111709
290 	0.00912657544111501
291 	0.00967218938689649
292 	0.0103391442389389
293 	0.0106604802165787
294 	0.0109944916242993
295 	0.011536709294436
296 	0.012259538500722
297 	0.0131331913408685
298 	0.0141297187862979
299 	0.0146462082559326
300 	0.0140246064630726
301 	0.0134609256172619
302 	0.0129627239561887
303 	0.0125378095422099
304 	0.0121938462238377
305 	0.0119378333547576
306 	0.011638949436993
307 	0.0115044642735429
308 	0.011547627091887
309 	0.0117664830639004
310 	0.0121515429037032
311 	0.0126876832083616
312 	0.012386003411987
313 	0.0118442482158244
314 	0.0118362057451746
315 	0.0123629176351654
316 	0.0133612916229458
317 	0.0147357697654603
318 	0.015754727147503
319 	0.0150028684287715
320 	0.0144199319471801
321 	0.0140269938441241
322 	0.0138402463098169
323 	0.0138680215676649
324 	0.0141090527377833
325 	0.0130754064068521
326 	0.0120733813823325
327 	0.0113219387268086
328 	0.0108731563170689
329 	0.0107649539380654
330 	0.0110073798659525
331 	0.0110878187067186
332 	0.0109866138547481
333 	0.011070487836405
334 	0.0113353330123558
335 	0.0117689381291763
336 	0.0123535457055098
337 	0.0127232588599278
338 	0.0120286828068955
339 	0.0115464078080337
340 	0.0113036403701767
341 	0.0113158060744918
342 	0.011582101612448
343 	0.0120857402568061
344 	0.0118268106745822
345 	0.0115752790496299
346 	0.0114535910169376
347 	0.0114658814337069
348 	0.0116117248797263
349 	0.0118862062944897
350 	0.0116243368285609
351 	0.0110009873704189
352 	0.0105459321365969
353 	0.010281541286238
354 	0.0102226191798795
355 	0.010372667914205
356 	0.00995644985102324
357 	0.00785330855882023
358 	0.00716430206342544
359 	0.00825161801368856
360 	0.01058113333644
361 	0.013525559972699
362 	0.0167639604365585
363 	0.0140764914886968
364 	0.0114799347847714
365 	0.00977568598731446
366 	0.00945901761343477
367 	0.0106543810579819
368 	0.012949613935358
369 	0.0130395814043281
370 	0.011715210042391
371 	0.0106133496413414
372 	0.00980927194118735
373 	0.00937987326981285
374 	0.00937676971211913
375 	0.0094515890169682
376 	0.00913644062890172
377 	0.00908973452911688
378 	0.00931550934081412
379 	0.00979494097850376
380 	0.0104933186976548
381 	0.0113389259815954
382 	0.0116009859459626
383 	0.0119732119085759
384 	0.0124457232768461
385 	0.0130075957942625
386 	0.0136477970675462
387 	0.0143558516721877
388 	0.0132887943535012
389 	0.0117416939622662
390 	0.0103684971303325
391 	0.00924700612545644
392 	0.0084777087547914
393 	0.008160821225969
394 	0.00783964703977731
395 	0.00779404031871385
396 	0.00868597319120551
397 	0.0102741064367711
398 	0.0122914792794446
399 	0.0145607599282142
400 	0.0162230528299264
401 	0.0150117772991405
402 	0.0140263822364756
403 	0.0133171042654463
404 	0.0129294647916354
405 	0.0128925086770508
406 	0.0132091796333401
407 	0.0113580817010413
408 	0.00999988643018973
409 	0.00961603575699935
410 	0.0103158744232916
411 	0.0119098737578694
412 	0.0140979298875291
413 	0.0134490047517159
414 	0.0114108705877881
415 	0.00963355074842977
416 	0.0082865991918067
417 	0.00760231846218544
418 	0.00775808349575293
419 	0.00811855076842557
420 	0.00796495115731013
421 	0.00798583171575906
422 	0.00817985637659767
423 	0.00853522544437829
424 	0.00903291632454405
425 	0.00942591525234129
426 	0.0089062103031942
427 	0.00873315618973061
428 	0.00892693584343715
429 	0.00946504524661984
430 	0.0102936247715459
431 	0.0113492322120623
432 	0.013202807038942
433 	0.0154782946440446
434 	0.0179915541477108
435 	0.0206559763844265
436 	0.0234200261383242
437 	0.0262522534733195
438 	0.0263196478842174
439 	0.0251537636346584
440 	0.0240680681177556
441 	0.023073883473468
442 	0.0221835166704251
443 	0.0214099239344858
444 	0.0192420001649468
445 	0.0153929033341063
446 	0.0118454128182205
447 	0.00896501900112774
448 	0.00755743049076172
449 	0.00839901033636727
450 	0.00991633276324868
451 	0.00860551694951368
452 	0.0080211430396453
453 	0.00831775790425089
454 	0.00941243882541613
455 	0.0110709285937481
456 	0.0130518205341947
457 	0.0123579950536577
458 	0.0117559638939728
459 	0.0112604598150927
460 	0.0108860390527963
461 	0.01064548543334
462 	0.0105479617369739
463 	0.00975425519451631
464 	0.00886026682045061
465 	0.00810917872649862
466 	0.00754379538865603
467 	0.00720794949152729
468 	0.0071341320872128
469 	0.00705342263380823
470 	0.00715860357929599
471 	0.00764893447271914
472 	0.0084576918209665
473 	0.00950392878324469
474 	0.0107183269545009
475 	0.0113018588047128
476 	0.0108271927620193
477 	0.010460978632287
478 	0.010214887417852
479 	0.0100977054892979
480 	0.010113914549411
481 	0.0100048337463786
482 	0.00918356743425033
483 	0.00890278435531743
484 	0.00921203960403233
485 	0.0100570484729044
486 	0.0113184460169032
487 	0.0128238296404097
488 	0.0104669377331602
489 	0.00868691686976636
490 	0.00788465752099505
491 	0.00834701647735948
492 	0.00989833845915625
493 	0.0121276990711135
494 	0.0125012113379895
495 	0.0126489635348273
496 	0.0130077101276774
497 	0.0135607159729103
498 	0.0142854388557785
499 	0.015157267549872
500 	0.0151367693827555
501 	0.0146969830119194
502 	0.0143764578309744
503 	0.0141832816261308
504 	0.0141226811694419
505 	0.0141963543541466
506 	0.0127511657616253
507 	0.00985739795018038
508 	0.00760261878048083
509 	0.00666984124246928
510 	0.00756499861093795
511 	0.00979934067540091
512 	0.0111512240883869
513 	0.00971231305576644
514 	0.0087162206870688
515 	0.00832347482646785
516 	0.00861697251107863
517 	0.00953354337459102
518 	0.010594559480535
519 	0.0103985488235299
520 	0.0104572846239967
521 	0.0107665984787407
522 	0.0113059427258749
523 	0.0120444549923319
524 	0.0128865626385336
525 	0.0112531000027678
526 	0.00979769926132862
527 	0.00861112362391192
528 	0.00781676898883774
529 	0.00753964142987739
530 	0.00783481949154533
531 	0.00774331187233254
532 	0.00766506364523889
533 	0.00770353208608827
534 	0.00785700302276205
535 	0.0081189574688173
536 	0.00847934715905113
537 	0.00854775939798808
538 	0.00861833653238294
539 	0.00882455630320894
540 	0.00915725935065663
541 	0.00960330876237235
542 	0.0101477689695476
543 	0.00976134829782454
544 	0.00924367534606609
545 	0.00940916824288926
546 	0.0102247083063537
547 	0.0115534485191453
548 	0.013241789351389
549 	0.0151740532087925
550 	0.0175478346228175
551 	0.0202870313215961
552 	0.0232629170669604
553 	0.0263955585622338
554 	0.0296352871402917
555 	0.031753158173306
556 	0.0319931592593959
557 	0.0323853793908218
558 	0.0329243789713667
559 	0.0336030956384259
560 	0.0344132636608697
561 	0.0342725711178089
562 	0.0312177221923344
563 	0.0282316709619081
564 	0.0253387515536243
565 	0.0225747964301417
566 	0.0199933627986779
567 	0.0175218665863334
568 	0.014529074928442
569 	0.0119157801423772
570 	0.0099845482143575
571 	0.00917661038763
572 	0.00977459676334828
573 	0.011466130278891
574 	0.0122328462402435
575 	0.0131850050681707
576 	0.0142855744757866
577 	0.0155029792460711
578 	0.0168118571505436
579 	0.0181924754814118
580 	0.0182078659473777
581 	0.0182006155208233
582 	0.0182142541098779
583 	0.0182487348790206
584 	0.0183039400417936
585 	0.0183796828559575
586 	0.0174763211080081
587 	0.0164766025881115
588 	0.0155159701647665
589 	0.0146021399593451
590 	0.0137444503914012
591 	0.0129540574980231
592 	0.0115801253273294
593 	0.0103040063730656
594 	0.00940683526959355
595 	0.00900262794721246
596 	0.00915690055838561
597 	0.0098434294547157
598 	0.0100948200795106
599 	0.0101535863491329
600 	0.0102912495875821
601 	0.0105047084401007
602 	0.0107894652213231
603 	0.0111400538205954
604 	0.0113496025694233
605 	0.0117577951035059
606 	0.0124788881936469
607 	0.013462696351192
608 	0.0146564106513362
609 	0.0160131568080172
610 	0.0158695576266438
611 	0.0147836793977341
612 	0.0138041953242662
613 	0.012955259754705
614 	0.012264013079704
615 	0.0117582989021501
616 	0.0111934860477948
617 	0.0105335175805059
618 	0.00997761497787263
619 	0.00954397998665652
620 	0.00924982446514112
621 	0.00910867150562238
622 	0.00890824258029906
623 	0.00855900878812161
624 	0.0082404239708824
625 	0.00795617076386023
626 	0.00771004730508028
627 	0.00750580547899477
628 	0.00751194118806635
629 	0.00777578045538036
630 	0.00811610218506909
631 	0.0085237503117813
632 	0.00898957038949029
633 	0.00950501361958571
634 	0.00970373853626478
635 	0.00950958628686725
636 	0.00939245651037299
637 	0.00935524267113434
638 	0.00939889407095688
639 	0.00952229868587489
640 	0.00953066130068952
641 	0.00952294097251789
642 	0.0098422045013786
643 	0.0104585495586698
644 	0.0113235689179095
645 	0.0123852675364498
646 	0.0127571809813302
647 	0.0119299663515738
648 	0.0111944365322407
649 	0.0105697494277045
650 	0.0100765409848798
651 	0.00973481561411809
652 	0.00950801006069133
653 	0.00955231338052045
654 	0.0100243945364721
655 	0.0108686540115946
656 	0.0120068377819628
657 	0.0133640572551418
658 	0.0141448705218579
659 	0.0137729729787687
660 	0.0134584343309417
661 	0.0132053539134417
662 	0.0130173168007403
663 	0.0128971682463642
664 	0.0128165023520648
665 	0.0128215602464554
666 	0.0129922028139556
667 	0.0133220686440543
668 	0.013799744350795
669 	0.0144105387661312
670 	0.0144615608921648
671 	0.0135709630341465
672 	0.012897177311315
673 	0.0124753828884636
674 	0.0123314648163545
675 	0.0124750439481853
676 	0.0125054651995216
677 	0.0120896472672189
678 	0.0117931551033657
679 	0.0116251223045285
680 	0.0115911369138402
681 	0.0116923678685059
682 	0.0113081339640395
683 	0.0102183957835421
684 	0.00937046772800913
685 	0.00883425451899112
686 	0.00866780103504191
687 	0.00889189693327224
688 	0.00904646087391104
689 	0.00877088420304646
690 	0.00853807092168823
691 	0.00835159807610423
692 	0.00821462207202979
693 	0.00812964520432792
694 	0.00822154038369518
695 	0.00860749035077522
696 	0.00916487197198171
697 	0.00986466880605288
698 	0.0106789197632335
699 	0.0115835136393158
700 	0.0118103050988808
701 	0.01137198505739
702 	0.0109860367647626
703 	0.0106581511287041
704 	0.0103938245704959
705 	0.0101980005371915
706 	0.00998497075066185
707 	0.00982498064490463
708 	0.00980892265573805
709 	0.0099374945470211
710 	0.0102052313687745
711 	0.0106015947819509
712 	0.0101253533241395
713 	0.00908703946333613
714 	0.00812848774851882
715 	0.0072812677843518
716 	0.00658846936830432
717 	0.00610291055863968
718 	0.00578402046920889
719 	0.00569643547480327
720 	0.00589364051448765
721 	0.00634915403612692
722 	0.00701282058090512
723 	0.0078319017543959
724 	0.00749750947304808
725 	0.00688280837466472
726 	0.00650397949650222
727 	0.00640302606617722
728 	0.00659272566257885
729 	0.00704965359890568
730 	0.00702402202044005
731 	0.00697203729300988
732 	0.00705688584051122
733 	0.00727378076355675
734 	0.0076114420779483
735 	0.00805469611438129
736 	0.00739143419430348
737 	0.00682674548474113
738 	0.00658705804625611
739 	0.00670730488517261
740 	0.00716939811052313
741 	0.00791367961433139
742 	0.00788667463841478
743 	0.00796882752858385
744 	0.00818161176384972
745 	0.00851524007144601
746 	0.00895621792054564
747 	0.00942743653060645
748 	0.0092112199219258
749 	0.00929253207355455
750 	0.00966386564488996
751 	0.0102938823115196
752 	0.0111387743428456
753 	0.0118827406754006
754 	0.0114096399568807
755 	0.0110937617701222
756 	0.0109487225171958
757 	0.0109812935296632
758 	0.0111899239805481
759 	0.0114621987469349
760 	0.0116046336655354
761 	0.0118808085847177
762 	0.0122817047049874
763 	0.0127956045583123
764 	0.0134095223361341
765 	0.0135021748586633
766 	0.0126843966856357
767 	0.0119278894407801
768 	0.0112450259053789
769 	0.0106499813418648
770 	0.0101582002057331
771 	0.00969448155825305
772 	0.00928851667521586
773 	0.00905246209764892
774 	0.00899969758903765
775 	0.00913340035364936
776 	0.00944565540378786
777 	0.0093094671940484
778 	0.00895365007288681
779 	0.00874542156473842
780 	0.00869539105439891
781 	0.00880625524042385
782 	0.00907211748472802
783 	0.00895833509579957
784 	0.0089062934984865
785 	0.00909155192620664
786 	0.0095002381720576
787 	0.0101052803314855
788 	0.0108739510842737
789 	0.010620894257787
790 	0.0104326592962574
791 	0.0104448300243906
792 	0.0106567198318699
793 	0.0110568526263788
794 	0.0115897952309438
795 	0.0115888077444941
796 	0.0117074092046871
797 	0.011942037076506
798 	0.0122860458525434
799 	0.0127305714619753
800 	0.0130175079145718
801 	0.012459585589351
802 	0.0120536467425183
803 	0.0118153667954541
804 	0.0117549458191629
805 	0.011875098984616
806 	0.0118184070367667
807 	0.0112683534402708
808 	0.0108251512462756
809 	0.0105023366750613
810 	0.0103112228978744
811 	0.0102591727514783
812 	0.00996799606303581
813 	0.0094404670423765
814 	0.00901062347244989
815 	0.00869296828850201
816 	0.0085000885222512
817 	0.00844054246040385
818 	0.0081987405282266
819 	0.00795915856228362
820 	0.00786486831928359
821 	0.00792106004455714
822 	0.00812461203190646
823 	0.00846490041277684
824 	0.0078890663631841
825 	0.00734459640907483
826 	0.00700367959392553
827 	0.00689656888671785
828 	0.00703395337465515
829 	0.0073369037576871
830 	0.0070370931636053
831 	0.00694693630928659
832 	0.00707445322449974
833 	0.00740841232750389
834 	0.00792275068718655
835 	0.00826824094944387
836 	0.00787030406008977
837 	0.00759588128301138
838 	0.00745861835731467
839 	0.00746608411429123
840 	0.00761785304862231
841 	0.00768830017552056
842 	0.0078102407818831
843 	0.00827091771815725
844 	0.00901857062274961
845 	0.00998896739417915
846 	0.0111239669396256
847 	0.0109960452164148
848 	0.0104873301964089
849 	0.0103263181753853
850 	0.0105289727720128
851 	0.0110753490406394
852 	0.0119182680484166
853 	0.0108386954512618
854 	0.00962568944138192
855 	0.00858225457700608
856 	0.00777694723481094
857 	0.00728912486018773
858 	0.00712481036472137
859 	0.00682260886098101
860 	0.00678534751136966
861 	0.00701724805558293
862 	0.00749336239217966
863 	0.00817111191031556
864 	0.00842821281563336
865 	0.00779887639376109
866 	0.00746936970835521
867 	0.00747942536364911
868 	0.00782773484451753
869 	0.00847268380839996
870 	0.00869577716718378
871 	0.00864208345294539
872 	0.00878781096501417
873 	0.00912340868254661
874 	0.00962904458934028
875 	0.0102796577132234
876 	0.00977081053169858
877 	0.00909307097965557
878 	0.00854468921676153
879 	0.00815181331706703
880 	0.00793756760455407
881 	0.00787593099314564
882 	0.00751965649311964
883 	0.00743941876488035
884 	0.00764391538172711
885 	0.00811164016619129
886 	0.00880072400587274
887 	0.00928469142271899
888 	0.00911504857067593
889 	0.00906004782263266
890 	0.00912176315867385
891 	0.00929787073309949
892 	0.00958206541867962
893 	0.00934920002853952
894 	0.00886359038155976
895 	0.00859662685189591
896 	0.00856876989477606
897 	0.00878229510371447
898 	0.00922044806764061
899 	0.00918364742127619
900 	0.00925454299960058
901 	0.00953768557464452
902 	0.0100150896114958
903 	0.0106606888871209
904 	0.0112224216757737
905 	0.010495269418169
906 	0.00985643503966674
907 	0.0093240893851638
908 	0.00891732435621896
909 	0.00865386642638107
910 	0.00844491816701195
911 	0.00825898564952244
912 	0.00824262656532614
913 	0.00839683208458622
914 	0.00871255031795895
915 	0.00917311967948256
916 	0.00879586652394026
917 	0.00829385414789157
918 	0.00812012319568422
919 	0.00829532519957746
920 	0.00879864051927718
921 	0.00955216009124926
922 	0.00850816108529599
923 	0.00767564739178228
924 	0.00712909783196601
925 	0.00693644174614405
926 	0.00712643862547743
927 	0.00735964487298383
928 	0.00719454994339847
929 	0.00728127962180355
930 	0.00761123017553319
931 	0.00815493252272644
932 	0.00887318048541303
933 	0.00896419500871841
934 	0.00884228863189642
935 	0.00898939671943014
936 	0.00939288813640099
937 	0.0100218436797172
938 	0.010837078156613
939 	0.0100684336039262
940 	0.00936009943725418
941 	0.00884193413204384
942 	0.00854858867866611
943 	0.00850336222209401
944 	0.00852819508293625
945 	0.00829910128411476
946 	0.00829168796595544
947 	0.00850653472190311
948 	0.00892760959465153
949 	0.00952760880932266
950 	0.00913035480551129
951 	0.0081431668377516
952 	0.00735524369689343
953 	0.00683584010595789
954 	0.00664819272344395
955 	0.00681974188970393
956 	0.00664180951447289
957 	0.00660358837697336
958 	0.00674087018459174
959 	0.00704340030138874
960 	0.00749118484171584
961 	0.00763379752691585
962 	0.00700776169277032
963 	0.00676397506856495
964 	0.00694282140332544
965 	0.00751418357997567
966 	0.00839832818086282
967 	0.00828314765923058
968 	0.00773492824343291
969 	0.00746099665220418
970 	0.00749150208463258
971 	0.00782288388323726
972 	0.0084058886457346
973 	0.00800607280645159
974 	0.00769073600434989
975 	0.00747058360797134
976 	0.00735416883457694
977 	0.00734642496047715
978 	0.00725002950408249
979 	0.00695760213921311
980 	0.0068108229593067
981 	0.00681910356105376
982 	0.0069818922583819
983 	0.00728884406314544
984 	0.00729542746302095
985 	0.00722433829843201
986 	0.00720671289355563
987 	0.00724294156458884
988 	0.00733222607288637
989 	0.00740931579656318
990 	0.00716375375992027
991 	0.00700911014567028
992 	0.0069514553783578
993 	0.00699318871919358
994 	0.00713256579282717
995 	0.00724086082213613
996 	0.00731180214992252
997 	0.00744830413014534
998 	0.00764685665173159
999 	0.00790278415437155
1000 	0.00821072327085156
1001 	0.00816904922261962
1002 	0.00813687436483423
1003 	0.0081461839316801
1004 	0.00819683657642277
1005 	0.00828807432788544
1006 	0.00818421804737798
1007 	0.0076976639025463
1008 	0.00734969620171197
1009 	0.00716054740573038
1010 	0.00714284566775197
1011 	0.00729783868746713
1012 	0.00713570570085066
1013 	0.00695019312172538
1014 	0.00691712090378149
1015 	0.00703863817466907
1016 	0.00730703645114849
1017 	0.00758910220669032
1018 	0.00740709978500865
1019 	0.00742092231130457
1020 	0.0076295055199941
1021 	0.00801766342600402
1022 	0.00856100490302419
1023 	0.00869886665751386
1024 	0.00852220639266822
1025 	0.00840060670929897
1026 	0.00833647737239524
1027 	0.0083311456287627
1028 	0.00838167823457108
1029 	0.0083476894426436
1030 	0.00843747506670187
1031 	0.00864718043289601
1032 	0.00896839733979015
1033 	0.00938968847817126
1034 	0.00936773962289117
1035 	0.0087839457308466
1036 	0.00827511657349421
1037 	0.00785583227606511
1038 	0.00754104382275435
1039 	0.00734420028771167
1040 	0.00707699727559963
1041 	0.0068857690432623
1042 	0.00679756401516061
1043 	0.00681638277299739
1044 	0.00694135491244879
1045 	0.00695860976950434
1046 	0.00677211706530333
1047 	0.00680120826741106
1048 	0.00704321254654615
1049 	0.00747748599353728
1050 	0.00807305984864871
1051 	0.00794965455995413
1052 	0.00783807682953687
1053 	0.00794141677560167
1054 	0.00825160370333269
1055 	0.00874665868802834
1056 	0.00913806938473137
1057 	0.00897781361626215
1058 	0.0088874535489068
1059 	0.00886912576565848
1060 	0.00892327412543259
1061 	0.00904859759275543
1062 	0.00907214217366942
1063 	0.00908469159509512
1064 	0.00913554465472477
1065 	0.00922406786080339
1066 	0.0093491912305129
1067 	0.00943782197224194
1068 	0.00939068842470038
1069 	0.00945813878872479
1070 	0.00963776760202636
1071 	0.00992348497764104
1072 	0.0103064716852653
1073 	0.0106023262233727
1074 	0.0109676668494604
1075 	0.0114599939302483
1076 	0.012063770373666
1077 	0.012763189270805
1078 	0.013258743060408
1079 	0.0128974224640717
1080 	0.0126173302240259
1081 	0.0124239613182772
1082 	0.0123213994653421
1083 	0.0123119142224745
1084 	0.011596398863737
1085 	0.0107350716758465
1086 	0.0100521409028466
1087 	0.00958581165797876
1088 	0.00936848488925721
1089 	0.00912028242821661
1090 	0.00822962129930505
1091 	0.0076359391653524
1092 	0.00741095487716657
1093 	0.00758753731412795
1094 	0.00813959322341221
1095 	0.0080046462964671
1096 	0.00774852923448161
1097 	0.00767179421055294
1098 	0.00777975100282245
1099 	0.00806498624103884
1100 	0.00846274613312942
1101 	0.00896523222605958
1102 	0.00968903985222034
1103 	0.0105888802659208
1104 	0.0116239436058275
1105 	0.0127613687453292
1106 	0.0122053148419293
1107 	0.0113590789963966
1108 	0.0106055266273327
1109 	0.00996570462038057
1110 	0.00946271083037053
1111 	0.00891520183151685
1112 	0.00811937314741648
1113 	0.00740627605105599
1114 	0.00680198041816167
1115 	0.00633768556342263
1116 	0.00604573295967724
1117 	0.0060613740238099
1118 	0.00622425602033572
1119 	0.00651187971963991
1120 	0.00690868283290193
1121 	0.00739711606062892
1122 	0.00758948861428556
1123 	0.00745751946421735
1124 	0.00742376152163425
1125 	0.00748954291923882
1126 	0.00765229707906389
1127 	0.00788920677020828
1128 	0.00776813078813735
1129 	0.0077238470510236
1130 	0.00775767074843317
1131 	0.00786859469423078
1132 	0.00805343369815317
1133 	0.00801202370740728
1134 	0.00783848002715121
1135 	0.00772436491748207
1136 	0.00767233058563006
1137 	0.00768363838596979
1138 	0.0077444077054513
1139 	0.00784812998413181
1140 	0.00807807352843503
1141 	0.00842390846087347
1142 	0.00887209274787788
1143 	0.00940801040816377
1144 	0.00908732270473959
1145 	0.00865087194092311
1146 	0.0084132444694327
1147 	0.00839134824880026
1148 	0.00858683376622959
1149 	0.0085428990280052
1150 	0.00787088106746454
1151 	0.00735485892411892
1152 	0.00702927214221016
1153 	0.00692104904944707
1154 	0.00704022081191299
1155 	0.00702935927106366
1156 	0.00732209793844561
1157 	0.00789847976483041
1158 	0.00870232640662405
1159 	0.00967711863604875
1160 	0.00937144608064182
1161 	0.00819254720042904
1162 	0.00730793741190472
1163 	0.00683288814466869
1164 	0.00685310609687091
1165 	0.00702903360320985
1166 	0.00611652060486757
1167 	0.00569042147570325
1168 	0.00585786054623859
1169 	0.00657363865251743
1170 	0.00768605760030606
1171 	0.00766109277158575
1172 	0.00760398907988117
1173 	0.00786425731934063
1174 	0.00841249203437336
1175 	0.00919734130375347
1176 	0.00956955074960053
1177 	0.0092865961255836
1178 	0.00911295073178592
1179 	0.00905490540369912
1180 	0.0091146689511825
1181 	0.00923636044182534
1182 	0.00878581979702274
1183 	0.00847258224798786
1184 	0.00831218476339423
1185 	0.00831347859090339
1186 	0.00847638968964598
1187 	0.0082514472220934
1188 	0.007870858227538
1189 	0.00754042002033827
1190 	0.00726697707402051
1191 	0.00705715766946346
1192 	0.00691470534590772
1193 	0.00687336177561623
1194 	0.00695259333500235
1195 	0.00714839184509184
1196 	0.00745157418037768
1197 	0.00784142440423778
1198 	0.00807005337887132
1199 	0.00847236364941372
1200 	0.00902515869653267
1201 	0.0097027518059007
1202 	0.0104809663264337
1203 	0.0106693692880375
1204 	0.0107098235421111
1205 	0.0109108311378768
1206 	0.0112637999117895
1207 	0.0117550490132479
1208 	0.0118204205895694
1209 	0.0110895283869654
1210 	0.0105498049853319
1211 	0.0102315482241929
1212 	0.0101556004919289
1213 	0.0102693560310264
1214 	0.00947856069211209
1215 	0.00892181164241778
1216 	0.00864444930913266
1217 	0.00867331859326064
1218 	0.00900547487192603
1219 	0.00907054920735449
1220 	0.00909987521097655
1221 	0.00926841043112956
1222 	0.00956880202097505
1223 	0.00998916159873193
1224 	0.0100225983165242
1225 	0.00952665615293706
1226 	0.0091647877890123
1227 	0.0089532647843343
1228 	0.00890280982042238
1229 	0.00895811576728112
1230 	0.00881925300301342
1231 	0.00885789342101374
1232 	0.00907176912628638
1233 	0.00944898836907813
1234 	0.00997102974687326
1235 	0.00956073295434799
1236 	0.00908882096631528
1237 	0.00876329407537893
1238 	0.00860078973733651
1239 	0.00861054293994501
1240 	0.00843190422157915
1241 	0.00819025191959763
1242 	0.00818633371235226
1243 	0.00842048147272184
1244 	0.00887387019590903
1245 	0.00918016949427524
1246 	0.00881823788749745
1247 	0.00857979686357687
1248 	0.00847527558742873
1249 	0.00850961019250362
1250 	0.00866593295068468
1251 	0.0084875707622506
1252 	0.00853019603315564
1253 	0.00879059467074449
1254 	0.00925039395636656
1255 	0.00988179869315546
1256 	0.00968824382099828
1257 	0.0093369239074115
1258 	0.00913034588350408
1259 	0.00907839589542082
1260 	0.00918369839974689
1261 	0.00885810160979609
1262 	0.00811047394938541
1263 	0.00749879937573216
1264 	0.00705851098397795
1265 	0.0068228691460432
1266 	0.00677658227668113
1267 	0.00696595206722035
1268 	0.00751362724164179
1269 	0.00834939433271775
1270 	0.00939669422687811
1271 	0.0105122252206243
1272 	0.00983906978365751
1273 	0.00936950908846846
1274 	0.00913499305652515
1275 	0.00915360513455169
1276 	0.00942384565920294
1277 	0.00909594299702688
1278 	0.00874848559335846
1279 	0.00858721871695574
1280 	0.00862259556932052
1281 	0.0088522588843127
1282 	0.0090451451373572
1283 	0.00932580531702211
1284 	0.00984089553865767
1285 	0.0105561541828064
1286 	0.0114340781524451
1287 	0.0115582808866701
1288 	0.0104575372953572
1289 	0.00970728517251019
1290 	0.00939189834192795
1291 	0.0095545378442814
1292 	0.00988463829550231
1293 	0.00911423461679013
1294 	0.00855231516799564
1295 	0.00824163457582348
1296 	0.00821076183407713
1297 	0.00846275977304769
1298 	0.00849546064046053
1299 	0.00875900849955367
1300 	0.00924490958887451
1301 	0.00992054543496702
1302 	0.0107502016333461
1303 	0.0104333956180221
1304 	0.00993614128165718
1305 	0.00963711671349925
1306 	0.00955495102362256
1307 	0.0096951593649465
1308 	0.00961671878605103
1309 	0.00941081970195093
1310 	0.00935748569159854
1311 	0.00945929771322996
1312 	0.00971137743781829
1313 	0.00957900930718472
1314 	0.00893117699291298
1315 	0.00852478315103551
1316 	0.00839496487112685
1317 	0.0085543231599328
1318 	0.00860353603173051
1319 	0.00784563908732459
1320 	0.00744554406385196
1321 	0.00746103567903963
1322 	0.00788966625909986
1323 	0.00857455174581866
1324 	0.00863285900183247
1325 	0.00885462178859683
1326 	0.00922806345136634
1327 	0.0097357454093443
1328 	0.0103579475697876
1329 	0.0100711511297747
1330 	0.0098966016317051
1331 	0.00989893874525897
1332 	0.0100780394103182
1333 	0.010424797076072
1334 	0.00981126440880164
1335 	0.0090693102867587
1336 	0.008502101298791
1337 	0.00814622130509642
1338 	0.00802981782157085
1339 	0.00768259757807606
1340 	0.00743002631397165
1341 	0.00755413424228866
1342 	0.00803749120803755
1343 	0.00882123876406255
1344 	0.00849280473457088
1345 	0.00731106396055278
1346 	0.00658779570700469
1347 	0.00647841959009731
1348 	0.00701172308064681
1349 	0.00723873140469019
1350 	0.00683608199343219
1351 	0.00704120321582372
1352 	0.00780633137049942
1353 	0.00898959494301489
1354 	0.00954541005782112
1355 	0.0082942718584671
1356 	0.00740327235121439
1357 	0.00701108698450111
1358 	0.00719969744198434
1359 	0.00761301956850266
1360 	0.00714609378891665
1361 	0.0070383569173245
1362 	0.00730571707071756
1363 	0.00791023121692193
1364 	0.0086168307756254
1365 	0.00804292647959359
1366 	0.00763432214247375
1367 	0.00741838238920834
1368 	0.00741196562650573
1369 	0.00760296344166217
1370 	0.00697704669956258
1371 	0.00663816000609441
1372 	0.00663046121707641
1373 	0.00695505022999877
1374 	0.00756929927526097
1375 	0.00724923476694103
1376 	0.00703755250113982
1377 	0.00703831899861677
1378 	0.00725146689065027
1379 	0.00765928576474478
1380 	0.00726227456786305
1381 	0.006972726022168
1382 	0.00699665203864018
1383 	0.00733098401360946
1384 	0.00793659049933835
1385 	0.00773669987808327
1386 	0.00739429815252277
1387 	0.00719116709077597
1388 	0.00713920456918745
1389 	0.00724166544574826
1390 	0.00680807839578917
1391 	0.00640930803893428
1392 	0.00637140711096326
1393 	0.00670050211180237
1394 	0.00734744373696405
1395 	0.00734933488371557
1396 	0.00719664554907407
1397 	0.00733552840855011
1398 	0.00775032469345077
1399 	0.00840026039017893
1400 	0.00825804905337072
1401 	0.00788592683222759
1402 	0.00792528438952218
1403 	0.00837031935606688
1404 	0.00916210578450602
1405 	0.00908204486694785
1406 	0.00863580215558726
1407 	0.00868008786331268
1408 	0.00920782701284084
1409 	0.0101438423598341
1410 	0.0101143561251401
1411 	0.0094186781632782
1412 	0.00907203788992364
1413 	0.00911434688963219
1414 	0.0095404319393006
1415 	0.00951433767158626
1416 	0.00905795631286404
1417 	0.00880668650795789
1418 	0.00877815956679117
1419 	0.00897449981656653
1420 	0.00856581169243394
1421 	0.00769848231556115
1422 	0.00715237346137516
1423 	0.00700304065775473
1424 	0.00727495889559207
1425 	0.00715137756673567
1426 	0.00662859570614783
1427 	0.0064038214709222
1428 	0.00650800632218955
1429 	0.00692632165079028
1430 	0.00660398811073238
1431 	0.00577543452649434
1432 	0.00547734713438729
1433 	0.00579221218093459
1434 	0.0066333110077082
1435 	0.00641756364363236
1436 	0.00549941281761814
1437 	0.00529331486408161
1438 	0.00587469538403873
1439 	0.00705139221383966
1440 	0.00708630812811912
1441 	0.00618822885035485
1442 	0.00553979244034594
1443 	0.00523460932829742
1444 	0.00533194897928669
1445 	0.00458182753851276
1446 	0.00316810297989325
1447 	0.00209497818700505
1448 	0.00201229096582199
1449 	0.0030030019101749
1450 	0.00306330767736804
1451 	0.00317020345878853
1452 	0.00411452260360858
1453 	0.00547915803592994
1454 	0.00702323426573423
1455 	0.00667104759199983
1456 	0.0056322054493376
1457 	0.00505924210090623
1458 	0.00511130640940536
1459 	0.00577150811740632
1460 	0.00538403767253757
1461 	0.00501516818134071
1462 	0.00535964559186041
1463 	0.00630154969899898
1464 	0.00762253862587444
1465 	0.00740557420240356
1466 	0.00699016064577129
1467 	0.00691448259372816
1468 	0.00718927675939282
1469 	0.00777748276797943
1470 	0.00758554535117065
1471 	0.00742785497862472
1472 	0.00749296972777929
1473 	0.00777529392039149
1474 	0.00825256506818701
1475 	0.00752280095638463
1476 	0.00695424842152427
1477 	0.00672672288561576
1478 	0.00687417073138014
1479 	0.00736693062510341
1480 	0.00751115470249135
1481 	0.00804446205311039
1482 	0.00889715915967629
1483 	0.00998777548460088
1484 	0.0109841757084333
1485 	0.0097918026363478
1486 	0.00881544910458836
1487 	0.00813328642880208
1488 	0.00782266032250111
1489 	0.00769700631965489
1490 	0.00711986094637934
1491 	0.00712249261913132
1492 	0.00770430723207575
1493 	0.008750529489447
1494 	0.00939048843408645
1495 	0.0087396301390631
1496 	0.00855786975731078
1497 	0.00887407868328508
1498 	0.00963937487857697
1499 	0.00984179442202588
1500 	0.00898424450195509
1501 	0.00832588604435542
1502 	0.00791657153719122
1503 	0.00779562882072586
1504 	0.00766569010020759
1505 	0.0076092794465624
1506 	0.00789916782229873
1507 	0.00849999767525313
1508 	0.00935202963421758
1509 	0.00967431979526168
1510 	0.00998976495660932
1511 	0.0106462568644998
1512 	0.0115859659722797
1513 	0.012746406189434
1514 	0.0122044340115823
1515 	0.011349193413832
1516 	0.0106328572225658
1517 	0.0100850678855313
1518 	0.00973432153596134
1519 	0.00895781421656384
1520 	0.0083467941690817
1521 	0.00797093709780827
1522 	0.00786403404666287
1523 	0.0079623774673758
1524 	0.00765580141497727
1525 	0.00744043541681196
1526 	0.0073243297708063
1527 	0.00731221426825535
1528 	0.00736110071011433
1529 	0.0074407557829179
1530 	0.00768170873950285
1531 	0.00806952360905094
1532 	0.00858431901646569
1533 	0.00889390104687313
1534 	0.00890206501227719
1535 	0.00898432831837965
1536 	0.00913869013483099
1537 	0.00936158467498244
1538 	0.00910852272550279
1539 	0.00866245949042177
1540 	0.00837730342965861
1541 	0.00826971651443481
1542 	0.00834656814821732
1543 	0.00852503142080654
1544 	0.00889508917064659
1545 	0.00945387167142483
1546 	0.010170319336372
1547 	0.0109918304729495
1548 	0.00979394334662728
1549 	0.00882792736653571
1550 	0.00817638447492024
1551 	0.00791733608959505
1552 	0.00791611239365327
1553 	0.00768786463898702
1554 	0.00787616928841335
1555 	0.00845323460493241
1556 	0.00934733441074141
1557 	0.00963812217443742
1558 	0.00896530587935351
1559 	0.00848474686020347
1560 	0.00823019187889738
1561 	0.0082226575239139
1562 	0.0079473826251511
1563 	0.00785006062224591
1564 	0.00827189960510902
1565 	0.00914130759261246
1566 	0.0103460618618965
1567 	0.00926675091094646
1568 	0.008397069301122
1569 	0.00831212710750679
1570 	0.00903408684129381
1571 	0.0101100076365715
1572 	0.00920440319632669
1573 	0.0086978187089306
1574 	0.00866055949059627
1575 	0.00909839323126619
1576 	0.00920852510065322
1577 	0.00830254726756711
1578 	0.00783386324886906
1579 	0.00788088201565956
1580 	0.00843498399278156
1581 	0.00823160560298932
1582 	0.00752240753784029
1583 	0.00711878567953792
1584 	0.00707324635232495
1585 	0.00739241018841681
1586 	0.00726332566332933
1587 	0.00751822705333186
1588 	0.00824539892135411
1589 	0.00933512162384766
1590 	0.0103627362150716
1591 	0.00968293891441177
1592 	0.00954989888066816
1593 	0.00998549396351669
1594 	0.0109218986084634
1595 	0.0112741543926217
1596 	0.0104969458705436
1597 	0.010025900565534
1598 	0.00990479610548482
1599 	0.0101461708951151
1600 	0.0094608145004275
1601 	0.00847561757918795
1602 	0.00782370454390017
1603 	0.00759142867557301
1604 	0.00781629087143281
1605 	0.00729576627626349
1606 	0.00728022512356972
1607 	0.00778985023002782
1608 	0.00873318222797911
1609 	0.00940160907460631
1610 	0.00900282277530525
1611 	0.00910987072996835
1612 	0.00970603078355191
1613 	0.0107099339160951
1614 	0.0105732657645199
1615 	0.0098006934874124
1616 	0.0094682023656597
1617 	0.00962152475108792
1618 	0.0102388593275984
1619 	0.0102807401173459
1620 	0.0104438140235395
1621 	0.0108030383011819
1622 	0.0113397871627282
1623 	0.0115695896026559
1624 	0.0105324008905165
1625 	0.00977092788112265
1626 	0.00935275857661936
1627 	0.00932419715159611
1628 	0.00896293174151405
1629 	0.00857656090115801
1630 	0.00879259134994614
1631 	0.00957031570381388
1632 	0.0107889404930155
1633 	0.0100820467965203
1634 	0.00952040067648214
1635 	0.00937389549737437
1636 	0.0096614352387224
1637 	0.0100847351878034
1638 	0.0102203688382049
1639 	0.0108133084840046
1640 	0.0117947864479189
1641 	0.0130776137018282
1642 	0.0127895484890167
1643 	0.0117780788101259
1644 	0.0112454029016195
1645 	0.011259679766297
1646 	0.0118189274689777
1647 	0.0108816916628299
1648 	0.0101748629031744
1649 	0.0097668170426651
1650 	0.00969535216402178
1651 	0.00944388295763345
1652 	0.00862328086055688
1653 	0.00820427298062402
1654 	0.00824829026763316
1655 	0.00874834638063961
1656 	0.00850034286444289
1657 	0.00820958650078774
1658 	0.00827967303261558
1659 	0.00870188794758939
1660 	0.00922954179419902
1661 	0.00884545180102745
1662 	0.00876393187558882
1663 	0.00899321381920015
1664 	0.00951084623984489
1665 	0.00947929089293393
1666 	0.00919337337307078
1667 	0.00940444727523625
1668 	0.0100813441346328
1669 	0.0111394670878493
1670 	0.00995452224475958
1671 	0.00897878601957526
1672 	0.00845744440272952
1673 	0.00847477524429025
1674 	0.00828763760251772
1675 	0.00722973400466478
1676 	0.00664383954463262
1677 	0.00665579351997336
1678 	0.00726264443817069
1679 	0.00642786399047685
1680 	0.00588499386578542
1681 	0.0063545165213969
1682 	0.00765229493297217
1683 	0.00868178053498752
1684 	0.00784590576233603
1685 	0.00813044605716927
1686 	0.00943456733660494
1687 	0.0114139809204606
1688 	0.011413174438023
1689 	0.0104665922415789
1690 	0.00977040360745071
1691 	0.00938052510554502
1692 	0.00915025167527562
1693 	0.0078483581222859
1694 	0.00683855934842192
1695 	0.00626375382335527
1696 	0.00624522851533693
1697 	0.00587797404987305
1698 	0.00538533892516301
1699 	0.00553937008620729
1700 	0.00629275899508774
1701 	0.00737732857362232
1702 	0.00705427487254705
1703 	0.00723868704033204
1704 	0.00789508487316325
1705 	0.00891987215363477
1706 	0.00907659309751826
1707 	0.00840409159130662
1708 	0.00797180551729937
1709 	0.00781967553352686
1710 	0.00796113043780569
1711 	0.00792227465531178
1712 	0.00810680278963589
1713 	0.00850017912254296
1714 	0.00907528603681426
1715 	0.0092996076023454
1716 	0.00915943984273625
1717 	0.00916345757828338
1718 	0.00931147417042464
1719 	0.00959682903594528
1720 	0.00938064241722928
1721 	0.00926408226699477
1722 	0.00925091518793354
1723 	0.0093415783920063
1724 	0.00924418843096118
1725 	0.00894348098933282
1726 	0.00871638180872959
1727 	0.00856874545275446
1728 	0.00849705911950858
1729 	0.00823831286192734
1730 	0.00807697919744055
1731 	0.00801893983735344
1732 	0.00806642475255408
1733 	0.00814189725615113
1734 	0.00822053276722245
1735 	0.0083514075608237
1736 	0.00853211806878793
1737 	0.00868012990768045
1738 	0.00810471517567094
1739 	0.00769728114370999
1740 	0.00748530841007212
1741 	0.0074854206992326
1742 	0.00737863802239231
1743 	0.00715577373056361
1744 	0.00697567746388472
1745 	0.0068417274322256
1746 	0.00671569768190093
1747 	0.00654309193384672
1748 	0.00657720423248574
1749 	0.00681493108826969
1750 	0.00723623263313713
1751 	0.00738906489325194
1752 	0.00747394941900725
1753 	0.00762557138432534
1754 	0.00784005976095693
1755 	0.0078525040697412
1756 	0.00748414018398307
1757 	0.00741156128217259
1758 	0.00764319823130154
1759 	0.00815316318886258
1760 	0.00840208459273665
1761 	0.00876804968374806
1762 	0.00929077179922769
1763 	0.00994556492158455
1764 	0.0101025701689043
1765 	0.00970908489060134
1766 	0.00945908878809818
1767 	0.00936408126205128
1768 	0.00939843515725664
1769 	0.0091657698796873
1770 	0.00907875069837623
1771 	0.00914153781772026
1772 	0.00935111414624009
1773 	0.00915384352201356
1774 	0.00875059890358109
1775 	0.00840017130948893
1776 	0.00810941069361569
1777 	0.00789702009903703
1778 	0.00783633219031401
1779 	0.00792661822152244
1780 	0.00816287015350941
1781 	0.00853297253814877
1782 	0.00852447660454043
1783 	0.00851847116374978
1784 	0.00856611995149196
1785 	0.00866653803709958
1786 	0.00855461406410713
1787 	0.00827655546312686
1788 	0.00807739131966021
1789 	0.00796304353723754
1790 	0.00784373024599
1791 	0.00734812970209496
1792 	0.00695596660070262
1793 	0.00668546841034336
1794 	0.00655172188555314
1795 	0.00646110578747849
1796 	0.00645328586127852
1797 	0.00654769779750928
1798 	0.00674004689281756
1799 	0.0068162739865637
1800 	0.00675632899146017
1801 	0.00680219088514738
1802 	0.00695176590884041
1803 	0.00715259748297117
1804 	0.00712880730291405
1805 	0.00718182784690159
1806 	0.00730998794354387
1807 	0.00750944146383455
1808 	0.00745817588661723
1809 	0.00746349085532745
1810 	0.0076113103403158
1811 	0.00789363259867368
1812 	0.00801266236386571
1813 	0.00788427843605252
1814 	0.00779781441648884
1815 	0.00775467264349084
1816 	0.0076953130691429
1817 	0.0073833189409111
1818 	0.00711477075191017
1819 	0.00689474698877205
1820 	0.00672800996908083
1821 	0.00674138735762712
1822 	0.00689670493179731
1823 	0.00717157667490902
1824 	0.00755296119207828
1825 	0.00768042856450813
1826 	0.0076444553009795
1827 	0.00770583215600371
1828 	0.00786227957007345
1829 	0.00796878864490391
1830 	0.00778847737049029
1831 	0.0076533397406038
1832 	0.00756579677037044
1833 	0.00752646283037523
1834 	0.00747448820904847
1835 	0.00753550950951821
1836 	0.00770684315913617
1837 	0.00798138820767783
1838 	0.00807590394806355
1839 	0.00812579124440182
1840 	0.00821905259054377
1841 	0.00835423551223747
1842 	0.00824753855592451
1843 	0.00789382448126668
1844 	0.00760524448688394
1845 	0.00738943357261985
1846 	0.00723331010099521
1847 	0.00716155103686208
1848 	0.00728200844719092
1849 	0.00758553072179514
1850 	0.00805144093765796
1851 	0.00786429124648388
1852 	0.00771670469749688
1853 	0.00761817123514442
1854 	0.00757060641879881
1855 	0.0074936111149205
1856 	0.00746163995146234
1857 	0.00750401572872092
1858 	0.00761949810791737
1859 	0.00768621433078391
1860 	0.00771272615989362
1861 	0.00780106273889986
1862 	0.00794916321728151
1863 	0.00804224823894652
1864 	0.0079595260861165
1865 	0.00794627151817019
1866 	0.00800282970652131
1867 	0.00807161983882456
1868 	0.00776457329594876
1869 	0.00754319759489325
1870 	0.00741516967336787
1871 	0.00738534579121751
1872 	0.00729001833998896
1873 	0.00729849757542923
1874 	0.00742711757573519
1875 	0.00766983658711971
1876 	0.00761227250825683
1877 	0.00754732413273012
1878 	0.00764063190126619
1879 	0.00788658072921535
1880 	0.00801265163404605
1881 	0.00801303265432972
1882 	0.00809509503103084
1883 	0.00825640357145763
1884 	0.00834117596849032
1885 	0.0082564438479931
1886 	0.00826921333219612
1887 	0.00837903866157934
1888 	0.00845023189084005
1889 	0.00809414834991041
1890 	0.00781550529445063
1891 	0.00762279971537072
1892 	0.00751132309632206
1893 	0.00727161514478959
1894 	0.00709005083748056
1895 	0.00697117471088752
1896 	0.00691821904314326
1897 	0.00677949897913601
1898 	0.00671977551637272
1899 	0.00675845255227191
1900 	0.00689387410247035
1901 	0.00691973083852186
1902 	0.0070507660993331
1903 	0.00734764306177377
1904 	0.00779142752034391
1905 	0.0079401713038125
1906 	0.00801178331799876
1907 	0.00824459310634809
1908 	0.00862555801081444
1909 	0.00876616334343412
1910 	0.0086271821780034
1911 	0.0085282489589962
1912 	0.00847076700696275
1913 	0.00840417770354535
1914 	0.00834555574915723
1915 	0.00838519220265827
1916 	0.00852171610724377
1917 	0.00857211607522446
1918 	0.00828406835093046
1919 	0.00803652181669095
1920 	0.0078333171395589
1921 	0.00767919607935539
1922 	0.00761515615600364
1923 	0.00766125041173708
1924 	0.00781553044893637
1925 	0.00796087959768808
1926 	0.00754213026844134
1927 	0.0073167237386888
1928 	0.00730258555686585
1929 	0.00747622953775712
1930 	0.00741954743419697
1931 	0.007464663725456
1932 	0.00760976802003525
1933 	0.00784931707106654
1934 	0.00736602746796035
1935 	0.00698506178414629
1936 	0.00672861245376268
1937 	0.00661118544079004
1938 	0.00664458005661402
1939 	0.00673297697901343
1940 	0.00687114583091925
1941 	0.00705616342060296
1942 	0.00703699949277679
1943 	0.00714908472351357
1944 	0.00742231760182005
1945 	0.00783986737491642
1946 	0.0079263270724175
1947 	0.00801272584622624
1948 	0.00817334788437428
1949 	0.00840393844073178
1950 	0.00813186412218572
1951 	0.00786336873322574
1952 	0.00774129109357996
1953 	0.00777253330544787
1954 	0.00766288611283226
1955 	0.0075678146314166
1956 	0.0075563520679733
1957 	0.00762887530487167
1958 	0.0075100422976287
1959 	0.00737203981609543
1960 	0.00728790005833711
1961 	0.00725949612182645
1962 	0.00728990125924897
1963 	0.00749562135102031
1964 	0.00787590094129794
1965 	0.00840708564054147
1966 	0.00828755838809497
1967 	0.00806249916658516
1968 	0.00794403516486616
1969 	0.00793694082782623
1970 	0.00771576826349119
1971 	0.00748489989340733
1972 	0.00732440059895556
1973 	0.00723895248325697
1974 	0.00735140582294423
1975 	0.0075563090654255
1976 	0.00782269082311264
1977 	0.00814452101961532
1978 	0.00807002975664264
1979 	0.00796368619306141
1980 	0.0078984123291276
1981 	0.00787522945006501
1982 	0.00771858074981153
1983 	0.00758758535906452
1984 	0.00750373110944802
1985 	0.00746860601027956
1986 	0.00711309602942584
1987 	0.00682204434965316
1988 	0.00662529189390901
1989 	0.00653066539132586
1990 	0.00647328806321749
1991 	0.00649157723539821
1992 	0.00658490246053044
1993 	0.0067374110937606
1994 	0.00687057376184482
1995 	0.00716810579231916
1996 	0.00761075415087859
1997 	0.00806133240400966
1998 	0.00807797310446254
1999 	0.00830217574155216
2000 	0.00871794114625278
2001 	0.00899614465816461
2002 	0.00845645752934194
2003 	0.0080199413848792
2004 	0.00770415318673156
2005 	0.00759819216971081
2006 	0.00773671634509244
2007 	0.00795410900737198
2008 	0.00824413337701797
2009 	0.00829191037109802
2010 	0.00804352475944111
2011 	0.00789502546825139
2012 	0.00785208172194551
2013 	0.00775703285427436
2014 	0.00761545402222815
2015 	0.00754719531907857
2016 	0.0075542445261749
2017 	0.00752574073303207
2018 	0.00749209318619814
2019 	0.00749952351512494
2020 	0.0075479104068957
2021 	0.00750942142831093
2022 	0.00749133984004309
2023 	0.00752355485331298
2024 	0.00760542735704922
2025 	0.00759253335942533
2026 	0.00761551851882721
2027 	0.00768030892125545
2028 	0.00775696226516994
2029 	0.00762027192555754
2030 	0.00749777006574056
2031 	0.00739016229869785
2032 	0.00726352583286196
2033 	0.00707980181784771
2034 	0.00694949798941086
2035 	0.00687565219445622
2036 	0.00691358174686879
2037 	0.00710999483637157
2038 	0.00740065947889203
2039 	0.00777501221982894
2040 	0.00770777240732538
2041 	0.00739350303804036
2042 	0.00716615542797902
2043 	0.00703416269476685
2044 	0.00679303718004102
2045 	0.00663717440748719
2046 	0.00663151116275119
2047 	0.00677642403397926
2048 	0.00682233712824886
2049 	0.00696138641117152
2050 	0.00718879254922048
2051 	0.00743392126855402
2052 	0.00751620440096332
2053 	0.00768672084889527
2054 	0.0079397878978221
2055 	0.00799985388927415
2056 	0.00773635883212626
2057 	0.00751950138827914
2058 	0.0073534088487229
2059 	0.00740552106870175
2060 	0.00760560203808513
2061 	0.0078576192724172
2062 	0.00815676020884506
2063 	0.0078868503147255
2064 	0.00758248755905402
2065 	0.00734011498238111
2066 	0.00715253903082843
2067 	0.00695686616322691
2068 	0.00688189342064749
2069 	0.00693153845173085
2070 	0.0069612105529792
2071 	0.00684823490011645
2072 	0.00683483732409576
2073 	0.00692159608485988
2074 	0.00712432625628566
2075 	0.00741560049888469
2076 	0.00777261509901398
2077 	0.0081867740142919
2078 	0.00812159430857932
2079 	0.00805647383980749
2080 	0.0080542755414088
2081 	0.00807146739064357
2082 	0.00797893821298662
2083 	0.00800529860080923
2084 	0.00814939493966289
2085 	0.00800482231297484
2086 	0.00751814752784485
2087 	0.00717688371993903
2088 	0.00700232342151934
2089 	0.00708083025550782
2090 	0.00726786901428385
2091 	0.0075222918597218
2092 	0.00781704977867296
2093 	0.00788384146987079
2094 	0.00799945698912695
2095 	0.00816182177205333
2096 	0.00814079764438
2097 	0.00779498295316667
2098 	0.00748990489687363
2099 	0.00723072158632185
2100 	0.00706895670822191
2101 	0.00698478872306294
2102 	0.00696204017456522
2103 	0.00699897788670053
2104 	0.00704289395736927
2105 	0.00713773336733404
2106 	0.00728150660534883
2107 	0.00734366803060981
2108 	0.0072547289015752
2109 	0.00721895337302529
2110 	0.00723712990373178
2111 	0.00725327153048914
2112 	0.00728453904687407
2113 	0.00734710399554043
2114 	0.00742254159865161
2115 	0.00739377165762703
2116 	0.00742454674936013
2117 	0.00751413528681972
2118 	0.00752295336738014
2119 	0.007487787661956
2120 	0.00757841793365494
2121 	0.00779045507576952
2122 	0.0075612686370496
2123 	0.00742852809281285
2124 	0.00749924704396373
2125 	0.00759937611727555
2126 	0.00730801445657985
2127 	0.00709660088813194
2128 	0.00697241163266934
2129 	0.00685686112506531
2130 	0.00680081559445558
2131 	0.00685366104088299
2132 	0.0070013509231903
2133 	0.00709557563320628
2134 	0.00734704475604558
2135 	0.00774044791934005
2136 	0.00791266818931922
2137 	0.00778476465006076
2138 	0.00772269741822597
2139 	0.00772805293357773
2140 	0.00768748681916463
2141 	0.0077019934884557
2142 	0.00778305705450993
2143 	0.00773584796436924
2144 	0.00740079167230356
2145 	0.00716574641074869
2146 	0.00704073550609563
2147 	0.00693198557156649
2148 	0.00687550338204506
2149 	0.00689485579464199
2150 	0.00699549581059317
2151 	0.00718377070980279
2152 	0.00743408749498589
2153 	0.00774042941007034
2154 	0.00767942882953029
2155 	0.00759158074414458
2156 	0.00766579831261378
2157 	0.00782117329891936
2158 	0.00775627541476109
2159 	0.00777369856575018
2160 	0.00787289622796378
2161 	0.00774512957919981
2162 	0.00754792505979561
2163 	0.0074357236194779
2164 	0.00734400156065308
2165 	0.00705414145174662
2166 	0.00695930767549969
2167 	0.00706735551857496
2168 	0.00698907186144172
2169 	0.00684878822753503
2170 	0.00682762914836079
2171 	0.00696136587036724
2172 	0.00741583980217529
2173 	0.0080439153695978
2174 	0.00880853553584744
2175 	0.00884908216759453
2176 	0.00870913860060961
2177 	0.0087510161747076
2178 	0.00876828208297827
2179 	0.00832785136544045
2180 	0.00811254209632568
2181 	0.00814023730526584
2182 	0.00802942063302629
2183 	0.00789696473185766
2184 	0.00783437249360273
2185 	0.00778041092826961
2186 	0.00771654998647653
2187 	0.00779357182617655
2188 	0.0080074121013398
2189 	0.00769629544319739
2190 	0.00744429712169255
2191 	0.00734480559881321
2192 	0.00731970723885484
2193 	0.00728074683061178
2194 	0.0072988167062285
2195 	0.00736203949291111
2196 	0.0072155258783892
2197 	0.00711872159683545
2198 	0.00707366778339388
2199 	0.00705696375607269
2200 	0.00709592361863121
2201 	0.00720734745699804
2202 	0.00737539867317756
2203 	0.00761323256604377
2204 	0.00798047246532843
2205 	0.00846028354039607
2206 	0.00820179698033773
2207 	0.00808264260688484
2208 	0.00829273859023273
2209 	0.008457969769443
2210 	0.00833782326091845
2211 	0.00829457137566636
2212 	0.00826775274264753
2213 	0.00769461411202712
2214 	0.00729552744916414
2215 	0.00709990413308919
2216 	0.00713616763859078
2217 	0.00726811556858583
2218 	0.00746649544778853
2219 	0.00766723272278702
2220 	0.00786617329857386
2221 	0.00817553771337094
2222 	0.00855801597601301
2223 	0.00809907470473372
2224 	0.00778217698253256
2225 	0.00762505344174714
2226 	0.00720250288750606
2227 	0.00674684341160659
2228 	0.00647902737361683
2229 	0.00643202555781978
2230 	0.00654947174940663
2231 	0.0067773157687796
2232 	0.00709878359262623
2233 	0.00744078373080146
2234 	0.00793222268745846
2235 	0.00854736282133573
2236 	0.00830421011647714
2237 	0.00787557388968699
2238 	0.00761267029807356
2239 	0.00753606875744577
2240 	0.00767542302905103
2241 	0.00802427448226514
2242 	0.00839466581831619
2243 	0.00811487212570291
2244 	0.00800165426289507
2245 	0.00806203312945293
2246 	0.00777591315495814
2247 	0.00756760647630252
2248 	0.00750980609548541
2249 	0.00730694652488326
2250 	0.00704910297276695
2251 	0.00692011755879526
2252 	0.00689196797188555
2253 	0.00690981469936428
2254 	0.00701855511489694
2255 	0.00716616627427963
2256 	0.00703424169299587
2257 	0.00695571566512697
2258 	0.00693240302683397
2259 	0.00716702346203121
2260 	0.0075837016724776
2261 	0.00813812777667043
2262 	0.00812794328693091
2263 	0.00782609177060323
2264 	0.00758313546938229
2265 	0.00740777216096619
2266 	0.00734560991260232
2267 	0.00741117680963512
2268 	0.00748801241258878
2269 	0.00727763953067482
2270 	0.00713844512907881
2271 	0.00707608061923668
2272 	0.00714451258043794
2273 	0.00731164402818917
2274 	0.00757094129409889
2275 	0.00741831510599373
2276 	0.00732029669838553
2277 	0.00737780311512209
2278 	0.00738468809246359
2279 	0.00747352350053042
2280 	0.00774562601180992
2281 	0.00783473725355461
2282 	0.00782429436364296
2283 	0.00809570044006348
2284 	0.00836168864816022
2285 	0.0082578876749966
2286 	0.00824825679043846
2287 	0.00822935192873656
2288 	0.00787437013536504
2289 	0.00764548788303827
2290 	0.00753639165156715
2291 	0.0072875138183579
2292 	0.00728687273011841
2293 	0.00753453175203137
2294 	0.00753292113599756
2295 	0.00753839029807208
2296 	0.00758472871810894
2297 	0.00750958162521122
2298 	0.00748078372686403
2299 	0.00754417372617329
2300 	0.00766807134634903
2301 	0.0079748401785664
2302 	0.00847508171731125
2303 	0.00850543559209864
2304 	0.00824145765086235
2305 	0.00812827166431488
2306 	0.00801749530679841
2307 	0.00790039709478153
2308 	0.00793144360342782
2309 	0.0078570694217198
2310 	0.00750224034966693
2311 	0.00718609326826982
2312 	0.00694371832014543
2313 	0.00684742242600927
2314 	0.00686629990822633
2315 	0.00692816992496039
2316 	0.00693586637537831
2317 	0.0070661222222622
2318 	0.00720789695748624
2319 	0.0071375585700927
2320 	0.00719314441733611
2321 	0.00731449941726872
2322 	0.00740259007031258
2323 	0.00773079111133584
2324 	0.00812493233443502
2325 	0.0080107494249862
2326 	0.00813066534820532
2327 	0.00833137784500424
2328 	0.00791700273776183
2329 	0.00774690506078228
2330 	0.00772560841378634
2331 	0.00713580553501133
2332 	0.00660293332034728
2333 	0.00621785340899988
2334 	0.00643740124021652
2335 	0.00679000285270987
2336 	0.00719565146701465
2337 	0.00732739186217057
2338 	0.00752688471134817
2339 	0.00778323945834556
2340 	0.00816283211673276
2341 	0.00873904429844949
2342 	0.00921863346591853
2343 	0.00876632097653467
2344 	0.00849110462207176
2345 	0.00827783759213396
2346 	0.00780716314501372
2347 	0.00753261862227225
2348 	0.00742201004913299
2349 	0.00731966009545851
2350 	0.00732313786097588
2351 	0.00736113679582318
2352 	0.00743201448049931
2353 	0.00770141807209886
2354 	0.00777470136959412
2355 	0.00745406192724407
2356 	0.0072915727795467
2357 	0.00736979782287141
2358 	0.00779391845708264
2359 	0.00848114244134446
2360 	0.00855382471109128
2361 	0.00810723756917758
2362 	0.00772826513352877
2363 	0.00730848954651534
2364 	0.00690409101204302
2365 	0.00658178605555209
2366 	0.00649457096130928
2367 	0.00657599342907263
2368 	0.00678619074550656
2369 	0.00701855578160077
2370 	0.007411632578674
2371 	0.00793113690033173
2372 	0.00790365213323484
2373 	0.00800245128550861
2374 	0.00812494071126763
2375 	0.00787878578360145
2376 	0.00773849165208783
2377 	0.00751362437380075
2378 	0.00704160547781765
2379 	0.00679834970383149
2380 	0.00670975174894855
2381 	0.00666710808955367
2382 	0.00674151118603609
2383 	0.00655064507594698
2384 	0.00638583857138221
2385 	0.00649241937307551
2386 	0.00656385480638288
2387 	0.00683028656056405
2388 	0.00731162148998127
2389 	0.00737664354800082
2390 	0.00791438083339172
2391 	0.00852855356153772
2392 	0.00830516909495871
2393 	0.00833953687930068
2394 	0.00831523583107243
2395 	0.00806017305000688
2396 	0.00798178691897129
2397 	0.00778647563268595
2398 	0.00753380825681092
2399 	0.00737762641296978
2400 	0.00723783305719809
