 	sdca10
200 	0
201 	0
202 	0
203 	0.0119340995643571
204 	0.0104433502855033
205 	0.00912343031672548
206 	0.0080587206855219
207 	0.0073608124697659
208 	0.00713811768798706
209 	0.00740347254185104
210 	0.00696437236017942
211 	0.00704659119720871
212 	0.00763330210760632
213 	0.00862212520597179
214 	0.00989321350750001
215 	0.011352144836046
216 	0.0112162448109242
217 	0.0101693315661479
218 	0.00947519329189069
219 	0.00921390785214932
220 	0.00942155690265033
221 	0.0100691706512815
222 	0.0107118565368518
223 	0.0100332661463557
224 	0.00984946812361335
225 	0.0101872787695978
226 	0.0109987412369724
227 	0.0121896268410157
228 	0.0136610662067607
229 	0.0133541145339058
230 	0.0126069067526427
231 	0.012055566462471
232 	0.0117277504052717
233 	0.0116423553622846
234 	0.01180464354274
235 	0.0115648586470332
236 	0.0103892609229664
237 	0.00951456084406692
238 	0.00902863954955463
239 	0.00899472816189955
240 	0.00941771075301806
241 	0.0102411305762065
242 	0.00937474847696522
243 	0.00873688791013615
244 	0.00850559735419729
245 	0.00871331377827609
246 	0.00933076429319631
247 	0.0102844135584486
248 	0.010110572084752
249 	0.00906052206585593
250 	0.00833543612243493
251 	0.00802390014998689
252 	0.00817334049842301
253 	0.00876019744125665
254 	0.00934738073385108
255 	0.00827997302487023
256 	0.00752052157346327
257 	0.00716759380242867
258 	0.00728055092912898
259 	0.00783927978082219
260 	0.00875888451046786
261 	0.00809746195881693
262 	0.0077779273922848
263 	0.00849831233834319
264 	0.0100371492175634
265 	0.0120857482170714
266 	0.0144285879160946
267 	0.0149816090637855
268 	0.012465260921089
269 	0.0104435241450242
270 	0.00924672971113163
271 	0.00920256329399001
272 	0.0103258258292112
273 	0.0122366077854128
274 	0.0110806683878094
275 	0.0100957588201714
276 	0.00933318568125703
277 	0.00885060666496137
278 	0.00869476832849386
279 	0.00888288403649317
280 	0.00818919675478231
281 	0.00720833830241317
282 	0.00671798100314832
283 	0.00682468508565867
284 	0.00750302034925185
285 	0.00861906214661943
286 	0.00941579807622543
287 	0.00895764635517018
288 	0.00878592183252648
289 	0.00891718767780322
290 	0.00933867598356396
291 	0.0100138065480491
292 	0.0108955308933726
293 	0.00955434399274373
294 	0.00826908073919625
295 	0.00739481197628802
296 	0.00708534634379979
297 	0.00741177186725142
298 	0.00829939349388858
299 	0.00840971103305461
300 	0.00792657720857789
301 	0.00775715320126781
302 	0.00792159316631822
303 	0.00840031331306795
304 	0.00914408563953122
305 	0.00967010710918783
306 	0.0086806687476923
307 	0.00824590824286146
308 	0.00845186074369138
309 	0.00925585499834263
310 	0.0105216779987067
311 	0.0121053095171138
312 	0.0107212575327469
313 	0.00929073517764886
314 	0.00848739426618888
315 	0.00849115227451984
316 	0.00930103094819306
317 	0.0107361254966687
318 	0.0107828938313938
319 	0.00971469263148325
320 	0.00906361196315201
321 	0.00892144753178
322 	0.00931153830767657
323 	0.0101728373916851
324 	0.0108924723076241
325 	0.0101025153456952
326 	0.00971331205529945
327 	0.00977286024115832
328 	0.0102733594767617
329 	0.0111556167028226
330 	0.0123380065058254
331 	0.0109072152934765
332 	0.0094707106101983
333 	0.00849301990061847
334 	0.00814115643927713
335 	0.00849326102693005
336 	0.00947114307465884
337 	0.00935350609461321
338 	0.00837804496547689
339 	0.00778005094132027
340 	0.00764857776844318
341 	0.00800664006526504
342 	0.0087946473729133
343 	0.00933674606736551
344 	0.0086843109009675
345 	0.00832294296547176
346 	0.00829078997876345
347 	0.00859154889534293
348 	0.00919260145191816
349 	0.0100401606346802
350 	0.00947906383216308
351 	0.00917106693941251
352 	0.00919395734754835
353 	0.00954535488278364
354 	0.0101913352018475
355 	0.0110804960079835
356 	0.00992150750649144
357 	0.00792308747374408
358 	0.00668922266613206
359 	0.00665938927251215
360 	0.00784733151675556
361 	0.00982064861555186
362 	0.0103243365175827
363 	0.00792967711066503
364 	0.00627527773819326
365 	0.00600748860710269
366 	0.00728094809062797
367 	0.00949452304717385
368 	0.0118427443378506
369 	0.0103877824555464
370 	0.00922590668971566
371 	0.00857654467543885
372 	0.0085571792847371
373 	0.00917180192063402
374 	0.0103076194172289
375 	0.0101449278090662
376 	0.00985807018434243
377 	0.0100362562897856
378 	0.0106561830838103
379 	0.0116475293759532
380 	0.0129251130849321
381 	0.0134206085049272
382 	0.0131511810880491
383 	0.0130579095011183
384 	0.013144544200113
385 	0.0134075981845614
386 	0.013837013445436
387 	0.0137428000165218
388 	0.0117291921674773
389 	0.00997414048851885
390 	0.00863673208125679
391 	0.00793113715539636
392 	0.00802576258604793
393 	0.00889510688935801
394 	0.00831122549089766
395 	0.00803523414427047
396 	0.00842156106240232
397 	0.00938880067336133
398 	0.0107817275898748
399 	0.0124583669051061
400 	0.0117117936310658
401 	0.0101024336612967
402 	0.00885290686022982
403 	0.00813083587595304
404 	0.0080789084892851
405 	0.00870911998341841
406 	0.00914366271435108
407 	0.009475954291669
408 	0.0105278713501631
409 	0.0121133671667776
410 	0.0140529881730735
411 	0.0162201884265172
412 	0.017332425748297
413 	0.0142457771520883
414 	0.0113384886519173
415 	0.00879682326934377
416 	0.00702925962205062
417 	0.00668135454200926
418 	0.00794192185038215
419 	0.00728373127544449
420 	0.00731943940473061
421 	0.00806230478204741
422 	0.00934518254985918
423 	0.0109804020269855
424 	0.0128339835495737
425 	0.0120064934709217
426 	0.0105747301035161
427 	0.00958722712513871
428 	0.00918835714519409
429 	0.00945292896398478
430 	0.010330092006391
431 	0.0115198788451988
432 	0.0128993300117715
433 	0.0145187313452346
434 	0.0163067514844491
435 	0.0182137988089812
436 	0.0202062002640399
437 	0.0213763113906279
438 	0.0203616791389899
439 	0.0194595630227005
440 	0.0186864133350513
441 	0.0180588019602899
442 	0.0175923121781138
443 	0.0170912986349771
444 	0.0141042977829453
445 	0.0114403665246379
446 	0.00937461663822561
447 	0.00836274886845934
448 	0.00877715106328472
449 	0.0104494915458171
450 	0.00956109448295592
451 	0.00845383882321479
452 	0.00770336127295215
453 	0.00741873842847868
454 	0.00765213079831989
455 	0.00836026629688594
456 	0.00872730773193822
457 	0.00887647043489713
458 	0.0091637244894242
459 	0.00957665169343434
460 	0.0100998495434071
461 	0.0107171804101815
462 	0.0106437197916014
463 	0.00977103589757255
464 	0.00906597708115059
465 	0.00857001544776996
466 	0.00832062590968103
467 	0.00833995759566357
468 	0.00825180015765449
469 	0.0074762828580124
470 	0.00722560891860766
471 	0.00755159738148772
472 	0.00838727617735931
473 	0.00960045625136029
474 	0.010823978602565
475 	0.00932560694268962
476 	0.0082076982005186
477 	0.00756870666547136
478 	0.00753153220540174
479 	0.00810446050455893
480 	0.00917388841848462
481 	0.00900017458807593
482 	0.00888447638880355
483 	0.00901787229845395
484 	0.00938975201375913
485 	0.0099734741674714
486 	0.0107345355306692
487 	0.00990890026932894
488 	0.00856023049992411
489 	0.00755701553320163
490 	0.00704834145165839
491 	0.00714068950187423
492 	0.00781277619019535
493 	0.00809014061542773
494 	0.00792613145338896
495 	0.00799863647411061
496 	0.00830146083909971
497 	0.00881088869926308
498 	0.00949371941169846
499 	0.00978817075444595
500 	0.00947562567178249
501 	0.00956848529191908
502 	0.0100555245237618
503 	0.0108839546981167
504 	0.0119831798805539
505 	0.0126445642448061
506 	0.0109799966244903
507 	0.00960126923774238
508 	0.00872279403404057
509 	0.00850109523695885
510 	0.00898492205743991
511 	0.00983077295539173
512 	0.00827757107173357
513 	0.0070458330265449
514 	0.00615543187438447
515 	0.00576670776217354
516 	0.00597833535361841
517 	0.00673394885028256
518 	0.00682131237517231
519 	0.00717008294546791
520 	0.00780723839090034
521 	0.00866942605147847
522 	0.00969680461564564
523 	0.0108425175290708
524 	0.00999056099351703
525 	0.0089068911767624
526 	0.00808942776795171
527 	0.0076242837368401
528 	0.00757662808216802
529 	0.00795396840576235
530 	0.00803527385710175
531 	0.00790933497367997
532 	0.00786475700677586
533 	0.00790291687340069
534 	0.00802263402646732
535 	0.00822034595499969
536 	0.00798854171782993
537 	0.00755642944818372
538 	0.00729272414062457
539 	0.00721591275828082
540 	0.00733187156440923
541 	0.00763181868867879
542 	0.00722567734875504
543 	0.00609692330276695
544 	0.00591536277525811
545 	0.00675777642109976
546 	0.00831868679202493
547 	0.0102757257710404
548 	0.0120229489466284
549 	0.0131441567612214
550 	0.0146180448588653
551 	0.0163459639543477
552 	0.0182559240595118
553 	0.0202965985452068
554 	0.0220591394486825
555 	0.0223351214575257
556 	0.0227952845262797
557 	0.0234370903326038
558 	0.0242461186666274
559 	0.0252062729900056
560 	0.0259007045654444
561 	0.0225609911415745
562 	0.0194063344885406
563 	0.0164121271332462
564 	0.0136841009043471
565 	0.0114147238183265
566 	0.00992380087984378
567 	0.00897888537967019
568 	0.00830619410123665
569 	0.00800862933348619
570 	0.00812749855260063
571 	0.00864564209364861
572 	0.00949793805349378
573 	0.00899995953518645
574 	0.00900978080480922
575 	0.00948280702351098
576 	0.0103557572547021
577 	0.0115382142452897
578 	0.0129456428191428
579 	0.0130962060387179
580 	0.0130414265327314
581 	0.0130934925520949
582 	0.0132511447134936
583 	0.0135106873632391
584 	0.013866400312968
585 	0.0133669365800879
586 	0.0125853985240812
587 	0.0118840690457538
588 	0.011277921650685
589 	0.0107830197548824
590 	0.0104152336464346
591 	0.00969733165540329
592 	0.00886797513698778
593 	0.00830136827945838
594 	0.00805316323426885
595 	0.00815249356516022
596 	0.00858730778927806
597 	0.00880872056811888
598 	0.0088910699101022
599 	0.00919306709818212
600 	0.00969420618840255
601 	0.0103656440707308
602 	0.0111767308639476
603 	0.0114636011516786
604 	0.0113741240111779
605 	0.0114726556430436
606 	0.0117544690569751
607 	0.0122068768710196
608 	0.0128118198513092
609 	0.0129605762158393
610 	0.012736721126872
611 	0.0126828252875447
612 	0.012801035601802
613 	0.0130866890647088
614 	0.0135291837103234
615 	0.0133330417099292
616 	0.0121506545280119
617 	0.0110540673086651
618 	0.0100713453448343
619 	0.00923889519533314
620 	0.00860046313815711
621 	0.00807694599393383
622 	0.00750059082484745
623 	0.00702348317933246
624 	0.00666719140469003
625 	0.00645176243293301
626 	0.00639145584065672
627 	0.0063247900469969
628 	0.00625934707406103
629 	0.00644443150149016
630 	0.00685622425685845
631 	0.00745726269098541
632 	0.0082060687739919
633 	0.00871005406863444
634 	0.00869197468494262
635 	0.00881407572932118
636 	0.00906978683327475
637 	0.00944826601235323
638 	0.00993549310702012
639 	0.010090259932672
640 	0.00956722900420525
641 	0.00937208104841184
642 	0.0095264052778437
643 	0.0100140578108023
644 	0.0107899384678081
645 	0.0113497503995392
646 	0.01107568591743
647 	0.0110059425406368
648 	0.0111494059588156
649 	0.011498098304571
650 	0.0120341931748297
651 	0.0119253085343184
652 	0.010540849664873
653 	0.0102674684411636
654 	0.0111875009406672
655 	0.0130509508840879
656 	0.015521673016612
657 	0.0174145447795853
658 	0.0173369272860791
659 	0.0175560258660679
660 	0.0180700630424894
661 	0.0188549317201438
662 	0.0198785779080213
663 	0.0205620428728061
664 	0.0200246134212171
665 	0.019643190583734
666 	0.0194525739878353
667 	0.0194583719257065
668 	0.0196604106276965
669 	0.0200319118345773
670 	0.019841816858109
671 	0.0197221333935597
672 	0.019800715777285
673 	0.020075235872316
674 	0.0205378381457801
675 	0.0202191036453041
676 	0.0187201048978812
677 	0.0174359569840841
678 	0.0163233012101356
679 	0.0154193069469941
680 	0.0147623571606046
681 	0.0135123737486662
682 	0.0109851203882967
683 	0.00908717821582793
684 	0.00827254529937014
685 	0.00884575962578187
686 	0.0105836752032157
687 	0.0115812647807751
688 	0.0105615849146692
689 	0.00963818376430191
690 	0.00883375380846472
691 	0.00818345502413886
692 	0.00772630413749477
693 	0.00725204263930799
694 	0.00691806461645058
695 	0.00698132313574333
696 	0.0074256221324483
697 	0.00818917529560263
698 	0.00919277197749799
699 	0.0100122085540801
700 	0.00911498170069023
701 	0.00834138480185097
702 	0.00772863164837685
703 	0.00731724207848446
704 	0.00714209730045064
705 	0.00690283124442872
706 	0.00666260998886365
707 	0.00651690330693204
708 	0.00647209778461742
709 	0.00653027066276348
710 	0.00668873562774019
711 	0.00664574090412734
712 	0.00656555722922213
713 	0.00670071389667522
714 	0.00703881716977417
715 	0.00755266065724026
716 	0.00820931021991785
717 	0.00820087708010351
718 	0.00776478687042004
719 	0.00738468706459805
720 	0.00706961445765962
721 	0.00682857611488458
722 	0.00666960362934022
723 	0.00653528814133666
724 	0.00662348840485932
725 	0.00684293789395074
726 	0.00718161487437044
727 	0.00762364599120664
728 	0.00815223631936992
729 	0.00806654454148046
730 	0.00775215611873069
731 	0.00770161500033703
732 	0.00791997400326643
733 	0.00838625472342529
734 	0.00906226869137562
735 	0.00856305289785605
736 	0.00808017351194973
737 	0.00786309678610489
738 	0.00793367104087368
739 	0.00828454822755279
740 	0.00888257285459592
741 	0.00807832218528635
742 	0.00749957138402099
743 	0.00713215878405101
744 	0.00700939678288778
745 	0.0071439088712799
746 	0.00748576129838201
747 	0.00778437317451676
748 	0.00845648880123486
749 	0.00942938426710498
750 	0.0106207212633646
751 	0.0119654293837491
752 	0.0129742656513409
753 	0.0113939471863849
754 	0.0100587194727123
755 	0.00927144366979543
756 	0.00917428598641502
757 	0.0097878191823177
758 	0.0103400638023606
759 	0.0104959924954052
760 	0.0103914908221117
761 	0.0107551016514852
762 	0.0115426707718294
763 	0.0126754168588347
764 	0.013556695851032
765 	0.012607957827795
766 	0.011801691850969
767 	0.0113549375458559
768 	0.0113103770477661
769 	0.0116726174195109
770 	0.0105594585784597
771 	0.00959435959648817
772 	0.00882989873734743
773 	0.00832155588850192
774 	0.00811759066150038
775 	0.00824063522663524
776 	0.00801290836403204
777 	0.00784275766465513
778 	0.00789954360080939
779 	0.00817854048067991
780 	0.0086582939234933
781 	0.00930781268158807
782 	0.00900524883277633
783 	0.0083474278323523
784 	0.00799794104581412
785 	0.00799731424968313
786 	0.0083456260474532
787 	0.00900246509127093
788 	0.00869898898850603
789 	0.00853688597984116
790 	0.00865757379679268
791 	0.0090497455690454
792 	0.0096804625243552
793 	0.0104597832082108
794 	0.010375458833509
795 	0.0107437772158117
796 	0.011564141348119
797 	0.0127495880237236
798 	0.0142090336697892
799 	0.0153018793324287
800 	0.0143672753944873
801 	0.0136657483881223
802 	0.013201137485316
803 	0.0129988714109066
804 	0.013071134616424
805 	0.0130892562946312
806 	0.0120612364028973
807 	0.0111535993692826
808 	0.0105246364297696
809 	0.0102258986319881
810 	0.0102861981046957
811 	0.00984662559272849
812 	0.0088089876971306
813 	0.0079595899028735
814 	0.00736386156065948
815 	0.00708607234200269
816 	0.00716330676967961
817 	0.00681286121424195
818 	0.00640808240128174
819 	0.00616208949767953
820 	0.00609414134000099
821 	0.00621008495474151
822 	0.00650008741456651
823 	0.00618807547207603
824 	0.00618981357058926
825 	0.00673052246772135
826 	0.00769744762877031
827 	0.00895355203068202
828 	0.0102643207096751
829 	0.00977259001261675
830 	0.00942494903702549
831 	0.00921174706869177
832 	0.00914239436229742
833 	0.00922013753721584
834 	0.00901580405939607
835 	0.00807776868166224
836 	0.00760112693864327
837 	0.00760625011896846
838 	0.00809222325935591
839 	0.00898132729379282
840 	0.00914253040229533
841 	0.00827692627688895
842 	0.00783543292683813
843 	0.00788972647846976
844 	0.00843023326221274
845 	0.0093732148167922
846 	0.00891058510175178
847 	0.00789292627179933
848 	0.00750730256136615
849 	0.00784744841990467
850 	0.00882988391755912
851 	0.0102719424468505
852 	0.0089273462485902
853 	0.00749501842259165
854 	0.00659443345375127
855 	0.00645222948329604
856 	0.00711403115979053
857 	0.00819030621293953
858 	0.00796555146285694
859 	0.00818590525919453
860 	0.00875769801681614
861 	0.00961845616672096
862 	0.0106986596517821
863 	0.0111677368987959
864 	0.0102509014516092
865 	0.00956653975748869
866 	0.00916200605903112
867 	0.00907480009988858
868 	0.00931383961711046
869 	0.00911500454463613
870 	0.00848271658593341
871 	0.00869778487442225
872 	0.00970403271748984
873 	0.0112918930414003
874 	0.0132539523973289
875 	0.0129268750969926
876 	0.0119290558007283
877 	0.0112687856670171
878 	0.0110069784278017
879 	0.0111716831050497
880 	0.0116322984415261
881 	0.0102412238656672
882 	0.00913221349731308
883 	0.00842178768596008
884 	0.00821402578930425
885 	0.00854566901303851
886 	0.00870260066662191
887 	0.00747981838751116
888 	0.00690946893809637
889 	0.00722259644524144
890 	0.00832004196642284
891 	0.00994546920678895
892 	0.0102475546202207
893 	0.0096787316856461
894 	0.00967362032239167
895 	0.0102330652783799
896 	0.0112733283280544
897 	0.0126765866834641
898 	0.0115054456663513
899 	0.0100299007609752
900 	0.00875775307122318
901 	0.00778930476524611
902 	0.00724734426415025
903 	0.00709540242904853
904 	0.00631144559542874
905 	0.00596945375925232
906 	0.00613987181072832
907 	0.00678419402059157
908 	0.00778563845515667
909 	0.0083015060537426
910 	0.00824431038270082
911 	0.00894004645274035
912 	0.0102394420306076
913 	0.0119471285775856
914 	0.0139135744879137
915 	0.0136043316046717
916 	0.0122841070079572
917 	0.0111161841339433
918 	0.0101532572389475
919 	0.00945814641272077
920 	0.00909248330833784
921 	0.00813795255513602
922 	0.00760226084320607
923 	0.00760802081172752
924 	0.00815408511239915
925 	0.00914416425781247
926 	0.00965323927925294
927 	0.00845926194429253
928 	0.00777550566149015
929 	0.0077306835137997
930 	0.0083351095096683
931 	0.00946521194346702
932 	0.00968653557083131
933 	0.00936545979674275
934 	0.00927214426978789
935 	0.00941336485169078
936 	0.00977896582560066
937 	0.0103451855334458
938 	0.00920776322792744
939 	0.00806253481750724
940 	0.00735795662764401
941 	0.00722413163043799
942 	0.0076909117744471
943 	0.00834145587243302
944 	0.0082471455458774
945 	0.00839371555108078
946 	0.00876113921602763
947 	0.0093233421306617
948 	0.0100476815793853
949 	0.00912412557782671
950 	0.0074223209690334
951 	0.00671206908969525
952 	0.00728922055177508
953 	0.00890693229625588
954 	0.0111199816320819
955 	0.00991430473611602
956 	0.00807311812042906
957 	0.00712679351278263
958 	0.00742571795605608
959 	0.008844520357462
960 	0.0102400049357737
961 	0.00976817943081631
962 	0.00968594887154529
963 	0.00999919760713401
964 	0.0106731612526748
965 	0.0116453793652006
966 	0.0114513812935076
967 	0.010513894365063
968 	0.0096880791608056
969 	0.00900471225793965
970 	0.00849822744967817
971 	0.00820146076260565
972 	0.00775236981546397
973 	0.0077183645134595
974 	0.00814502409787953
975 	0.00896682988201176
976 	0.0100876663553239
977 	0.0107667085573461
978 	0.00963131897318036
979 	0.00866270544191818
980 	0.00801476028726221
981 	0.00776814365403047
982 	0.00796024407135699
983 	0.00775791226441934
984 	0.00739591593422622
985 	0.00723403749686934
986 	0.00728562836702083
987 	0.00754631162189997
988 	0.00792401434526448
989 	0.00749143219751428
990 	0.00739210104803183
991 	0.00762794501414111
992 	0.0081699888661671
993 	0.00896284980951459
994 	0.00899027896189645
995 	0.0080180691190633
996 	0.00734786257740241
997 	0.00706612142463321
998 	0.00721847594661684
999 	0.00777946357206375
1000 	0.00727143895313099
1001 	0.00715297266088998
1002 	0.00782439615003456
1003 	0.00911275458491118
1004 	0.010799462066412
1005 	0.0120392427029986
1006 	0.0113095565599539
1007 	0.0107678294234425
1008 	0.0104379628287527
1009 	0.0103402525186284
1010 	0.0104811932954264
1011 	0.0101427468481228
1012 	0.00951597572717498
1013 	0.00915050398506466
1014 	0.00907794586052419
1015 	0.00930515597064099
1016 	0.00977045597423549
1017 	0.00979891006454778
1018 	0.0100145101882509
1019 	0.0104272212354422
1020 	0.0110149091507796
1021 	0.0117513512853541
1022 	0.0115398583706226
1023 	0.010405228832797
1024 	0.00943379425247536
1025 	0.00868051795802122
1026 	0.00820570174496649
1027 	0.00805871710146774
1028 	0.00732475539613495
1029 	0.00686524187319524
1030 	0.00683808923205603
1031 	0.00724815816035152
1032 	0.00802873234659136
1033 	0.00833354470309802
1034 	0.00761684935022152
1035 	0.00745580679294354
1036 	0.00788363782680967
1037 	0.0088150136344633
1038 	0.0101117364932099
1039 	0.00994869868554473
1040 	0.00947330930522933
1041 	0.0091898923563524
1042 	0.00911637002990545
1043 	0.00925774444424703
1044 	0.00941463602776258
1045 	0.00909609884261164
1046 	0.00896839197517137
1047 	0.00904584094262317
1048 	0.0093233344556183
1049 	0.00978386608946398
1050 	0.0095521464536434
1051 	0.00901053395535832
1052 	0.00871170748084863
1053 	0.00868077629509473
1054 	0.00892052754726305
1055 	0.00925220932721098
1056 	0.00882219616434742
1057 	0.00850406458316567
1058 	0.00833325521824497
1059 	0.00831884784423237
1060 	0.0084616414012826
1061 	0.00819591486937372
1062 	0.00783690213536042
1063 	0.00767311120629889
1064 	0.0077169827044681
1065 	0.00796508597001361
1066 	0.00826494097672829
1067 	0.00779132220209063
1068 	0.00763648137988117
1069 	0.00775502275052205
1070 	0.00813500409614638
1071 	0.00874240179898426
1072 	0.00871829723343268
1073 	0.00837616246065428
1074 	0.00844653152782089
1075 	0.00891964676991612
1076 	0.00973697635388327
1077 	0.0106815404818213
1078 	0.0103459371309565
1079 	0.0103359568105691
1080 	0.0106422732281548
1081 	0.0112390544057744
1082 	0.0120833396298259
1083 	0.0110724730296921
1084 	0.00918042734278786
1085 	0.00836786610457122
1086 	0.00893434216026753
1087 	0.0106622749108393
1088 	0.0126552050694023
1089 	0.0103657533392539
1090 	0.00856808154398276
1091 	0.00758583827231919
1092 	0.00773612339215103
1093 	0.00896214315210093
1094 	0.00920652899279701
1095 	0.00868950311783549
1096 	0.00847760256083439
1097 	0.00859342878768373
1098 	0.00902437166142051
1099 	0.00956060269439572
1100 	0.00913259040798921
1101 	0.0090519971034649
1102 	0.00933449567453839
1103 	0.00994920506224557
1104 	0.0108397540183829
1105 	0.0108019123806886
1106 	0.0101828557902259
1107 	0.00966835331141473
1108 	0.00927581922039754
1109 	0.00902118902418044
1110 	0.00880103734220724
1111 	0.00826197419113712
1112 	0.00792759223764116
1113 	0.00781833809642636
1114 	0.00794350635715653
1115 	0.00829248856826293
1116 	0.00763261523850905
1117 	0.0068383520683308
1118 	0.00657846057964424
1119 	0.00691347012299815
1120 	0.00776677768713695
1121 	0.00844714415156167
1122 	0.00788835616085299
1123 	0.00741234631889296
1124 	0.00703296907065632
1125 	0.00676649768442099
1126 	0.00662656689731604
1127 	0.00638847789739243
1128 	0.00636415650817817
1129 	0.00659682198208703
1130 	0.00706111651608666
1131 	0.00771533580810336
1132 	0.00811497961929091
1133 	0.00792959809094847
1134 	0.00782836527564941
1135 	0.00781455214561693
1136 	0.00788861793514504
1137 	0.0080481368004881
1138 	0.00791965033940608
1139 	0.00812204059463856
1140 	0.00860360891574777
1141 	0.00932118502986547
1142 	0.0102252019725049
1143 	0.0102785165813357
1144 	0.00963931567912059
1145 	0.00930690785012914
1146 	0.00931419798050047
1147 	0.00966041705255165
1148 	0.0101260249053984
1149 	0.00922613369500191
1150 	0.00863782544912277
1151 	0.00855060150484632
1152 	0.00897907655461024
1153 	0.00985622227459009
1154 	0.00919052228091045
1155 	0.00791073030803631
1156 	0.00692636092184754
1157 	0.00637574816280797
1158 	0.00637234031216486
1159 	0.00644150833644267
1160 	0.00610982192568704
1161 	0.00649873214834574
1162 	0.00749692045879304
1163 	0.00890173098066817
1164 	0.0105519909873017
1165 	0.00927547090717359
1166 	0.00823286056519896
1167 	0.00788771671472063
1168 	0.00832722079729179
1169 	0.00944243542691743
1170 	0.00945275861084598
1171 	0.00844616263785534
1172 	0.00770829561251097
1173 	0.0073208687455233
1174 	0.00733958834833912
1175 	0.00750795217282806
1176 	0.00692107372293699
1177 	0.00678040264982209
1178 	0.0070994960073571
1179 	0.00782228942654412
1180 	0.00885042174340567
1181 	0.00887956171988939
1182 	0.00871895086122409
1183 	0.00871345007209483
1184 	0.00886334815138568
1185 	0.00916102008521912
1186 	0.00869649393413497
1187 	0.00740402595090977
1188 	0.00664107478030255
1189 	0.0065940752660189
1190 	0.00727691304131088
1191 	0.00832424782440492
1192 	0.0076680472867721
1193 	0.00725984345046142
1194 	0.00711724010458748
1195 	0.00725591403860295
1196 	0.00766060522497723
1197 	0.00746955974573553
1198 	0.0076753869401064
1199 	0.00850214366958549
1200 	0.0097938230374488
1201 	0.0113933810965897
1202 	0.0117451667652232
1203 	0.0102317313094335
1204 	0.00926839084730165
1205 	0.00903289390354024
1206 	0.00957907280018528
1207 	0.0106538623870748
1208 	0.0099937573441894
1209 	0.00955626073927603
1210 	0.00940453851213088
1211 	0.00955221763685864
1212 	0.00998602377246866
1213 	0.00970689620558569
1214 	0.00939309106624321
1215 	0.00938840766435635
1216 	0.00969329407509312
1217 	0.0102802438901521
1218 	0.0103061226019291
1219 	0.00942707626003856
1220 	0.00882073763684901
1221 	0.00854535546496583
1222 	0.00863266062729634
1223 	0.00893862778980551
1224 	0.00846527007268586
1225 	0.00840627422278966
1226 	0.00877765724232368
1227 	0.00952923178794858
1228 	0.0105802845766517
1229 	0.0100929102146074
1230 	0.00943612458759787
1231 	0.00915245373379474
1232 	0.00927619118765237
1233 	0.00979190420881189
1234 	0.00968987422405127
1235 	0.0089527966012285
1236 	0.00856144385003521
1237 	0.00856334770524613
1238 	0.00895825743958524
1239 	0.0093319272022227
1240 	0.00880399855478798
1241 	0.00861724450868917
1242 	0.00879172871129119
1243 	0.0093071565466545
1244 	0.0101115236574667
1245 	0.00890040316984084
1246 	0.00801718718636811
1247 	0.0077388747851703
1248 	0.00812784437988029
1249 	0.00909891775708992
1250 	0.00854787368879793
1251 	0.00772360173183822
1252 	0.00782279245085281
1253 	0.0088143246281743
1254 	0.0104471400142439
1255 	0.0111838359253193
1256 	0.0100983830303315
1257 	0.00936979545854499
1258 	0.00908434738038517
1259 	0.00928300818726933
1260 	0.00955698327381809
1261 	0.00824929400177586
1262 	0.00775673122564625
1263 	0.00821305562185774
1264 	0.00948224981479477
1265 	0.0112935032657832
1266 	0.00967823665164043
1267 	0.00827013574345896
1268 	0.00788250044743048
1269 	0.00865356972299112
1270 	0.0103269798177404
1271 	0.0105577882548819
1272 	0.00987172174975128
1273 	0.00955301121176474
1274 	0.00963816847527019
1275 	0.0101170003133973
1276 	0.0100312722068583
1277 	0.00904206235398059
1278 	0.00857009497495945
1279 	0.00869996154518763
1280 	0.00940676887337134
1281 	0.0100876720723882
1282 	0.00915849685235104
1283 	0.00860174297228592
1284 	0.00848687523785792
1285 	0.008831153493152
1286 	0.00958523052989363
1287 	0.00875224998628432
1288 	0.00828856044117021
1289 	0.00833871903053971
1290 	0.00889403634310506
1291 	0.00986960872545096
1292 	0.00906955673186051
1293 	0.00793432712684908
1294 	0.00731487651497451
1295 	0.00734291997320231
1296 	0.00801166105538901
1297 	0.00817374834965508
1298 	0.00796362856238615
1299 	0.00832410743889687
1300 	0.00918827058849631
1301 	0.0104316841947519
1302 	0.0108187818272992
1303 	0.00953676998111208
1304 	0.00858607505753716
1305 	0.00808443874921207
1306 	0.00811556385354343
1307 	0.00847496504957627
1308 	0.00794882618669813
1309 	0.00797503154448155
1310 	0.00855850482825622
1311 	0.00959814919793215
1312 	0.0109649677394381
1313 	0.00921006403828496
1314 	0.00776655743136906
1315 	0.00735642217796376
1316 	0.00813743684254196
1317 	0.00982965958985968
1318 	0.009336077629651
1319 	0.00872970042513955
1320 	0.00911783061693222
1321 	0.0103896026125172
1322 	0.0122733325292504
1323 	0.0116586229354631
1324 	0.00974936167167589
1325 	0.00837308820154677
1326 	0.00781659438812861
1327 	0.00824752559244703
1328 	0.00819364140642254
1329 	0.00730095116003765
1330 	0.0073166430779345
1331 	0.00823552631972827
1332 	0.00980692466272713
1333 	0.0106154065112533
1334 	0.00928835226945115
1335 	0.00841360525631932
1336 	0.00813834454802672
1337 	0.00852086753805706
1338 	0.0090134949302946
1339 	0.00804208643250115
1340 	0.00775825072044937
1341 	0.00823340701162335
1342 	0.00935258063429049
1343 	0.0107980848733733
1344 	0.00971307837680383
1345 	0.00885490776414833
1346 	0.00833107272648407
1347 	0.00820585372408692
1348 	0.00849689232678676
1349 	0.00781688281879048
1350 	0.00752132934992611
1351 	0.00779530048079413
1352 	0.00858443942200828
1353 	0.00976463348021019
1354 	0.00847278511661023
1355 	0.00738261781727558
1356 	0.00765781673309315
1357 	0.00917635120716899
1358 	0.0114539442514343
1359 	0.0106641297374714
1360 	0.00903951392628135
1361 	0.00851270193369546
1362 	0.00927272935133695
1363 	0.011057353130702
1364 	0.0108582522200654
1365 	0.0093437327957004
1366 	0.00880152562330657
1367 	0.00940139210411839
1368 	0.010957340149435
1369 	0.011011264905109
1370 	0.00903395296443217
1371 	0.00766420313232492
1372 	0.00725472709895993
1373 	0.0079552167188648
1374 	0.00817528633077713
1375 	0.00686585582948939
1376 	0.00637453294402537
1377 	0.00687890896433335
1378 	0.00819720264033385
1379 	0.00909113186271723
1380 	0.00731995136654444
1381 	0.00666107332018954
1382 	0.00741709564792092
1383 	0.00924726544601027
1384 	0.0104079803775991
1385 	0.00805593275577483
1386 	0.00692482310162753
1387 	0.00758230985981797
1388 	0.00967020144722649
1389 	0.0116657046313814
1390 	0.0105152030894644
1391 	0.0100983336289413
1392 	0.0105028188003416
1393 	0.011643370561263
1394 	0.0127569562805626
1395 	0.00975925249550437
1396 	0.00740924302010941
1397 	0.00645287507020887
1398 	0.00744789587018088
1399 	0.0095506691848431
1400 	0.00754772646595138
1401 	0.00620278447303443
1402 	0.00601620450340414
1403 	0.00708016377129885
1404 	0.00890758911019974
1405 	0.00827234325315885
1406 	0.00860213803371933
1407 	0.00979542452677954
1408 	0.0115884576896196
1409 	0.0137485566022026
1410 	0.0110951791786316
1411 	0.00892891297920011
1412 	0.00783474184405144
1413 	0.00825082294830927
1414 	0.00999020448611424
1415 	0.00862048855339775
1416 	0.00779363106262674
1417 	0.00810185659423949
1418 	0.00943456455270227
1419 	0.01143912012424
1420 	0.0099092799613579
1421 	0.00884608611858022
1422 	0.0088447784791575
1423 	0.00990577758364578
1424 	0.0117446246935018
1425 	0.0115066341924044
1426 	0.012212920548223
1427 	0.0136771703187638
1428 	0.0156885725696002
1429 	0.0180652814079001
1430 	0.0171354446305349
1431 	0.0162204888886154
1432 	0.0157174483124285
1433 	0.0156660533540079
1434 	0.0160706377750225
1435 	0.0138110319364076
1436 	0.0113260723768813
1437 	0.0092583766658549
1438 	0.0079408735130303
1439 	0.00776528920747021
1440 	0.00556000192476356
1441 	0.0040898312927291
1442 	0.00455937443421929
1443 	0.00656484174132586
1444 	0.00914628206293197
1445 	0.00809497666076147
1446 	0.00774885537969215
1447 	0.0084591791317514
1448 	0.0100033745706785
1449 	0.0120654106167217
1450 	0.010212237602448
1451 	0.00914239510514153
1452 	0.00930428867971733
1453 	0.0106418511350165
1454 	0.0126965087041086
1455 	0.0109217071424682
1456 	0.00976532459302502
1457 	0.0094310347082313
1458 	0.0100016119044889
1459 	0.0111584887389622
1460 	0.00997694308531388
1461 	0.00942934348768565
1462 	0.00962741801936367
1463 	0.0105291676147746
1464 	0.0115643665068825
1465 	0.0100069983137195
1466 	0.0099568494225852
1467 	0.0114337692046524
1468 	0.0139612570585336
1469 	0.0160841177773995
1470 	0.0137587101388354
1471 	0.0117971467330425
1472 	0.0104072351634136
1473 	0.00983441522417369
1474 	0.00968223026078236
1475 	0.00843233015476296
1476 	0.00764043861927153
1477 	0.00745398646300104
1478 	0.00791587187403671
1479 	0.00813023583447998
1480 	0.00739273974960055
1481 	0.00755454023503388
1482 	0.00856482143401296
1483 	0.0101738815162489
1484 	0.0105614120023713
1485 	0.00895584257913483
1486 	0.00787599030862358
1487 	0.0075508770749958
1488 	0.00807221655326082
1489 	0.0082777122916691
1490 	0.00822169787011244
1491 	0.00896219727150262
1492 	0.0103293036058295
1493 	0.012112675798998
1494 	0.0118643482955128
1495 	0.0101948514465526
1496 	0.00881564431674835
1497 	0.00788064252352943
1498 	0.00755657472734871
1499 	0.00684058707093
1500 	0.00659947630444634
1501 	0.00741294857433959
1502 	0.00899943268731637
1503 	0.0110302780507181
1504 	0.0100810307612905
1505 	0.00890054269514011
1506 	0.00845731042462382
1507 	0.00886264628998593
1508 	0.0100140331134296
1509 	0.0105005044878175
1510 	0.0122056914756203
1511 	0.014781455244508
1512 	0.0178549191748595
1513 	0.0207535318803665
1514 	0.018223865074873
1515 	0.0157969073291126
1516 	0.0135280506430739
1517 	0.0115111631635633
1518 	0.00979026408906748
1519 	0.00830137766207208
1520 	0.0078246862012949
1521 	0.0085315766488288
1522 	0.010178365732605
1523 	0.0114644130608038
1524 	0.0113789778261623
1525 	0.0114694876700633
1526 	0.0117318711195209
1527 	0.0121550028392525
1528 	0.0119665688579794
1529 	0.011264728404971
1530 	0.0107902759171825
1531 	0.0105738647251735
1532 	0.0106312646759347
1533 	0.0102435910441248
1534 	0.00970578761583353
1535 	0.00935435471999968
1536 	0.00921065005474711
1537 	0.00928432441559239
1538 	0.00885818625521254
1539 	0.00845545856017835
1540 	0.00821436788219084
1541 	0.00814927263350918
1542 	0.00824377245918211
1543 	0.00822590859912802
1544 	0.00862651744731462
1545 	0.00939220300683579
1546 	0.0104429686602797
1547 	0.0112551642165183
1548 	0.0109814072417025
1549 	0.0112892020019659
1550 	0.0121343748104307
1551 	0.0134157450633421
1552 	0.0139928014258689
1553 	0.0137840287049703
1554 	0.0143092183783996
1555 	0.0154939130476344
1556 	0.0172023916976745
1557 	0.0165172980323849
1558 	0.0146049493820915
1559 	0.0132514215777832
1560 	0.0126375637061369
1561 	0.012869657114199
1562 	0.0110438470666388
1563 	0.00971854735258823
1564 	0.00989864132957985
1565 	0.0115137036010489
1566 	0.0138076720649159
1567 	0.0127760933242913
1568 	0.0120762320273552
1569 	0.011767423927726
1570 	0.0118802027920359
1571 	0.0115842740913112
1572 	0.00996348426340358
1573 	0.00933400382726574
1574 	0.00988702344305843
1575 	0.0114525033951367
1576 	0.0112167935592281
1577 	0.00924322903443327
1578 	0.00787489488014641
1579 	0.00745295357032623
1580 	0.00812618764410698
1581 	0.00773167124750741
1582 	0.00742346750351243
1583 	0.00779364885587187
1584 	0.00875659856441508
1585 	0.0100615148083251
1586 	0.00941362003410058
1587 	0.00907229669059984
1588 	0.00907221337522944
1589 	0.00941337914867395
1590 	0.00946819288553623
1591 	0.0084230193688895
1592 	0.00776268326709766
1593 	0.00758832426610052
1594 	0.00793205498438605
1595 	0.00798104774020291
1596 	0.0081604883628591
1597 	0.00905940560408403
1598 	0.010494517700602
1599 	0.0122792420746225
1600 	0.0106807851436766
1601 	0.00972008105960889
1602 	0.010463370844855
1603 	0.0126129152926738
1604 	0.0148488891302977
1605 	0.0128614398823953
1606 	0.0114794829480283
1607 	0.0109350439926271
1608 	0.0113493000201916
1609 	0.0113643365147309
1610 	0.0107349560155896
1611 	0.0113199444711728
1612 	0.0129558377166985
1613 	0.0153093776813302
1614 	0.0140933753989917
1615 	0.011978934744908
1616 	0.0107064018658567
1617 	0.010583936886068
1618 	0.0114927612724794
1619 	0.0104301571772841
1620 	0.0103486027351391
1621 	0.011269417072184
1622 	0.0129810140772655
1623 	0.0138642078105795
1624 	0.0130772580523674
1625 	0.0131918272191477
1626 	0.0141860896602922
1627 	0.0158958227713516
1628 	0.0147841647413747
1629 	0.0125628919789023
1630 	0.010800891713637
1631 	0.00975041270452395
1632 	0.00960939455206957
1633 	0.00976702119058896
1634 	0.0108784904166196
1635 	0.012695708569377
1636 	0.0149637258040778
1637 	0.0158702463214811
1638 	0.0150068299437418
1639 	0.0153798905859122
1640 	0.0169077788821364
1641 	0.0193184057788977
1642 	0.0180350978899301
1643 	0.0160676837883427
1644 	0.0152717302063396
1645 	0.0158249991917386
1646 	0.017169401128925
1647 	0.0159943919996309
1648 	0.0154308584441036
1649 	0.0155454426047717
1650 	0.0163238707360331
1651 	0.0159603806532446
1652 	0.0141765805009209
1653 	0.013033793187007
1654 	0.0127061694079768
1655 	0.0132542960298424
1656 	0.0113053173895885
1657 	0.0101577460662289
1658 	0.0108415243372544
1659 	0.0130723653447722
1660 	0.0148411645273491
1661 	0.0127526608778005
1662 	0.0113270062473846
1663 	0.0108292334779597
1664 	0.0113817415644444
1665 	0.0118439209997252
1666 	0.0121910903127846
1667 	0.0129241199047717
1668 	0.0139824547752913
1669 	0.0151388409215997
1670 	0.0129282155954
1671 	0.011465563628252
1672 	0.0110519535353056
1673 	0.0117982346722008
1674 	0.0111470466753332
1675 	0.00914591360339285
1676 	0.00956151196660249
1677 	0.0121482910700364
1678 	0.0158783856278041
1679 	0.0147880085474124
1680 	0.013627062807253
1681 	0.0133707353673465
1682 	0.0140685595328988
1683 	0.0146030769407785
1684 	0.0133590372640067
1685 	0.012577902117524
1686 	0.0123478375154915
1687 	0.0126988300844611
1688 	0.0114158218791449
1689 	0.00990676582286366
1690 	0.00922901886390215
1691 	0.00956103182402246
1692 	0.0101768937181348
1693 	0.00894435600469655
1694 	0.00882819649788802
1695 	0.00986791836964231
1696 	0.0117608580882756
1697 	0.0114289680944057
1698 	0.00991107890526578
1699 	0.00879787346755715
1700 	0.00825473131950216
1701 	0.00816298947433423
1702 	0.00680912898632724
1703 	0.00606742854049602
1704 	0.00616301482902996
1705 	0.00706197037793946
1706 	0.00751488777425494
1707 	0.00761069295138246
1708 	0.00802500340046254
1709 	0.00871249880294307
1710 	0.00951364189388101
1711 	0.00934564198766633
1712 	0.00965158085286038
1713 	0.0103896750901082
1714 	0.0114768475949528
1715 	0.0114867391020128
1716 	0.0107385974695695
1717 	0.0103650310348445
1718 	0.0104064572942593
1719 	0.0107683886529048
1720 	0.00993884322561784
1721 	0.0093614993962891
1722 	0.00908456895124601
1723 	0.00913541301272554
1724 	0.00972283323570599
1725 	0.011247547482495
1726 	0.0133995607276181
1727 	0.0159265877103598
1728 	0.0182202137297888
1729 	0.0155394810059948
1730 	0.0132242763164957
1731 	0.0114975749981137
1732 	0.0106495873235697
1733 	0.0101368984011872
1734 	0.00954390275005634
1735 	0.00922671114907373
1736 	0.00921385185325431
1737 	0.0093780573564846
1738 	0.00894165342298426
1739 	0.0087052312999067
1740 	0.00868513776090178
1741 	0.00888284097345362
1742 	0.00917602455538056
1743 	0.00963532445623635
1744 	0.0102898335872845
1745 	0.0111050898362927
1746 	0.0116312922366906
1747 	0.0108819265580675
1748 	0.0103232518605048
1749 	0.00998732042021411
1750 	0.00989684021377545
1751 	0.00907485539657312
1752 	0.00816724301878725
1753 	0.0074903657758232
1754 	0.00711042637623057
1755 	0.00700723048952625
1756 	0.00696824814062171
1757 	0.00703874485696652
1758 	0.00721551246758889
1759 	0.00749103164955614
1760 	0.00783253841785898
1761 	0.00871663317057448
1762 	0.0100162395060054
1763 	0.0115924431463411
1764 	0.0120145958947955
1765 	0.0113457464684681
1766 	0.0108340424620345
1767 	0.0105024784666511
1768 	0.0102453373441047
1769 	0.0094044400412426
1770 	0.00932308638634832
1771 	0.0100197943655778
1772 	0.0113522028951557
1773 	0.0110633009385792
1774 	0.0104384025925443
1775 	0.0104327257037962
1776 	0.0110472249201965
1777 	0.0115078127281142
1778 	0.0108561113056441
1779 	0.0105120248984911
1780 	0.0105058221069669
1781 	0.0108380830736226
1782 	0.0105447135103428
1783 	0.0103162639225725
1784 	0.0102157962745696
1785 	0.0102470756621205
1786 	0.00972680781378808
1787 	0.00887558479196333
1788 	0.0082812636450861
1789 	0.00800129719024675
1790 	0.00789162264626379
1791 	0.00766662173894931
1792 	0.00817983524746262
1793 	0.00930997074933796
1794 	0.0108662155749746
1795 	0.0104064380914425
1796 	0.00994912335983143
1797 	0.00996517141844856
1798 	0.0104524021670039
1799 	0.010925516821784
1800 	0.0111511448631673
1801 	0.0114744966702948
1802 	0.0118876004330091
1803 	0.0121740480770796
1804 	0.0115599224163428
1805 	0.0111315420152345
1806 	0.010910807058978
1807 	0.0109103279233854
1808 	0.00981747481845571
1809 	0.00872623831090291
1810 	0.00798780562595089
1811 	0.0077042989810184
1812 	0.00750236695516344
1813 	0.00715348629639665
1814 	0.00698483841187093
1815 	0.00700944464787099
1816 	0.00711129980808696
1817 	0.00705424593706997
1818 	0.00732308477545933
1819 	0.00788455069260044
1820 	0.00868205578924332
1821 	0.00821628112662376
1822 	0.00797625821850935
1823 	0.00815129129870754
1824 	0.00871641208042939
1825 	0.00897976488474246
1826 	0.00933309579142267
1827 	0.0101594723821437
1828 	0.0113560901493541
1829 	0.0119144052081556
1830 	0.0108093910985872
1831 	0.00988325425254761
1832 	0.00919023327010679
1833 	0.00872122791632087
1834 	0.00803971877022592
1835 	0.00879092380311657
1836 	0.0106765915250163
1837 	0.0132198666310924
1838 	0.0126513752489422
1839 	0.0116325629692156
1840 	0.0112343001228989
1841 	0.0115211210281529
1842 	0.0114796204126216
1843 	0.0113491535833376
1844 	0.0120416069867152
1845 	0.0134302911402116
1846 	0.0146834022375338
1847 	0.0146390237206665
1848 	0.0148696656845008
1849 	0.0153629465758676
1850 	0.0160341447218381
1851 	0.0155719411789897
1852 	0.0152538588918025
1853 	0.0150890150105356
1854 	0.0150824348423375
1855 	0.0145062300655819
1856 	0.0138596985552899
1857 	0.0133263107734027
1858 	0.0129200872703323
1859 	0.0119734186785083
1860 	0.0107736041737119
1861 	0.00988555977598865
1862 	0.00939808440211733
1863 	0.00880073299782948
1864 	0.00775129128509963
1865 	0.00739192090405537
1866 	0.00781836526999936
1867 	0.00866859602505635
1868 	0.00885156148766395
1869 	0.00959242230116412
1870 	0.0107767263836263
1871 	0.0122768049019656
1872 	0.0116350680482866
1873 	0.0110842007239389
1874 	0.0107251009973828
1875 	0.0105773184519869
1876 	0.00989589046439292
1877 	0.00940550554118625
1878 	0.00938745175273652
1879 	0.00984432810593365
1880 	0.00981912308643123
1881 	0.00985207438236274
1882 	0.0105473562942074
1883 	0.011788352033704
1884 	0.0120788793776812
1885 	0.0110118042577673
1886 	0.0102979152740568
1887 	0.0100130417437152
1888 	0.00980172186642162
1889 	0.00886190405981839
1890 	0.00806102284884775
1891 	0.0074440572915143
1892 	0.00701098626988576
1893 	0.00650754321749149
1894 	0.00622830048320366
1895 	0.00620360806476305
1896 	0.0064363962792757
1897 	0.00708252454133464
1898 	0.00829790608572223
1899 	0.00987555006589587
1900 	0.0116694423589243
1901 	0.01111535039861
1902 	0.0106224725251612
1903 	0.0106649880518877
1904 	0.011236821493696
1905 	0.0111614723582693
1906 	0.0108539872917605
1907 	0.0106721968431213
1908 	0.0106225562455699
1909 	0.0102099081242866
1910 	0.00961941964986579
1911 	0.00915698070823591
1912 	0.00884270364643733
1913 	0.00847099318973965
1914 	0.00823599381579396
1915 	0.00841707694922359
1916 	0.00898913212310733
1917 	0.00920109648891738
1918 	0.00872919450704435
1919 	0.00850130705680629
1920 	0.00853699779754226
1921 	0.00864383703176673
1922 	0.00855812518642959
1923 	0.00861922635739603
1924 	0.00882409131367257
1925 	0.0089977660706443
1926 	0.00879149987587194
1927 	0.00865209837317827
1928 	0.00858282021465734
1929 	0.00852312559731881
1930 	0.00826537693464848
1931 	0.0080829696412515
1932 	0.00798107116848323
1933 	0.00783296235735533
1934 	0.00736311764719352
1935 	0.00781372158417344
1936 	0.00904828138076564
1937 	0.0106266923387741
1938 	0.010584991656829
1939 	0.0108445427600765
1940 	0.0113862129524053
1941 	0.0121198104975922
1942 	0.0119420598120064
1943 	0.0121679441923787
1944 	0.0127751211765793
1945 	0.0136977938479331
1946 	0.0131738289000695
1947 	0.0128651628841114
1948 	0.0127899869085982
1949 	0.0129523671639778
1950 	0.0115684631945713
1951 	0.0103667322561559
1952 	0.00944825756476224
1953 	0.00890115951446459
1954 	0.00780447934215564
1955 	0.00744625142315944
1956 	0.00795949194687895
1957 	0.00919948113692913
1958 	0.0085356118318341
1959 	0.00800083617157421
1960 	0.00770988638609597
1961 	0.00769048602301307
1962 	0.0071396507140148
1963 	0.00667337846660771
1964 	0.00642923323647936
1965 	0.00643255717965525
1966 	0.00635944965847568
1967 	0.00640731473108279
1968 	0.00659447250261386
1969 	0.0069066938469878
1970 	0.00702632218411506
1971 	0.00724324195813758
1972 	0.00753466442461867
1973 	0.00784515511389155
1974 	0.0072380063778568
1975 	0.00702302433896496
1976 	0.00723311887951081
1977 	0.00772896734836448
1978 	0.00728441703163919
1979 	0.00703928600983836
1980 	0.0070146601034587
1981 	0.00710294213821535
1982 	0.00668047097319981
1983 	0.00651129468208852
1984 	0.00661522052333853
1985 	0.00683307384130244
1986 	0.00662444554941152
1987 	0.00660002509851779
1988 	0.0067620353412885
1989 	0.00695185385581163
1990 	0.00691883863837041
1991 	0.00708174544438798
1992 	0.00742769434875121
1993 	0.00770435575655812
1994 	0.00763561042702745
1995 	0.00763491424639031
1996 	0.00770228566678884
1997 	0.00768772933111794
1998 	0.00756782115223363
1999 	0.00758775065577673
2000 	0.00774643862266185
2001 	0.00759691119285604
2002 	0.00717416168582874
2003 	0.0069149948342391
2004 	0.00683803573122882
2005 	0.00670545260426266
2006 	0.00652049672472609
2007 	0.00641255076772196
2008 	0.00638552144012974
2009 	0.00630221360869184
2010 	0.00622738885676094
2011 	0.00620424333501138
2012 	0.0062333527519104
2013 	0.00641975936474073
2014 	0.00669121820980519
2015 	0.00701857552004807
2016 	0.00739249248900161
2017 	0.00719372541079959
2018 	0.00709805933145445
2019 	0.00711324634051122
2020 	0.00716734851281565
2021 	0.00692363431721697
2022 	0.00681710686928758
2023 	0.00685510705587318
2024 	0.00694249958133251
2025 	0.00690292177762667
2026 	0.00691717614616722
2027 	0.00698473137365592
2028 	0.00717643844083268
2029 	0.00760872478463482
2030 	0.00823961143803121
2031 	0.00902755670706732
2032 	0.00887476883608365
2033 	0.00821112655180622
2034 	0.00771749609523508
2035 	0.00742785043498429
2036 	0.00725735280158775
2037 	0.00727047855481232
2038 	0.00747446759646193
2039 	0.00785208582636504
2040 	0.00778961868940681
2041 	0.00787065761631436
2042 	0.00809073513317493
2043 	0.00820623542825221
2044 	0.00751185747333404
2045 	0.00692174593206459
2046 	0.00646482388653092
2047 	0.00624052729611648
2048 	0.00620894749046185
2049 	0.00624964895266295
2050 	0.00636124439164231
2051 	0.00631001012644476
2052 	0.00629579429363852
2053 	0.00646904475543
2054 	0.00681548021607214
2055 	0.00661318944641
2056 	0.00646642528194171
2057 	0.00650269977805919
2058 	0.00666801665545765
2059 	0.00652957338073322
2060 	0.00652808051761359
2061 	0.00664987365729534
2062 	0.00680641115720667
2063 	0.00683099962986973
2064 	0.00691104787783814
2065 	0.00704980038308969
2066 	0.00709663699513689
2067 	0.00711000768716512
2068 	0.00722492596158505
2069 	0.00743668569708718
2070 	0.00757789784432509
2071 	0.00784293067337054
2072 	0.00822175332207596
2073 	0.00857591146375431
2074 	0.00828776709002066
2075 	0.00809818214625849
2076 	0.00800441758195679
2077 	0.00764431755105922
2078 	0.00683996613683916
2079 	0.00618511797737082
2080 	0.00573706506053072
2081 	0.00550702730165524
2082 	0.00537849572079879
2083 	0.00532035586658727
2084 	0.00533477943713022
2085 	0.00548634617053337
2086 	0.00582961063625926
2087 	0.00633222932168097
2088 	0.00668280862539954
2089 	0.00663882602725075
2090 	0.0067594208989488
2091 	0.00703598614363585
2092 	0.00708026050745883
2093 	0.00725936348172095
2094 	0.00777554652515835
2095 	0.00856810280452774
2096 	0.00799534791917762
2097 	0.00753403903519652
2098 	0.007216444192194
2099 	0.00696540172776882
2100 	0.00670786763925015
2101 	0.00665840269926592
2102 	0.00682238787852968
2103 	0.00687336381983998
2104 	0.00697225690765467
2105 	0.00725385079566154
2106 	0.00766791355937791
2107 	0.00761892964307131
2108 	0.00764242108931555
2109 	0.00775723799656257
2110 	0.00771146693302707
2111 	0.00743673634290457
2112 	0.00726374615958651
2113 	0.00719443246774695
2114 	0.00691154799711124
2115 	0.00661618747603065
2116 	0.00639706005769074
2117 	0.00622834135493888
2118 	0.00599974005450694
2119 	0.00585414628680677
2120 	0.00579753137368991
2121 	0.00577646712855261
2122 	0.00582192455979853
2123 	0.00595957834007638
2124 	0.00618206130099837
2125 	0.00617667599426672
2126 	0.00618750516720496
2127 	0.00623672638811892
2128 	0.0063001189564152
2129 	0.00643766905716033
2130 	0.00665908344544089
2131 	0.0069427329073696
2132 	0.00695867356901638
2133 	0.00698238140552356
2134 	0.00710622725179539
2135 	0.00719315277278519
2136 	0.00704749132761192
2137 	0.00700091292105767
2138 	0.00705723307831804
2139 	0.00695905152021353
2140 	0.0068774145398774
2141 	0.0069136471677065
2142 	0.00704069202014221
2143 	0.00712896622186485
2144 	0.00724969346615544
2145 	0.0074005753124909
2146 	0.00758604589107866
2147 	0.00785857274052652
2148 	0.0082115201162887
2149 	0.00852097295348453
2150 	0.00821762216648563
2151 	0.00800923943415899
2152 	0.00789492335317154
2153 	0.00754803228430192
2154 	0.00705189131465852
2155 	0.00661164647248183
2156 	0.00625263787792475
2157 	0.00610784466242452
2158 	0.00615970001733203
2159 	0.00640311315775587
2160 	0.00642411947591197
2161 	0.00637347052355579
2162 	0.00643274348199514
2163 	0.00657911941030079
2164 	0.0068183653275004
2165 	0.00717621184344151
2166 	0.00774902917377555
2167 	0.00730265316005664
2168 	0.00654151439117528
2169 	0.00617825086648941
2170 	0.00619362165414991
2171 	0.00618249934968947
2172 	0.00639666036751308
2173 	0.00678157936502281
2174 	0.00682937721564003
2175 	0.00689907687811162
2176 	0.00714550451271357
2177 	0.00732395196792075
2178 	0.00714950128285504
2179 	0.00712072183082986
2180 	0.00729578673176731
2181 	0.00733898011632762
2182 	0.00741861208031214
2183 	0.00761113837651186
2184 	0.00762166079415248
2185 	0.00742881086137471
2186 	0.0073969597814111
2187 	0.00749206762515554
2188 	0.00717542611809094
2189 	0.00694330703323535
2190 	0.00680103693888678
2191 	0.00647161450714725
2192 	0.00614423135283054
2193 	0.00605594051967199
2194 	0.0062013226525364
2195 	0.00637817584794375
2196 	0.00663502683991864
2197 	0.00694442036800006
2198 	0.00666008451750481
2199 	0.00632278422320371
2200 	0.00606130875671363
2201 	0.00591708917505051
2202 	0.00591958078899716
2203 	0.00604741241177062
2204 	0.00624399402796423
2205 	0.0063281565420936
2206 	0.00646518324261517
2207 	0.00665045316279276
2208 	0.00678411743052166
2209 	0.00697018655426459
2210 	0.00729322281044142
2211 	0.00759988604513613
2212 	0.00781984419500408
2213 	0.00822268151307204
2214 	0.0087996792623082
2215 	0.00854903086283325
2216 	0.00826945285663761
2217 	0.00812537348920141
2218 	0.00768417811422476
2219 	0.00727052765489119
2220 	0.00704871740112023
2221 	0.00692455158504022
2222 	0.00691168606576527
2223 	0.00717352659930662
2224 	0.00753290257962541
2225 	0.0069602584467073
2226 	0.00659672954910159
2227 	0.00654267928710441
2228 	0.00638257716253673
2229 	0.00625588266065402
2230 	0.00624561302066193
2231 	0.0063674657616909
2232 	0.00660844015141173
2233 	0.00695057658780165
2234 	0.00711648954404378
2235 	0.00663861627771102
2236 	0.00629085935419921
2237 	0.0060399327620046
2238 	0.00590480967673467
2239 	0.00593782516068084
2240 	0.00612935998374267
2241 	0.00643590655979342
2242 	0.00693769594923855
2243 	0.00760799731411385
2244 	0.00794792300161743
2245 	0.0079034537200835
2246 	0.00791316225773526
2247 	0.00795229441919721
2248 	0.00791740295308618
2249 	0.00806073435306733
2250 	0.00829538519437532
2251 	0.00798180953925241
2252 	0.00794824125808604
2253 	0.00820548721420086
2254 	0.00765978801279746
2255 	0.00711267985415976
2256 	0.00683214609107596
2257 	0.00645535398055249
2258 	0.0060984217702373
2259 	0.00604142122651042
2260 	0.00603906920363545
2261 	0.00598646518274883
2262 	0.00627585456622053
2263 	0.00671255004788454
2264 	0.00699910392283497
2265 	0.00721866675617175
2266 	0.00743740159663291
2267 	0.00691277544735312
2268 	0.00649555734905471
2269 	0.00624014064567294
2270 	0.00593575523376232
2271 	0.00573163290801495
2272 	0.00564238817121436
2273 	0.00560088456685824
2274 	0.00570682416103608
2275 	0.00593802206261808
2276 	0.00615121872491475
2277 	0.00634570943485846
2278 	0.00660242889701362
2279 	0.00674920025515956
2280 	0.00681645498744914
2281 	0.00703143993713338
2282 	0.00702255083294462
2283 	0.00650260234372263
2284 	0.00619803705333029
2285 	0.00614005689559053
2286 	0.00626650877858512
2287 	0.00642825334816617
2288 	0.0065927052795177
2289 	0.0065972456818846
2290 	0.00687511451150453
2291 	0.00736624511244045
2292 	0.00720381319201646
2293 	0.00718331295369765
2294 	0.00729915355895349
2295 	0.0068527636118161
2296 	0.00650876253653819
2297 	0.00630140950728711
2298 	0.00626657839928223
2299 	0.00656772430909331
2300 	0.00719193101578423
2301 	0.00720523306217551
2302 	0.00716400194952273
2303 	0.0072697485779879
2304 	0.00711880847055006
2305 	0.00705213130390733
2306 	0.00709856296983632
2307 	0.00697139647970542
2308 	0.00686039350886568
2309 	0.00692669293070677
2310 	0.00673646587912994
2311 	0.00661181799385137
2312 	0.00679022577523266
2313 	0.00688322670201694
2314 	0.00696558522820436
2315 	0.00719814351238731
2316 	0.00717707435880255
2317 	0.00715668318913392
2318 	0.00737348672940251
2319 	0.0073774811527114
2320 	0.00742852681144958
2321 	0.00778602013490216
2322 	0.00766815872582278
2323 	0.00736459624223572
2324 	0.00725093907974943
2325 	0.00708011647781824
2326 	0.00689457342450103
2327 	0.00678052263475709
2328 	0.00670789126851782
2329 	0.00665535095962573
2330 	0.00662435102102145
2331 	0.00659043708661519
2332 	0.00661459626593761
2333 	0.00666529754620188
2334 	0.00648849424412818
2335 	0.00650684553155288
2336 	0.00685345699150443
2337 	0.00650900446690515
2338 	0.0062977459074423
2339 	0.00641401270185509
2340 	0.00623543009594652
2341 	0.00618350555689903
2342 	0.00631175541206795
2343 	0.00640357279527037
2344 	0.00658783382961118
2345 	0.00679811691682756
2346 	0.00667604065010763
2347 	0.00664086936415274
2348 	0.00664047148819398
2349 	0.00689204235406611
2350 	0.00733878931987008
2351 	0.00761295660570996
2352 	0.00718606864281266
2353 	0.00686695642276948
2354 	0.00663153591748716
2355 	0.00643624358234922
2356 	0.0063467128359631
2357 	0.00635867875578913
2358 	0.00647835122520333
2359 	0.00667809943532599
2360 	0.00678186225387768
2361 	0.00690968070829017
2362 	0.00711800149445167
2363 	0.00705095192824919
2364 	0.00699312080589415
2365 	0.00696987223795416
2366 	0.00688463483034165
2367 	0.00693516496809537
2368 	0.00697935039183152
2369 	0.0065936056710995
2370 	0.00640081055363293
2371 	0.00632029637065225
2372 	0.00625274625578069
2373 	0.00636252122127695
2374 	0.00669600122431867
2375 	0.00735354906345005
2376 	0.00825261835487188
2377 	0.0080307489626654
2378 	0.00777805445857675
2379 	0.00784377993070948
2380 	0.00729036525653984
2381 	0.00704467763848325
2382 	0.00695292109854798
2383 	0.00664293909484813
2384 	0.0066535543893132
2385 	0.00668458842856715
2386 	0.00654648915454474
2387 	0.00651279663216401
2388 	0.006502573908939
2389 	0.0067664529779976
2390 	0.00732597798609489
2391 	0.00726522579995839
2392 	0.00755357305671225
2393 	0.00783875224087328
2394 	0.00749112556713152
2395 	0.00745438003733368
2396 	0.00725487837793218
2397 	0.00701971034143645
2398 	0.00719239044079825
2399 	0.00721515565181373
2400 	0.00736827336877807
