 	sdca20
200 	0
201 	0
202 	0
203 	0.0095358359085362
204 	0.00968639751838896
205 	0.00987572662186544
206 	0.0101016436658218
207 	0.0103617557493169
208 	0.0106535584985305
209 	0.0108835598656607
210 	0.0101412973525145
211 	0.00947075066438133
212 	0.00888816594206613
213 	0.00841183921580726
214 	0.00806062985650285
215 	0.00785134624676311
216 	0.00789141832293094
217 	0.00817253464959078
218 	0.00863041995697482
219 	0.00923882899790078
220 	0.00997024375102592
221 	0.0107997012107283
222 	0.0115481232848101
223 	0.0117938250651982
224 	0.0121438019465282
225 	0.0125893605693531
226 	0.01312076717096
227 	0.0137280559637765
228 	0.0144016307311115
229 	0.0141076244219338
230 	0.0135786657945558
231 	0.0131036525830081
232 	0.012688644750254
233 	0.0123396980719206
234 	0.0120625469839587
235 	0.011602935549239
236 	0.0107887511273587
237 	0.0101089268455214
238 	0.00959207311272451
239 	0.009265502942816
240 	0.00914961400926519
241 	0.00925232629155943
242 	0.00950699439004862
243 	0.0098940030485035
244 	0.0104000680654675
245 	0.0110087828873176
246 	0.0117041424720061
247 	0.0124716625516053
248 	0.0120915468930226
249 	0.0107317990321214
250 	0.00946595331981376
251 	0.00833689340385977
252 	0.0074074333334242
253 	0.0067604070246031
254 	0.00641604472518776
255 	0.00612547807973149
256 	0.00640243121425661
257 	0.00718154309042693
258 	0.00832296754916089
259 	0.00969962929433217
260 	0.0112253115782549
261 	0.0105712144809597
262 	0.00918794053114729
263 	0.0079492559396491
264 	0.00693309685298677
265 	0.006248978887822
266 	0.00601135471393064
267 	0.00619581242523157
268 	0.00686994240489647
269 	0.00809173849109608
270 	0.00965548865121426
271 	0.0114215934309937
272 	0.0133097422227428
273 	0.0152747433920362
274 	0.0141915581175939
275 	0.0130853348779142
276 	0.0121330973714197
277 	0.0113735882937895
278 	0.0108473667506904
279 	0.010589268910856
280 	0.0100597718057613
281 	0.00927383770985787
282 	0.0086363601333582
283 	0.00818211221120932
284 	0.00794259387858067
285 	0.00793726830860584
286 	0.00806323927244561
287 	0.00797380368401249
288 	0.00806183150799129
289 	0.00832169296362941
290 	0.00873807099674781
291 	0.00928994403390566
292 	0.00995480286131279
293 	0.00979822479555395
294 	0.00956856346602409
295 	0.00946039891088141
296 	0.00947789171668648
297 	0.00962035645514317
298 	0.009882389809421
299 	0.00987117807164697
300 	0.00952293261291298
301 	0.00927776933364941
302 	0.00914398333862958
303 	0.0091264740188241
304 	0.00922590342274477
305 	0.00944360073740636
306 	0.00984752630833265
307 	0.010411788248864
308 	0.0111119879105936
309 	0.0119242021431747
310 	0.012827170335562
311 	0.013803093186814
312 	0.0131058266277082
313 	0.012029329626324
314 	0.0111799926279632
315 	0.0106124965631663
316 	0.0103732018048656
317 	0.0104846045373712
318 	0.0102676697514093
319 	0.00935338031211085
320 	0.00869689894755503
321 	0.00835918813324645
322 	0.00837888107637625
323 	0.00875356594989306
324 	0.00937423343453903
325 	0.00940099223354472
326 	0.00957575203624186
327 	0.00989067079315126
328 	0.0103329414985223
329 	0.0108870547385303
330 	0.0115369064892678
331 	0.0112670283114205
332 	0.0107659868907733
333 	0.010399069482988
334 	0.0101807879905967
335 	0.0101207641867944
336 	0.0102217863877934
337 	0.0101319457642738
338 	0.00971607653190573
339 	0.00947919919893442
340 	0.00943480512824063
341 	0.00958556906178446
342 	0.00992259929374204
343 	0.0103172166917731
344 	0.00979924238051838
345 	0.00942633925344834
346 	0.00921613377354422
347 	0.00917980943508263
348 	0.00931939967588095
349 	0.00962725552247347
350 	0.00873175436878774
351 	0.00758102889293821
352 	0.00661576917715827
353 	0.00592728795879396
354 	0.00561827565171409
355 	0.00575023808741656
356 	0.00589795926667681
357 	0.00675559241341496
358 	0.00863047905584863
359 	0.0110148691841136
360 	0.0136442131354384
361 	0.0164011217774835
362 	0.018351368439686
363 	0.0159748190601756
364 	0.0136875204722012
365 	0.0115426531449158
366 	0.00963580400620889
367 	0.00813608310820624
368 	0.00729891979107436
369 	0.00737416538982463
370 	0.00775006570486923
371 	0.00834545847101037
372 	0.00911744433386862
373 	0.010025311002622
374 	0.011035573643706
375 	0.0115692160835957
376 	0.0119043126529631
377 	0.0124619138114528
378 	0.0132138816818779
379 	0.0141292172293893
380 	0.0151783934288806
381 	0.0160107712373711
382 	0.0161660695197398
383 	0.0164318219884349
384 	0.0168027886388863
385 	0.0172721915305349
386 	0.0178322588735358
387 	0.0184393086421545
388 	0.016623867722056
389 	0.0148953866791947
390 	0.0132878441459696
391 	0.011850559109804
392 	0.0106526706428422
393 	0.00978252134561029
394 	0.0104173995000399
395 	0.0117594879704379
396 	0.0133243207223557
397 	0.0150425432856085
398 	0.0168673446247028
399 	0.0187676621154437
400 	0.0191016344845268
401 	0.017689709149962
402 	0.0163449005677941
403 	0.0150851693481691
404 	0.0139336100449901
405 	0.0129191810282151
406 	0.0117627216263486
407 	0.00966357939646352
408 	0.00792929473661013
409 	0.00684313267910281
410 	0.00672673890403587
411 	0.00762465535469161
412 	0.00924594634680942
413 	0.00802433326816198
414 	0.0074071818644616
415 	0.00772477954093387
416 	0.0088773617560059
417 	0.0105958643604996
418 	0.01265174250265
419 	0.012591656646228
420 	0.0116870596053931
421 	0.0109007321686036
422 	0.0102599033071151
423 	0.00979317744142211
424 	0.00952617905537735
425 	0.0089679993922824
426 	0.00798750158695015
427 	0.00718956737062708
428 	0.00664033924026031
429 	0.00640412838319134
430 	0.00651507055562362
431 	0.00683589946228773
432 	0.00737612519190188
433 	0.00859626974479497
434 	0.0102564815358148
435 	0.0121780910964857
436 	0.0142557820306241
437 	0.0164304494505047
438 	0.0149908781486569
439 	0.013638973114549
440 	0.0124083225625034
441 	0.0113384774663574
442 	0.0104788069425524
443 	0.00988430270012506
444 	0.00803630249889458
445 	0.00624101977361682
446 	0.005478695148414
447 	0.00614650111831733
448 	0.00788926195656727
449 	0.0101685316144882
450 	0.0104970639180964
451 	0.00918770052931692
452 	0.00802716492756138
453 	0.0070889320898273
454 	0.00647043933718152
455 	0.00626707730127526
456 	0.00620727872830085
457 	0.00578718921366843
458 	0.00551811412386241
459 	0.00542258081344344
460 	0.00550962399605141
461 	0.00577098823275457
462 	0.00612195140180952
463 	0.00619253067632162
464 	0.00635305961655186
465 	0.00659697505747526
466 	0.00691545923490627
467 	0.00729875715814418
468 	0.00773724232402491
469 	0.00848984713108838
470 	0.00940746719375055
471 	0.0104367888597186
472 	0.0115479813132777
473 	0.0127196057772985
474 	0.01393642916448
475 	0.0136068386629506
476 	0.012796707580188
477 	0.0120672617675503
478 	0.0114339539714301
479 	0.0109135335916213
480 	0.0105227630720535
481 	0.00984019184378347
482 	0.00897408007953965
483 	0.008318714101321
484 	0.00792654077129752
485 	0.00783717080154347
486 	0.00806068216840782
487 	0.00800289578822498
488 	0.00773588678339903
489 	0.00845058099128508
490 	0.0099373771837086
491 	0.0119105576245883
492 	0.0141683475395794
493 	0.0161762649529709
494 	0.0166219987842288
495 	0.0171666116677038
496 	0.0178010304625669
497 	0.0185160263480417
498 	0.0193026473501995
499 	0.0201119093600804
500 	0.0197502339668701
501 	0.0194469153584779
502 	0.0192047187885992
503 	0.0190259786112101
504 	0.0189124940728332
505 	0.0188654428405844
506 	0.016362508833275
507 	0.0135338459933426
508 	0.0107993077522382
509 	0.00825299200212321
510 	0.00613396075551443
511 	0.00501655664941555
512 	0.00538384176691905
513 	0.00637869493410399
514 	0.0077065480034171
515 	0.00922470332157336
516 	0.0108535964909604
517 	0.0125501832011168
518 	0.0131548292365413
519 	0.0129802578536471
520 	0.0129351758067659
521 	0.0130209281488257
522 	0.0132349720083568
523 	0.0135712385494936
524 	0.0134328728605144
525 	0.01255487826962
526 	0.0117561770185886
527 	0.011053970439122
528 	0.0104676960929687
529 	0.0100177290425377
530 	0.00982359819472672
531 	0.0099965740929836
532 	0.0102451802514179
533 	0.0105640785615233
534 	0.0109471277514464
535 	0.0113878562004181
536 	0.0117176053379398
537 	0.0111614001910831
538 	0.0106448119522921
539 	0.0101738771703892
540 	0.00975520987785639
541 	0.00939579963325331
542 	0.00913472839748778
543 	0.0103425606210223
544 	0.0117498044825889
545 	0.0132932801984501
546 	0.0149307983499155
547 	0.0166346093483757
548 	0.0183862928524537
549 	0.0208458958304153
550 	0.0234445860751093
551 	0.0260932509774398
552 	0.028778095211252
553 	0.031489866123594
554 	0.0342221632871686
555 	0.0342677539837123
556 	0.0336824101520205
557 	0.0331825489739628
558 	0.032772082194602
559 	0.0324544018359584
560 	0.0322322515175371
561 	0.030793597927169
562 	0.0288008027370445
563 	0.0268494716507732
564 	0.0249493355058351
565 	0.0231130240572127
566 	0.0213570069201043
567 	0.0190943823475276
568 	0.016501043370081
569 	0.014045185571983
570 	0.0118128681353854
571 	0.0099556154907164
572 	0.00871656563082056
573 	0.0079269322247662
574 	0.00731046202728484
575 	0.00729765397525704
576 	0.0078914479005231
577 	0.0089722039836726
578 	0.0103890440665378
579 	0.0111050172582854
580 	0.0106108007285633
581 	0.0102485383413939
582 	0.0100325343960559
583 	0.00997229747452144
584 	0.0100706231024664
585 	0.00985786146526397
586 	0.00884439705042861
587 	0.00805407094218561
588 	0.0075572171688209
589 	0.00741308147604749
590 	0.00764164875162093
591 	0.00818789001818276
592 	0.00897395707009273
593 	0.0100144318686226
594 	0.0112388773200933
595 	0.0125937468130154
596 	0.0140413365380212
597 	0.0152937566458557
598 	0.0154251017214106
599 	0.0156000054842015
600 	0.0158170229915877
601 	0.016074448629541
602 	0.0163703762445808
603 	0.0166273859395352
604 	0.0163547058361595
605 	0.0160864954080734
606 	0.0158229819491217
607 	0.0155644040275269
608 	0.0153110117047687
609 	0.0150929770447618
610 	0.0153227378570809
611 	0.0155796367540116
612 	0.0158623552451737
613 	0.016169539048725
614 	0.0164998217796256
615 	0.0168297872204315
616 	0.0159018071177029
617 	0.0149899301239722
618 	0.0140972814550833
619 	0.0132277544396402
620 	0.0123862195360944
621 	0.0115787816745353
622 	0.0109977525570391
623 	0.0104402202540108
624 	0.00990396238615922
625 	0.00939262355726355
626 	0.00891049482230211
627 	0.00846257011881664
628 	0.00832400412629738
629 	0.008267959794348
630 	0.00827862996938982
631 	0.00835575907515223
632 	0.00849753763255469
633 	0.00870080585084869
634 	0.00890636392404807
635 	0.00927904124991853
636 	0.00981015864291664
637 	0.0104756449248766
638 	0.0112516833627858
639 	0.0121170515519282
640 	0.0123844290698022
641 	0.0127199385626789
642 	0.0132041143805365
643 	0.0138213415409958
644 	0.0145547027896149
645 	0.0153876024928444
646 	0.0143970631581814
647 	0.0132373035310104
648 	0.0122350085005469
649 	0.0114316714565161
650 	0.0108714875990324
651 	0.0105931026610254
652 	0.00938631114127887
653 	0.00831161046122925
654 	0.00770953527868286
655 	0.00769188105101841
656 	0.008262394817999
657 	0.00931361027151651
658 	0.00963491680187249
659 	0.00988716682544423
660 	0.0102323130651041
661 	0.0106613371705153
662 	0.0111645737329062
663 	0.0117324771376109
664 	0.0114900503276999
665 	0.0112280475637203
666 	0.0111052045895464
667 	0.0111261317258348
668 	0.0112900295264449
669 	0.0115908346359439
670 	0.0109508665510806
671 	0.0102657403227941
672 	0.00972456006725712
673 	0.00935234786561799
674 	0.00916970286697194
675 	0.00918793713021393
676 	0.00901832267596813
677 	0.00894760267991787
678 	0.00902787882279791
679 	0.00925522289586963
680 	0.00961921296972848
681 	0.0101050936637625
682 	0.00945148841121215
683 	0.00895202044814081
684 	0.00879652371586015
685 	0.00900283907034631
686 	0.00954753976857509
687 	0.0103774776512213
688 	0.00991553516819449
689 	0.00936293709840549
690 	0.00882630900905478
691 	0.00830874578474833
692 	0.00781403663194974
693 	0.00734679975451622
694 	0.00732231552655244
695 	0.00733023764659167
696 	0.00735669682939496
697 	0.00740149427634388
698 	0.00746429982013544
699 	0.00754520980165535
700 	0.00773678006162093
701 	0.00800718496430554
702 	0.00834876798953669
703 	0.00875320018013016
704 	0.00921220768347931
705 	0.00968311982303368
706 	0.00963330206526436
707 	0.00963469244399917
708 	0.00968726891010628
709 	0.0097902068425237
710 	0.00994194205065154
711 	0.0100570780765943
712 	0.00957394739962247
713 	0.0091734020306505
714 	0.00886664127245086
715 	0.00866363299810746
716 	0.00857175201639929
717 	0.00857881650539701
718 	0.0085683222491575
719 	0.00857440832303438
720 	0.00859703951412426
721 	0.00863608575208033
722 	0.00869132580333602
723 	0.00865269994114374
724 	0.00829888757034615
725 	0.00798509400820891
726 	0.0077162031152331
727 	0.00749704791848385
728 	0.00733208955547219
729 	0.00725507907904401
730 	0.00735056374553234
731 	0.00757400951594904
732 	0.00791458594967789
733 	0.00835798655171153
734 	0.00888883712748427
735 	0.00910716576505786
736 	0.00882003905481465
737 	0.00862167384916279
738 	0.00851827337967543
739 	0.00851329860612821
740 	0.0086069201994668
741 	0.00889103446704581
742 	0.0094088475979438
743 	0.0100542697462969
744 	0.0108044562530514
745 	0.011639167388595
746 	0.01254153769911
747 	0.0132222891046722
748 	0.013807834577961
749 	0.0145000001530874
750 	0.0152843074847745
751 	0.0161473356403193
752 	0.0170771538441133
753 	0.0168649928787517
754 	0.0162037360277941
755 	0.0156799308396209
756 	0.0153076939618915
757 	0.0150982400015809
758 	0.0150583631673075
759 	0.0147277013608638
760 	0.0143759444094752
761 	0.0141250315854488
762 	0.0139803936372195
763 	0.0139453377352205
764 	0.014020685867075
765 	0.0135646974534715
766 	0.0131149509850758
767 	0.0127460189303467
768 	0.0124650790089618
769 	0.0122781728168997
770 	0.0121773742058735
771 	0.0117015937254107
772 	0.0113825074846172
773 	0.0112334761012904
774 	0.0112612531166498
775 	0.0114645534563866
776 	0.0117277731273752
777 	0.011516305257073
778 	0.0113998160562258
779 	0.0113812222784844
780 	0.0114610003962807
781 	0.0116371274251686
782 	0.0118589678844316
783 	0.0120287008690299
784 	0.0122463879307555
785 	0.0125095258721438
786 	0.0128153152588006
787 	0.0131607834212249
788 	0.0131127672542509
789 	0.012578737124646
790 	0.012170174755024
791 	0.0119000102022974
792 	0.0117777712404267
793 	0.0118080528157247
794 	0.011618535105341
795 	0.0112733763559677
796 	0.0110472885656212
797 	0.0109476512805478
798 	0.0109779080971021
799 	0.0111370003832236
800 	0.010887626103278
801 	0.0105385331617024
802 	0.0102925679214633
803 	0.0101572251042144
804 	0.0101369365885135
805 	0.010232386777459
806 	0.00988930219638739
807 	0.00958904534645794
808 	0.00940908194394871
809 	0.00935635586358371
810 	0.00943300093876035
811 	0.00961040546632821
812 	0.00948853895283833
813 	0.00947830693052296
814 	0.0095800671008213
815 	0.00979032796287477
816 	0.010102317068991
817 	0.0103666734530545
818 	0.0102602850490709
819 	0.0102495260376163
820 	0.0103346950900849
821 	0.0105134611387467
822 	0.0107811693024697
823 	0.0107270599353262
824 	0.0101754663904333
825 	0.00970698403123654
826 	0.00933413536518571
827 	0.00906872363464812
828 	0.00892034388466757
829 	0.00893816868295041
830 	0.00911832958777849
831 	0.00942738030301153
832 	0.00985320019707481
833 	0.0103814304751047
834 	0.0109973239078879
835 	0.0105908334190339
836 	0.0100658267641071
837 	0.00973507881730021
838 	0.00961864990067856
839 	0.00972424122712634
840 	0.0100448536163355
841 	0.00975122906012259
842 	0.00956222779918833
843 	0.0094849188259545
844 	0.00952202300654158
845 	0.00967222370967779
846 	0.00983414488518314
847 	0.00972768594771093
848 	0.00971763130376123
849 	0.00980427755616987
850 	0.0099851076421349
851 	0.0102551405078455
852 	0.0100876472038843
853 	0.00935147183350148
854 	0.0088135281869167
855 	0.00851148559632483
856 	0.00847061682036091
857 	0.00869460556232333
858 	0.00870777275442581
859 	0.00876623259778072
860 	0.00912737425906422
861 	0.00975764761930993
862 	0.0106091947173753
863 	0.0116335264357246
864 	0.0111704940507796
865 	0.0105547107703523
866 	0.0100307870543526
867 	0.00961375295035361
868 	0.00931797134722934
869 	0.00910842838166707
870 	0.00862886446170243
871 	0.00824356029275012
872 	0.00796620491760563
873 	0.00780831001982274
874 	0.00777715500869994
875 	0.00767183366014919
876 	0.00739926789857854
877 	0.00738780655528583
878 	0.00763862503983316
879 	0.00812747721236181
880 	0.00881484915998041
881 	0.00868210832260882
882 	0.00801996824262934
883 	0.00749366691231075
884 	0.00713333473665344
885 	0.00696477943873605
886 	0.00700186462936425
887 	0.00638568997980091
888 	0.0058753147326819
889 	0.00567991371123
890 	0.00583123710673631
891 	0.00630436693823802
892 	0.0069010357861191
893 	0.00681974719022586
894 	0.00709550294788258
895 	0.00768998868372036
896 	0.00853687550311025
897 	0.00956938421649901
898 	0.00996224745875859
899 	0.00923258176067912
900 	0.00858309311943172
901 	0.00803325208226259
902 	0.00760470384227058
903 	0.00731878624030256
904 	0.00713207582554675
905 	0.00706122977548637
906 	0.00713556956552759
907 	0.00735069158842578
908 	0.00769479742119473
909 	0.00815156884284847
910 	0.00827664012948248
911 	0.00848256375015668
912 	0.00878403823201319
913 	0.00917164606223725
914 	0.00963499762656534
915 	0.0100016906129651
916 	0.00992234142230112
917 	0.00990218826960355
918 	0.00994159116013924
919 	0.0100398489085626
920 	0.0101952599996712
921 	0.0102543188228133
922 	0.0102867356240564
923 	0.0104336725319579
924 	0.0106904084409628
925 	0.0110492922936565
926 	0.0115007654168007
927 	0.0109333375519158
928 	0.0102417587325214
929 	0.0096437929949101
930 	0.00915779636182357
931 	0.0088023346086725
932 	0.00858458575952461
933 	0.00844799139656838
934 	0.00842610673096476
935 	0.00851981576549524
936 	0.00872539493350348
937 	0.00903521127835374
938 	0.00928338194067573
939 	0.00945400489781134
940 	0.00971678292646191
941 	0.010064500273381
942 	0.0104887127211377
943 	0.0109805581288471
944 	0.010984126862711
945 	0.0109105991743243
946 	0.0108973666750639
947 	0.0109446480647032
948 	0.0110516666965224
949 	0.0111227860978593
950 	0.0106658148546701
951 	0.0103236221327761
952 	0.0101078718263272
953 	0.010026729440124
954 	0.010083445103947
955 	0.0100680841692797
956 	0.00993087706807617
957 	0.00989930355086783
958 	0.00997436680660229
959 	0.0101537021101919
960 	0.0104319332264842
961 	0.0103976217092143
962 	0.0103865958495285
963 	0.0104907272602326
964 	0.0107066564589212
965 	0.0110278182603703
966 	0.011306084097465
967 	0.0109745932166525
968 	0.0106854701746566
969 	0.0104422347879367
970 	0.0102481549466113
971 	0.0101060630407469
972 	0.00963695508281575
973 	0.00892315766720687
974 	0.0083325900567779
975 	0.00789296181225095
976 	0.00763040694195573
977 	0.00756338871438573
978 	0.00746122153316222
979 	0.00746961466689849
980 	0.00761086750180075
981 	0.00787783659014255
982 	0.00825833874971301
983 	0.00857988253897732
984 	0.0086490343673982
985 	0.00892093234277264
986 	0.00937795817384167
987 	0.0099947482422733
988 	0.0107438220672455
989 	0.0105758995975314
990 	0.00995100316319424
991 	0.00941589872037705
992 	0.00898664044972063
993 	0.00867894795089659
994 	0.00850666627752453
995 	0.00845529544583365
996 	0.00848011034424611
997 	0.0085804500045124
998 	0.00875371769960491
999 	0.00899570037873139
1000 	0.00917724939662621
1001 	0.00926536484410841
1002 	0.00941742151045369
1003 	0.00963039111984677
1004 	0.00990034349613401
1005 	0.0102227654069833
1006 	0.0100933056106409
1007 	0.00993352598097407
1008 	0.00984162751557752
1009 	0.00981951624938071
1010 	0.00986766132698749
1011 	0.00981552892726656
1012 	0.0093257632471789
1013 	0.00890775616082164
1014 	0.00857201185000792
1015 	0.00832848498530757
1016 	0.00818541048464327
1017 	0.00827392242937574
1018 	0.00856181397388085
1019 	0.00898003084710581
1020 	0.00951139731281468
1021 	0.0101381375511028
1022 	0.0107431427751628
1023 	0.0104316568417176
1024 	0.0101843421890041
1025 	0.0100059582632377
1026 	0.00990023177971767
1027 	0.00986949803192447
1028 	0.00968673709552701
1029 	0.00947570774473802
1030 	0.00948589838541313
1031 	0.0097166130056695
1032 	0.0101528290458558
1033 	0.0107696042720088
1034 	0.0102311797415629
1035 	0.00975833219129087
1036 	0.00941954328139912
1037 	0.0092295874408269
1038 	0.0091976906475886
1039 	0.00918477115768345
1040 	0.00903454656230999
1041 	0.0089152575800534
1042 	0.00882815833656548
1043 	0.00877420750135649
1044 	0.00875401797478557
1045 	0.00865728232630803
1046 	0.00858300246703058
1047 	0.00855082430682913
1048 	0.0085612225884523
1049 	0.00861404312720518
1050 	0.00870138098505568
1051 	0.00883971437215197
1052 	0.00905421323231784
1053 	0.00933963127067856
1054 	0.00968970356765892
1055 	0.010097707964032
1056 	0.0100629764688151
1057 	0.00992041068569296
1058 	0.00980375505863085
1059 	0.0097139431047532
1060 	0.00965172421648422
1061 	0.00957263573508931
1062 	0.00940919092967322
1063 	0.00930157465160915
1064 	0.00925173530003686
1065 	0.00926060576520323
1066 	0.00932801855857715
1067 	0.00897978177892581
1068 	0.00855274804310764
1069 	0.00823059835957988
1070 	0.00802597231496847
1071 	0.0079479523036217
1072 	0.00788217808524954
1073 	0.00758848744523035
1074 	0.00750801920552633
1075 	0.00764750700686102
1076 	0.00799544712913089
1077 	0.00852635833839801
1078 	0.00833643339485989
1079 	0.00794900086015112
1080 	0.00771412207426747
1081 	0.00764586920192774
1082 	0.00774864659818365
1083 	0.00787915748173923
1084 	0.00767810393742747
1085 	0.0076076490578474
1086 	0.00767139198335799
1087 	0.00786607096324635
1088 	0.00818234541539655
1089 	0.00830137107477508
1090 	0.00843836278119662
1091 	0.00870075375042748
1092 	0.00907767646022885
1093 	0.00955558730273182
1094 	0.00982744315077076
1095 	0.0093183824360421
1096 	0.00890646128524558
1097 	0.0086056401903259
1098 	0.00842782431020368
1099 	0.00838084668637373
1100 	0.00822944763997375
1101 	0.00829487491136565
1102 	0.00865637496289921
1103 	0.00927940954847797
1104 	0.0101157694717422
1105 	0.0105935019200637
1106 	0.01002141080157
1107 	0.00957598360543773
1108 	0.00927548627316954
1109 	0.00913423369693691
1110 	0.00915959610960634
1111 	0.00917445517100706
1112 	0.00924533288711729
1113 	0.0093957117762481
1114 	0.00962186501936927
1115 	0.00991861079988104
1116 	0.00992779053726841
1117 	0.00950628069208144
1118 	0.00923098563953893
1119 	0.00911516290551499
1120 	0.00916486057432125
1121 	0.00937744738910269
1122 	0.00922835433323604
1123 	0.0091305346537131
1124 	0.00911336770140952
1125 	0.00917730609139042
1126 	0.00932068086378823
1127 	0.00948232717030874
1128 	0.00969866786051225
1129 	0.010030738000885
1130 	0.0104675292350379
1131 	0.0109965698561166
1132 	0.0115341788919287
1133 	0.0112424150186604
1134 	0.0109780063260578
1135 	0.0107429728213614
1136 	0.0105392799511368
1137 	0.010368774924683
1138 	0.0101562995111795
1139 	0.0100852900681349
1140 	0.0102309272420094
1141 	0.0105842717831411
1142 	0.0111255510696208
1143 	0.0114832744387166
1144 	0.0108489662086858
1145 	0.0103796987844765
1146 	0.0100985062763091
1147 	0.0100212331709116
1148 	0.0101525367576698
1149 	0.00991579723975437
1150 	0.00974645121242842
1151 	0.00977509594474169
1152 	0.0100000301688492
1153 	0.0104085358808631
1154 	0.010528831053073
1155 	0.0101162535726248
1156 	0.00977593739612156
1157 	0.00951563871875588
1158 	0.00934204854968323
1159 	0.00925990805784297
1160 	0.00924444328230259
1161 	0.00928041711188219
1162 	0.00936723693263516
1163 	0.00950350932785013
1164 	0.00968714752379394
1165 	0.00939361484716915
1166 	0.00891724573096093
1167 	0.00859168267702229
1168 	0.00843440687220321
1169 	0.00845481493682815
1170 	0.00856252085696719
1171 	0.00858099574465042
1172 	0.00876617921016595
1173 	0.00910790828627021
1174 	0.00958946162142588
1175 	0.0101910372611338
1176 	0.010018283706318
1177 	0.00977217514232224
1178 	0.0095696010078258
1179 	0.00941337228258588
1180 	0.00930582343787734
1181 	0.00919886690833937
1182 	0.00910613021992896
1183 	0.00907898993273576
1184 	0.00911803181868667
1185 	0.00922241539543191
1186 	0.00932337573015167
1187 	0.00918902163302185
1188 	0.00922512714051458
1189 	0.00942973443767779
1190 	0.00979228681113595
1191 	0.0102961128120238
1192 	0.0101626795359511
1193 	0.00995331174207713
1194 	0.00985610762670779
1195 	0.00987438018780271
1196 	0.0100074969031741
1197 	0.0100817428971753
1198 	0.0101105004882513
1199 	0.0103052138368143
1200 	0.0106567901425975
1201 	0.011150401422622
1202 	0.011575013505202
1203 	0.0107459162150614
1204 	0.00999405591573362
1205 	0.0093381075536042
1206 	0.00879954614788336
1207 	0.00840097808739894
1208 	0.00843720216433388
1209 	0.00869730936083539
1210 	0.00909734889224778
1211 	0.00961987944880087
1212 	0.0102461778895651
1213 	0.01040277814668
1214 	0.0100776315329883
1215 	0.00991602841830197
1216 	0.00992595990334022
1217 	0.0101069203294138
1218 	0.0103245533808391
1219 	0.0100259643936336
1220 	0.00986099056663635
1221 	0.00983635711594691
1222 	0.00995310610281305
1223 	0.0102063869365969
1224 	0.010291511579538
1225 	0.010432900706186
1226 	0.0106752436241542
1227 	0.0110118771543044
1228 	0.0114344765172908
1229 	0.0115362990881644
1230 	0.0114096855246604
1231 	0.0113793750247656
1232 	0.0114461326743762
1233 	0.0116082839174073
1234 	0.011579728862435
1235 	0.0108512397361254
1236 	0.010222096667858
1237 	0.00971162653503574
1238 	0.00933930901179508
1239 	0.00912207590805916
1240 	0.00898531524840013
1241 	0.00895807065485491
1242 	0.0090424857631807
1243 	0.00923549927578311
1244 	0.00953051541861024
1245 	0.00959298330751125
1246 	0.00963730503391427
1247 	0.0098045058472052
1248 	0.010088478007693
1249 	0.0104797332565376
1250 	0.0105126236597684
1251 	0.0100245972330042
1252 	0.00960861630366188
1253 	0.00927438024738291
1254 	0.00903096975911798
1255 	0.00885964977427748
1256 	0.00870819416282753
1257 	0.00873902096945491
1258 	0.00895024691860861
1259 	0.00932962715096235
1260 	0.00985776628452439
1261 	0.009476774864129
1262 	0.00912262409312603
1263 	0.00890163360287629
1264 	0.00882381398214546
1265 	0.00889292457628149
1266 	0.00912658522618524
1267 	0.00949971263284078
1268 	0.009986867114444
1269 	0.0105722978512643
1270 	0.0112406601847671
1271 	0.0112785223590208
1272 	0.0105122397368468
1273 	0.00990161617915234
1274 	0.00947678862409954
1275 	0.00926335486121383
1276 	0.00919639945275372
1277 	0.00898414127640824
1278 	0.00891041918186654
1279 	0.00897864630447973
1280 	0.00918566017592527
1281 	0.00952241357096356
1282 	0.00921537112372772
1283 	0.00909372958780294
1284 	0.00918356194571889
1285 	0.00947885760692475
1286 	0.00996136097029816
1287 	0.00957678343126934
1288 	0.00902235425105311
1289 	0.00864835105488641
1290 	0.00847868386606149
1291 	0.0085255608981266
1292 	0.00831993028814826
1293 	0.00796495561884964
1294 	0.00786986140250811
1295 	0.00804386980581947
1296 	0.00847041243890201
1297 	0.00857865873488058
1298 	0.00782766668775527
1299 	0.00720117747020536
1300 	0.00673402994038058
1301 	0.0064608801734934
1302 	0.00647175449555549
1303 	0.00702494293197234
1304 	0.00772213549710482
1305 	0.00852808692294335
1306 	0.0094149080179448
1307 	0.0103618558134582
1308 	0.00989073980435681
1309 	0.00952789654577939
1310 	0.00933455374379451
1311 	0.00932126476952714
1312 	0.00948878614526612
1313 	0.00936212546540287
1314 	0.00921551812479279
1315 	0.00916637683495444
1316 	0.00921626080066964
1317 	0.0093635875018657
1318 	0.0089408186317481
1319 	0.00839178219323299
1320 	0.00821349919836121
1321 	0.00842952667201828
1322 	0.00901155152440603
1323 	0.00910498972820387
1324 	0.00851561760402078
1325 	0.00820397075543784
1326 	0.00820176913142587
1327 	0.00850925292639145
1328 	0.00877540686243725
1329 	0.00851625987354255
1330 	0.00844519030724692
1331 	0.00856688023010886
1332 	0.0088734026668437
1333 	0.00926882394006214
1334 	0.00937240295210102
1335 	0.00957912687507162
1336 	0.00988252503201337
1337 	0.0102740364538728
1338 	0.0107288172624847
1339 	0.0104256535883772
1340 	0.0101989157930229
1341 	0.0100537759909786
1342 	0.00999378995755182
1343 	0.0100204870874537
1344 	0.00965793937894847
1345 	0.00938357767298944
1346 	0.00927602814464442
1347 	0.00934105441762717
1348 	0.00957514116990116
1349 	0.00939020004763516
1350 	0.0091976245062467
1351 	0.00919109756062471
1352 	0.00937100796967127
1353 	0.00972701622051042
1354 	0.00948864415509274
1355 	0.00917404595118203
1356 	0.00927101486706809
1357 	0.00976730057666753
1358 	0.0106070000840538
1359 	0.0106118273181983
1360 	0.00983363917355527
1361 	0.00924871768473312
1362 	0.00889527050065946
1363 	0.00880122916413967
1364 	0.00867400495717968
1365 	0.00837467755224399
1366 	0.00829664323513469
1367 	0.00844603792309258
1368 	0.00881130109494025
1369 	0.00878286322740104
1370 	0.00782454952181134
1371 	0.00715242547078979
1372 	0.00685124303750834
1373 	0.00696926096158627
1374 	0.00719608406200444
1375 	0.0069271222937932
1376 	0.00703638366799545
1377 	0.00750737246828965
1378 	0.00827857850336443
1379 	0.0089751839828761
1380 	0.00841962503566227
1381 	0.00801552661184093
1382 	0.00778650569244082
1383 	0.00774810285431218
1384 	0.0078369602963884
1385 	0.00755460424812058
1386 	0.00746971554218782
1387 	0.00758892360573029
1388 	0.0079029981009074
1389 	0.00833552000794217
1390 	0.00776866550355327
1391 	0.00750869018822626
1392 	0.00758720552725469
1393 	0.00799424429300326
1394 	0.00868373137844546
1395 	0.00783236177709958
1396 	0.00739639689302168
1397 	0.00747519838375703
1398 	0.00805367013476708
1399 	0.00903635558665369
1400 	0.00827844258745668
1401 	0.00760154918270097
1402 	0.00718892981234951
1403 	0.00708689616711109
1404 	0.00730846812174756
1405 	0.00710046346439452
1406 	0.00703178962790086
1407 	0.00718364807661292
1408 	0.00754273056405389
1409 	0.00808146146380211
1410 	0.0074337961574746
1411 	0.00680537958984152
1412 	0.00646100850924181
1413 	0.00644636673598971
1414 	0.00676359599451138
1415 	0.00633473511686079
1416 	0.00599939011184513
1417 	0.00598937959633521
1418 	0.00630625306386158
1419 	0.00690515466760205
1420 	0.00650686857275699
1421 	0.00613566891809221
1422 	0.0060932819428707
1423 	0.00638625820897862
1424 	0.00697245009316959
1425 	0.00622591638496924
1426 	0.00547055330859135
1427 	0.00518888235917501
1428 	0.0054547845730406
1429 	0.00619818338748635
1430 	0.00615344465279612
1431 	0.00615603532070066
1432 	0.0064444569260624
1433 	0.00698338339929179
1434 	0.00772053280276729
1435 	0.00651533067745016
1436 	0.00499877513625687
1437 	0.00371867673497861
1438 	0.00299532055475826
1439 	0.0032276800588531
1440 	0.002309558826354
1441 	0.00167966933041826
1442 	0.00225400239135606
1443 	0.00348019757118226
1444 	0.00489030000329431
1445 	0.00475379794179526
1446 	0.00480556131022439
1447 	0.0052941416884769
1448 	0.00611572931100191
1449 	0.00715653867939395
1450 	0.00640694905060875
1451 	0.00568318312931205
1452 	0.00529331924742108
1453 	0.00531140006576055
1454 	0.00573356751871157
1455 	0.00529551562407907
1456 	0.00538170238622457
1457 	0.00604634421015991
1458 	0.00712945712704565
1459 	0.00847203413766958
1460 	0.00691994712374497
1461 	0.00574475261530696
1462 	0.00526439840570351
1463 	0.00565869172902348
1464 	0.00667398534374523
1465 	0.00592520902275794
1466 	0.00556502167859393
1467 	0.00566799552999744
1468 	0.00621113702134512
1469 	0.00690340287848658
1470 	0.00627833686096706
1471 	0.0059531473278736
1472 	0.00597698246655196
1473 	0.00634591070171024
1474 	0.00675834522187516
1475 	0.00630303983414506
1476 	0.00616752580284343
1477 	0.00637223824662915
1478 	0.00688690412159271
1479 	0.00733814264379519
1480 	0.00716000554410768
1481 	0.00729231245457209
1482 	0.0077191166652052
1483 	0.008395624030379
1484 	0.00890314444032851
1485 	0.0089058896375562
1486 	0.00910347955215682
1487 	0.00948374346373686
1488 	0.0100259174455325
1489 	0.0101083712862774
1490 	0.00963388695523274
1491 	0.0094149044515736
1492 	0.00946916648704668
1493 	0.00979213164983223
1494 	0.00985655128260922
1495 	0.00976637069018388
1496 	0.00995830900058604
1497 	0.0104167830094476
1498 	0.0111088409297448
1499 	0.0109378295743474
1500 	0.0103059713495088
1501 	0.00976652385785783
1502 	0.00933552056529791
1503 	0.00902850559804209
1504 	0.00844574224541531
1505 	0.00788950546052581
1506 	0.00751097850863605
1507 	0.00733771540144283
1508 	0.00738417929615757
1509 	0.00557593504436453
1510 	0.00463671985024727
1511 	0.00542829912470428
1512 	0.00741571526366384
1513 	0.00974359114702276
1514 	0.00805673124219392
1515 	0.00676965045444039
1516 	0.0061391624297965
1517 	0.00636351809153577
1518 	0.00715190160611071
1519 	0.00749166349804893
1520 	0.00824099610490602
1521 	0.00930143435620128
1522 	0.0105798400183053
1523 	0.0115689668372693
1524 	0.0117545794753067
1525 	0.0120003509878805
1526 	0.0123026765077727
1527 	0.0126575042922781
1528 	0.012748928594197
1529 	0.0125394914751056
1530 	0.0123464782185067
1531 	0.0121706702419126
1532 	0.0120128229682367
1533 	0.0118461346848205
1534 	0.011703502922549
1535 	0.0116046685389363
1536 	0.0115507558493936
1537 	0.011542394337367
1538 	0.011183962762734
1539 	0.010881990481512
1540 	0.0107352848076065
1541 	0.0107502042892379
1542 	0.0109202609287435
1543 	0.0109706638551524
1544 	0.0113314974997216
1545 	0.0119747321156754
1546 	0.0128580553113883
1547 	0.0134154708789491
1548 	0.0121659954671961
1549 	0.0111383238964359
1550 	0.0103984277391425
1551 	0.0100103229908229
1552 	0.009971719843396
1553 	0.0102419082286322
1554 	0.010845803063845
1555 	0.0117319851876455
1556 	0.0128421486206164
1557 	0.0125778079438917
1558 	0.011602052970527
1559 	0.0109718401893415
1560 	0.0107481247062934
1561 	0.0109558366095733
1562 	0.0105869734087586
1563 	0.0102958329680851
1564 	0.0102930098470941
1565 	0.0105787348759085
1566 	0.0110478158696837
1567 	0.0102705346217471
1568 	0.00963484116866935
1569 	0.00917022814750941
1570 	0.00890351847373669
1571 	0.00899674586156322
1572 	0.00969678430532808
1573 	0.0106208169070892
1574 	0.0117159640588012
1575 	0.0129388489450833
1576 	0.0127013379055052
1577 	0.0111722446838626
1578 	0.00978802862024412
1579 	0.00861877854302396
1580 	0.00776225284212081
1581 	0.00801777861374533
1582 	0.00866045991375581
1583 	0.00942831569105385
1584 	0.0102933709957543
1585 	0.0111605987385526
1586 	0.00996739816958007
1587 	0.00886391094391927
1588 	0.00788787912276387
1589 	0.00709212138726877
1590 	0.00626532413532559
1591 	0.00494672907150044
1592 	0.00379796740683207
1593 	0.00301953146535797
1594 	0.00292389638113459
1595 	0.0029439447200769
1596 	0.00315690370079418
1597 	0.00391812545530463
1598 	0.00498234973051099
1599 	0.00619534875829751
1600 	0.0067448024546247
1601 	0.008138991954804
1602 	0.0101662352868448
1603 	0.0125227716482129
1604 	0.0145526070988776
1605 	0.0137000700637491
1606 	0.0130462960181726
1607 	0.0126222079487211
1608 	0.0124512971562222
1609 	0.0123512972225113
1610 	0.0122781088775362
1611 	0.0124819994413808
1612 	0.0129498880464971
1613 	0.013654663258212
1614 	0.0130294657881894
1615 	0.0121626676631887
1616 	0.0116484055070411
1617 	0.0115339315603774
1618 	0.0117889075194049
1619 	0.0117457873380071
1620 	0.0120248317721212
1621 	0.0126046625252507
1622 	0.0134464246129826
1623 	0.0134392571103421
1624 	0.0118529732664362
1625 	0.0104197950676412
1626 	0.00921146533773257
1627 	0.00832645593903412
1628 	0.00795029704815281
1629 	0.00793327564480303
1630 	0.00821990103155899
1631 	0.00878048715564608
1632 	0.00945446742135969
1633 	0.00837857414226976
1634 	0.00771127026466708
1635 	0.00756151489671435
1636 	0.00795857776069282
1637 	0.00818699932341858
1638 	0.00804162689702906
1639 	0.0085707182300415
1640 	0.00966412445102453
1641 	0.011157151716697
1642 	0.0110747583004717
1643 	0.0107442273005898
1644 	0.0108050351303159
1645 	0.0112508383267973
1646 	0.0117446970422824
1647 	0.0104920402234879
1648 	0.00985672316513342
1649 	0.00995761814508704
1650 	0.0107740619433506
1651 	0.0107282805021666
1652 	0.00951931575339533
1653 	0.0086609844822677
1654 	0.00826328275571465
1655 	0.00839195695349239
1656 	0.00803784834435487
1657 	0.00800647594969463
1658 	0.00844462413802169
1659 	0.00928606833407487
1660 	0.00997687175247348
1661 	0.00964098159079195
1662 	0.00959971422941674
1663 	0.00985677085676311
1664 	0.0103900327883406
1665 	0.0104539454751808
1666 	0.0104703151251963
1667 	0.010821511077103
1668 	0.0114768369122725
1669 	0.0122429819076095
1670 	0.0110913775880536
1671 	0.0101723501312925
1672 	0.00955325898154867
1673 	0.00929423513397302
1674 	0.00881876711932694
1675 	0.00810424221067103
1676 	0.00791412599355924
1677 	0.00828460009916266
1678 	0.00914780670393566
1679 	0.00794835853846132
1680 	0.00694881068830912
1681 	0.00663235897634588
1682 	0.00709105424343942
1683 	0.00739109799106432
1684 	0.0063926786750713
1685 	0.00571514518253745
1686 	0.0054788649333438
1687 	0.00573860350117875
1688 	0.00590223083284636
1689 	0.006597019756198
1690 	0.00783325311756046
1691 	0.00939967462333213
1692 	0.0107574183620285
1693 	0.0112319708646416
1694 	0.012435044624976
1695 	0.0141824379349487
1696 	0.0163000246123968
1697 	0.0151932711050683
1698 	0.0126124011719197
1699 	0.0103715454853972
1700 	0.00873638164086084
1701 	0.0080094172172347
1702 	0.00752699444283589
1703 	0.00742160132951677
1704 	0.00770871759861159
1705 	0.00834794151303535
1706 	0.00851506402940143
1707 	0.00842977513743441
1708 	0.00857073265684517
1709 	0.00892722597714548
1710 	0.00948316514862343
1711 	0.0103289962990015
1712 	0.0113747694608424
1713 	0.012570682895676
1714 	0.0138779764041367
1715 	0.0137175917691956
1716 	0.0124998361448406
1717 	0.0113485434609506
1718 	0.0102860550775293
1719 	0.00934562211167098
1720 	0.0085735583281226
1721 	0.00795468335822312
1722 	0.00752687899635486
1723 	0.00732370553027964
1724 	0.0069914525504359
1725 	0.00694169093481669
1726 	0.00751097546807556
1727 	0.00857691361199043
1728 	0.00971700509307921
1729 	0.00892685787953917
1730 	0.00874029628618546
1731 	0.00919413675585576
1732 	0.0102032791859628
1733 	0.0109594279815009
1734 	0.011491923124817
1735 	0.012144241099544
1736 	0.0128982148382305
1737 	0.0133411887517372
1738 	0.0117364070780854
1739 	0.0102017894188027
1740 	0.00877422851529787
1741 	0.00751498417707884
1742 	0.00755939958523572
1743 	0.00830603834165794
1744 	0.00924053991374804
1745 	0.0103119560211775
1746 	0.0113406135639278
1747 	0.0121524036365293
1748 	0.0132154754735875
1749 	0.0144745690626677
1750 	0.0158831352955252
1751 	0.0163009057869791
1752 	0.0165701381201183
1753 	0.0169547078553328
1754 	0.0174469897946788
1755 	0.0171036498929003
1756 	0.0152648449525539
1757 	0.0135404438377061
1758 	0.0119799508909092
1759 	0.0106556230932348
1760 	0.00871921141215862
1761 	0.00721557393824635
1762 	0.00654101962075431
1763 	0.00694160924514594
1764 	0.0071527773545644
1765 	0.00760682269817995
1766 	0.00921070647169688
1767 	0.0114927068318394
1768 	0.0138824693529864
1769 	0.0149094864901805
1770 	0.0164211936815405
1771 	0.0182978523033164
1772 	0.0204391824289237
1773 	0.0186668077633507
1774 	0.015367031634736
1775 	0.0121277554434078
1776 	0.00901443756261515
1777 	0.00686859358257619
1778 	0.00645171658798527
1779 	0.00643799129779526
1780 	0.00682984867028666
1781 	0.00756451912928186
1782 	0.00722845009539758
1783 	0.00698776258011656
1784 	0.00692897192522
1785 	0.00705662589166258
1786 	0.00715381452782145
1787 	0.00721809659095054
1788 	0.00738678565461553
1789 	0.00765298072853284
1790 	0.00796987694013323
1791 	0.008316868938398
1792 	0.00886896489164316
1793 	0.00959080947433509
1794 	0.0104472758798588
1795 	0.011570761418023
1796 	0.0128105262662674
1797 	0.0141160407982901
1798 	0.0154706688153292
1799 	0.0160654504312068
1800 	0.0159100140708973
1801 	0.0157817397436218
1802 	0.0156812940268127
1803 	0.0155890445668836
1804 	0.0154521794078583
1805 	0.015392120564187
1806 	0.0154097661091194
1807 	0.0155048507467351
1808 	0.0138207603288033
1809 	0.0118720581490731
1810 	0.0100805036873445
1811 	0.00854551260914153
1812 	0.00768619623001606
1813 	0.00736320866407047
1814 	0.00728265257764224
1815 	0.00745239375598897
1816 	0.00761817093625847
1817 	0.00699995900873839
1818 	0.0065336791860036
1819 	0.00625341036226236
1820 	0.00618449338941505
1821 	0.00663050063429818
1822 	0.00737227975439277
1823 	0.00830956331985613
1824 	0.00938395119501563
1825 	0.0103004546284877
1826 	0.0112427380219803
1827 	0.0123622642381434
1828 	0.0136153818213786
1829 	0.0140222050163254
1830 	0.0125078200693016
1831 	0.0112266584752997
1832 	0.0102664076689387
1833 	0.00967783213396961
1834 	0.00832877244532484
1835 	0.00752801402872348
1836 	0.00745439931351011
1837 	0.00812771014319594
1838 	0.00803460156082044
1839 	0.00786435067091969
1840 	0.00802528592709661
1841 	0.00849861344282221
1842 	0.00910503442757358
1843 	0.00993115344492047
1844 	0.0110668002750951
1845 	0.0124274064339333
1846 	0.0135851337843586
1847 	0.013834255121796
1848 	0.0142548809789395
1849 	0.0148324276767259
1850 	0.0155411514361548
1851 	0.0155060124649464
1852 	0.0154941150991059
1853 	0.0155055128385132
1854 	0.0155401544267084
1855 	0.0151918425803628
1856 	0.0147537246260358
1857 	0.014346752166105
1858 	0.0139736467362947
1859 	0.0133991999253264
1860 	0.0126953939273358
1861 	0.012076847802583
1862 	0.0115572590292171
1863 	0.0108715060321079
1864 	0.00973782861420632
1865 	0.00874682812753868
1866 	0.00795202690672617
1867 	0.00738843174883102
1868 	0.00682286995226903
1869 	0.00639830334164248
1870 	0.00614403104691273
1871 	0.00608145130267751
1872 	0.00670345742167742
1873 	0.00748724224123404
1874 	0.00835765144269547
1875 	0.00929036948566919
1876 	0.00953306659706876
1877 	0.00955180244799375
1878 	0.00961326053003998
1879 	0.00971663021746343
1880 	0.00867382297103554
1881 	0.00744056516476548
1882 	0.00757369192502823
1883 	0.00901285765699272
1884 	0.010225169243086
1885 	0.0101669965487572
1886 	0.0104809489160168
1887 	0.0111355960829626
1888 	0.0114152407820461
1889 	0.00954429873819927
1890 	0.00804238356823714
1891 	0.00714609034899958
1892 	0.00705186700731078
1893 	0.00687868770195707
1894 	0.00685847837547879
1895 	0.00699256545670919
1896 	0.00727241930992795
1897 	0.0075916307808161
1898 	0.00799335493439077
1899 	0.00847223540931955
1900 	0.00901598619583961
1901 	0.0101438811574334
1902 	0.0116440694727594
1903 	0.0133096943676368
1904 	0.0150860583240454
1905 	0.0154607096799617
1906 	0.0150877808401246
1907 	0.0147715420469762
1908 	0.0145156989189607
1909 	0.0136963957480836
1910 	0.0123877999601021
1911 	0.0111701926386986
1912 	0.0100766117167686
1913 	0.00944774569709196
1914 	0.00933453763586249
1915 	0.00928834692202826
1916 	0.00931017109202484
1917 	0.00938975034461362
1918 	0.00951118396532539
1919 	0.00969181113700288
1920 	0.00992840166458743
1921 	0.0103280508225302
1922 	0.0111887896128738
1923 	0.0121251734035978
1924 	0.0131210169190981
1925 	0.0139829569746395
1926 	0.0137662610939085
1927 	0.0135931050323178
1928 	0.0134651686026026
1929 	0.0133411075380522
1930 	0.0126518027316485
1931 	0.0120386470395449
1932 	0.0115138126130511
1933 	0.0110898461394955
1934 	0.0100335080950365
1935 	0.00941048867423576
1936 	0.00931027728153476
1937 	0.00974900931410938
1938 	0.010224201564639
1939 	0.0110227759208698
1940 	0.0121016354298163
1941 	0.013393217345276
1942 	0.0154306872551548
1943 	0.0177451858426104
1944 	0.0202002152249519
1945 	0.0227503259933388
1946 	0.0225919937382663
1947 	0.0220460747822692
1948 	0.0215956253640163
1949 	0.0212467184699775
1950 	0.0197546307544071
1951 	0.0180471582812751
1952 	0.0163993070355052
1953 	0.0148309636871339
1954 	0.0122496523878009
1955 	0.0101394429042476
1956 	0.00936257372403613
1957 	0.0102275332612757
1958 	0.0101286946829972
1959 	0.00979496307370678
1960 	0.00976891186038579
1961 	0.01005293330046
1962 	0.0101233275721087
1963 	0.0102220979475509
1964 	0.0104664387395062
1965 	0.0108465165582205
1966 	0.010659402927247
1967 	0.0103830409225503
1968 	0.0101996717713291
1969 	0.0101143545071291
1970 	0.00981046510624577
1971 	0.00957900813061213
1972 	0.0095103885253841
1973 	0.00960809580578476
1974 	0.008162488743195
1975 	0.00686823675179717
1976 	0.00639973784922148
1977 	0.00692662456488348
1978 	0.00674604022906267
1979 	0.00657612388417463
1980 	0.00663480791709574
1981 	0.00691627580727987
1982 	0.00661063861309985
1983 	0.00686888978714094
1984 	0.00772436394814253
1985 	0.00900849584333763
1986 	0.00924455785397022
1987 	0.00949101565116452
1988 	0.00979624280772196
1989 	0.0101335524463178
1990 	0.00949364394409384
1991 	0.00895740618971775
1992 	0.00854438038206201
1993 	0.00831982493536549
1994 	0.00866283536565837
1995 	0.00903881822710973
1996 	0.00944383619435547
1997 	0.00976827541259082
1998 	0.0095900911892902
1999 	0.00943466446277316
2000 	0.00930313592585134
2001 	0.00916846320529682
2002 	0.00897337320858264
2003 	0.00879780015513957
2004 	0.0086429335317748
2005 	0.00844546315922021
2006 	0.00816286372768344
2007 	0.00792141671405174
2008 	0.00772498178227825
2009 	0.00766537591742606
2010 	0.00776242361307687
2011 	0.00791119907273854
2012 	0.00810885560448531
2013 	0.008196335506515
2014 	0.00820099705816119
2015 	0.00823526676030108
2016 	0.00829877782154771
2017 	0.00830848012289521
2018 	0.00835612280705922
2019 	0.00848379707039377
2020 	0.00868797531346889
2021 	0.00894218056983309
2022 	0.00924546212353806
2023 	0.00959599991333688
2024 	0.0099888200864994
2025 	0.00995225916477863
2026 	0.00995326680660623
2027 	0.0100039672893916
2028 	0.0101088881604366
2029 	0.0102836098954806
2030 	0.010479727234432
2031 	0.0106960633467285
2032 	0.0109210707938319
2033 	0.0111393527733144
2034 	0.0113759254719239
2035 	0.0116296727248513
2036 	0.0117901683106278
2037 	0.0118452627670607
2038 	0.0119271505884274
2039 	0.012035284882705
2040 	0.0118304828697934
2041 	0.0114526214706132
2042 	0.0110939630260396
2043 	0.0107564285966311
2044 	0.0105665296026986
2045 	0.0104551880257548
2046 	0.010400703875599
2047 	0.0103803720958865
2048 	0.00950938975049786
2049 	0.00873530768575634
2050 	0.00808600307092067
2051 	0.00765275773218122
2052 	0.00752202874018301
2053 	0.00745653592797056
2054 	0.00745799811869037
2055 	0.0075710685355495
2056 	0.00779350631901464
2057 	0.00806250105737201
2058 	0.00837356712738356
2059 	0.00839890130117235
2060 	0.00834651302630526
2061 	0.00838152708916967
2062 	0.00850286381235403
2063 	0.00870721495440013
2064 	0.00894728677134804
2065 	0.00921836513843209
2066 	0.00944465111389644
2067 	0.00933748181852457
2068 	0.00933120858311373
2069 	0.00942603285556128
2070 	0.00939878361505373
2071 	0.00912074547556577
2072 	0.00890430641361688
2073 	0.00875403663889856
2074 	0.00862878814147705
2075 	0.00856862900528691
2076 	0.00860008321632789
2077 	0.00872215969144435
2078 	0.00854382329817731
2079 	0.0084197932313988
2080 	0.00837614992575635
2081 	0.0084294643053677
2082 	0.00864199629663417
2083 	0.00896965291980767
2084 	0.00940040366196022
2085 	0.00959363094241592
2086 	0.00957889293156831
2087 	0.00966825652022903
2088 	0.0098588913017025
2089 	0.00964008468447486
2090 	0.00934656780625824
2091 	0.00908895999849639
2092 	0.00889998943123178
2093 	0.00895606654738002
2094 	0.00905359121574469
2095 	0.009191244180097
2096 	0.00927590583663072
2097 	0.00931056661555849
2098 	0.00941786184522837
2099 	0.00959535524038628
2100 	0.009703179222591
2101 	0.00983899850743082
2102 	0.0100403149565947
2103 	0.0102215830660167
2104 	0.00988290718684012
2105 	0.00972669022446476
2106 	0.00976169581335572
2107 	0.00976456322192024
2108 	0.00961055300335265
2109 	0.00953201641316111
2110 	0.00953081940477545
2111 	0.00942653277061205
2112 	0.00936435181013221
2113 	0.00938671229495617
2114 	0.00944421774670426
2115 	0.00933779471026833
2116 	0.00926628635371248
2117 	0.00923050416070609
2118 	0.00911551908964157
2119 	0.00895565371389533
2120 	0.0088473922978569
2121 	0.00879264120503796
2122 	0.0087780885274357
2123 	0.00881934515653132
2124 	0.00891652952993753
2125 	0.00895814785367987
2126 	0.00882836798240099
2127 	0.00873869310863746
2128 	0.0086903648376339
2129 	0.00866465452163956
2130 	0.00872625043765409
2131 	0.00888744802101526
2132 	0.00909040144846724
2133 	0.00909210220703653
2134 	0.00917174945432944
2135 	0.00932734662289746
2136 	0.00936160371266032
2137 	0.00931746337133424
2138 	0.00933425523002202
2139 	0.00940796474351369
2140 	0.0092136230116642
2141 	0.00908917446396881
2142 	0.0090375068974458
2143 	0.00903797536673611
2144 	0.00912039851574627
2145 	0.00932096273611728
2146 	0.00963229102840595
2147 	0.00948388193064636
2148 	0.0093181782373373
2149 	0.00919327198705421
2150 	0.0091228704286946
2151 	0.00910967693228217
2152 	0.00912960750025406
2153 	0.00918244644706267
2154 	0.0092671530973821
2155 	0.00944489191983477
2156 	0.00971598227227111
2157 	0.00986508743135755
2158 	0.00965981143970197
2159 	0.00956210443219306
2160 	0.00957525991255779
2161 	0.00947700951646001
2162 	0.00938749798085021
2163 	0.00935652222698442
2164 	0.00926566238749616
2165 	0.00896089504615962
2166 	0.00871683663115345
2167 	0.00853869439415962
2168 	0.00849278006889251
2169 	0.00855028396521493
2170 	0.00869701136786755
2171 	0.00887726127911256
2172 	0.00906267713531119
2173 	0.00936369138820164
2174 	0.00976962468477675
2175 	0.00970165542309428
2176 	0.00965753324850802
2177 	0.00973299057211735
2178 	0.00964835629332507
2179 	0.00924009640405978
2180 	0.00893105418542064
2181 	0.00873177078734596
2182 	0.00867939570433131
2183 	0.00872159905442012
2184 	0.00885458049738323
2185 	0.00893386587556017
2186 	0.00894864560787805
2187 	0.00903548871892124
2188 	0.00918105207713227
2189 	0.00923937265563274
2190 	0.00936394369926745
2191 	0.00955217361877414
2192 	0.00956256034237082
2193 	0.00948218079557678
2194 	0.0094395395185694
2195 	0.00940401320403798
2196 	0.00935190119218553
2197 	0.0094191119909216
2198 	0.00960314056489264
2199 	0.00942220048420984
2200 	0.00923945877854514
2201 	0.00916037068697481
2202 	0.00895327328852304
2203 	0.00854664994416189
2204 	0.00826594093913952
2205 	0.00812652506349229
2206 	0.00820146035830731
2207 	0.00845482707297035
2208 	0.00887135029645467
2209 	0.00901909251270956
2210 	0.00905288834037189
2211 	0.00916646412219964
2212 	0.00935215497869408
2213 	0.0096024282233449
2214 	0.0099241077902984
2215 	0.0103105123874822
2216 	0.0102025482849422
2217 	0.0101482473921008
2218 	0.0101806201400029
2219 	0.0100811812405204
2220 	0.00989233126203122
2221 	0.0097534994224762
2222 	0.00961104125330388
2223 	0.00940071311932409
2224 	0.00930319777597614
2225 	0.00932203620964836
2226 	0.00920620255120305
2227 	0.00913463497476218
2228 	0.00912377343433044
2229 	0.00901873270183956
2230 	0.00884511990049296
2231 	0.00869093188018536
2232 	0.00848064026416219
2233 	0.00811949702883416
2234 	0.00777653098214947
2235 	0.00746202122624424
2236 	0.00771131156918123
2237 	0.00803870534781353
2238 	0.00843511312531448
2239 	0.00865201771345236
2240 	0.00888634242118946
2241 	0.00922780195144553
2242 	0.00943247488888717
2243 	0.00947238049513614
2244 	0.00964442102456133
2245 	0.0098601349196487
2246 	0.00982698908817013
2247 	0.00991945934626606
2248 	0.0101341076658632
2249 	0.00993742786994669
2250 	0.00975913976253508
2251 	0.00964504511183331
2252 	0.0095913907584671
2253 	0.00956708184906638
2254 	0.00956839250020938
2255 	0.00958721942464332
2256 	0.0096234945609171
2257 	0.00968845214582591
2258 	0.00975079794343588
2259 	0.00975188973757854
2260 	0.00983051873570342
2261 	0.00998485332947323
2262 	0.00996361689002802
2263 	0.00999913742839908
2264 	0.0100942230333743
2265 	0.00986217829677889
2266 	0.00956908214829514
2267 	0.00932868588716442
2268 	0.00910504065757802
2269 	0.00894131969596572
2270 	0.008879494464509
2271 	0.00888069785114149
2272 	0.0088725473645517
2273 	0.00889828621502475
2274 	0.00885996274819809
2275 	0.00855681478974383
2276 	0.0084201700832897
2277 	0.00844904666291474
2278 	0.00840980749412509
2279 	0.00851909463461319
2280 	0.00877135812903959
2281 	0.00880605692015771
2282 	0.00887411292536534
2283 	0.00901935095426261
2284 	0.00917933518006456
2285 	0.00936541343071676
2286 	0.0095933543123135
2287 	0.00956247818944823
2288 	0.00938234895660634
2289 	0.00926928583430333
2290 	0.00909297376660092
2291 	0.00886135585344876
2292 	0.00875017379582365
2293 	0.00875086110512307
2294 	0.00880628853027087
2295 	0.00891886525759095
2296 	0.00906372894357834
2297 	0.00917795313478327
2298 	0.00933287429559624
2299 	0.00948070317880732
2300 	0.00939815727765279
2301 	0.00943305691683002
2302 	0.00956561139915685
2303 	0.00931601369184007
2304 	0.00913109605504069
2305 	0.00901483963357992
2306 	0.00891636788843457
2307 	0.00894109859480109
2308 	0.00909145395240204
2309 	0.00898070070556953
2310 	0.00887050845903491
2311 	0.00880694613225547
2312 	0.00881998766295439
2313 	0.00890203752138521
2314 	0.00904675751772193
2315 	0.00926645222282841
2316 	0.00952094993256933
2317 	0.00980042429935759
2318 	0.0101423008133386
2319 	0.0105425099472118
2320 	0.0109855344946283
2321 	0.0107382722394938
2322 	0.0102575373816174
2323 	0.00986030960373979
2324 	0.00952823064185293
2325 	0.00926147313061028
2326 	0.00907524543044062
2327 	0.0087920618949852
2328 	0.00854271660920151
2329 	0.00843043937767198
2330 	0.00842206678316697
2331 	0.0084567647654011
2332 	0.00853667521104787
2333 	0.00846108110723219
2334 	0.008339922054309
2335 	0.00826620442784893
2336 	0.0081975642603704
2337 	0.00823077723157612
2338 	0.00839426600108394
2339 	0.00842680633049108
2340 	0.00850238865529907
2341 	0.00870973581994564
2342 	0.00881465028407567
2343 	0.00891456066151792
2344 	0.00906473755365873
2345 	0.0089592205264023
2346 	0.00884445024009525
2347 	0.0087861111148571
2348 	0.00876434232627582
2349 	0.00888335495670633
2350 	0.00914502962489781
2351 	0.00913204681471872
2352 	0.00918320847684279
2353 	0.00931824265961556
2354 	0.0096595599813934
2355 	0.0100912317176184
2356 	0.0105259587090259
2357 	0.0105358138536621
2358 	0.010625106708668
2359 	0.0107434073474141
2360 	0.0108068305488927
2361 	0.0109907624446696
2362 	0.010957258501785
2363 	0.0104244530455311
2364 	0.0100497769906595
2365 	0.00978944892587899
2366 	0.00960414611370716
2367 	0.00955680854734994
2368 	0.00924595339449945
2369 	0.00876776257984469
2370 	0.008398397906025
2371 	0.00818671438727317
2372 	0.00812056524625467
2373 	0.00819121306672555
2374 	0.00816393290280993
2375 	0.00816235412321968
2376 	0.00821222582763145
2377 	0.00836186273804612
2378 	0.00857596058008934
2379 	0.00881521503175644
2380 	0.00899631387148517
2381 	0.00923518780327642
2382 	0.00929634934020489
2383 	0.00909429503353315
2384 	0.00897125830020271
2385 	0.00899009237592352
2386 	0.00919998548817234
2387 	0.00956843154777839
2388 	0.00977233070329072
2389 	0.01001632731078
2390 	0.0103480123620229
2391 	0.0100829990080545
2392 	0.0099691610972645
2393 	0.00994951813645467
2394 	0.0098471109223825
2395 	0.0098260455710381
2396 	0.00976718677367288
2397 	0.00965429114786341
2398 	0.00961687639979138
2399 	0.00941497222961254
2400 	0.00920016827490047
