 	sdcm15
200 	0
201 	0
202 	0
203 	0.00617675382370632
204 	0.00545675949686068
205 	0.00511309819775178
206 	0.00522062589336663
207 	0.00575410365065596
208 	0.00661120983571531
209 	0.00753406675222599
210 	0.00688298744311345
211 	0.00636811714799537
212 	0.00602448017945141
213 	0.00588216392223884
214 	0.00595561826656548
215 	0.00623722462474164
216 	0.00607362881670953
217 	0.00577939772474589
218 	0.00577015328366342
219 	0.00604720262366706
220 	0.00657445130980068
221 	0.00729787094135915
222 	0.00786861341839044
223 	0.00742462598428135
224 	0.00721073691924095
225 	0.00724734743642046
226 	0.00753080505945564
227 	0.00803502749569049
228 	0.00872181007034254
229 	0.00796251092893556
230 	0.00687604703430435
231 	0.0060427469250486
232 	0.00557726483503111
233 	0.00557254885466573
234 	0.00602968021480988
235 	0.00620812667496664
236 	0.00544076036475516
237 	0.00509336500327941
238 	0.00524998266113848
239 	0.00587041105916445
240 	0.00682939171819485
241 	0.00800617971652017
242 	0.00714095524179112
243 	0.00620547619461557
244 	0.00541688450787911
245 	0.00484740659265805
246 	0.00457952765145845
247 	0.00466549100090056
248 	0.0045146823541185
249 	0.00406819595331483
250 	0.00399450138851724
251 	0.00431275153973492
252 	0.00494788559047462
253 	0.00579666104422949
254 	0.00656591677583892
255 	0.00557036744000467
256 	0.00497466178833327
257 	0.0049260595390393
258 	0.00543924640352271
259 	0.00638006868901326
260 	0.00759115852140092
261 	0.00729544397434703
262 	0.0066071341719798
263 	0.00629055143582534
264 	0.00640108967157149
265 	0.0069183059210148
266 	0.00776131824283166
267 	0.00815842356585258
268 	0.00704015788285482
269 	0.00613754581442768
270 	0.00555669073333098
271 	0.00540239325304867
272 	0.00570934247425192
273 	0.0064116322250282
274 	0.00534929892553061
275 	0.00475517501794818
276 	0.00501114082916795
277 	0.00600953641057193
278 	0.00745792704657438
279 	0.00914494266225117
280 	0.00920590552536026
281 	0.00777891475485417
282 	0.00676739283491885
283 	0.0063723598139408
284 	0.00670370093395714
285 	0.00766782339539336
286 	0.00846135558793836
287 	0.0070624989185017
288 	0.00589417530713335
289 	0.00511681278900099
290 	0.00491938031394489
291 	0.00536627349450749
292 	0.00632230486069436
293 	0.00653820538513756
294 	0.00678750585952084
295 	0.00727450677632839
296 	0.00795567525705364
297 	0.00878596583555692
298 	0.00972726731628576
299 	0.00999206062563198
300 	0.0093132440349662
301 	0.00884216122830886
302 	0.0086129656764688
303 	0.00864491770491179
304 	0.00893521618817425
305 	0.00925302169750405
306 	0.00837408095996856
307 	0.00781940718374543
308 	0.00766080381843332
309 	0.00792209512957567
310 	0.0085649376528835
311 	0.00951228744370816
312 	0.00922105209195559
313 	0.00859572090752744
314 	0.00830684869013154
315 	0.00838926417538902
316 	0.00883258018085774
317 	0.00958686042983761
318 	0.0103222497406772
319 	0.0100892281638242
320 	0.00995973080551348
321 	0.00993780549410606
322 	0.0100241581144191
323 	0.0102160433295314
324 	0.0104456753444225
325 	0.0102126552207548
326 	0.0101595988717156
327 	0.0102747592539635
328 	0.0105526305789714
329 	0.0109808675641847
330 	0.0115427465840966
331 	0.0108304898873515
332 	0.0100683020098412
333 	0.00945607839098648
334 	0.0090243919864638
335 	0.00879985238103364
336 	0.00879833348676756
337 	0.00857427151024222
338 	0.00760507438900371
339 	0.00676595065159219
340 	0.00611072231441202
341 	0.00570312838839325
342 	0.00559752863786446
343 	0.00585121015927084
344 	0.00580155310250403
345 	0.00594307136379216
346 	0.00638031074243101
347 	0.00705852833143967
348 	0.00791602604482795
349 	0.008901140577474
350 	0.00894986237473775
351 	0.0087964061214761
352 	0.00889728056865505
353 	0.00924416351635017
354 	0.00981099553831826
355 	0.0105624251251789
356 	0.0104222689900941
357 	0.00866808180828436
358 	0.00721835014361836
359 	0.00628732857294502
360 	0.00611665003085817
361 	0.00676411855627579
362 	0.0078004545991634
363 	0.0067784757094915
364 	0.00583141081529286
365 	0.00512308137195193
366 	0.00476125664976644
367 	0.00482453713019471
368 	0.00529771117093859
369 	0.00543826442986324
370 	0.00538416374376644
371 	0.0055414329819182
372 	0.0058931740878173
373 	0.00640743967809143
374 	0.00704874646233413
375 	0.00678193619543132
376 	0.00562418636089454
377 	0.00477038788083848
378 	0.00440114115811306
379 	0.00463376748467492
380 	0.005390906543322
381 	0.00625733648749344
382 	0.00585951464718868
383 	0.00564068958739168
384 	0.00562180231596481
385 	0.00580480479224357
386 	0.00617176402741621
387 	0.00668592174185584
388 	0.00606385867184647
389 	0.00539826753602092
390 	0.00504810064425056
391 	0.00507902206770204
392 	0.00548459000652021
393 	0.00619161588284789
394 	0.00640292112499621
395 	0.00621689119950618
396 	0.00637298712428015
397 	0.00684785258545716
398 	0.00758182673398914
399 	0.00850811375467448
400 	0.00860896218255557
401 	0.00770535519101329
402 	0.00709310673343303
403 	0.00685078268501232
404 	0.0070168140502546
405 	0.00756435927145387
406 	0.00827503004167475
407 	0.00702458559706464
408 	0.00630208343347817
409 	0.00647674439031435
410 	0.00748603297450212
411 	0.00905503567061523
412 	0.010945645791812
413 	0.0107116110077217
414 	0.00974431731459545
415 	0.00893731579848385
416 	0.00833728322918543
417 	0.0079909795277555
418 	0.00793170852905487
419 	0.00827953862094687
420 	0.00842354696341328
421 	0.00885828315137514
422 	0.00954410135167654
423 	0.0104315969107438
424 	0.0114740668849992
425 	0.0110517600871876
426 	0.0102545475619889
427 	0.00971718652898205
428 	0.00948394991754851
429 	0.00957708315196785
430 	0.00998746018877895
431 	0.0106096811364192
432 	0.0107240437322987
433 	0.0109228932677425
434 	0.0112426337758906
435 	0.0116733356249686
436 	0.0122032556525539
437 	0.0128200961753054
438 	0.0123502993438408
439 	0.0118511946357027
440 	0.0114049895330456
441 	0.0110181128034337
442 	0.0106970035427794
443 	0.0104477275703389
444 	0.00964001773477185
445 	0.00846558070167506
446 	0.00747652048597587
447 	0.00675476482260093
448 	0.00639151971841311
449 	0.00644766532039827
450 	0.0063421314112906
451 	0.00579346361777057
452 	0.00539777271901777
453 	0.00519016567609383
454 	0.00519324840035804
455 	0.00540666051585718
456 	0.0056177500175414
457 	0.00513819394680016
458 	0.00482541788753485
459 	0.00471274628245665
460 	0.00481424929094212
461 	0.00511719785887986
462 	0.00555481450331575
463 	0.00533289036042874
464 	0.00509467145476846
465 	0.0050055322773921
466 	0.00507333697287087
467 	0.00529205642570881
468 	0.00564417335823202
469 	0.00520333155674155
470 	0.00448174747437763
471 	0.00404282369873171
472 	0.00398117424815746
473 	0.00431300767789558
474 	0.00495996814155182
475 	0.0054054159391959
476 	0.00474518584166175
477 	0.00450094054651516
478 	0.00473746270378822
479 	0.00539185031983155
480 	0.00633592588406097
481 	0.00705706800376257
482 	0.00664846702944317
483 	0.00644008715323963
484 	0.00645135915206379
485 	0.00668117137516904
486 	0.00710835920924828
487 	0.00698731099077675
488 	0.00627705231055858
489 	0.00591039633022737
490 	0.00595119417381574
491 	0.0063916482734713
492 	0.00715836234430026
493 	0.00784444934188055
494 	0.00688221903660526
495 	0.00602067523784952
496 	0.00548553689452397
497 	0.00537519236608326
498 	0.00571430347227924
499 	0.00638576040482873
500 	0.0060052226388192
501 	0.00560848612291532
502 	0.00542375839757124
503 	0.00547255101709062
504 	0.00574892120569055
505 	0.00622261973279434
506 	0.00593400954445264
507 	0.00539002909229899
508 	0.00499121748296704
509 	0.00477409513028321
510 	0.00476357120950068
511 	0.00496096069599885
512 	0.00546207889652015
513 	0.00497771674324791
514 	0.00472569069668281
515 	0.00474318159318431
516 	0.00502737716624032
517 	0.00553736410197585
518 	0.00601114104689039
519 	0.0060204854773137
520 	0.00619750207454661
521 	0.00652856618485283
522 	0.00699182943016548
523 	0.00756303768439521
524 	0.00694131889349806
525 	0.0061646477119467
526 	0.00553862727317293
527 	0.00511883189384149
528 	0.00495792548060491
529 	0.0050805656587237
530 	0.00514764531496542
531 	0.00464883909709202
532 	0.00422261677341256
533 	0.00392951731818992
534 	0.0038004666512416
535 	0.00385198827293648
536 	0.00404120588776929
537 	0.00398348414437602
538 	0.00411585053006123
539 	0.00455725626584434
540 	0.00523003089750066
541 	0.00605756891289795
542 	0.00694670803166
543 	0.0057545092665686
544 	0.00456851379502161
545 	0.00428832357799651
546 	0.00506651550297816
547 	0.00653535760247703
548 	0.00833748631546762
549 	0.00875178702616466
550 	0.0083806597721388
551 	0.00810878525694993
552 	0.00794635743798962
553 	0.00790012992192145
554 	0.00797212437786603
555 	0.00848855997439406
556 	0.00859808214381744
557 	0.0092990170988643
558 	0.0104732878218017
559 	0.011982534495332
560 	0.0137166265679843
561 	0.0140059661289372
562 	0.0121571520359137
563 	0.0104602383711661
564 	0.00900154490500488
565 	0.00791391289501785
566 	0.00736364085768368
567 	0.00683402212139799
568 	0.00587279328220267
569 	0.00519391930240685
570 	0.00491580600807702
571 	0.0051043857517707
572 	0.00571363398385084
573 	0.00594535422831894
574 	0.00587290570128554
575 	0.0060668777669246
576 	0.00650347524697567
577 	0.00713831735942414
578 	0.0079238979767723
579 	0.00852397346736668
580 	0.0084941493159373
581 	0.00848408671897823
582 	0.00850349629345818
583 	0.00855217737623473
584 	0.00862963460641961
585 	0.00855622186073241
586 	0.00805877074140138
587 	0.00762297553488184
588 	0.00727636031913285
589 	0.00703212459558271
590 	0.0069011467530586
591 	0.00679929167219125
592 	0.00628450782749302
593 	0.00584527284270089
594 	0.00557995736858292
595 	0.00551372537605746
596 	0.0056535780234952
597 	0.00588974862751582
598 	0.00572196557979445
599 	0.00560605672713611
600 	0.00557928307992252
601 	0.00564291352675881
602 	0.00579397032971102
603 	0.00599148935845021
604 	0.00572835656847795
605 	0.0054288576469926
606 	0.00526067437235245
607 	0.00523647471849831
608 	0.00535820989024771
609 	0.00564295429516768
610 	0.00586670106061528
611 	0.00582991830668905
612 	0.00593716429177033
613 	0.00618094640237546
614 	0.00654602805274806
615 	0.0069975977563686
616 	0.00655578098962276
617 	0.006111949156227
618 	0.00571666111208965
619 	0.00538062633253988
620 	0.00511553505198959
621 	0.0049328380962298
622 	0.0048880233663571
623 	0.00491349671005532
624 	0.00494063823956659
625 	0.00496942062152948
626 	0.00499981551839354
627 	0.00503179370872127
628 	0.00482769066079477
629 	0.00463985924337914
630 	0.00463290811138422
631 	0.00480762190971812
632 	0.00514552877488669
633 	0.00561725479284012
634 	0.00600335199747406
635 	0.0059966651262269
636 	0.00617338279146902
637 	0.00651860587605018
638 	0.00700747422884423
639 	0.0076123631410966
640 	0.00725396894146064
641 	0.0069321301535555
642 	0.00689913152726545
643 	0.00715896832635119
644 	0.00768198304263995
645 	0.00841927097435597
646 	0.00840616402999868
647 	0.00785937944564784
648 	0.00755772810494247
649 	0.00753072507876502
650 	0.00778123021004911
651 	0.00828410672418933
652 	0.00778970192345573
653 	0.00749666747021084
654 	0.00760462649787041
655 	0.00809755636571159
656 	0.00891180385388996
657 	0.00996894330784901
658 	0.0107408333052631
659 	0.0112220502490047
660 	0.0118400264560511
661 	0.0125746150699679
662 	0.0134066612109355
663 	0.0143191860271738
664 	0.0147396001992372
665 	0.0150284054648075
666 	0.0156182967087293
667 	0.0164769681020235
668 	0.0175650456325694
669 	0.0188428300103603
670 	0.0180096600654682
671 	0.0160959537045867
672 	0.0143401335539055
673 	0.0128073014224179
674 	0.0115862998322439
675 	0.0107835779117052
676 	0.0102256742052376
677 	0.0102015092830515
678 	0.0103494344379191
679 	0.0106622895078621
680 	0.0111261702641215
681 	0.0117231623197436
682 	0.0105538728009416
683 	0.0090363737307012
684 	0.00784870816716372
685 	0.0071570063696801
686 	0.00710757420277296
687 	0.00771277074144883
688 	0.00722015948364046
689 	0.00646407260909041
690 	0.00577536642520066
691 	0.00518098165586695
692 	0.00471671235235702
693 	0.00442371685742627
694 	0.00451791525885092
695 	0.00509402150567716
696 	0.00615320378862359
697 	0.00749333994813054
698 	0.0089896460020433
699 	0.0105582402279537
700 	0.00984828125603155
701 	0.00876047370017426
702 	0.00776179519923124
703 	0.00689110582475668
704 	0.00620254171860243
705 	0.005762024491169
706 	0.00545860468634285
707 	0.00526477787802885
708 	0.0052539110074904
709 	0.0054271032264648
710 	0.00576779782700552
711 	0.00620350579696048
712 	0.00611059819089294
713 	0.0058908575787208
714 	0.00575587141752235
715 	0.0057116519972228
716 	0.00576029003607959
717 	0.00578688634993456
718 	0.00521413419384903
719 	0.00481150144487297
720 	0.00478621373182492
721 	0.00514383928496508
722 	0.00581414381164901
723 	0.00659119386861398
724 	0.00631412060932429
725 	0.00591090003865784
726 	0.005832167832453
727 	0.00609052100774447
728 	0.00664676860035285
729 	0.00721190735960864
730 	0.00709953327681193
731 	0.00709271041443087
732 	0.00728780221668755
733 	0.00766941543589207
734 	0.0082115867503916
735 	0.0088296530458002
736 	0.00840021270385081
737 	0.00797575831242554
738 	0.00772304544370334
739 	0.00765909291442415
740 	0.00778855189987528
741 	0.00860335475863906
742 	0.00924516621970223
743 	0.0100529898980026
744 	0.0110173232330284
745 	0.0121008063543292
746 	0.0132742952920743
747 	0.0172725206102633
748 	0.018264907394844
749 	0.0195248180272465
750 	0.0210041662247414
751 	0.0226600150384031
752 	0.0244565403773581
753 	0.0301064820808692
754 	0.0309666235567307
755 	0.0318802341284917
756 	0.0328428519473451
757 	0.0338502963406174
758 	0.0348986854053931
759 	0.0253005816099886
760 	0.0206094308368841
761 	0.016153287194714
762 	0.0121926032137318
763 	0.00937770212888432
764 	0.00887546390148987
765 	0.0126152281244838
766 	0.0123013312220935
767 	0.0122102446592099
768 	0.0123469006248167
769 	0.0127039517883082
770 	0.0128746420702928
771 	0.00839087964109545
772 	0.00799156575305377
773 	0.00787426953070081
774 	0.00805132619644576
775 	0.00850437074825257
776 	0.00909366698277855
777 	0.00997793500848183
778 	0.0102791581150114
779 	0.0106607113336437
780 	0.0111143245764692
781 	0.011631570208226
782 	0.0126302482638528
783 	0.0132175643824784
784 	0.013338963665544
785 	0.0135430644803747
786 	0.0138262048209773
787 	0.014183652010917
788 	0.0132409538608669
789 	0.0122459570840037
790 	0.0115112796076767
791 	0.0109122267154241
792 	0.0104720994051511
793 	0.0102114680821989
794 	0.0103353701287732
795 	0.0101001374056745
796 	0.0101224747975108
797 	0.0104007229045362
798 	0.0109153285954026
799 	0.0116349722927152
800 	0.0100311082188303
801 	0.00883353688400771
802 	0.00781489780082179
803 	0.00705314776297639
804 	0.00663733162260208
805 	0.00663283203038741
806 	0.00649245993332786
807 	0.00579573809448717
808 	0.00533346630917163
809 	0.00516893455360044
810 	0.0053297884296562
811 	0.00567533155649865
812 	0.00553519299314364
813 	0.00557939770199683
814 	0.0058647858755128
815 	0.0063589673231624
816 	0.00701797227633066
817 	0.00778492936460916
818 	0.0078962553947763
819 	0.00774058124567472
820 	0.00769238233422073
821 	0.00775366320679159
822 	0.00792188358071858
823 	0.00778263939284414
824 	0.00733725936490281
825 	0.00705917403729043
826 	0.00695778929225616
827 	0.00704074259065702
828 	0.00730175398559325
829 	0.00785082103015427
830 	0.00754797201359447
831 	0.00736054659922278
832 	0.00729744373129977
833 	0.00736186103064125
834 	0.0075505353921622
835 	0.00793679569218606
836 	0.00744760334567498
837 	0.00714982193166418
838 	0.0070676870360461
839 	0.00720857369730469
840 	0.00756002366295524
841 	0.00719450724762824
842 	0.00668841712395774
843 	0.00641368482756609
844 	0.00640017365905617
845 	0.00664947614630099
846 	0.00642987025294875
847 	0.00564614905277474
848 	0.0056111165404424
849 	0.00612408857651369
850 	0.00706671743554436
851 	0.00829377670865028
852 	0.0089543663517364
853 	0.00818307262048699
854 	0.00749461603401395
855 	0.00700571738704503
856 	0.00675981488960328
857 	0.00678338655842125
858 	0.00658702733710536
859 	0.00586032560786954
860 	0.00537470492641745
861 	0.00519817656367952
862 	0.00536135951542558
863 	0.00583582572096086
864 	0.00610232415062691
865 	0.00596827621026448
866 	0.0060603117532515
867 	0.00636863666047077
868 	0.00686416666620873
869 	0.00744005194172501
870 	0.00659526183558461
871 	0.00519573788459268
872 	0.00412402885932985
873 	0.00367875580617964
874 	0.00407094373728456
875 	0.00514055374143461
876 	0.00543263789673781
877 	0.00583657416899487
878 	0.00658985026484412
879 	0.00758914619477947
880 	0.0087505793172902
881 	0.0086666485333594
882 	0.00725425596291958
883 	0.00636021444268775
884 	0.00621249477625854
885 	0.00685948397036915
886 	0.00811323700757652
887 	0.0079551085773509
888 	0.00718886245143778
889 	0.00671265421805192
890 	0.00658966633402304
891 	0.00683898169127329
892 	0.00723139002589774
893 	0.00716522432505326
894 	0.00705333621249199
895 	0.00708194034374273
896 	0.0072493738726855
897 	0.00754640174304175
898 	0.00717819255261698
899 	0.00570593547660092
900 	0.00457932089341675
901 	0.00422820379503162
902 	0.00482496446882697
903 	0.00609736863115984
904 	0.0063106886694918
905 	0.00581178472483219
906 	0.00568738303755377
907 	0.00596097675447882
908 	0.00658312963889823
909 	0.00746722048296183
910 	0.00739979578628072
911 	0.00675159504667076
912 	0.00633810411228067
913 	0.00620641296324196
914 	0.00637401208586831
915 	0.00667012584526342
916 	0.00651784879412206
917 	0.00648352499502886
918 	0.00669861798453717
919 	0.0071406240993236
920 	0.00777091920150972
921 	0.00802958086306907
922 	0.00720502194171261
923 	0.00657658158074919
924 	0.00620414548182367
925 	0.0061345194428505
926 	0.0063776287280997
927 	0.0063950928260703
928 	0.00577386996928178
929 	0.00546429628614136
930 	0.00551906610720949
931 	0.0059280894731106
932 	0.00637719547116449
933 	0.0055758494895787
934 	0.00509939340085612
935 	0.00525953253683799
936 	0.00600555625055019
937 	0.00715652731246729
938 	0.00813270369095311
939 	0.00717396571897709
940 	0.00628620599229534
941 	0.00563998786076797
942 	0.00532400375781037
943 	0.00539657711964507
944 	0.0054104614895224
945 	0.00505747464917776
946 	0.00489569433511806
947 	0.00494392689236998
948 	0.00519632755988802
949 	0.0056386782793501
950 	0.00560148096940489
951 	0.00517998409644129
952 	0.00495124924770915
953 	0.00494211398808973
954 	0.00515374620197582
955 	0.00516679887864643
956 	0.00500903219754895
957 	0.00529726845031757
958 	0.00601026322734123
959 	0.0070197604401919
960 	0.00821719969101327
961 	0.00801434011996891
962 	0.0077375784037869
963 	0.00774037573497622
964 	0.00802243968192478
965 	0.00855619572878551
966 	0.00899187369253696
967 	0.00857874933136302
968 	0.00823577829123171
969 	0.00793973883473403
970 	0.00769604873910905
971 	0.00750980587999439
972 	0.00713810130561231
973 	0.00621885583519142
974 	0.00560280698484259
975 	0.0053948424333528
976 	0.00564028405426565
977 	0.00628624562880732
978 	0.00615370494714618
979 	0.00576455946711366
980 	0.00545455934859704
981 	0.00523777625419075
982 	0.00512605043427012
983 	0.0051358030111788
984 	0.00513071604493036
985 	0.00514448927846586
986 	0.00521914306072181
987 	0.00535213043467711
988 	0.00553925154157125
989 	0.0055537793460559
990 	0.00510040024274268
991 	0.00480778820446999
992 	0.00470602798262935
993 	0.00480725477782475
994 	0.00507484361729452
995 	0.00489087635400292
996 	0.00482403843517809
997 	0.00502074981828089
998 	0.00545256061417213
999 	0.00606949852660303
1000 	0.00633449033017738
1001 	0.00582985056000474
1002 	0.00544541134142631
1003 	0.00523412809877573
1004 	0.0052170810213342
1005 	0.00539611128162217
1006 	0.0056646195991466
1007 	0.00557336868780307
1008 	0.0055791122720329
1009 	0.00568155619917018
1010 	0.00587564463112998
1011 	0.00605937276804415
1012 	0.00590299631062892
1013 	0.00611032093490573
1014 	0.00674663306419718
1015 	0.00770639168284436
1016 	0.00888539628418619
1017 	0.00892894807926909
1018 	0.00812354701830941
1019 	0.0075025102484775
1020 	0.00711428460294934
1021 	0.00699772622417023
1022 	0.00710877882715948
1023 	0.00662646276482095
1024 	0.00605902180471156
1025 	0.00563995518563549
1026 	0.00540389272391468
1027 	0.00537500060063014
1028 	0.00554157975431945
1029 	0.00507823159125748
1030 	0.0047438551281099
1031 	0.00456686788944353
1032 	0.00456561043277381
1033 	0.00474022260966322
1034 	0.00471775036758067
1035 	0.00474907518631153
1036 	0.00491424034087001
1037 	0.00520050935376435
1038 	0.00558930526608707
1039 	0.00585606983480237
1040 	0.00545566620643497
1041 	0.0051547272316244
1042 	0.00503072265349458
1043 	0.00509658380759473
1044 	0.00534529710182792
1045 	0.00549047192840243
1046 	0.00531741258221318
1047 	0.00525382873461528
1048 	0.00530365924679798
1049 	0.00546380194277835
1050 	0.00548876083117399
1051 	0.00492877576624433
1052 	0.00462077820332766
1053 	0.00468801762257878
1054 	0.00511571936580779
1055 	0.00582501651539488
1056 	0.00582294025162306
1057 	0.00539896269123001
1058 	0.00524831930692361
1059 	0.00539396008442522
1060 	0.00581366043694761
1061 	0.00636940985761073
1062 	0.00610329716646376
1063 	0.00571418376695016
1064 	0.00546820007781339
1065 	0.0053849962124155
1066 	0.00547200260166875
1067 	0.00589138183824495
1068 	0.0057336675521643
1069 	0.00580228143039943
1070 	0.00608957786389591
1071 	0.00656691783772425
1072 	0.00708077267495874
1073 	0.00638620563786745
1074 	0.00551352563319767
1075 	0.00489798360846005
1076 	0.0046430009704475
1077 	0.00480630925517983
1078 	0.00490552088222945
1079 	0.00483359119592372
1080 	0.00502239792287603
1081 	0.00544488441247228
1082 	0.00605231029919433
1083 	0.00664191569079135
1084 	0.00666534500513297
1085 	0.00655652133578873
1086 	0.00656517344949238
1087 	0.00669084562841289
1088 	0.00692717189267373
1089 	0.00652165830050526
1090 	0.00583707775043339
1091 	0.0053439661786003
1092 	0.00509818796719064
1093 	0.00513537873549312
1094 	0.00527553085284897
1095 	0.00485921446235869
1096 	0.00429195475608981
1097 	0.00392687017179542
1098 	0.00382233781142376
1099 	0.00399884316069428
1100 	0.00424236395783932
1101 	0.00417549895733988
1102 	0.00451050870544769
1103 	0.00516984948216997
1104 	0.00604836806104485
1105 	0.00668703252442187
1106 	0.00633249261110469
1107 	0.00595817953217189
1108 	0.00570581713864928
1109 	0.00559194065741321
1110 	0.00562496725560008
1111 	0.00569019512421346
1112 	0.00567624042958091
1113 	0.00575589768971496
1114 	0.00592539272553256
1115 	0.00617733499386209
1116 	0.0060914022105383
1117 	0.0053184469724907
1118 	0.00469615666751743
1119 	0.00431862676400743
1120 	0.00425156762171252
1121 	0.00450885326789942
1122 	0.00406775919221784
1123 	0.00362569748495474
1124 	0.00323288411860618
1125 	0.00290933622354989
1126 	0.0026802564922741
1127 	0.00251090679193133
1128 	0.00244322996330613
1129 	0.00276417631386123
1130 	0.00336430483745314
1131 	0.0041234696178333
1132 	0.00491667448644384
1133 	0.00486444224890361
1134 	0.00467832832743717
1135 	0.00453351258977385
1136 	0.00443404327673164
1137 	0.00438300879239071
1138 	0.00453002560705033
1139 	0.00466362423095927
1140 	0.00492929814835789
1141 	0.00530724974011718
1142 	0.00577547830688494
1143 	0.00630730839094819
1144 	0.0064047365168504
1145 	0.00652541782468687
1146 	0.0068842835412817
1147 	0.00744697899287624
1148 	0.00817150454429749
1149 	0.00820775066299537
1150 	0.00750754261232631
1151 	0.00711228311844046
1152 	0.00707328044041619
1153 	0.00739617273808954
1154 	0.00776112433582505
1155 	0.00650078014496385
1156 	0.00538080496102086
1157 	0.00462074061944804
1158 	0.00441074687826986
1159 	0.0048173023502562
1160 	0.00580203812885548
1161 	0.0058099415797362
1162 	0.00597232739944095
1163 	0.0062772180675192
1164 	0.00670520226862519
1165 	0.00587139774860176
1166 	0.00485637203868799
1167 	0.00421787609516731
1168 	0.00413421088605622
1169 	0.0046355163754167
1170 	0.00543963702306274
1171 	0.00530396692582385
1172 	0.00515710297633632
1173 	0.00523246256039975
1174 	0.00552095328386119
1175 	0.00599186892866615
1176 	0.00618974798601791
1177 	0.00603480140057333
1178 	0.00605598818992619
1179 	0.00625151782904787
1180 	0.00660592723056317
1181 	0.00668717557418379
1182 	0.00626809225867342
1183 	0.00595553254881189
1184 	0.00576684309567276
1185 	0.00571430788579808
1186 	0.00573010011734295
1187 	0.00524687825817275
1188 	0.00471454622549077
1189 	0.00422606248181488
1190 	0.00379838194759667
1191 	0.00345416416389899
1192 	0.00336681845965146
1193 	0.00361505609090715
1194 	0.00411869878032286
1195 	0.0047979801842165
1196 	0.00558922473655413
1197 	0.00587174648074762
1198 	0.00569159402501095
1199 	0.00603649190671921
1200 	0.00682732617627213
1201 	0.00793181486656822
1202 	0.00888261457587984
1203 	0.0075328324351266
1204 	0.00641469286989658
1205 	0.00578051360230907
1206 	0.00579152166272646
1207 	0.00644441165702122
1208 	0.00656862553792882
1209 	0.00601807306703126
1210 	0.00615584478809434
1211 	0.00694107385801895
1212 	0.00818959383499722
1213 	0.00945371282728129
1214 	0.00808369862009536
1215 	0.00699475932353166
1216 	0.0063335700881499
1217 	0.00623767100628543
1218 	0.00650705560524528
1219 	0.00542570137908156
1220 	0.00463639369353125
1221 	0.00466497807123013
1222 	0.0054987141429513
1223 	0.00684964648313475
1224 	0.00645307080279782
1225 	0.00589270471788152
1226 	0.00596705304916621
1227 	0.00665487658669818
1228 	0.00779544416758935
1229 	0.00856301152548472
1230 	0.00765348710936485
1231 	0.00698679349830632
1232 	0.00663652181114991
1233 	0.00665283999648971
1234 	0.00692974111919188
1235 	0.00649885268817591
1236 	0.00614640326280137
1237 	0.00603320473849655
1238 	0.00617243430953599
1239 	0.00654800967743137
1240 	0.00566273216828629
1241 	0.00481233638201198
1242 	0.00435238687068115
1243 	0.00440688162594239
1244 	0.00495888939507722
1245 	0.00487670018409058
1246 	0.00460774375963232
1247 	0.00465630805233559
1248 	0.00501317375092399
1249 	0.00561991296111913
1250 	0.00621374676780079
1251 	0.00547435777455261
1252 	0.00541107206064275
1253 	0.00604516106479775
1254 	0.00719454011076725
1255 	0.00838232200882507
1256 	0.00721400273677231
1257 	0.00597075256725159
1258 	0.0053332293148471
1259 	0.00551563066225136
1260 	0.00644875385266101
1261 	0.00563227202080388
1262 	0.00486212428948734
1263 	0.00487257169003891
1264 	0.00565929279334158
1265 	0.00696399115055588
1266 	0.00710926956583929
1267 	0.00638064112106223
1268 	0.00599789432517331
1269 	0.00602728624011145
1270 	0.00646319660606593
1271 	0.00693419251133272
1272 	0.00584557466980078
1273 	0.0052146340760724
1274 	0.00521037635546416
1275 	0.00583417370969959
1276 	0.00656077542070278
1277 	0.00555342740682597
1278 	0.0049914997854913
1279 	0.00535993947621807
1280 	0.00650247639006628
1281 	0.00809782774282741
1282 	0.00710586871602977
1283 	0.00605172753957208
1284 	0.00625885202125444
1285 	0.00762514507676331
1286 	0.00967120637078932
1287 	0.00991810449159154
1288 	0.0086446858767167
1289 	0.00752984300730428
1290 	0.00665376751387965
1291 	0.00611987362201527
1292 	0.00556330869203182
1293 	0.00525547871742244
1294 	0.00520341728332467
1295 	0.0054145072008634
1296 	0.00586038112759567
1297 	0.00599570015155297
1298 	0.00481319424889719
1299 	0.00430104200011703
1300 	0.0047212938144513
1301 	0.00587722705571542
1302 	0.00713215752380793
1303 	0.00657925305655693
1304 	0.00598999376926134
1305 	0.00580619696695057
1306 	0.00606483836321485
1307 	0.00671498688118446
1308 	0.00544990510178849
1309 	0.00459434386558274
1310 	0.00475319673371986
1311 	0.00584432344426475
1312 	0.00746978631223344
1313 	0.00764307570035459
1314 	0.00618864466678796
1315 	0.00510850295941307
1316 	0.00467001554441287
1317 	0.00504341659075871
1318 	0.00512610558001155
1319 	0.0042630081501941
1320 	0.00414254139339727
1321 	0.0048207043613554
1322 	0.00603397568103857
1323 	0.00526661748469929
1324 	0.00525091000785742
1325 	0.0059342623493979
1326 	0.00711811076710198
1327 	0.00859814803864018
1328 	0.00885203621716822
1329 	0.00724406865679927
1330 	0.00594901015673363
1331 	0.00515196492005369
1332 	0.0050924054023667
1333 	0.00573683638458725
1334 	0.00517883240184574
1335 	0.00459081977407793
1336 	0.0045460948838754
1337 	0.00505908712435422
1338 	0.00597132145412025
1339 	0.00531699843450025
1340 	0.00497562268260921
1341 	0.00568636756080373
1342 	0.0071417320884415
1343 	0.00898696303760271
1344 	0.00853765706033315
1345 	0.0074099336684729
1346 	0.00656341282809297
1347 	0.00611599550541675
1348 	0.00615533558647097
1349 	0.00614903118307795
1350 	0.00575840566949489
1351 	0.00578196257863505
1352 	0.00621499402326828
1353 	0.00698172000298237
1354 	0.00676992736802812
1355 	0.0059420851582203
1356 	0.00585168083707425
1357 	0.00652941761129553
1358 	0.00777700155578516
1359 	0.00953151313314204
1360 	0.00957885292470675
1361 	0.00997865820787104
1362 	0.0106914606783314
1363 	0.0116599982321416
1364 	0.0125668166335441
1365 	0.0117426264948384
1366 	0.011202145373353
1367 	0.0109873214300158
1368 	0.0111170495510062
1369 	0.0106038262656775
1370 	0.00978104888465772
1371 	0.00930758928767283
1372 	0.00923731750371752
1373 	0.00957911093126683
1374 	0.01029569903372
1375 	0.0097975181365915
1376 	0.00948549346001337
1377 	0.0095036721648182
1378 	0.00985022623831506
1379 	0.00974799330949966
1380 	0.00898924209788798
1381 	0.00873671282220507
1382 	0.00904827126660694
1383 	0.00987064635288429
1384 	0.0109538318532933
1385 	0.010208011315764
1386 	0.00951845591585732
1387 	0.00924575512233638
1388 	0.0094261577168556
1389 	0.00992960497010338
1390 	0.00910960053153536
1391 	0.00865180279431126
1392 	0.00857586569239472
1393 	0.00889157827335347
1394 	0.00956021793910516
1395 	0.00865014317433715
1396 	0.00768813163387301
1397 	0.00698618007360116
1398 	0.00662744362025064
1399 	0.00666755268267267
1400 	0.00582897861042739
1401 	0.00480547956741914
1402 	0.00433131042819389
1403 	0.00458037554118819
1404 	0.00545448476867287
1405 	0.00505551817843924
1406 	0.00474639047448434
1407 	0.00529166143733886
1408 	0.00647909243227477
1409 	0.00802864225581752
1410 	0.00834675059155124
1411 	0.00796889244513683
1412 	0.00793313578279312
1413 	0.00824393322848884
1414 	0.00886490958695057
1415 	0.00841867492405142
1416 	0.00786665564264199
1417 	0.00772613948497387
1418 	0.00801878846839945
1419 	0.00870100468215609
1420 	0.00892699610435982
1421 	0.0089733963128921
1422 	0.00964454821150479
1423 	0.0108248633199085
1424 	0.0123694344438299
1425 	0.0157453539345466
1426 	0.0154414672552369
1427 	0.0158523652328066
1428 	0.0169260712500971
1429 	0.0185478334169185
1430 	0.019128072308218
1431 	0.0183655325523064
1432 	0.0177133864396927
1433 	0.0171842069914385
1434 	0.0167896253149965
1435 	0.0114080835163607
1436 	0.00855606263727052
1437 	0.00570404175818037
1438 	0.00285202087909018
1439 	0
1440 	0.002671065499158
1441 	0.00372630767150123
1442 	0.00534449298038329
1443 	0.00715327197615359
1444 	0.00903894092828705
1445 	0.00841506072528092
1446 	0.00713598055977113
1447 	0.00647028448579516
1448 	0.0066060832074109
1449 	0.00749996537310501
1450 	0.00757586937177186
1451 	0.00782363745055879
1452 	0.008570218077547
1453 	0.00970112372640056
1454 	0.0110994952107041
1455 	0.0106423911429921
1456 	0.0100684005995504
1457 	0.0101340541975797
1458 	0.0108277227882786
1459 	0.0120413566317921
1460 	0.0121102710187043
1461 	0.0117744791891996
1462 	0.0118149573723119
1463 	0.0122279694448601
1464 	0.0128407881802457
1465 	0.0113891260818546
1466 	0.0102470422279833
1467 	0.00939408650610881
1468 	0.00891364984139094
1469 	0.00872720936214814
1470 	0.00783905663413669
1471 	0.00739380576269661
1472 	0.0074642681619867
1473 	0.00803689091165797
1474 	0.00853223177578712
1475 	0.00707694840255608
1476 	0.0061968952134571
1477 	0.00616797404121066
1478 	0.00700074132873683
1479 	0.00815592609461918
1480 	0.00720279042647683
1481 	0.00651396227771316
1482 	0.00617848479354454
1483 	0.00625348697076437
1484 	0.00638200709038586
1485 	0.00544005723756404
1486 	0.00483653199294431
1487 	0.00470355944090626
1488 	0.00507823904853509
1489 	0.00534117507503901
1490 	0.00480202436829484
1491 	0.0047987089714755
1492 	0.00533222847033809
1493 	0.00626694471290367
1494 	0.0070487803056702
1495 	0.00693838944850394
1496 	0.0069490634575268
1497 	0.0070802548111261
1498 	0.00732549137603279
1499 	0.0066426283220698
1500 	0.00550467875891892
1501 	0.00490298667013553
1502 	0.00503367471844025
1503 	0.00584784549124776
1504 	0.00584918076462406
1505 	0.00549711175654376
1506 	0.00551765428955534
1507 	0.00590692214292677
1508 	0.00659999232534266
1509 	0.00720298064342616
1510 	0.0081983024363273
1511 	0.00952793541846616
1512 	0.0110720865988524
1513 	0.012707303772296
1514 	0.0119018266145497
1515 	0.0108963904611565
1516 	0.0100329840160648
1517 	0.00935103236635904
1518 	0.00886144344821772
1519 	0.00738488076638095
1520 	0.00609814238236723
1521 	0.00522037244651554
1522 	0.00497305819670439
1523 	0.00511153931830967
1524 	0.00479442856013388
1525 	0.0048668504236914
1526 	0.00531289917913928
1527 	0.00605049908202361
1528 	0.00639085396750829
1529 	0.00604974251459121
1530 	0.00592505344662602
1531 	0.00603022686070634
1532 	0.00635385846800825
1533 	0.00637061228405076
1534 	0.0062532128796416
1535 	0.00627951372647346
1536 	0.00644775657436427
1537 	0.00674733191135451
1538 	0.00649959707174981
1539 	0.00613311483692888
1540 	0.00589312766877238
1541 	0.00579537146760924
1542 	0.00585242962897545
1543 	0.00607896252571574
1544 	0.00650608557861512
1545 	0.00717479072272583
1546 	0.00802491136804659
1547 	0.00867794329165472
1548 	0.00760766466342749
1549 	0.00682235954453473
1550 	0.00642734658660926
1551 	0.00649423935497023
1552 	0.00686822253388178
1553 	0.00682022073297193
1554 	0.00749097959096899
1555 	0.00871611002296798
1556 	0.0102996508167494
1557 	0.0107302168778605
1558 	0.00977957324708646
1559 	0.00923501157783744
1560 	0.00916917183222721
1561 	0.00959191704684111
1562 	0.00802745070264904
1563 	0.00649900135014887
1564 	0.00559027863348602
1565 	0.00561093171726242
1566 	0.00617099850980714
1567 	0.00531750865666067
1568 	0.00525743207416114
1569 	0.0059374789273827
1570 	0.0071494818210656
1571 	0.0075016155067358
1572 	0.00588440042481613
1573 	0.00485552165732012
1574 	0.00480874222913691
1575 	0.00576800677394851
1576 	0.0065763644845248
1577 	0.00614319787508485
1578 	0.00611299567995944
1579 	0.00649138490505582
1580 	0.00721435829021531
1581 	0.00671617244425875
1582 	0.00581127581114068
1583 	0.00502328626177703
1584 	0.00441524713293011
1585 	0.00406556404306322
1586 	0.00365944060312589
1587 	0.00346824410746334
1588 	0.00356843030454412
1589 	0.00393782153939336
1590 	0.00425716271301895
1591 	0.00424190741773537
1592 	0.00466651744400096
1593 	0.00542874330841859
1594 	0.00640924216278659
1595 	0.0064263797149079
1596 	0.00578370209777686
1597 	0.0057909474747785
1598 	0.00644592463030905
1599 	0.00758260014821913
1600 	0.00670230845714473
1601 	0.00619279281997333
1602 	0.00663119068209971
1603 	0.00786046814817489
1604 	0.0100567198276745
1605 	0.00959785130163329
1606 	0.00952252208535933
1607 	0.00993319794713854
1608 	0.0107744481705982
1609 	0.0105797098111682
1610 	0.0094300366177426
1611 	0.00894463938529288
1612 	0.00922893325641854
1613 	0.0102188794183831
1614 	0.0101058126058498
1615 	0.0102490004548159
1616 	0.0105739031964337
1617 	0.0110645245663224
1618 	0.0116685400908006
1619 	0.010312289406133
1620 	0.00934280804119049
1621 	0.00916154092595017
1622 	0.00981226899987062
1623 	0.0116742669658002
1624 	0.0116969112645427
1625 	0.0122117081443902
1626 	0.0131610317683802
1627 	0.0144595490021034
1628 	0.0154869440572107
1629 	0.0158940292858983
1630 	0.0165791706389984
1631 	0.0175097582119022
1632 	0.0183828591119757
1633 	0.0171142076846404
1634 	0.0162516539183998
1635 	0.0156187670308363
1636 	0.0152441788927217
1637 	0.0147714022149881
1638 	0.0138547448177347
1639 	0.0133686083968277
1640 	0.0133600723391198
1641 	0.0138300210152007
1642 	0.0137394131491938
1643 	0.0144957951145467
1644 	0.016226139374898
1645 	0.0186614587510286
1646 	0.0215443489689069
1647 	0.0204067812864645
1648 	0.0199903060315276
1649 	0.020403702977848
1650 	0.0215993750464208
1651 	0.0215334450712896
1652 	0.0193947042845753
1653 	0.0176949218234928
1654 	0.0165697425688645
1655 	0.016139791995651
1656 	0.0146662013340477
1657 	0.0133403835422909
1658 	0.012540891339597
1659 	0.0123701992376552
1660 	0.0124766001046745
1661 	0.011583166804489
1662 	0.010969117081486
1663 	0.0106827374372005
1664 	0.0107502466034536
1665 	0.0107236928665458
1666 	0.0107038634888014
1667 	0.0110491798125185
1668 	0.0117274307298496
1669 	0.0126411839685039
1670 	0.0117841802508345
1671 	0.0114646254272617
1672 	0.0118190867911169
1673 	0.0127916548323418
1674 	0.0128460961807101
1675 	0.0112925034590809
1676 	0.0105761451999923
1677 	0.0108639231329182
1678 	0.0120843109035335
1679 	0.0143953566895623
1680 	0.0155087707016039
1681 	0.0172245532181751
1682 	0.019383397248475
1683 	0.0199575659393392
1684 	0.0170243827285605
1685 	0.0143939260737019
1686 	0.0122625829172786
1687 	0.0109264405573049
1688 	0.00892033052336431
1689 	0.0079229540824093
1690 	0.00755948937150964
1691 	0.00791772259832762
1692 	0.00825749649060119
1693 	0.00647139225378816
1694 	0.00620817087520954
1695 	0.00762716539957819
1696 	0.0100387109208582
1697 	0.00956759875878663
1698 	0.00722601230201815
1699 	0.0055153965239512
1700 	0.00511390077060766
1701 	0.00593154823790518
1702 	0.00492279506439841
1703 	0.0047453487287234
1704 	0.00548055968236734
1705 	0.00684021277961776
1706 	0.00696325679345519
1707 	0.00621327070330902
1708 	0.00594516258611526
1709 	0.00622154492066395
1710 	0.00686393239631761
1711 	0.00617887095729175
1712 	0.00635201622966112
1713 	0.00732274262597441
1714 	0.00883186245703684
1715 	0.00904281353079238
1716 	0.00811860614940506
1717 	0.0074375682458707
1718 	0.00707032130536946
1719 	0.00701622810284181
1720 	0.00604557429062183
1721 	0.00568581869680747
1722 	0.00604699545557298
1723 	0.00701867707361526
1724 	0.00699279746852002
1725 	0.0063188319649592
1726 	0.00651311712860324
1727 	0.00750855434982556
1728 	0.00888341952941929
1729 	0.00714443600847666
1730 	0.00559539244751123
1731 	0.00443976292418991
1732 	0.00403140179382493
1733 	0.00396783666297033
1734 	0.00396769206135725
1735 	0.00440955500670492
1736 	0.00518155507296882
1737 	0.00604532266000469
1738 	0.00595544514977653
1739 	0.00613010807053966
1740 	0.00654817685597008
1741 	0.00716718302219896
1742 	0.00702887708986463
1743 	0.00671522366533148
1744 	0.00672330544711796
1745 	0.0070520163729162
1746 	0.00731608951585459
1747 	0.00680685258160976
1748 	0.00667273060829028
1749 	0.0069355202337775
1750 	0.00755391047701366
1751 	0.00744142234008571
1752 	0.00712081700723592
1753 	0.00689034448718355
1754 	0.00675923097312763
1755 	0.0062407404548117
1756 	0.00504063842098631
1757 	0.00461586689430446
1758 	0.00516153232177819
1759 	0.00643534007334487
1760 	0.0066801330621252
1761 	0.00730270510947562
1762 	0.0083490396860663
1763 	0.00968271981513172
1764 	0.00965496888029703
1765 	0.00842746303642841
1766 	0.00770752654709522
1767 	0.00764002099545123
1768 	0.00793638572450273
1769 	0.00687739427776532
1770 	0.00832889554249759
1771 	0.0113667086302976
1772 	0.0150596561858688
1773 	0.013914491863304
1774 	0.0105209232642605
1775 	0.00733055370536944
1776 	0.00477018424156732
1777 	0.00405763752760478
1778 	0.00443852687377526
1779 	0.00530544158634002
1780 	0.00646575526570172
1781 	0.00778943919668646
1782 	0.00780666699482257
1783 	0.00791026093174303
1784 	0.00822908153616115
1785 	0.00873960607405374
1786 	0.00876173375302103
1787 	0.00838639279886539
1788 	0.0081180906046578
1789 	0.00796764777236947
1790 	0.00768264548527054
1791 	0.00648181597803486
1792 	0.00572246034714879
1793 	0.00558756510540098
1794 	0.00611857275190229
1795 	0.00614962195281751
1796 	0.00638542985767193
1797 	0.00698892636844658
1798 	0.00787603847829187
1799 	0.00849327810346452
1800 	0.00874469796035936
1801 	0.00912219757340239
1802 	0.00961093186915899
1803 	0.0100227322088776
1804 	0.00942181716557377
1805 	0.00885315635827075
1806 	0.00832336334292452
1807 	0.0078403213074816
1808 	0.00653552399405397
1809 	0.0053019130409839
1810 	0.00460378239141
1811 	0.00468686090222015
1812 	0.00501435415888642
1813 	0.00515717248741166
1814 	0.00553931100781653
1815 	0.0061160741296968
1816 	0.00663005876739197
1817 	0.00635407291056778
1818 	0.00615645628886711
1819 	0.00604489980982574
1820 	0.00602418638283304
1821 	0.00569636448041623
1822 	0.00539380962399514
1823 	0.00517919010869826
1824 	0.00506369944409751
1825 	0.00454048178764279
1826 	0.00403562244804086
1827 	0.00409679091376902
1828 	0.00470194817155008
1829 	0.00514833260773016
1830 	0.00469065877226889
1831 	0.00462787684385897
1832 	0.00497495947038832
1833 	0.00561545845699307
1834 	0.00541206027597936
1835 	0.00563196481156652
1836 	0.00623051099877724
1837 	0.00711274317210426
1838 	0.00690788015111733
1839 	0.0065191121670725
1840 	0.0064326497739505
1841 	0.00666027680990053
1842 	0.00641955745063696
1843 	0.00563876448359257
1844 	0.00517515485390817
1845 	0.00511570195022555
1846 	0.00546504629945983
1847 	0.00638921787404924
1848 	0.0078262023737489
1849 	0.00954718527701476
1850 	0.0114095731199337
1851 	0.0104641474853629
1852 	0.00965620552071244
1853 	0.00903933416807537
1854 	0.00865448750805727
1855 	0.0083230385045621
1856 	0.00804606080668229
1857 	0.00788319139219111
1858 	0.00784154359878746
1859 	0.00735244803727674
1860 	0.00660213991858987
1861 	0.00618737902153183
1862 	0.00617614079302098
1863 	0.00620121987699289
1864 	0.00573064335115817
1865 	0.00552089516761501
1866 	0.00560135328859696
1867 	0.00580637321429436
1868 	0.0053639678299167
1869 	0.00573413717804674
1870 	0.00678516800031545
1871 	0.00826115474542889
1872 	0.00772013395910561
1873 	0.00712695245388953
1874 	0.00671069911294676
1875 	0.00650542560176064
1876 	0.0061653734450363
1877 	0.00604982816446209
1878 	0.00632817354169703
1879 	0.0069532660225038
1880 	0.00713751453120327
1881 	0.00705257579246218
1882 	0.00730298028128317
1883 	0.00785672964561589
1884 	0.00834034434182235
1885 	0.00853182523824443
1886 	0.00894700140778434
1887 	0.00955676308302236
1888 	0.00986294661112084
1889 	0.00859403177234303
1890 	0.00751998162973196
1891 	0.00673468192836261
1892 	0.00632655630553765
1893 	0.00582929182319994
1894 	0.00539866959964061
1895 	0.00505176063816489
1896 	0.00480672440001621
1897 	0.00447297015622593
1898 	0.00421145310643877
1899 	0.00405947563869627
1900 	0.00402945127763011
1901 	0.00420004314002038
1902 	0.00479210619257155
1903 	0.00569022793987887
1904 	0.00677374336085439
1905 	0.00702580919970388
1906 	0.0068570709877554
1907 	0.00679170023840638
1908 	0.00683266446581428
1909 	0.00647815107727035
1910 	0.00582699875320922
1911 	0.00539991799705787
1912 	0.00525186072693118
1913 	0.00513769075772238
1914 	0.00482488112276792
1915 	0.00465934097398537
1916 	0.00465680230534174
1917 	0.00461807776804232
1918 	0.00442955575261965
1919 	0.00461250264955544
1920 	0.005127308441225
1921 	0.00556915239988183
1922 	0.00501323801319546
1923 	0.00454587102611445
1924 	0.00419673950591004
1925 	0.00400141854780175
1926 	0.00404749001541061
1927 	0.00433704978817996
1928 	0.00482647145600196
1929 	0.00539339673738532
1930 	0.00505603515676417
1931 	0.00491638533501781
1932 	0.00499107084047774
1933 	0.00527098867607419
1934 	0.00503679203659758
1935 	0.00515407760583052
1936 	0.00560365534234466
1937 	0.0063149493827366
1938 	0.00595145873582137
1939 	0.00576050262489412
1940 	0.00585100998599665
1941 	0.00621068781848241
1942 	0.00653668811063546
1943 	0.00693446484334868
1944 	0.00741436557952666
1945 	0.00796155351080528
1946 	0.00766728416370422
1947 	0.00728102815074795
1948 	0.00696836613856658
1949 	0.00673954846962324
1950 	0.00612848598165731
1951 	0.00576321575824627
1952 	0.005834790830114
1953 	0.0063284061889723
1954 	0.00512406489058142
1955 	0.0044905144367419
1956 	0.00537495000916364
1957 	0.00724100435617544
1958 	0.00699967334703645
1959 	0.00623793173048313
1960 	0.00566310879809417
1961 	0.00533595857553846
1962 	0.00494267588386104
1963 	0.00462620252791835
1964 	0.00449855175331232
1965 	0.00457555450591894
1966 	0.00475149404161071
1967 	0.00500323172831927
1968 	0.00533376401074519
1969 	0.00572947013367223
1970 	0.00571791181339676
1971 	0.00565356864417166
1972 	0.00564925239613855
1973 	0.00570509931276667
1974 	0.00553571657519413
1975 	0.00545543732828424
1976 	0.00553464751041346
1977 	0.00576677881194915
1978 	0.0054212801758113
1979 	0.00506250113758645
1980 	0.00482105415804084
1981 	0.00471499894217814
1982 	0.00408988737320634
1983 	0.00354506330814136
1984 	0.00322163376232302
1985 	0.0031877153958503
1986 	0.00324766956537458
1987 	0.00359220171533421
1988 	0.00415859061045536
1989 	0.0048519613079407
1990 	0.00476873470171598
1991 	0.00493327379746107
1992 	0.00532265043468484
1993 	0.00579050277421335
1994 	0.00527294904635889
1995 	0.00495556413758798
1996 	0.00487758087651304
1997 	0.00499305159915143
1998 	0.00495004151462081
1999 	0.00495152456289068
2000 	0.00499746113272624
2001 	0.0049595610203939
2002 	0.00458885217213899
2003 	0.00427241945795871
2004 	0.00402309045585714
2005 	0.00378810056858982
2006 	0.00355589820648219
2007 	0.00349757887897392
2008 	0.00362155267766383
2009 	0.00370413067896305
2010 	0.00370356923011404
2011 	0.00388412545642345
2012 	0.00422262958875187
2013 	0.00438775916330645
2014 	0.004446393339035
2015 	0.00463107231735278
2016 	0.00492764464268568
2017 	0.004834028768266
2018 	0.00468423116333549
2019 	0.00473085461762265
2020 	0.00496837253001202
2021 	0.00498012435773159
2022 	0.00495545908561192
2023 	0.00496585706703142
2024 	0.0050111000390641
2025 	0.00492441334675697
2026 	0.00491426393718102
2027 	0.00498930468318157
2028 	0.00508504902495462
2029 	0.00489339535152061
2030 	0.0048994406599239
2031 	0.00510248231037482
2032 	0.00525490821345115
2033 	0.00498220347768535
2034 	0.004878755617235
2035 	0.0049551765832029
2036 	0.00495685664086331
2037 	0.00475957247256135
2038 	0.00467654925504133
2039 	0.00471382818926003
2040 	0.0046343777282138
2041 	0.00454577897453543
2042 	0.00459132466521346
2043 	0.00476717149009468
2044 	0.00454337337481333
2045 	0.00436561344417966
2046 	0.00436978718081448
2047 	0.00454793240003761
2048 	0.00434649647776184
2049 	0.00420989158745632
2050 	0.00414520409699
2051 	0.00405995504275095
2052 	0.00367769328720481
2053 	0.00336434713963913
2054 	0.00314061239774967
2055 	0.00309423374924744
2056 	0.0033078531661988
2057 	0.0037016139088123
2058 	0.0042254516181499
2059 	0.00436046625909614
2060 	0.00433814537565259
2061 	0.00442910742392897
2062 	0.0046266756763292
2063 	0.00437602359787705
2064 	0.00421557555906196
2065 	0.0042286906594877
2066 	0.00430848234769336
2067 	0.0037996432649036
2068 	0.00345421361077903
2069 	0.00332354153358685
2070 	0.00322594117588188
2071 	0.00300852437773065
2072 	0.00299849178195645
2073 	0.00319779589333537
2074 	0.00325356610612127
2075 	0.00328348255884022
2076 	0.00345697654984692
2077 	0.00375419496867862
2078 	0.00407005712081757
2079 	0.00450364879397602
2080 	0.00503426886541112
2081 	0.00544263592567815
2082 	0.00516946679083549
2083 	0.0049453340366922
2084 	0.00477714468257228
2085 	0.00478151908087023
2086 	0.00498067694983061
2087 	0.00528328505579214
2088 	0.00567281226793852
2089 	0.00520737633873036
2090 	0.00456908489130754
2091 	0.00399005121032495
2092 	0.00356102067235581
2093 	0.00371930514333541
2094 	0.00399036500329049
2095 	0.0043531844159969
2096 	0.00458575440544768
2097 	0.00474382636456238
2098 	0.00515447743753083
2099 	0.00576397351640122
2100 	0.0058390818370202
2101 	0.00582307475014739
2102 	0.00601016746217195
2103 	0.00625016404198981
2104 	0.00546722592065143
2105 	0.0048434284711693
2106 	0.00444626481616359
2107 	0.00415384467989497
2108 	0.00381696334610939
2109 	0.00371406415816596
2110 	0.00386388609834489
2111 	0.00390198906059331
2112 	0.00407687327869319
2113 	0.00446151695531099
2114 	0.00486413390632688
2115 	0.00437607103613997
2116 	0.00406308818410369
2117 	0.00396684538318025
2118 	0.00404564668476107
2119 	0.00425134264920319
2120 	0.00462702608357465
2121 	0.00513552580261815
2122 	0.00478726334667337
2123 	0.00457711567124781
2124 	0.00460485690183792
2125 	0.00474090794326
2126 	0.0046301453138906
2127 	0.00458098740419891
2128 	0.00459541162851855
2129 	0.004339517635142
2130 	0.00413002695031031
2131 	0.00414021400525784
2132 	0.00432721596763609
2133 	0.00424363593662747
2134 	0.00431594366179891
2135 	0.00453669143959812
2136 	0.00453417041324576
2137 	0.00431430695584755
2138 	0.00426239031269324
2139 	0.00438401744499058
2140 	0.00436020810260405
2141 	0.00443879539972102
2142 	0.00464084859606573
2143 	0.00468828846318973
2144 	0.00450233605063752
2145 	0.00459233632978882
2146 	0.0049432396131648
2147 	0.0045527449479273
2148 	0.00413567763630464
2149 	0.0039015958856949
2150 	0.00380921654714934
2151 	0.00358496972514737
2152 	0.00340051690373704
2153 	0.00326261437350644
2154 	0.00326154287738752
2155 	0.00334459946081632
2156 	0.00348312194641629
2157 	0.00364794125094652
2158 	0.00380779147629904
2159 	0.00405690285527377
2160 	0.00438007190817865
2161 	0.00435189208980043
2162 	0.0042995835181565
2163 	0.00438956503374442
2164 	0.00451573755138717
2165 	0.00445570239181187
2166 	0.00453896078783711
2167 	0.00475799635565044
2168 	0.00480329439795263
2169 	0.00483137092050373
2170 	0.00497171969558029
2171 	0.00501256491009839
2172 	0.00473532007882847
2173 	0.00472530711779273
2174 	0.00498413686644635
2175 	0.00467014859693967
2176 	0.00425971881512956
2177 	0.00393521658280248
2178 	0.00372607861144035
2179 	0.00360121383950045
2180 	0.00360763729541459
2181 	0.00374467342114149
2182 	0.00352947441329397
2183 	0.00347608544113748
2184 	0.00368735944482883
2185 	0.00373971106519282
2186 	0.00341179107488265
2187 	0.00335790622291456
2188 	0.00357557437596043
2189 	0.00364640955025142
2190 	0.00377129395050727
2191 	0.00395718243308434
2192 	0.00419163024548864
2193 	0.00450467598719906
2194 	0.00495813593360556
2195 	0.00538763546509221
2196 	0.00519963684815371
2197 	0.00510740276592752
2198 	0.00511611521438857
2199 	0.00497552157332209
2200 	0.00487214296345632
2201 	0.00489268558974301
2202 	0.00493438011637356
2203 	0.00484491379246829
2204 	0.00485579829901859
2205 	0.00496221113717041
2206 	0.00498405055841365
2207 	0.00514537332935874
2208 	0.00545406041878391
2209 	0.00553604394910912
2210 	0.00543680493245668
2211 	0.00544304978434876
2212 	0.00551347528598363
2213 	0.00518160770242017
2214 	0.00493935681225571
2215 	0.00480030954628375
2216 	0.00421314917803861
2217 	0.00367974238949153
2218 	0.0034011870002479
2219 	0.00333032871042972
2220 	0.00330324272326706
2221 	0.00347490015521627
2222 	0.00366319420763519
2223 	0.0035702019608584
2224 	0.00371862687259054
2225 	0.00408222036783393
2226 	0.0040024513658077
2227 	0.00411590432335215
2228 	0.00443251702825082
2229 	0.00459452109737458
2230 	0.00439729842942671
2231 	0.00431599184975826
2232 	0.00433740821866371
2233 	0.00442765526105162
2234 	0.0046714653768698
2235 	0.00504201581662776
2236 	0.00479848942002545
2237 	0.00455704418260062
2238 	0.00448846191749157
2239 	0.00441814109353989
2240 	0.00432131289617754
2241 	0.00431715553474114
2242 	0.00425489979353787
2243 	0.00382188246328889
2244 	0.00354143328913728
2245 	0.00347323018651515
2246 	0.00364583966603018
2247 	0.00395047053502317
2248 	0.00436297890542003
2249 	0.00451849338418033
2250 	0.00459899693319921
2251 	0.00479778937786322
2252 	0.00474289711870416
2253 	0.00451833341513828
2254 	0.00442410234339959
2255 	0.00440315630271119
2256 	0.00441672781377616
2257 	0.0046304981700513
2258 	0.00492146003846221
2259 	0.00455462594855441
2260 	0.00434130537025213
2261 	0.00437212085114621
2262 	0.00424874400477442
2263 	0.00431351561789017
2264 	0.00460602172010335
2265 	0.00446302120901619
2266 	0.00402903385583987
2267 	0.00373540698166513
2268 	0.00354788628145741
2269 	0.00343761390298304
2270 	0.00353037233813572
2271 	0.00366146030064429
2272 	0.00371399500611844
2273 	0.00392755376402949
2274 	0.00423968922519507
2275 	0.00411889702307124
2276 	0.00400255584766108
2277 	0.00396454607975873
2278 	0.0038951419554324
2279 	0.00387998566384319
2280 	0.00394782635115797
2281 	0.00421188516780104
2282 	0.00461676326752864
2283 	0.00512714221320912
2284 	0.00529595792656847
2285 	0.00511915455447785
2286 	0.00511389821654511
2287 	0.00505017803613727
2288 	0.00476680554186746
2289 	0.00460714166258191
2290 	0.00461329332555435
2291 	0.00439463981315625
2292 	0.00428187439882274
2293 	0.00413782180910681
2294 	0.00363831525295799
2295 	0.00337214773613241
2296 	0.00327992615113218
2297 	0.00279853924700178
2298 	0.00261556061974541
2299 	0.00285786644340927
2300 	0.00310671879048392
2301 	0.00350107855636837
2302 	0.00407499067034564
2303 	0.0040098627839687
2304 	0.00433383530879477
2305 	0.00502097262741556
2306 	0.00499913768980337
2307 	0.0050329714320381
2308 	0.00517459912853242
2309 	0.00523263620611452
2310 	0.00511929022243906
2311 	0.00509832218092936
2312 	0.00520097669406019
2313 	0.00551236936714734
2314 	0.00603083180869664
2315 	0.00588402001167552
2316 	0.00540116183553752
2317 	0.005129517920481
2318 	0.00493487207804808
2319 	0.00474871057085693
2320 	0.00473351855851153
2321 	0.00470281204005611
2322 	0.00465332210716186
2323 	0.00511158908290473
2324 	0.00543105639864828
2325 	0.00480111566662591
2326 	0.00438928966906851
2327 	0.00396594823208757
2328 	0.00332289222208004
2329 	0.00293771233568453
2330 	0.00288286055364111
2331 	0.0029684862903794
2332 	0.00332935045279842
2333 	0.00343971893974501
2334 	0.00357880547194607
2335 	0.00395246964755201
2336 	0.00430652424029475
2337 	0.00423133350304391
2338 	0.00429462234761742
2339 	0.00437461842818123
2340 	0.00449131004572145
2341 	0.00495060175832589
2342 	0.00487897890271652
2343 	0.00444317210419433
2344 	0.00425887848672482
2345 	0.00416662996507418
2346 	0.00407495238188153
2347 	0.0042424926552857
2348 	0.00443345151197492
2349 	0.00441854597260197
2350 	0.00463213513271267
2351 	0.0046600393580182
2352 	0.00466190661492394
2353 	0.00472863539814047
2354 	0.00460299278490817
2355 	0.0046355693389674
2356 	0.00479367094819059
2357 	0.00460658866287812
2358 	0.00438557016832151
2359 	0.00423628787466706
2360 	0.00390962075605709
2361 	0.00365149787793109
2362 	0.00347301638000597
2363 	0.00321142286098311
2364 	0.00311846420863141
2365 	0.00340925355572909
2366 	0.00370764465207385
2367 	0.00414434667856245
2368 	0.00459679361494592
2369 	0.00490800792198136
2370 	0.00528635229060543
2371 	0.00500096081362777
2372 	0.00432428018693709
2373 	0.00384996156535416
2374 	0.00373463984712564
2375 	0.00376661817998165
2376 	0.00407551612706
2377 	0.00420892993014403
2378 	0.00440131557922357
2379 	0.00468490538787824
2380 	0.00475243744987824
2381 	0.00479468610410527
2382 	0.00485420053517842
2383 	0.00451390727080758
2384 	0.0042619506679253
2385 	0.00434590719241106
2386 	0.0042571221577422
2387 	0.00436839080393686
2388 	0.00479068300267084
2389 	0.004702131429794
2390 	0.00488691818119506
2391 	0.00501287031387888
2392 	0.00506112345172035
2393 	0.00518968714553943
2394 	0.00518458762809232
2395 	0.00522907322365883
2396 	0.00531918403986456
2397 	0.00531896965189812
2398 	0.00536815063385315
2399 	0.00501451143636369
2400 	0.00452153135501617
