 	sdcm20
200 	0
201 	0
202 	0
203 	0.00537132225083055
204 	0.00494729570132425
205 	0.00468837036620335
206 	0.004622374771189
207 	0.00475734487505727
208 	0.00507727898538392
209 	0.00544825445024639
210 	0.00481470286280275
211 	0.00451363408624205
212 	0.00461064676339934
213 	0.00508299875999958
214 	0.00584031943616301
215 	0.00678788831254928
216 	0.00641943429386583
217 	0.00532325343106275
218 	0.00444103297272258
219 	0.00391999706297392
220 	0.00390740788990173
221 	0.00440762432585125
222 	0.00504755503193977
223 	0.00494743635444795
224 	0.00512276577212571
225 	0.00554748770388083
226 	0.00617031591470421
227 	0.00693810241663324
228 	0.00780820208460492
229 	0.00789774831721269
230 	0.0078222830246657
231 	0.00788258902157193
232 	0.0080756252003876
233 	0.00839223747282929
234 	0.00881912648467415
235 	0.00879209984840668
236 	0.00769136197281689
237 	0.00677945235429472
238 	0.0061410744520913
239 	0.00586621791300172
240 	0.00600500838918929
241 	0.00653112814759923
242 	0.00584612495969347
243 	0.00519706663370008
244 	0.00485651141487628
245 	0.00488935390695597
246 	0.00528864227463391
247 	0.00598143541029755
248 	0.00603780670276261
249 	0.0052545867184329
250 	0.00460554879199445
251 	0.00415407078197465
252 	0.00396816768045068
253 	0.00408426636141608
254 	0.00441558253193227
255 	0.00384722410669868
256 	0.00346844033413248
257 	0.00334427931984249
258 	0.00350192957956478
259 	0.00390742858984665
260 	0.00449418139183174
261 	0.00438663439007159
262 	0.00404379274656502
263 	0.00398418308479512
264 	0.0042198254110977
265 	0.00470657993856545
266 	0.00537667364706565
267 	0.00571267746360449
268 	0.00481780550745043
269 	0.00425955279921188
270 	0.00417520110032284
271 	0.0045909467916988
272 	0.00539233295499184
273 	0.00643690072845479
274 	0.00601127160432586
275 	0.00547031055268811
276 	0.00515796398899479
277 	0.0051162751301824
278 	0.00535157300526849
279 	0.00583041849104794
280 	0.00581571480931025
281 	0.00524224233615864
282 	0.00502084096330972
283 	0.00519670631715274
284 	0.00573339710945204
285 	0.00654271362529815
286 	0.00742251594913969
287 	0.00703368200377325
288 	0.00681539184396115
289 	0.0067841280489698
290 	0.00694241778665499
291 	0.00727790354468004
292 	0.00776765982960293
293 	0.00800135327661025
294 	0.0082589106408359
295 	0.00870313533728334
296 	0.00930733761257182
297 	0.0100426844608045
298 	0.0108826236695818
299 	0.0112973053902784
300 	0.0107430515612193
301 	0.0102921615918732
302 	0.00995868511601064
303 	0.00975467138692448
304 	0.00968830243718287
305 	0.00976238597793457
306 	0.00917376093835341
307 	0.00862831816168161
308 	0.00817408412268855
309 	0.00782695474567291
310 	0.00760161708699357
311 	0.00750904364644206
312 	0.0074046920733055
313 	0.00746329262677499
314 	0.0078076174352277
315 	0.00840261413171316
316 	0.00919977388459393
317 	0.0101515829237831
318 	0.0106804508496532
319 	0.00964165523809446
320 	0.00869613451395978
321 	0.00787754718270109
322 	0.00722914228125803
323 	0.006799779482149
324 	0.0066321382875531
325 	0.006207282245115
326 	0.00589157519346396
327 	0.00576595024826606
328 	0.00584268130965899
329 	0.00611415457136284
330 	0.00655622345365952
331 	0.00650704738202555
332 	0.00607006138894631
333 	0.00576758474512968
334 	0.00562137271597901
335 	0.00564358374835341
336 	0.00583229395096209
337 	0.00597716424984426
338 	0.00557303598010151
339 	0.00533719695366344
340 	0.00529219390514759
341 	0.00544276263105116
342 	0.00577362256361214
343 	0.00625623478435187
344 	0.00580213156150696
345 	0.00535293249444852
346 	0.0050739224983608
347 	0.00499371007816656
348 	0.00512164414679057
349 	0.00544306758952038
350 	0.0055275944213236
351 	0.0054686171656695
352 	0.00557849703092779
353 	0.00584772317615093
354 	0.00625575617868238
355 	0.00677757229328914
356 	0.00670753612949612
357 	0.0050431553745026
358 	0.00459291289452864
359 	0.00565467409357557
360 	0.00762068808408112
361 	0.00996962848694131
362 	0.012487239686291
363 	0.0109915840649483
364 	0.00934388627325296
365 	0.00788314983563588
366 	0.00673219445557155
367 	0.00606987506107927
368 	0.0060586198543511
369 	0.00577536165853029
370 	0.00518967061477747
371 	0.0048011551772343
372 	0.00465940255020088
373 	0.00478638740144267
374 	0.00516231612084107
375 	0.00549955566174673
376 	0.0056006215337596
377 	0.00595835545447954
378 	0.00653071412245196
379 	0.00726716198018277
380 	0.00812319202118155
381 	0.00902191839383088
382 	0.0090062494515354
383 	0.00905805864905391
384 	0.00917620310499938
385 	0.00935817076071928
386 	0.00960033312846192
387 	0.0098982731825398
388 	0.00895228508489951
389 	0.00764399288625818
390 	0.00642799240655085
391 	0.00536738163743208
392 	0.00457162170730136
393 	0.00419427044396915
394 	0.00426112778591535
395 	0.00485785454536294
396 	0.00592545228217597
397 	0.00725905723225977
398 	0.00873770749353278
399 	0.010299118689106
400 	0.0113873709760721
401 	0.0104297173402987
402 	0.0095383567494145
403 	0.00873361063869976
404 	0.00804152471403611
405 	0.00749338003128313
406 	0.00712248752113665
407 	0.00605333056659933
408 	0.00586494694318341
409 	0.00672237674683997
410 	0.00830789085080088
411 	0.0102902724178447
412 	0.0124818394982613
413 	0.0118209322778498
414 	0.00979140661531664
415 	0.00792092860890614
416 	0.00635160133196942
417 	0.00535507533701724
418 	0.00526717069990633
419 	0.00563292005126412
420 	0.00566789588748928
421 	0.00588458555165424
422 	0.00626415982186705
423 	0.00677931392316984
424 	0.00740179330295781
425 	0.00794540768215896
426 	0.00783945754354074
427 	0.0079751656164261
428 	0.00834074453109867
429 	0.00890793762595248
430 	0.00964122745576761
431 	0.0105058917589615
432 	0.0110229415786846
433 	0.0116680235227598
434 	0.0124569720161338
435 	0.0133643322951912
436 	0.0143676877257381
437 	0.0154483452341939
438 	0.0151920418318814
439 	0.0143194832276177
440 	0.0134765083737364
441 	0.0126690240013079
442 	0.0119042544286071
443 	0.0111909602364265
444 	0.0101090090019191
445 	0.00866400599662683
446 	0.00749829745730842
447 	0.00675799212391947
448 	0.00658809367538322
449 	0.00703008015205222
450 	0.00751951386767514
451 	0.00668393557983912
452 	0.00600584747915546
453 	0.00554334881894282
454 	0.00535261911518366
455 	0.00546220191261201
456 	0.00584562695164167
457 	0.00546431835343942
458 	0.00522677088827085
459 	0.00515290510391777
460 	0.00524963487704177
461 	0.0055079796582132
462 	0.00590677168418526
463 	0.00546975228718635
464 	0.00484255955569489
465 	0.004277865220575
466 	0.00380360795404052
467 	0.00345720854423871
468 	0.0032794364144401
469 	0.00312207832912823
470 	0.00300845621639346
471 	0.00306317164048304
472 	0.00327780538966569
473 	0.00362405461139068
474 	0.00406845320244948
475 	0.00423794238503202
476 	0.00399785871019827
477 	0.00392903468290371
478 	0.00404023185932531
479 	0.00431756344245791
480 	0.00473190821414423
481 	0.00509965673139542
482 	0.00501701204948747
483 	0.00514442688181428
484 	0.00546723448289529
485 	0.00595373704076526
486 	0.00656765738457757
487 	0.00725649840197973
488 	0.00647677631354074
489 	0.00610146961456064
490 	0.00620440723866734
491 	0.00676378921855974
492 	0.0076805245710849
493 	0.00884417935509164
494 	0.00892302851747455
495 	0.00882215044047312
496 	0.00878961996979841
497 	0.00882619285881977
498 	0.00893102020472166
499 	0.00910174399561287
500 	0.00912450169489935
501 	0.00908663145487725
502 	0.00909603009901488
503 	0.00915255200894708
504 	0.00925533388590894
505 	0.00940285886056491
506 	0.00884605316923231
507 	0.00757983931612031
508 	0.00643469878468499
509 	0.00548696727228755
510 	0.00485369428897082
511 	0.00466475762076941
512 	0.00465370935130042
513 	0.00437615629642185
514 	0.0044773342959921
515 	0.00493399899963957
516 	0.0056607610020071
517 	0.00656857133464099
518 	0.00743545561416821
519 	0.00760267220174476
520 	0.00780431051303921
521 	0.00803778042251222
522 	0.00830039632890756
523 	0.00858948530898086
524 	0.00886550564862172
525 	0.00759582144639542
526 	0.00636326996569462
527 	0.0051943521288141
528 	0.00414328029355168
529 	0.00332379862728861
530 	0.00293664625203842
531 	0.00282304821924249
532 	0.00277918384665518
533 	0.00282052078976216
534 	0.00294347163466588
535 	0.00313845918713551
536 	0.0033930870812843
537 	0.00370358296659915
538 	0.00409474774067389
539 	0.00454902063776859
540 	0.00504939757790524
541 	0.00558349715415761
542 	0.00614252899667857
543 	0.00640547908215981
544 	0.00668217748990661
545 	0.00718789185101165
546 	0.00787864468279045
547 	0.00871052549127101
548 	0.0096470941817264
549 	0.0105038033051037
550 	0.0113144199719973
551 	0.0122364809301225
552 	0.0132467347910293
553 	0.0143265365847638
554 	0.015461321716638
555 	0.0162621031280766
556 	0.0164939937985139
557 	0.0167979607226851
558 	0.0171701763879865
559 	0.0176063127794126
560 	0.0181017502445671
561 	0.017960328234064
562 	0.0159599045855017
563 	0.0140629868664983
564 	0.012317488622372
565 	0.010797098380732
566 	0.00960926750851096
567 	0.00878045630957218
568 	0.00771433787634008
569 	0.00687334483828787
570 	0.00634759751333968
571 	0.00621758664164383
572 	0.00650707596628421
573 	0.00711323012034725
574 	0.00716518336872956
575 	0.00737956530141849
576 	0.00774289588824227
577 	0.00823548485532553
578 	0.00883574027664413
579 	0.00952332520909604
580 	0.00925581090718177
581 	0.00897832100195835
582 	0.00872389448208519
583 	0.00849460395254275
584 	0.00829253472360544
585 	0.00811971935657247
586 	0.00752964452363105
587 	0.00690189523566919
588 	0.00629900583126442
589 	0.00572883029131578
590 	0.00520213648199808
591 	0.00473346140516826
592 	0.00390989851750951
593 	0.00326357257661526
594 	0.00309628427790639
595 	0.00347786105495153
596 	0.00426339413222023
597 	0.00527541584682329
598 	0.00560889051428935
599 	0.00570038307864904
600 	0.005829280677311
601 	0.00599317033929909
602 	0.00618927295781154
603 	0.00641463485369198
604 	0.00649103272459391
605 	0.00650346639429912
606 	0.00653760753208143
607 	0.00659311892331685
608 	0.00666946698186524
609 	0.00676594637128492
610 	0.00686920484788894
611 	0.00703736179862675
612 	0.00728598679173289
613 	0.00760719413291563
614 	0.00799223737287942
615 	0.00843237632432636
616 	0.00834777089104669
617 	0.0078370330598796
618 	0.00735220028225254
619 	0.0068987364260082
620 	0.00648322705426701
621 	0.00611341600705337
622 	0.00575594768041476
623 	0.00543386107986912
624 	0.00520480748257532
625 	0.00508138345194882
626 	0.00507130720825685
627 	0.00517524086154528
628 	0.0052204962507018
629 	0.00518841396081013
630 	0.00526697680625554
631 	0.00545140320012236
632 	0.00573148287502817
633 	0.00609404151339193
634 	0.0061496950939238
635 	0.00584898203610938
636 	0.00571069074933987
637 	0.00574655929020383
638 	0.00595344063398853
639 	0.00631454859466532
640 	0.0066107031454079
641 	0.0067386399606056
642 	0.00696524493769537
643 	0.00728131180811309
644 	0.00767579717901007
645 	0.00813730416668116
646 	0.00834928284551421
647 	0.00815791013156135
648 	0.00804453995332351
649 	0.0080124840138598
650 	0.00806271224525922
651 	0.00819371155784123
652 	0.00777318012691896
653 	0.00652133740014447
654 	0.00564587567422533
655 	0.00533540450316438
656 	0.00568328503044281
657 	0.00658600597505158
658 	0.00723590618708615
659 	0.00702303983865504
660 	0.00694544574922729
661 	0.00700761889579353
662 	0.00720594243489393
663 	0.00752966586339839
664 	0.00783810201632087
665 	0.00806179218346433
666 	0.00841223706858112
667 	0.00887443300071528
668 	0.00943196580612382
669 	0.0100690111803058
670 	0.010000387545219
671 	0.00883239122952274
672 	0.00793782170200824
673 	0.00741629197639485
674 	0.00734767002186048
675 	0.00774400526768279
676 	0.00819213954141712
677 	0.00826959639730606
678 	0.00843377926786611
679 	0.00867976812825679
680 	0.00900085832784742
681 	0.00938934824000694
682 	0.00920973167207222
683 	0.00825548862544554
684 	0.00748744286571429
685 	0.00696744444821741
686 	0.0067530390832454
687 	0.00687288620812746
688 	0.00684394544589252
689 	0.00632225096926796
690 	0.005835630387075
691 	0.00539358538958858
692 	0.00500793383932941
693 	0.00469260012866052
694 	0.00460244703173625
695 	0.00498633006713748
696 	0.00569339451459326
697 	0.0066208971719112
698 	0.00768947997754743
699 	0.0088481755176445
700 	0.00894218642763047
701 	0.008009839238911
702 	0.00714291611676456
703 	0.006368192534802
704 	0.00572323345327774
705 	0.00525602755437636
706 	0.00497196850259462
707 	0.00477239011482741
708 	0.00466473777101954
709 	0.00465539299991042
710 	0.00474493666362557
711 	0.00492798116341632
712 	0.00455872908059394
713 	0.00386527772522048
714 	0.00330070055105679
715 	0.0029401985535395
716 	0.00286195774122421
717 	0.0030875115971764
718 	0.00321185887017539
719 	0.00336053383119494
720 	0.00368000333525606
721 	0.00413082899096468
722 	0.00467516400203259
723 	0.00528418919299992
724 	0.00506690735962518
725 	0.00465272782420683
726 	0.00440049321890459
727 	0.00433854160766661
728 	0.0044747831614097
729 	0.00479234428543791
730 	0.00444289712196667
731 	0.00403278324512767
732 	0.00379564967248314
733 	0.00376433022442193
734 	0.00394373141948177
735 	0.00430760523350911
736 	0.00410675867005096
737 	0.00392614355428508
738 	0.00386942976350642
739 	0.0039419686999777
740 	0.00413696686227216
741 	0.00443831268147159
742 	0.00421328863229338
743 	0.00413297401556707
744 	0.00422385958314885
745 	0.00447552765530835
746 	0.00486308012057863
747 	0.00534808646431636
748 	0.00588051143150813
749 	0.0066177476240875
750 	0.00749963569714276
751 	0.00848117153566205
752 	0.00953162046550924
753 	0.0105624203899604
754 	0.0113275722554038
755 	0.0121818206053163
756 	0.0131077574233885
757 	0.0140912578371222
758 	0.0151210939268855
759 	0.0153858154595493
760 	0.0136203110152656
761 	0.0120757015722367
762 	0.0108467693938227
763 	0.0100499943092379
764 	0.00979145068212849
765 	0.00959165241830254
766 	0.00876780088766994
767 	0.0080036087485063
768 	0.00731779050626291
769 	0.00673433345543421
770 	0.0062818246223095
771 	0.00583293516342131
772 	0.00532513605895022
773 	0.00490386521459303
774 	0.00459299386134659
775 	0.00441589965338296
776 	0.00438880683763098
777 	0.00425576931419124
778 	0.00419749610759337
779 	0.00438773579677163
780 	0.0047970124038448
781 	0.00537552614302734
782 	0.00607512019284063
783 	0.00621700073623883
784 	0.0062656392797286
785 	0.00642116193316055
786 	0.00667610313873076
787 	0.00701963910931178
788 	0.0074395067638854
789 	0.0073300315072239
790 	0.00722861434110529
791 	0.00720173026050793
792 	0.00725020842837934
793 	0.00737256236473552
794 	0.00756052603360945
795 	0.00771751196109531
796 	0.0079187244244718
797 	0.00816089277151205
798 	0.00844049251061945
799 	0.0087539377135003
800 	0.00887975689604559
801 	0.00819729309310286
802 	0.00756600707259943
803 	0.0069997592414345
804 	0.0065155286278629
805 	0.00613277381043721
806 	0.00589306276923924
807 	0.00580368962934983
808 	0.0058212315444027
809 	0.00594474212572529
810 	0.00616785862818644
811 	0.0064803009221264
812 	0.00641939906523355
813 	0.00599330670005702
814 	0.00558976279496353
815 	0.00521400547254713
816 	0.00487246755682655
817 	0.0045728228893853
818 	0.00408299467268225
819 	0.00360230572307895
820 	0.00328699747341572
821 	0.00318654720666328
822 	0.00332051180583416
823 	0.00366326344226193
824 	0.00354304040762037
825 	0.00353089972818142
826 	0.0037098709197631
827 	0.00405472605517654
828 	0.00452771866552488
829 	0.00500118009282318
830 	0.0044156305353803
831 	0.00393367882826036
832 	0.00359720872588921
833 	0.00344906327951692
834 	0.00351314813086488
835 	0.00359697771269498
836 	0.00341839568420064
837 	0.00352139003364216
838 	0.00388362264019597
839 	0.00444212113533464
840 	0.00513321866645735
841 	0.00532063655742643
842 	0.00501750906220305
843 	0.00495666266104008
844 	0.00514669758334412
845 	0.00556195748153863
846 	0.00615703904254951
847 	0.00615461195521051
848 	0.00591306968103219
849 	0.00578972581989222
850 	0.00579213642532473
851 	0.00592014788268696
852 	0.00616594233020831
853 	0.00556769726524126
854 	0.00505271391630989
855 	0.00480273592896846
856 	0.00485883898553696
857 	0.00521114666575212
858 	0.00569840701345487
859 	0.00550490875192862
860 	0.00542319650232091
861 	0.00545829298390698
862 	0.00560800555930605
863 	0.00586356141503642
864 	0.00594176473692169
865 	0.00556982967356472
866 	0.00526223543076109
867 	0.00503079770986986
868 	0.00488634978272594
869 	0.00483669179639338
870 	0.00461672306189307
871 	0.00433918408662245
872 	0.0042320635875598
873 	0.00430809271544511
874 	0.00455811588759685
875 	0.00495586874410775
876 	0.00457636829126587
877 	0.00407530302847242
878 	0.00366740750810511
879 	0.00338651678088143
880 	0.00326557024177001
881 	0.00330046200321981
882 	0.00327106345087016
883 	0.00348470972532714
884 	0.00390167742710883
885 	0.00446536792726889
886 	0.00512761872722639
887 	0.00549320114006328
888 	0.00522546129411427
889 	0.00510972188515041
890 	0.00515622873688595
891 	0.00536076084775255
892 	0.00570635119693044
893 	0.00559535476859446
894 	0.00521613637592292
895 	0.00499511576067171
896 	0.00495351423711354
897 	0.00509572803400585
898 	0.00540727326480832
899 	0.00502954726595127
900 	0.00464324687575537
901 	0.00441190868504625
902 	0.00436026785740986
903 	0.00449452268641922
904 	0.00470101346106772
905 	0.00443904118750953
906 	0.00432040234272224
907 	0.00435682186655841
908 	0.00454457344380867
909 	0.00486617194833354
910 	0.00490348698588917
911 	0.00464418743331559
912 	0.00471382624006157
913 	0.00509894374728375
914 	0.00573634774618657
915 	0.00655282627597741
916 	0.00639466792160683
917 	0.00594953376771979
918 	0.00569493392417239
919 	0.00565665438841565
920 	0.00583895122955445
921 	0.0062114553869969
922 	0.00588578180662575
923 	0.00566766547114498
924 	0.00556975684186124
925 	0.00559836633574114
926 	0.00575160629284619
927 	0.00568085623598831
928 	0.00496957087636061
929 	0.00436251147270143
930 	0.00390854736913952
931 	0.00366501613328496
932 	0.00367400442443206
933 	0.00363307155413837
934 	0.0036643052497692
935 	0.00393799191297669
936 	0.00440921205512284
937 	0.00502267308159693
938 	0.00573289299737429
939 	0.00526906014830249
940 	0.00489367815248008
941 	0.00471289839672129
942 	0.00474899685825346
943 	0.00499727580244579
944 	0.00520103223081078
945 	0.00496686551251038
946 	0.00490620935738201
947 	0.00502535053336838
948 	0.0053122053982931
949 	0.00574169181424326
950 	0.00547204190620867
951 	0.00479972787082291
952 	0.00430083310748632
953 	0.00404012078740133
954 	0.00406369527757437
955 	0.0043669549362243
956 	0.00393235724421391
957 	0.00369556746511152
958 	0.00375595871905205
959 	0.00410042126204353
960 	0.00466646598296584
961 	0.00506878281177198
962 	0.00485838078775606
963 	0.0048105684137048
964 	0.00493007839138551
965 	0.00520539886326238
966 	0.0056136513611263
967 	0.0055100253558892
968 	0.00515027583352115
969 	0.00487549019505733
970 	0.00470059250146047
971 	0.00463689948450586
972 	0.00467850515949828
973 	0.00399803001070138
974 	0.00353609219185061
975 	0.00338341877334834
976 	0.00357979996455198
977 	0.00407508080414951
978 	0.0043695265168776
979 	0.00410418870168962
980 	0.00392754424015779
981 	0.00385181496955088
982 	0.00388290990145993
983 	0.00401834990860609
984 	0.00388683160851605
985 	0.00389794605742759
986 	0.00418669974352052
987 	0.00470222009058466
988 	0.00537970636562303
989 	0.00593719887635711
990 	0.00517734841905989
991 	0.00456862398827356
992 	0.00417761845781496
993 	0.00406760975892288
994 	0.00426042071416122
995 	0.00425469810161119
996 	0.00394535487455909
997 	0.00372211723823368
998 	0.00360103469612571
999 	0.0035924514650642
1000 	0.00369715115644173
1001 	0.00383596354117173
1002 	0.00410917687974122
1003 	0.0044986252215597
1004 	0.00497709745276888
1005 	0.00552149845059438
1006 	0.00578358936585768
1007 	0.00543633669427639
1008 	0.0051729061650253
1009 	0.00500654677085158
1010 	0.00494706112588464
1011 	0.00499826648306195
1012 	0.00468258474332777
1013 	0.00437081475772799
1014 	0.00427312676481075
1015 	0.00440379063804736
1016 	0.00474397518471667
1017 	0.005045735622961
1018 	0.00441762832664672
1019 	0.00403444353249487
1020 	0.00396778675464197
1021 	0.00423263881906537
1022 	0.00477414217885584
1023 	0.00491578669191118
1024 	0.00471370608495956
1025 	0.00457798219183607
1026 	0.00451460369030563
1027 	0.0045266103930694
1028 	0.00460341478794061
1029 	0.00418638211043139
1030 	0.00388461516599663
1031 	0.00372622424846969
1032 	0.00372952163963656
1033 	0.00389409662435239
1034 	0.00389745243041537
1035 	0.00365391287082663
1036 	0.00353598788579313
1037 	0.00355619580872601
1038 	0.00371228153191086
1039 	0.00398832382774692
1040 	0.00397472760154463
1041 	0.00418096500761604
1042 	0.00462090964479171
1043 	0.00523597862464493
1044 	0.00597230835039003
1045 	0.00631905631046129
1046 	0.00586887838522678
1047 	0.00546711848912414
1048 	0.00512517569214982
1049 	0.00485570359519847
1050 	0.00467126098191727
1051 	0.00443808847427922
1052 	0.0042147211611367
1053 	0.00403291235061563
1054 	0.0038984807284856
1055 	0.00381643608016829
1056 	0.00379680854469189
1057 	0.00383976872300941
1058 	0.00392170876268609
1059 	0.00404025772005056
1060 	0.00419231109550557
1061 	0.004374376441339
1062 	0.00448651589964914
1063 	0.00461906727513054
1064 	0.004801174772386
1065 	0.0050274561187788
1066 	0.00529224810321035
1067 	0.00543631987072559
1068 	0.00517738069013582
1069 	0.00501975998589083
1070 	0.0049731008689674
1071 	0.00504048575253536
1072 	0.00521749781233434
1073 	0.00509882098203031
1074 	0.00488162522187266
1075 	0.00470425193531587
1076 	0.00457133895036148
1077 	0.00448683913142982
1078 	0.00437624526056412
1079 	0.00411820714102601
1080 	0.00401662458531305
1081 	0.00408319134861945
1082 	0.00431012362313381
1083 	0.00467412186737866
1084 	0.00430408917535341
1085 	0.00382693752070337
1086 	0.0036289695959863
1087 	0.00375460946745084
1088 	0.00417474149628488
1089 	0.00446251253007812
1090 	0.00384845134605757
1091 	0.00342348505074482
1092 	0.00326236639116563
1093 	0.00340278290456118
1094 	0.00381155361614834
1095 	0.00387072513883973
1096 	0.00389429336421552
1097 	0.00403849732854623
1098 	0.0042911924565034
1099 	0.00463466685801721
1100 	0.00476196234897631
1101 	0.0043844537459643
1102 	0.00429690884659629
1103 	0.00451622169179494
1104 	0.00500219280425548
1105 	0.00568686636738337
1106 	0.00539551466796409
1107 	0.0049872414236194
1108 	0.0047184400839344
1109 	0.00461355372320041
1110 	0.00468360762777988
1111 	0.00463901607441923
1112 	0.00425768133604902
1113 	0.00404276860124882
1114 	0.00402105122454686
1115 	0.00419553039804257
1116 	0.004543659876647
1117 	0.00424114729845821
1118 	0.00401874649278109
1119 	0.00397138776000604
1120 	0.00410513367729672
1121 	0.00440351321988365
1122 	0.00446329406619242
1123 	0.00422933405038922
1124 	0.00413220825397322
1125 	0.00418146260949163
1126 	0.00437215278906149
1127 	0.00467234810065419
1128 	0.00466886736490597
1129 	0.00471574364287818
1130 	0.00481150534411766
1131 	0.00495331799751079
1132 	0.00513736942698505
1133 	0.00512515130262158
1134 	0.00501151299062146
1135 	0.00495379850748903
1136 	0.00495396280442862
1137 	0.00501200018952043
1138 	0.00500143126142729
1139 	0.00450387788105698
1140 	0.00409038390208068
1141 	0.00378857336731938
1142 	0.00362643889331628
1143 	0.00362278251190804
1144 	0.00350721931275697
1145 	0.00353777954842799
1146 	0.00379719521541927
1147 	0.00424370232461685
1148 	0.00482564377893164
1149 	0.0050847615629037
1150 	0.004721940327394
1151 	0.00450376517543714
1152 	0.00445155490268452
1153 	0.00457100003761459
1154 	0.00484943312483576
1155 	0.00447847699269551
1156 	0.00421943775685548
1157 	0.00412915819344019
1158 	0.00421848709628618
1159 	0.00447668548919998
1160 	0.0043708925788777
1161 	0.00396810062365057
1162 	0.00365893096915676
1163 	0.00346851002146502
1164 	0.00341674996967333
1165 	0.00344418678406261
1166 	0.00336017023550883
1167 	0.00348757782786627
1168 	0.003805231646692
1169 	0.0042708910487491
1170 	0.00484204156336158
1171 	0.00460007344827136
1172 	0.00428184841124305
1173 	0.00413931959022464
1174 	0.00419045323192489
1175 	0.00442854611285256
1176 	0.00451611197257171
1177 	0.00430535856636149
1178 	0.00419460000869227
1179 	0.00419177025762891
1180 	0.00429708254102776
1181 	0.00446375326256372
1182 	0.00420027581105988
1183 	0.00400433855663917
1184 	0.00388617091115218
1185 	0.0038529349997722
1186 	0.00390679901729532
1187 	0.0038591326104212
1188 	0.00376751049465326
1189 	0.00369826078676505
1190 	0.00365265616553503
1191 	0.00363158752853536
1192 	0.00354980759915629
1193 	0.00346547934364564
1194 	0.0035879438339801
1195 	0.00389775776757758
1196 	0.00435512009684938
1197 	0.00488207952372725
1198 	0.00424527927735525
1199 	0.0039318363415096
1200 	0.0040181492128862
1201 	0.00448117778988394
1202 	0.00522165020649688
1203 	0.00514722256632914
1204 	0.00471829686835497
1205 	0.00438390269495063
1206 	0.00416686124678144
1207 	0.00408591663783405
1208 	0.00393693207652536
1209 	0.00356358226261885
1210 	0.00336579124757923
1211 	0.00337457118974576
1212 	0.00358840612523098
1213 	0.00392436295441071
1214 	0.00346030293261569
1215 	0.00324195203845913
1216 	0.00331817638177248
1217 	0.00367067035132809
1218 	0.00423093748504611
1219 	0.00409664360132811
1220 	0.00384428710650354
1221 	0.00381144278508072
1222 	0.004003516833541
1223 	0.00439109282010028
1224 	0.00452669195953744
1225 	0.00430481657392013
1226 	0.00428564880407964
1227 	0.00447179604934932
1228 	0.00483962482433281
1229 	0.00519595588594174
1230 	0.00469222919799274
1231 	0.00432248977493465
1232 	0.00412294392302513
1233 	0.00411840515982598
1234 	0.00430948967496486
1235 	0.00384899663464676
1236 	0.00344611898120316
1237 	0.00332210759848694
1238 	0.00350667416271742
1239 	0.00395687128868813
1240 	0.00405070654357306
1241 	0.00392029500102077
1242 	0.00400425049550674
1243 	0.00429000593348755
1244 	0.00474121287549986
1245 	0.00492585928102523
1246 	0.00429258413679472
1247 	0.00382516064452251
1248 	0.0035889853456498
1249 	0.00362948538171971
1250 	0.00391515935759112
1251 	0.00363866819163524
1252 	0.00356600666112007
1253 	0.00370917304669617
1254 	0.0040453170158063
1255 	0.00453169711159698
1256 	0.00438624094033097
1257 	0.00414027763639936
1258 	0.00403873432138695
1259 	0.00409237554770776
1260 	0.00429539136990461
1261 	0.00417827728007272
1262 	0.00384823079450542
1263 	0.00379629484475358
1264 	0.00403322748313808
1265 	0.00451376654193511
1266 	0.00483045291463005
1267 	0.00437778317455152
1268 	0.00406533391127195
1269 	0.00392672105206262
1270 	0.00398014833330477
1271 	0.00418545564867367
1272 	0.0038094406111929
1273 	0.00371981094721281
1274 	0.00393617912770875
1275 	0.00441377114239319
1276 	0.00507942931824461
1277 	0.00469390096461994
1278 	0.00428027643589842
1279 	0.00419550107248785
1280 	0.00445837357231068
1281 	0.00501451526578612
1282 	0.00483258836849161
1283 	0.00416799375740619
1284 	0.00375488651921623
1285 	0.00367898257274001
1286 	0.00395972119684906
1287 	0.0041495807980576
1288 	0.00386670846082618
1289 	0.00372144343114188
1290 	0.00372989831900297
1291 	0.00389107120183647
1292 	0.00409532103021101
1293 	0.00400368050549096
1294 	0.00407832436983695
1295 	0.00431062299060835
1296 	0.00467714445946609
1297 	0.0051493066376227
1298 	0.00480947055346807
1299 	0.00457247567920718
1300 	0.00448172816986385
1301 	0.00454599468318061
1302 	0.00475899933282269
1303 	0.00459277796143379
1304 	0.00441092268467931
1305 	0.00436721504109318
1306 	0.00446571318579999
1307 	0.00469748018178372
1308 	0.00481191038133537
1309 	0.00489652809804197
1310 	0.0051024279862636
1311 	0.00541579480208376
1312 	0.00581929320147464
1313 	0.00576668819110122
1314 	0.0051816808214364
1315 	0.00487592603704901
1316 	0.00490195965344254
1317 	0.00525485273921732
1318 	0.00551513265945727
1319 	0.00496202208980973
1320 	0.00465817180798532
1321 	0.00465267582905372
1322 	0.00494652873765171
1323 	0.00537467140401867
1324 	0.00494648631472476
1325 	0.00471626891454218
1326 	0.00471311887593858
1327 	0.00493747081562152
1328 	0.0053608374367662
1329 	0.00490889699018095
1330 	0.0046950470858907
1331 	0.0048171441034557
1332 	0.00525180922962642
1333 	0.0059307112348794
1334 	0.00544293691332147
1335 	0.00490755318988009
1336 	0.00475309781265657
1337 	0.00501489219803705
1338 	0.00563521899621114
1339 	0.005247433828242
1340 	0.00435731916648831
1341 	0.00364224124700418
1342 	0.00322096798027783
1343 	0.00321128799774105
1344 	0.00317241631540454
1345 	0.00317692312208866
1346 	0.00360156127863338
1347 	0.00432428429205507
1348 	0.00522277833226246
1349 	0.00544119540845701
1350 	0.00464063851884584
1351 	0.00392697296894936
1352 	0.00335609594347413
1353 	0.0030103680358769
1354 	0.00278883287507283
1355 	0.0024915697743818
1356 	0.00260295609568048
1357 	0.00307895603920688
1358 	0.00378440081209668
1359 	0.00428207851172649
1360 	0.0036709614698535
1361 	0.00348740634918086
1362 	0.00379398618527582
1363 	0.00449142989508012
1364 	0.00526548754065429
1365 	0.00474163653848909
1366 	0.00441033674725956
1367 	0.00431615784281176
1368 	0.00447409901126997
1369 	0.00484653659154466
1370 	0.00438028464582354
1371 	0.00424961749078348
1372 	0.00448396951949806
1373 	0.0050326032110511
1374 	0.00580711512734641
1375 	0.00522968836503631
1376 	0.00466029827559831
1377 	0.00425911847373277
1378 	0.0040761220372601
1379 	0.00414034081756343
1380 	0.00389432331518276
1381 	0.00392895016792912
1382 	0.00433631247384866
1383 	0.00502659163146676
1384 	0.00590133053625188
1385 	0.00554301246180715
1386 	0.00497013452139577
1387 	0.00460163795699091
1388 	0.00448815010122186
1389 	0.00464838633209471
1390 	0.00459209947394017
1391 	0.00452160508937584
1392 	0.00460293246599328
1393 	0.0048284160638079
1394 	0.00517926208841559
1395 	0.00452372451831526
1396 	0.00350781814263326
1397 	0.00284742698680179
1398 	0.00280592952294723
1399 	0.00340602235012137
1400 	0.0032058396233252
1401 	0.00275579114383943
1402 	0.00294984725114898
1403 	0.00368768892674315
1404 	0.00472088310323422
1405 	0.00489435462061411
1406 	0.00466903196980561
1407 	0.00479213202849178
1408 	0.00523915228664107
1409 	0.00593737496267717
1410 	0.00573284647406473
1411 	0.00489262292185637
1412 	0.00431807332752987
1413 	0.00412183494508794
1414 	0.00435534811620654
1415 	0.00434408238846838
1416 	0.00410779571225859
1417 	0.00416599879764119
1418 	0.00450729773841206
1419 	0.00507489373050215
1420 	0.00495991455432076
1421 	0.0043516689050488
1422 	0.00408795541440425
1423 	0.00423365374341451
1424 	0.00475124782621166
1425 	0.00494673057690194
1426 	0.00521855522276817
1427 	0.00608832745119738
1428 	0.00734665781292588
1429 	0.00882894490948631
1430 	0.00896331266541524
1431 	0.00792497117160825
1432 	0.0070077165762109
1433 	0.00626496165694809
1434 	0.00576455782540251
1435 	0.00504144231996818
1436 	0.00396295273084684
1437 	0.00289056463259698
1438 	0.00183500662408837
1439 	0.000860610592898535
1440 	0
1441 	0.00101884550326212
1442 	0.0020376910065242
1443 	0.00305653650978632
1444 	0.0040753820130484
1445 	0.00406718736907843
1446 	0.00364597428304494
1447 	0.00367281148833556
1448 	0.00413899267501942
1449 	0.0049212068517458
1450 	0.0045772646047071
1451 	0.00373401202753592
1452 	0.0033728510055222
1453 	0.0036402177836651
1454 	0.00442357667990073
1455 	0.00468879734542543
1456 	0.00470656254154159
1457 	0.0048524447550474
1458 	0.00511549489067302
1459 	0.00547886252652751
1460 	0.00530377810773323
1461 	0.00510674567324838
1462 	0.00516462837045263
1463 	0.00546933878243067
1464 	0.00598328445818762
1465 	0.00580661348503425
1466 	0.00553262944435489
1467 	0.005410727984695
1468 	0.00545112157560615
1469 	0.00565033060020156
1470 	0.00576065701531689
1471 	0.00598357477528317
1472 	0.00634463038869225
1473 	0.00682192584841377
1474 	0.00739298178192139
1475 	0.00693850663138005
1476 	0.00651908929138583
1477 	0.00624757851761991
1478 	0.00614361544271757
1479 	0.00620963807372284
1480 	0.00588129725012507
1481 	0.0057933149097424
1482 	0.00595635172769143
1483 	0.00635110558296083
1484 	0.00678262621464634
1485 	0.00599218598165605
1486 	0.00540997205988185
1487 	0.00510769350269267
1488 	0.0051350266333287
1489 	0.00528446148402401
1490 	0.00481814312743627
1491 	0.00450536208100439
1492 	0.00437914215681633
1493 	0.00445536741946414
1494 	0.00441200417270501
1495 	0.00393218084072038
1496 	0.00384999349345926
1497 	0.00418891298866628
1498 	0.00486165327280171
1499 	0.0052697821097387
1500 	0.00515699447320231
1501 	0.00518329964079513
1502 	0.0053466450221616
1503 	0.00563512603912765
1504 	0.0055510310229418
1505 	0.00525017013132336
1506 	0.00518937331896808
1507 	0.00537679016932929
1508 	0.00578836053230747
1509 	0.00535237611288477
1510 	0.00524970495337174
1511 	0.00611563344648993
1512 	0.00762709912856066
1513 	0.00948021139493468
1514 	0.00876062206299172
1515 	0.00749244670159738
1516 	0.0063472422814788
1517 	0.00540376534845117
1518 	0.00478292208385893
1519 	0.00380175172386717
1520 	0.00332734275392003
1521 	0.00360935219037389
1522 	0.00450798807298831
1523 	0.00557362379088977
1524 	0.00547133420414694
1525 	0.00541795953649322
1526 	0.00541494643179424
1527 	0.00546237823057304
1528 	0.00550548629576945
1529 	0.00545754525012001
1530 	0.00545818374667052
1531 	0.00550738488929524
1532 	0.00560386970551289
1533 	0.00557421699115806
1534 	0.00537637201827362
1535 	0.00522329874464813
1536 	0.00511901515483366
1537 	0.00506653483335478
1538 	0.00497081047498504
1539 	0.00499604174231695
1540 	0.00522331199594148
1541 	0.00562819883498614
1542 	0.00617586713333059
1543 	0.00589751132502941
1544 	0.00561647260812522
1545 	0.00558668147118127
1546 	0.00581200273027361
1547 	0.0062505814037615
1548 	0.0054424646644512
1549 	0.00484194560774214
1550 	0.00453230789098109
1551 	0.00457302463089235
1552 	0.00486002883611637
1553 	0.00516877451002933
1554 	0.00583413445645759
1555 	0.00675148613635348
1556 	0.00783278689328205
1557 	0.0080361895135745
1558 	0.00709148713859997
1559 	0.00644539969511604
1560 	0.00619211628417173
1561 	0.00637860254112427
1562 	0.00570886269640004
1563 	0.00487552221651228
1564 	0.00485977857059405
1565 	0.00566844827980718
1566 	0.0070222710942142
1567 	0.0067017202886006
1568 	0.00637731450831269
1569 	0.00638319501064143
1570 	0.00671849458171004
1571 	0.00719201953813626
1572 	0.00661084071676941
1573 	0.00615061191865318
1574 	0.00583999837423608
1575 	0.00570349691804082
1576 	0.00551615891545624
1577 	0.00499373617934415
1578 	0.00455189835211726
1579 	0.00421605762744282
1580 	0.00401291551850066
1581 	0.00401025844654744
1582 	0.00448922394843263
1583 	0.00535767033404515
1584 	0.00646039256202627
1585 	0.00769735367517381
1586 	0.0072047079420517
1587 	0.0065877470528153
1588 	0.00618909769733974
1589 	0.00605205533321374
1590 	0.00604781596325481
1591 	0.00538764864679579
1592 	0.00513838339255093
1593 	0.00535768193979146
1594 	0.00599433679223097
1595 	0.00598149299770625
1596 	0.00483103639780763
1597 	0.00409173093222808
1598 	0.00399853804734163
1599 	0.00459097442377997
1600 	0.00524737567989638
1601 	0.00605973735602399
1602 	0.00709997923794244
1603 	0.00828268172705142
1604 	0.00955509032198262
1605 	0.00940959396882411
1606 	0.00941213583141966
1607 	0.00958434725388543
1608 	0.00991739344687066
1609 	0.00997368062971435
1610 	0.009156355732983
1611 	0.00857773369978634
1612 	0.008287961187777
1613 	0.00831728357012517
1614 	0.00841388749557728
1615 	0.00861472533851665
1616 	0.00906305806470483
1617 	0.00972471538229386
1618 	0.0105596731012525
1619 	0.0100211636380402
1620 	0.00957505505330724
1621 	0.00940112600243998
1622 	0.00951431517136391
1623 	0.00964197924894493
1624 	0.0091169004902476
1625 	0.00873720508604652
1626 	0.00852234699697007
1627 	0.00848485777208197
1628 	0.00818353647279378
1629 	0.00773450463094191
1630 	0.0074949549522549
1631 	0.00748502723791643
1632 	0.00770560905666285
1633 	0.00755175540800343
1634 	0.00762176282688692
1635 	0.00796490314078223
1636 	0.00854834779945755
1637 	0.00902428477227625
1638 	0.00885321620283379
1639 	0.0088891912567424
1640 	0.00912976274859411
1641 	0.00955949669564949
1642 	0.00953482676157601
1643 	0.00935192615995823
1644 	0.00940679422874944
1645 	0.00969539507474741
1646 	0.0101979040435532
1647 	0.00995457048984598
1648 	0.00995482993807824
1649 	0.0102064392181671
1650 	0.0106916678255339
1651 	0.0107972921662887
1652 	0.0101111123066183
1653 	0.00968185967897267
1654 	0.00954426332531767
1655 	0.00971072905687874
1656 	0.00906174221399787
1657 	0.00822109445306478
1658 	0.00758879169930294
1659 	0.00721978312004874
1660 	0.00709207843556727
1661 	0.00690094185231173
1662 	0.00702719187231224
1663 	0.00745472051925147
1664 	0.00813617205315623
1665 	0.00826578269321077
1666 	0.00798582011086528
1667 	0.00795663417140909
1668 	0.00818090930245449
1669 	0.00863892770401253
1670 	0.00817014425339915
1671 	0.00777529934539798
1672 	0.00752978781050938
1673 	0.00744839115538385
1674 	0.00709792340841226
1675 	0.00638119106942849
1676 	0.00626532390262174
1677 	0.00678119230904962
1678 	0.00780451510647557
1679 	0.00870671207302195
1680 	0.00996757125641197
1681 	0.0115742108281135
1682 	0.0134028531943171
1683 	0.0144642979765954
1684 	0.0125559980431135
1685 	0.0108051651105948
1686 	0.00930115232545845
1687 	0.00818123532244153
1688 	0.00713536483298063
1689 	0.00611502072269497
1690 	0.00537897362405241
1691 	0.00505302560131301
1692 	0.00500986566440893
1693 	0.0042197588820148
1694 	0.00463126532820371
1695 	0.00600212583415749
1696 	0.00784455562723979
1697 	0.00803256339388764
1698 	0.0070357356243507
1699 	0.00628125096860489
1700 	0.00586341952629612
1701 	0.00582182202491036
1702 	0.00543629904955023
1703 	0.0053126478614161
1704 	0.00546866085248815
1705 	0.00588212716765991
1706 	0.0057585487503433
1707 	0.00512027635299793
1708 	0.00470057423295705
1709 	0.00456019607862316
1710 	0.00471736367164073
1711 	0.00422073772955171
1712 	0.00445392617816999
1713 	0.00532184312689649
1714 	0.00657786398322312
1715 	0.00706068371746992
1716 	0.00668010904228978
1717 	0.00642871136255966
1718 	0.0063219200767497
1719 	0.00636701561471331
1720 	0.00593750746081569
1721 	0.00560585296003764
1722 	0.00539014522299402
1723 	0.00530454797258443
1724 	0.00457846378881453
1725 	0.00358560978898649
1726 	0.00359315586086921
1727 	0.00459617722790962
1728 	0.0060342482640021
1729 	0.00449288618361973
1730 	0.00333483027628218
1731 	0.0030360092637464
1732 	0.00380457672978193
1733 	0.00468051782073988
1734 	0.00538644604022065
1735 	0.00623137043829422
1736 	0.0071662944996266
1737 	0.00797991625155779
1738 	0.00699262371693761
1739 	0.00612334239673323
1740 	0.00542905796291886
1741 	0.00498345575057958
1742 	0.00461958564428687
1743 	0.00434945792974128
1744 	0.00431820122047806
1745 	0.0045307619688909
1746 	0.0047705434534171
1747 	0.00450321507588179
1748 	0.00469575490424544
1749 	0.00529826284212371
1750 	0.00619220244259668
1751 	0.00655317331332159
1752 	0.00683939785948864
1753 	0.00728293396132652
1754 	0.00785718604135262
1755 	0.0079863374159408
1756 	0.00696522937887541
1757 	0.00602002080729864
1758 	0.0051923285702211
1759 	0.00454678971174459
1760 	0.00343583629531957
1761 	0.00313001840709706
1762 	0.00395267720945321
1763 	0.0054115521551888
1764 	0.00562708646495223
1765 	0.0044133178655684
1766 	0.00367628175890175
1767 	0.00371175444350975
1768 	0.00450180317566262
1769 	0.00597274739100304
1770 	0.00789194514707117
1771 	0.0100046735206775
1772 	0.0122108883194316
1773 	0.0114560376861139
1774 	0.00928025814257055
1775 	0.00721126722079733
1776 	0.00537385808117958
1777 	0.00422846146447572
1778 	0.00391275522781576
1779 	0.00390455482130045
1780 	0.00420565940082873
1781 	0.00475770127293792
1782 	0.00463152244256108
1783 	0.00455443700091756
1784 	0.00462534397396308
1785 	0.00483774033846339
1786 	0.00478383025583524
1787 	0.00452594367251696
1788 	0.00443982553612833
1789 	0.00453527131603252
1790 	0.00467128943339819
1791 	0.00428690685132737
1792 	0.00403305951625501
1793 	0.00393509099001157
1794 	0.00400445832366913
1795 	0.00433211515569174
1796 	0.00504613999080886
1797 	0.00601503937911839
1798 	0.00713573622681553
1799 	0.00761609287781924
1800 	0.00735999386984938
1801 	0.00722125520061362
1802 	0.0072066581331485
1803 	0.00727883997458343
1804 	0.0071884135590047
1805 	0.00716878840786574
1806 	0.00722054184947337
1807 	0.00734216463892093
1808 	0.00657741577449282
1809 	0.00566609970189357
1810 	0.00489620866866285
1811 	0.00434360665304991
1812 	0.00406770053023072
1813 	0.00395502416821379
1814 	0.00399271839095647
1815 	0.00417671396418522
1816 	0.0043508820774823
1817 	0.00394623149572277
1818 	0.00364384757555448
1819 	0.00347056497710046
1820 	0.00344591516683747
1821 	0.00309067007931952
1822 	0.00283522496500486
1823 	0.00280056438345829
1824 	0.00299436509636448
1825 	0.00300021838270031
1826 	0.00296538728442533
1827 	0.0031935957698986
1828 	0.00363564394963825
1829 	0.00401991206736241
1830 	0.00405729375931681
1831 	0.00427337667437151
1832 	0.00464327897980941
1833 	0.00511631320764
1834 	0.00427397099465557
1835 	0.00401233828526775
1836 	0.00443539763668111
1837 	0.00538409779845334
1838 	0.0051777527478962
1839 	0.00462479795305946
1840 	0.00427132481188607
1841 	0.00416839323293502
1842 	0.00408324409242615
1843 	0.00420988689206463
1844 	0.00483484850848041
1845 	0.00579919991777022
1846 	0.00665715292686294
1847 	0.00668343548132604
1848 	0.00690345325729349
1849 	0.00729970932430905
1850 	0.00784554509669999
1851 	0.00762459904455591
1852 	0.00743060946272058
1853 	0.00727405728453604
1854 	0.00715739951127227
1855 	0.00702265403996753
1856 	0.00690619986555087
1857 	0.00682816890706872
1858 	0.00678988599953253
1859 	0.00652487710071689
1860 	0.00608575485305971
1861 	0.00572508691738769
1862 	0.00545844716194735
1863 	0.00516219536414197
1864 	0.0046632508729377
1865 	0.00426747550076691
1866 	0.00400556816377448
1867 	0.00385858304859355
1868 	0.00358153308255466
1869 	0.00363151826234247
1870 	0.00399628579405599
1871 	0.00460157635985474
1872 	0.00435207907794631
1873 	0.00410931490450752
1874 	0.00398799843658446
1875 	0.00399919741174093
1876 	0.00385714277180378
1877 	0.00373105045024593
1878 	0.00374021051863131
1879 	0.00388366607038735
1880 	0.00366441346940212
1881 	0.0033128113350982
1882 	0.0033641940665547
1883 	0.0038022591181028
1884 	0.00438495642314596
1885 	0.0050231991445265
1886 	0.00588630961920623
1887 	0.00689029583513314
1888 	0.00749003947593704
1889 	0.00628914461944086
1890 	0.00523355658532386
1891 	0.00442843254591617
1892 	0.00402323261877037
1893 	0.00382965891943208
1894 	0.00371840896056161
1895 	0.00369692223087466
1896 	0.00376673516306058
1897 	0.00365380489404389
1898 	0.00355674438623286
1899 	0.0035045094156558
1900 	0.00349910803634335
1901 	0.00372583440969786
1902 	0.00427721555206788
1903 	0.00503443731548296
1904 	0.00591902024515174
1905 	0.0061652503357708
1906 	0.00604760657496904
1907 	0.0059614821930913
1908 	0.00590825572072922
1909 	0.00564596063319911
1910 	0.00518762670136497
1911 	0.0047575609476561
1912 	0.00436412850469335
1913 	0.00410819924294884
1914 	0.00400875985478515
1915 	0.00392820867876476
1916 	0.00386772602074172
1917 	0.00384411228929763
1918 	0.00397310869512342
1919 	0.00425582126545679
1920 	0.00466438260796387
1921 	0.00497594388939888
1922 	0.0046689119152494
1923 	0.00443490021593949
1924 	0.0042858863668316
1925 	0.0042555921268296
1926 	0.00450930945255687
1927 	0.00489377159996346
1928 	0.00538102690487649
1929 	0.0059029085687
1930 	0.00580164326673069
1931 	0.00571612256747156
1932 	0.00564706183836337
1933 	0.00559507061566059
1934 	0.00484795139444152
1935 	0.00427782117785592
1936 	0.00396731159673057
1937 	0.00397769462759376
1938 	0.00411796997209696
1939 	0.00449825482864429
1940 	0.00507388332956762
1941 	0.00578685262530676
1942 	0.00615178052203867
1943 	0.00658497612532811
1944 	0.00712129143708997
1945 	0.00773931825639853
1946 	0.00761327159439721
1947 	0.00739489211223596
1948 	0.00722906778947446
1949 	0.00711947186451903
1950 	0.00665775322942931
1951 	0.00617560234731793
1952 	0.0057799758682688
1953 	0.00548961274778915
1954 	0.00473166316540258
1955 	0.00441836328130088
1956 	0.00485427687046533
1957 	0.00587493368980348
1958 	0.00571327120655986
1959 	0.00523237104709373
1960 	0.0048415648271045
1961 	0.00456405493848157
1962 	0.00429075466707761
1963 	0.00405215656669233
1964 	0.00388602871897076
1965 	0.00380188304713356
1966 	0.00359298219717326
1967 	0.00337153329863082
1968 	0.0031961166860805
1969 	0.00307462133131893
1970 	0.00311999381514454
1971 	0.00329194992037824
1972 	0.0035542109527996
1973 	0.00388854793756066
1974 	0.0037280482753496
1975 	0.00358983559703829
1976 	0.00361137879033163
1977 	0.00378995453848972
1978 	0.00368534220901164
1979 	0.00358123270516675
1980 	0.00354631569895634
1981 	0.00358261486094271
1982 	0.00335959009354272
1983 	0.00331518440540717
1984 	0.0034998180831624
1985 	0.00388093835518645
1986 	0.00398549397343171
1987 	0.00415833482409938
1988 	0.00440909916497158
1989 	0.00471561487943596
1990 	0.00432916285321785
1991 	0.00399323435493131
1992 	0.00372153630941915
1993 	0.00354323098822282
1994 	0.00360010225681843
1995 	0.00371459335513637
1996 	0.00388160900134529
1997 	0.00406965454320998
1998 	0.00417729880255832
1999 	0.00434105958786658
2000 	0.00455488828400095
2001 	0.00471771881921946
2002 	0.00462311813099139
2003 	0.00455702499932766
2004 	0.0045206899508156
2005 	0.00448222526990693
2006 	0.00441829311029465
2007 	0.00439610387295476
2008 	0.00441628680343386
2009 	0.00439448601607056
2010 	0.00429850059168556
2011 	0.00422886931255572
2012 	0.00418690725038217
2013 	0.00397304424202227
2014 	0.0036769086352821
2015 	0.00348665575522208
2016 	0.00342000208752861
2017 	0.00344896175997536
2018 	0.00351071491114123
2019 	0.00360460702633392
2020 	0.00372821071061332
2021 	0.00380387197022445
2022 	0.00390136395349117
2023 	0.00403610135861035
2024 	0.00420450501295784
2025 	0.00420176105803134
2026 	0.0042249399603977
2027 	0.00428264303289229
2028 	0.0043584812448971
2029 	0.00433828177694526
2030 	0.00434312275299575
2031 	0.0043729210119052
2032 	0.0044027571142619
2033 	0.00441708842204194
2034 	0.0044979556765852
2035 	0.00464188276762221
2036 	0.00468045748713066
2037 	0.00454551881211907
2038 	0.00444317539912388
2039 	0.00437571495380942
2040 	0.00420169940368655
2041 	0.00397676761360586
2042 	0.00379734964944105
2043 	0.0036701265647654
2044 	0.00360390196314393
2045 	0.00358414438605537
2046 	0.00360910932863391
2047 	0.00367788619423889
2048 	0.00370453929693458
2049 	0.0038255540249823
2050 	0.00403275094380774
2051 	0.00416408914065481
2052 	0.0037856998971487
2053 	0.00351992548647603
2054 	0.00339333074257945
2055 	0.00342049921064532
2056 	0.00353961231259206
2057 	0.00372023211439644
2058 	0.00395393852185705
2059 	0.00403705055332729
2060 	0.0040595446946128
2061 	0.0041320517518833
2062 	0.004252013973186
2063 	0.00416184365646954
2064 	0.00406342602070702
2065 	0.00399471884245444
2066 	0.00394565573896908
2067 	0.00383287376320244
2068 	0.00374202765698721
2069 	0.00367474465963206
2070 	0.00364412304296165
2071 	0.00365173445610473
2072 	0.00367352699280761
2073 	0.00370925071128857
2074 	0.00380347478369814
2075 	0.00395700815895278
2076 	0.00414383449068133
2077 	0.00435967574237483
2078 	0.00406248065184154
2079 	0.0037399633537266
2080 	0.00346460531723671
2081 	0.00327788900806681
2082 	0.00330984986861137
2083 	0.00342933512475851
2084 	0.00362770672528423
2085 	0.00387143458990875
2086 	0.00415105177650104
2087 	0.00448192224185839
2088 	0.00485357540134687
2089 	0.0048398471120861
2090 	0.00473578494842363
2091 	0.00467578604169236
2092 	0.00463993471185804
2093 	0.00434662272627105
2094 	0.00409031556775934
2095 	0.00387835675103007
2096 	0.00359008460143612
2097 	0.00318587506137343
2098 	0.0029183343243832
2099 	0.00282654089162791
2100 	0.00278282591635546
2101 	0.00279402872912052
2102 	0.00290428819826423
2103 	0.0030942934527472
2104 	0.00317966667591369
2105 	0.00334365572306462
2106 	0.00357545972500244
2107 	0.00376114459001795
2108 	0.00383520509536256
2109 	0.00395465582772643
2110 	0.00411554642834318
2111 	0.00413034496888635
2112 	0.00416430863642813
2113 	0.00428585246186205
2114 	0.00444663674625283
2115 	0.00430969429026885
2116 	0.00421213639133799
2117 	0.00415673702128239
2118 	0.0041227881353569
2119 	0.00408186671974937
2120 	0.00404927183660325
2121 	0.00402520576812812
2122 	0.00403901803867889
2123 	0.00409759388151006
2124 	0.00419675499629021
2125 	0.00425738517485174
2126 	0.00411207150960415
2127 	0.00398544858898001
2128 	0.00387934705755508
2129 	0.00376388378692424
2130 	0.00367694347376094
2131 	0.00364346631616572
2132 	0.0036567933705263
2133 	0.0035868624834613
2134 	0.00356174591759196
2135 	0.00358238639364704
2136 	0.00353051183922445
2137 	0.00340687728124848
2138 	0.00335019194866879
2139 	0.00336384210349096
2140 	0.00331486339503352
2141 	0.00327615919666988
2142 	0.00326014047572845
2143 	0.00331702028498501
2144 	0.00352097218417698
2145 	0.0037816987358283
2146 	0.00408835225872892
2147 	0.00416892908292946
2148 	0.00421005351989629
2149 	0.00428035593330033
2150 	0.00433460534196713
2151 	0.00429903289141645
2152 	0.00431942040516981
2153 	0.00439498918951577
2154 	0.00432799550569112
2155 	0.00422768973767221
2156 	0.00417487479110389
2157 	0.00414537081784647
2158 	0.0040486016717467
2159 	0.00399558907687254
2160 	0.00398807835200266
2161 	0.00393688663943947
2162 	0.00389916467094499
2163 	0.00392193492732747
2164 	0.0039681826173589
2165 	0.00388681803227295
2166 	0.00385509066806986
2167 	0.00387422020719276
2168 	0.00379980818065042
2169 	0.00372929804440693
2170 	0.00374209650335344
2171 	0.00381480166008726
2172 	0.00386591154973817
2173 	0.00399184037981396
2174 	0.00418584092248466
2175 	0.00416325429036627
2176 	0.00407147376076844
2177 	0.00402564703782257
2178 	0.00402180380554589
2179 	0.00405059020409733
2180 	0.00413007871782043
2181 	0.00425743038603045
2182 	0.00413470506651408
2183 	0.00397894413507804
2184 	0.00387957927593782
2185 	0.0037904835550393
2186 	0.00365941443803116
2187 	0.00359124659954629
2188 	0.00358956542069776
2189 	0.00373278120220037
2190 	0.00394013931889872
2191 	0.00419374459924421
2192 	0.00421108171867849
2193 	0.00396593283907443
2194 	0.00379458921829526
2195 	0.00370485471596991
2196 	0.00361895960770048
2197 	0.00356714630908804
2198 	0.00355090705472036
2199 	0.00354266522406627
2200 	0.00354341295057762
2201 	0.00356703829562457
2202 	0.00361388773187661
2203 	0.0036837950739378
2204 	0.00377227607864092
2205 	0.00387805963579243
2206 	0.00389137559477064
2207 	0.00391561112653171
2208 	0.00397239139605586
2209 	0.00399133689539234
2210 	0.00397875592331599
2211 	0.00402435013162511
2212 	0.00411750263381877
2213 	0.00415555465146026
2214 	0.00421837787512117
2215 	0.00430488794832351
2216 	0.00413926675846917
2217 	0.00389726105138442
2218 	0.00369117111993938
2219 	0.00351783568801026
2220 	0.00343022093755467
2221 	0.00347631851614141
2222 	0.00364453822219795
2223 	0.00366175398842117
2224 	0.00374735228608256
2225 	0.00389682941709425
2226 	0.00398687985709236
2227 	0.00410433508969713
2228 	0.00429915021718608
2229 	0.0043656406612076
2230 	0.00414499271446354
2231 	0.00397321719024847
2232 	0.00385005560362195
2233 	0.00370914378989915
2234 	0.00372045520838629
2235 	0.00388265966334474
2236 	0.00380467850209064
2237 	0.00371053551545141
2238 	0.00373104845939301
2239 	0.00365540387636043
2240 	0.00345884831184983
2241 	0.00342021027540978
2242 	0.00350770715667848
2243 	0.00355253477717258
2244 	0.00372287029702067
2245 	0.00400272272500455
2246 	0.00411420365055159
2247 	0.00425812645393681
2248 	0.00445901945377623
2249 	0.00447118296783655
2250 	0.00443202021380813
2251 	0.00449684522090516
2252 	0.00450925825795872
2253 	0.00431420196278713
2254 	0.00415570445779019
2255 	0.00403958771673271
2256 	0.00396822217073261
2257 	0.0039242391771053
2258 	0.00390856325133425
2259 	0.00405521866304598
2260 	0.00425311930339963
2261 	0.00448083607725019
2262 	0.00439534147928202
2263 	0.00417769343260144
2264 	0.00401600625964639
2265 	0.00388493539998203
2266 	0.00379035182047894
2267 	0.00378227760369385
2268 	0.00381133812496421
2269 	0.00373713270545074
2270 	0.00371244350150548
2271 	0.00373117181552472
2272 	0.00360918555439162
2273 	0.0035614467380549
2274 	0.00359091779673166
2275 	0.00349451692361055
2276 	0.0034206973580366
2277 	0.00340835344137852
2278 	0.0035062925931013
2279 	0.00367095870042114
2280 	0.00387004375092458
2281 	0.00395228761428866
2282 	0.00392429235608893
2283 	0.0039374846766414
2284 	0.00390968775458391
2285 	0.00378786855493658
2286 	0.00374926354432646
2287 	0.00376260280427947
2288 	0.00374487454610921
2289 	0.00385872974078385
2290 	0.00406674471314256
2291 	0.00386412108337704
2292 	0.00372454064097617
2293 	0.0036552327257954
2294 	0.0037050199136677
2295 	0.00390512160885522
2296 	0.00423375434886044
2297 	0.0042193619839416
2298 	0.0041810920256126
2299 	0.00423007778976699
2300 	0.00421618360156719
2301 	0.00420305098876961
2302 	0.00425370287396323
2303 	0.00417892110068246
2304 	0.00404466914348084
2305 	0.00398822120430712
2306 	0.00390060184929938
2307 	0.0037855969991847
2308 	0.00376137357311422
2309 	0.00374774360023645
2310 	0.00369828869972256
2311 	0.00372163897154532
2312 	0.00375611636729601
2313 	0.00372037243907532
2314 	0.00371312359796246
2315 	0.00369066316303012
2316 	0.00359934732823788
2317 	0.00355363978554207
2318 	0.00356904721367342
2319 	0.00370382821096825
2320 	0.00392361773467136
2321 	0.00411366222350571
2322 	0.0039906855652305
2323 	0.00399101038377752
2324 	0.00399560369240138
2325 	0.00357197788081193
2326 	0.00338728724055386
2327 	0.00345839079108401
2328 	0.003570888183521
2329 	0.00376110467777522
2330 	0.00400575462185091
2331 	0.00422622185955806
2332 	0.00449075876345216
2333 	0.00470017933567342
2334 	0.00439446690125426
2335 	0.00420883050117576
2336 	0.00411644621191762
2337 	0.00387723718012851
2338 	0.00372828943601857
2339 	0.00366671339671776
2340 	0.00361974921968071
2341 	0.00364603976985008
2342 	0.0036914733496462
2343 	0.00356553739074997
2344 	0.00347920812123551
2345 	0.00344640296776926
2346 	0.00355457571235365
2347 	0.0037939438903996
2348 	0.00396707006048433
2349 	0.00375577451433444
2350 	0.00359930406529835
2351 	0.00355984667056838
2352 	0.00370693889535397
2353 	0.00393230364858753
2354 	0.00415536110588141
2355 	0.00436485471010638
2356 	0.0046594869261758
2357 	0.00473319158402311
2358 	0.00456896425116043
2359 	0.00448161549466218
2360 	0.00432223700288222
2361 	0.00413637193108626
2362 	0.00404789332801642
2363 	0.00388872443381717
2364 	0.00373803956087282
2365 	0.0036868400620003
2366 	0.00367585004844428
2367 	0.00374124173424511
2368 	0.00389465832946285
2369 	0.00381039758987183
2370 	0.0037635476297715
2371 	0.0037846425119758
2372 	0.00371098343753753
2373 	0.00372310332780782
2374 	0.00379654121138206
2375 	0.00381626609570259
2376 	0.00388122119621036
2377 	0.00391872944784099
2378 	0.00385374951543288
2379 	0.00384080784617926
2380 	0.00386208999712276
2381 	0.00392073493456917
2382 	0.00403598829718666
2383 	0.00398576282903801
2384 	0.00385044910482447
2385 	0.00374674902330727
2386 	0.00367237348379739
2387 	0.00371420090259882
2388 	0.00386813700377724
2389 	0.00366415849999799
2390 	0.00356854500041158
2391 	0.00358404066186846
2392 	0.00370713816306949
2393 	0.00395475540171028
2394 	0.00397098104280984
2395 	0.00364973343728387
2396 	0.00347055630179242
2397 	0.00343304576757926
2398 	0.00346683795799505
2399 	0.00356391266284393
2400 	0.00356146282399019
