 	sdcm10
200 	0
201 	0
202 	0
203 	0.0180822019237422
204 	0.0177579687431737
205 	0.0175864856038164
206 	0.0175722250281547
207 	0.0177155667006205
208 	0.0180127485172396
209 	0.018389404742123
210 	0.0181435287332211
211 	0.0180160112264157
212 	0.0180093665524627
213 	0.0181237276581033
214 	0.0183568331234651
215 	0.0187042438476915
216 	0.0186233829786453
217 	0.0183483648877101
218 	0.0181807035626222
219 	0.0181233787552838
220 	0.0181774343755971
221 	0.0183418856976851
222 	0.0186597985632486
223 	0.0193117748083952
224 	0.0201464232090358
225 	0.0211421202348117
226 	0.0222772818352498
227 	0.0235317335092278
228 	0.0248874433393577
229 	0.0242738904517077
230 	0.02316466813195
231 	0.0221386925472407
232 	0.021208048749829
233 	0.0203857970627835
234 	0.0196855245810432
235 	0.0191128814410788
236 	0.0186860189771428
237 	0.0184351800270682
238 	0.0183675776636321
239 	0.0184852223414156
240 	0.0187846338792229
241 	0.0192573358521939
242 	0.0189160295651783
243 	0.0186468899991862
244 	0.0185101937297901
245 	0.0185088754474315
246 	0.0186429638707011
247 	0.0189095786992085
248 	0.0185501902048971
249 	0.0177362526208147
250 	0.0171674977170072
251 	0.0168687438518738
252 	0.016854354952338
253 	0.0171250478253716
254 	0.0174858537612463
255 	0.016906981273505
256 	0.016599749540141
257 	0.0165792668353573
258 	0.0168465791123998
259 	0.0173884186104578
260 	0.0181802560692772
261 	0.017643626082612
262 	0.0167031712372837
263 	0.0159362093366745
264 	0.0153687363587216
265 	0.0150233750238341
266 	0.0149155619254162
267 	0.0152064478805138
268 	0.0161433591879222
269 	0.0174239366344871
270 	0.0189787413455114
271 	0.0207462095699886
272 	0.0226766693592512
273 	0.0247319831024643
274 	0.0238883695721838
275 	0.0230294193059883
276 	0.0223077836999269
277 	0.0217371428875169
278 	0.02132961920663
279 	0.0210946684582919
280 	0.0206170924461773
281 	0.0199193052088507
282 	0.0192946392729538
283 	0.0187504041274959
284 	0.0182937795661903
285 	0.0179314598482457
286 	0.0175544407711271
287 	0.0168487956918473
288 	0.0163004841575507
289 	0.0159257650774417
290 	0.0157370437141006
291 	0.0157410113538969
292 	0.015937524087946
293 	0.0153616495364645
294 	0.0147501068769197
295 	0.0143127896679802
296 	0.014065957559975
297 	0.0140196752771985
298 	0.0141759072541074
299 	0.0141573786583315
300 	0.0139334527189351
301 	0.0139403250644162
302 	0.0141776600737834
303 	0.0146342492622369
304 	0.0152904637537971
305 	0.0159466834350762
306 	0.0153591460006879
307 	0.0149175065707861
308 	0.0146349793930683
309 	0.0145208548132921
310 	0.0145790881165102
311 	0.0148076459721427
312 	0.0143490490866016
313 	0.0139722304330354
314 	0.0139961214139421
315 	0.0144187303105928
316 	0.0152068514387838
317 	0.0163075766246461
318 	0.0167156031395737
319 	0.0160034806593024
320 	0.0155159120570903
321 	0.0152744161777727
322 	0.0152906566581688
323 	0.0155638266940349
324 	0.0160082948565455
325 	0.0157992355233723
326 	0.0157980565896459
327 	0.016004803993617
328 	0.0164116214834586
329 	0.017004155331457
330 	0.0177638308743945
331 	0.0171296947731979
332 	0.0161033880701701
333 	0.0152402485033683
334 	0.0145693048681361
335 	0.0141179855867372
336 	0.0139076882516216
337 	0.0138950011829434
338 	0.0139630065390485
339 	0.0141461760906608
340 	0.0144401280122237
341 	0.0148382798421445
342 	0.0153325161986261
343 	0.0157787240245637
344 	0.0150538607190197
345 	0.0144892390700629
346 	0.0141041167993154
347 	0.0139134074951293
348 	0.0139251011177588
349 	0.014138695474887
350 	0.0140966595601052
351 	0.0142302203574464
352 	0.0146710172111627
353 	0.0153926779515377
354 	0.0163580725316295
355 	0.0175269721658112
356 	0.017885875109729
357 	0.0176906406163595
358 	0.0181884531905802
359 	0.0193258303983823
360 	0.0209991056662068
361 	0.02309207621775
362 	0.0247445040630017
363 	0.0228958425017006
364 	0.0213830750819256
365 	0.0202815031398975
366 	0.0196603665486148
367 	0.0195654754502909
368 	0.020004320031528
369 	0.0195416146247974
370 	0.0190279813641612
371 	0.0186611703198714
372 	0.0184499406741932
373 	0.0183996514727009
374 	0.018511614408638
375 	0.0186625107137506
376 	0.0189396004847107
377 	0.0194364749720111
378 	0.0201368712711866
379 	0.0210204553300977
380 	0.0220652313020844
381 	0.022858394042877
382 	0.0227822439578013
383 	0.0227516447119615
384 	0.0227667799712451
385 	0.0228275587663695
386 	0.0229336182059926
387 	0.023071510303449
388 	0.0223829377414581
389 	0.0218093755306009
390 	0.021360090472011
391 	0.0210430443080644
392 	0.0208642662792337
393 	0.0208273172979939
394 	0.0208440840794044
395 	0.0210802350215934
396 	0.0215743530853436
397 	0.0223093040807116
398 	0.0232622724837742
399 	0.0244077350174526
400 	0.0246236707384016
401 	0.0238345549406567
402 	0.0232961718240951
403 	0.0230261155636148
404 	0.0230338259542946
405 	0.0233190274687675
406 	0.023213719972305
407 	0.0210375860477814
408 	0.0193908112645987
409 	0.018415955019956
410 	0.0182211838284746
411 	0.0188307191562446
412 	0.020171780555715
413 	0.0186867129005282
414 	0.0177675357098842
415 	0.0176781230728299
416 	0.0184305553241108
417 	0.0199297096750798
418 	0.0220236216347744
419 	0.021655155722676
420 	0.020446552023802
421 	0.0196416629117067
422 	0.0192910877401605
423 	0.0194194470170087
424 	0.020017529584857
425 	0.0201654282425717
426 	0.0195383820490849
427 	0.0190967687603182
428 	0.0188536232107647
429 	0.018816640676839
430 	0.0189870258768565
431 	0.0193912893545444
432 	0.0202301031569957
433 	0.0214388182934872
434 	0.0229590868953252
435 	0.0247335257794047
436 	0.0267115295155728
437 	0.0288512600385081
438 	0.0277983627595352
439 	0.0268823338282098
440 	0.0261212571906373
441 	0.0255289950373109
442 	0.0251174919774681
443 	0.0248957129660675
444 	0.0227028272119436
445 	0.020245042888835
446 	0.0183208252689048
447 	0.0171111365579345
448 	0.0167713096949044
449 	0.0173525255299646
450 	0.0174727890363858
451 	0.0170117763560357
452 	0.0169403300643101
453 	0.017263287647781
454 	0.017959384397984
455 	0.0189876261107422
456 	0.0195291491780461
457 	0.0187761981791145
458 	0.0181664279610502
459 	0.0177146303384042
460 	0.0174330917380777
461 	0.017330112043198
462 	0.0173807534427692
463 	0.0173474583062633
464 	0.0173380267766463
465 	0.0173524977654172
466 	0.0173908116044325
467 	0.0174528112690725
468 	0.0175382455649877
469 	0.0171986833236667
470 	0.0172636630974441
471 	0.0177706404138974
472 	0.0186836693291694
473 	0.0199470694636369
474 	0.0214991605063145
475 	0.020791486372341
476 	0.0195358730746683
477 	0.0186629854673041
478 	0.0182278900276748
479 	0.0182619052049383
480 	0.0187624797698025
481 	0.0189436272689597
482 	0.0187569218105806
483 	0.0187528691348721
484 	0.0189315865433801
485 	0.0192879942085171
486 	0.0198125050259813
487 	0.0195795152792135
488 	0.0184073173710971
489 	0.018111282838819
490 	0.0187329954457683
491 	0.0201878426215067
492 	0.0223134528947525
493 	0.024206922346857
494 	0.0233673808510945
495 	0.0225845925713225
496 	0.0218646539150377
497 	0.0212139646335923
498 	0.0206390754532619
499 	0.0201639189758453
500 	0.0203437481724634
501 	0.0206857361747504
502 	0.021182030181849
503 	0.0218221047175739
504 	0.0225937432961291
505 	0.0234839806699079
506 	0.0218280630703246
507 	0.0201761949021691
508 	0.0190544795761031
509 	0.0185592939240565
510 	0.018740369202886
511 	0.0195789512645343
512 	0.0194339608782212
513 	0.0190079009375179
514 	0.0189202796311114
515 	0.0191757368886595
516 	0.0197609718830184
517 	0.0206479624886932
518 	0.0207615035566129
519 	0.0202923506696017
520 	0.0200569129618155
521 	0.0200634198358737
522 	0.0203116387708167
523 	0.0207929151321955
524 	0.020847656031977
525 	0.0202308644352017
526 	0.0198629087528233
527 	0.0197576963993797
528 	0.0199193911668188
529 	0.0203416291496775
530 	0.0205982032727219
531 	0.0199094953785084
532 	0.0192568066560292
533 	0.0186439203802985
534 	0.0180748858891142
535 	0.0175539682368534
536 	0.01716792179813
537 	0.0174091432540323
538 	0.0178744636587471
539 	0.0185470236321643
540 	0.0194052872282785
541 	0.0204258588922878
542 	0.0215139633372058
543 	0.0201056665358923
544 	0.0194933859745797
545 	0.0197512892789042
546 	0.0208471058213735
547 	0.0226595956627586
548 	0.0250335732885948
549 	0.0274870259767379
550 	0.0302667977137572
551 	0.0333202325859818
552 	0.0365788622603428
553 	0.0399925597815034
554 	0.0435248540541137
555 	0.0441359071894659
556 	0.0440599336506357
557 	0.0440858441561166
558 	0.0442134595843175
559 	0.0444419038033752
560 	0.04476963335477
561 	0.0434229575822992
562 	0.041346313722895
563 	0.039353728719133
564 	0.0374586193295395
565 	0.03567652242583
566 	0.0340252000005191
567 	0.0315636478698753
568 	0.0288171303910003
569 	0.0266402501216881
570 	0.0251811761952467
571 	0.0245681323682077
572 	0.024863777005983
573 	0.0252247924870484
574 	0.0252908285012296
575 	0.025792591983751
576 	0.0267055339002911
577 	0.0279894484628875
578 	0.0295960952544649
579 	0.0311588671818424
580 	0.0323741066864264
581 	0.0336450606465361
582 	0.0349656541559087
583 	0.0363304745037644
584 	0.0377347230977423
585 	0.0381487164259113
586 	0.0364766630520923
587 	0.0348592423384409
588 	0.0333044149014423
589 	0.0318213571987064
590 	0.0304205677549072
591 	0.0287306939653359
592 	0.0262635659626384
593 	0.0244360436590026
594 	0.0233984780193553
595 	0.0232568383239548
596 	0.0240269743271524
597 	0.0253111667823117
598 	0.0255754612438485
599 	0.0259772434618213
600 	0.0265102629937809
601 	0.027166796208049
602 	0.0279381369190119
603 	0.0286668411748029
604 	0.0283793525533093
605 	0.0281223899322077
606 	0.0278967968663735
607 	0.0277033397094779
608 	0.0275426956281376
609 	0.0274678755968586
610 	0.0282064278071648
611 	0.0290220314211395
612 	0.029908383512168
613 	0.0308593885089247
614 	0.0318692590486678
615 	0.032891227258085
616 	0.0315696025829637
617 	0.0302971024406929
618 	0.0290801763699896
619 	0.0279260905153202
620 	0.0268429513575223
621 	0.0258396821970985
622 	0.0253762633302696
623 	0.0249879283676879
624 	0.0246651942438063
625 	0.0244106630294048
626 	0.0242264845047746
627 	0.0241142707304094
628 	0.0233813417960165
629 	0.022766117061611
630 	0.0223307583853522
631 	0.0220859049211968
632 	0.0220379074422341
633 	0.0221880435099173
634 	0.0219485052938713
635 	0.0218542552721856
636 	0.0219674914261654
637 	0.0222850511061897
638 	0.0227983978218286
639 	0.0234947015488444
640 	0.0245945982832804
641 	0.0260227813834165
642 	0.0277111438749405
643 	0.0296152206897339
644 	0.0316961599544969
645 	0.0339214279318528
646 	0.0320572825854968
647 	0.0297160125979009
648 	0.0275816873882882
649 	0.0257059057449132
650 	0.0241489904066797
651 	0.0229758551891306
652 	0.0216475315953923
653 	0.0211950043530504
654 	0.0218119024231213
655 	0.0234138475595816
656 	0.0258181277440583
657 	0.0288246678265565
658 	0.0290823223407568
659 	0.0289641921086656
660 	0.0289995568656091
661 	0.0291878586815427
662 	0.0295261716540381
663 	0.0300094227333973
664 	0.0309431116750818
665 	0.0320684459648619
666 	0.0333200889261693
667 	0.0346843690799801
668 	0.0361485355704294
669 	0.0377009525380833
670 	0.03642822715515
671 	0.0349947179583907
672 	0.03390157411711
673 	0.0331824511083643
674 	0.0328619124034277
675 	0.0329515918184936
676 	0.0311936657339607
677 	0.0292834657572473
678 	0.0275333761604637
679 	0.0259757789110399
680 	0.0246471951442914
681 	0.0235863566099186
682 	0.0209147474085851
683 	0.0193350704183606
684 	0.0194138477200853
685 	0.0211325404249468
686 	0.0241434316662527
687 	0.0280332047174715
688 	0.0268562478513323
689 	0.0253847540709514
690 	0.0240355526786061
691 	0.022830335271789
692 	0.021793003175593
693 	0.0209485113775036
694 	0.0202004371327515
695 	0.0201521376429577
696 	0.0208197067482028
697 	0.0221384794612365
698 	0.024001352105746
699 	0.0262494561675882
700 	0.0240229831292287
701 	0.0221164784734514
702 	0.0206188907076116
703 	0.0196240622773316
704 	0.0192102607692635
705 	0.0193701323890538
706 	0.0191413948420465
707 	0.0189992896120312
708 	0.0189457661908301
709 	0.0189815739306945
710 	0.0191062105805494
711 	0.0192269884576995
712 	0.0188382850752555
713 	0.0187734068189399
714 	0.0190356650052205
715 	0.0196119402502983
716 	0.0204757363276709
717 	0.0211401645930808
718 	0.0199083444532413
719 	0.0189785255519514
720 	0.0183965572538463
721 	0.0181958467478934
722 	0.01838888230324
723 	0.0186626985152998
724 	0.0183268141113965
725 	0.0183146248386632
726 	0.0186267661818918
727 	0.0192474653322288
728 	0.0201482255531951
729 	0.0206554328019167
730 	0.0199471050151969
731 	0.0193750925471835
732 	0.0189517424636468
733 	0.0186871611561706
734 	0.0185881295513245
735 	0.0184852530201289
736 	0.0183073736757442
737 	0.0183258452457238
738 	0.0185400808633309
739 	0.0189434398737193
740 	0.0195242042465584
741 	0.0194580864917195
742 	0.0187113221103602
743 	0.0181649857642433
744 	0.0178375034130833
745 	0.017740998723506
746 	0.0178792122561989
747 	0.0181698200154121
748 	0.0187339733888201
749 	0.0196270862516907
750 	0.0208068408651415
751 	0.0222276425898266
752 	0.0238464445918581
753 	0.0223157733920356
754 	0.0195834538449557
755 	0.0174005326699179
756 	0.0159935724646744
757 	0.0155743100474866
758 	0.0162195208626593
759 	0.0152226894618477
760 	0.0143905064218224
761 	0.014544585279659
762 	0.0156558338038615
763 	0.0175432946873467
764 	0.0199882748164052
765 	0.0193755827609246
766 	0.0186726327048044
767 	0.0182768640377062
768 	0.0182083181018522
769 	0.0184706383015003
770 	0.0189979500142501
771 	0.0177111709076704
772 	0.0167878672233873
773 	0.0162899612556953
774 	0.0162565872902843
775 	0.0166905321590959
776 	0.0172796668900446
777 	0.0166508516867053
778 	0.0163230531011017
779 	0.0163144258181858
780 	0.0166254667182538
781 	0.0172388811704651
782 	0.0176864341370144
783 	0.0172431897501629
784 	0.0169838060150806
785 	0.0169167424309838
786 	0.0170442692983653
787 	0.0173620992703862
788 	0.0176694199358554
789 	0.0178785479879007
790 	0.0182344442823319
791 	0.0187287437181197
792 	0.019350843058541
793 	0.0200888729334748
794 	0.0210371640250948
795 	0.022328672114444
796 	0.0238854247658183
797 	0.0256591898501568
798 	0.0276081712716148
799 	0.0296978923129716
800 	0.0290745124067915
801 	0.0275072190027368
802 	0.0260647603794446
803 	0.0247689559895588
804 	0.0236439302737304
805 	0.0227150722553734
806 	0.0214364002848702
807 	0.0202582147172603
808 	0.0192763165847761
809 	0.0185219494063358
810 	0.0180237052165658
811 	0.0177629774429752
812 	0.0172089935399629
813 	0.0171005156455959
814 	0.017445856175608
815 	0.0182192273634935
816 	0.0193694264089902
817 	0.0204114306317675
818 	0.0202361673542413
819 	0.0201728223706917
820 	0.0202224474302024
821 	0.0203842174780474
822 	0.0206554977856882
823 	0.0206430227217766
824 	0.0202093725555903
825 	0.0199233976574591
826 	0.0197915005108654
827 	0.0198167579047044
828 	0.0199985744082793
829 	0.0196264509801957
830 	0.0189835811451672
831 	0.0185640014876777
832 	0.0183830077108205
833 	0.0184476236106415
834 	0.0187553108314937
835 	0.0178457835820614
836 	0.0168494061070574
837 	0.0161876585786573
838 	0.0159023710167282
839 	0.0160136762563765
840 	0.0165135568588435
841 	0.0163409144065242
842 	0.0163934216009053
843 	0.0166699117018466
844 	0.0171595610878704
845 	0.0178448315634529
846 	0.0182929215070203
847 	0.0173346199178419
848 	0.0165552712350787
849 	0.015981077910296
850 	0.0156346597091149
851 	0.015531265396021
852 	0.0157422761542645
853 	0.0164248249065891
854 	0.0174977048562043
855 	0.0188945406026532
856 	0.0205493756903593
857 	0.0224051156049124
858 	0.0224328955372739
859 	0.0215392760430311
860 	0.0208425183937804
861 	0.0203628407595253
862 	0.0201157785050945
863 	0.0201099069167362
864 	0.0196985658831416
865 	0.0192938295605998
866 	0.0189850522820393
867 	0.0187769686309411
868 	0.0186729451763833
869 	0.0186051962030167
870 	0.0183563941443721
871 	0.0187176453803464
872 	0.0196553416036289
873 	0.0210927433231517
874 	0.0229360927493645
875 	0.0238287783799668
876 	0.0225843467291843
877 	0.0215202749909988
878 	0.0206644437281565
879 	0.0200435454424068
880 	0.0196798291052349
881 	0.019282224316964
882 	0.0188754946063788
883 	0.0186503901959526
884 	0.0186135017685351
885 	0.0187659392920623
886 	0.0191031710126775
887 	0.0176622755955819
888 	0.0169484862747349
889 	0.0174759670650085
890 	0.0191423794960669
891 	0.0216867468917636
892 	0.0243154110229395
893 	0.0234927557690203
894 	0.0229726548574983
895 	0.0227758447911642
896 	0.0229106586084123
897 	0.0233713582609525
898 	0.0231256462096284
899 	0.0216880170821824
900 	0.020745927584351
901 	0.0203682545090932
902 	0.0205860857423945
903 	0.0213812280908558
904 	0.0205535946916955
905 	0.0190911667531731
906 	0.0181346263299495
907 	0.0177658753552648
908 	0.0180210325185097
909 	0.018874812047012
910 	0.0195278455798613
911 	0.0204986466893362
912 	0.0217740211971891
913 	0.0233040168639468
914 	0.0250420072037501
915 	0.0260026511808793
916 	0.0241466872822394
917 	0.0224278050778725
918 	0.0208798867369732
919 	0.0195435972973149
920 	0.0184649401873768
921 	0.0185112274043301
922 	0.0196159320057514
923 	0.0210422509610847
924 	0.0227297195578795
925 	0.0246247084341318
926 	0.0266830408381002
927 	0.0244685101849038
928 	0.0218592612019479
929 	0.0198506929629175
930 	0.0186380289491098
931 	0.0183794895547858
932 	0.0188663727141615
933 	0.0185275976957349
934 	0.0183727549647728
935 	0.0184064870426545
936 	0.0186277695160336
937 	0.0190300609738586
938 	0.0187774586526627
939 	0.0178964071041903
940 	0.0173801760149442
941 	0.0172615279354707
942 	0.0175485290639614
943 	0.0182220222597665
944 	0.0186672402203855
945 	0.0191018275829202
946 	0.0196400222830752
947 	0.0202735747282473
948 	0.0209938535756066
949 	0.021413274424997
950 	0.0197107741602691
951 	0.0186692394775346
952 	0.0184012492950194
953 	0.0189396683403083
954 	0.0202201801757503
955 	0.020012753502094
956 	0.0183407944433288
957 	0.0178955780690989
958 	0.0187646269235465
959 	0.020783726043962
960 	0.0236602588426024
961 	0.023545418793803
962 	0.0228059892988004
963 	0.0222122684124658
964 	0.0217761775012706
965 	0.021507307212091
966 	0.0213467474031616
967 	0.0210481382616046
968 	0.0209303191801015
969 	0.0209963338418471
970 	0.0212444685914176
971 	0.0216684677303502
972 	0.0211497281590293
973 	0.0205242685413606
974 	0.0210488805301592
975 	0.0226437699698155
976 	0.0251057849862717
977 	0.0282087882683015
978 	0.0270231101428977
979 	0.02550456988339
980 	0.024202814685259
981 	0.0231544367897812
982 	0.0223950485158142
983 	0.0215549730185045
984 	0.0199071813191704
985 	0.0185050212739968
986 	0.0174079491801505
987 	0.0166762860072982
988 	0.0163591342486879
989 	0.0166576179778816
990 	0.0172711728894897
991 	0.0180451548631078
992 	0.0189599272114042
993 	0.0199961768961783
994 	0.0210354195574184
995 	0.0199986439714182
996 	0.0191016440432186
997 	0.0183649124509617
998 	0.017808351221506
999 	0.0174492090607257
1000 	0.0175808696577395
1001 	0.0182726778373262
1002 	0.0191442546799977
1003 	0.0201723120548966
1004 	0.0213342404249426
1005 	0.022609409763636
1006 	0.0226549740999346
1007 	0.0225506369547759
1008 	0.0225471031675463
1009 	0.022644419931063
1010 	0.0228412982416749
1011 	0.022892088978075
1012 	0.0223228074134966
1013 	0.0218648787239073
1014 	0.0215254108010383
1015 	0.0213100656133881
1016 	0.021222621904268
1017 	0.0211476995757261
1018 	0.0212276469944477
1019 	0.0215340136156348
1020 	0.0220573668822357
1021 	0.0227827581969018
1022 	0.0234963472786317
1023 	0.0224324684310605
1024 	0.021468768521271
1025 	0.0206192987554436
1026 	0.0198986938754656
1027 	0.0193213775950288
1028 	0.018823036497336
1029 	0.0183753731112247
1030 	0.0180424531483186
1031 	0.0178307049461793
1032 	0.0177444669342872
1033 	0.0177855649143399
1034 	0.0180882243812469
1035 	0.0186181410329066
1036 	0.0193536286538851
1037 	0.020272325000359
1038 	0.0213505932485329
1039 	0.0217336409967656
1040 	0.0210803812301752
1041 	0.0206386284032164
1042 	0.0204221125167272
1043 	0.0204379931658902
1044 	0.0206857351180802
1045 	0.0202892641953747
1046 	0.0198412979192408
1047 	0.0194798849408895
1048 	0.0192099110919438
1049 	0.0190352673653496
1050 	0.0184869274740448
1051 	0.0171689188742468
1052 	0.0162155104527619
1053 	0.015693294721953
1054 	0.0156455084695197
1055 	0.0160763829066999
1056 	0.0163108932926074
1057 	0.016758672791934
1058 	0.017562272110471
1059 	0.0186758160145194
1060 	0.0200477235646585
1061 	0.0210949163350743
1062 	0.0207673770232102
1063 	0.0205794779481297
1064 	0.0205350526603652
1065 	0.0206350278377183
1066 	0.0208773291135593
1067 	0.0207560560849814
1068 	0.0206138550465063
1069 	0.0206325682683733
1070 	0.0208117616893677
1071 	0.0211473561864413
1072 	0.0214993897939364
1073 	0.0215948368587479
1074 	0.0219105836388595
1075 	0.0224373316334669
1076 	0.0231606887907094
1077 	0.024062930799992
1078 	0.0235465021402892
1079 	0.0225982061775872
1080 	0.0218428557737911
1081 	0.0213009868497294
1082 	0.0209891400418848
1083 	0.0201974760456458
1084 	0.0181238819232356
1085 	0.0182087462455695
1086 	0.0204251822566875
1087 	0.0241942965824069
1088 	0.0289151550321149
1089 	0.0272550115515577
1090 	0.0236466154756055
1091 	0.0208571047300846
1092 	0.0192459044341194
1093 	0.0191133587510873
1094 	0.0198883209967127
1095 	0.0195069432989872
1096 	0.0192854137144711
1097 	0.0192292576006851
1098 	0.0193399155653661
1099 	0.0196145645055979
1100 	0.0199350378298199
1101 	0.0203928211145567
1102 	0.0210112740931742
1103 	0.0217767121324801
1104 	0.0226742543396149
1105 	0.0229862763703714
1106 	0.0218930429077296
1107 	0.0210187707294817
1108 	0.0203916425780656
1109 	0.020034880082468
1110 	0.0199629837860074
1111 	0.0194833665113512
1112 	0.0190233967144245
1113 	0.0187052570766511
1114 	0.0185362517749229
1115 	0.0185204639583774
1116 	0.0184807405227792
1117 	0.0184146561344293
1118 	0.018637075534396
1119 	0.0191379424716142
1120 	0.0198962391739087
1121 	0.0208839425906716
1122 	0.0204767757177349
1123 	0.0200889486802508
1124 	0.0198136012014837
1125 	0.0196554609275763
1126 	0.0196173625696698
1127 	0.0195223786875112
1128 	0.0193455201007063
1129 	0.0192516018286472
1130 	0.0192418383899358
1131 	0.0193163573929906
1132 	0.01940408375391
1133 	0.0187742530376646
1134 	0.0183607475400419
1135 	0.0181783356127409
1136 	0.0182339541346118
1137 	0.0185254593311529
1138 	0.0183332781567617
1139 	0.0179017173941363
1140 	0.0176022003167336
1141 	0.017441530866466
1142 	0.0174235505734604
1143 	0.0172985204105658
1144 	0.0165599584280379
1145 	0.0160979235457534
1146 	0.0159364853852566
1147 	0.0160846975410503
1148 	0.0165342350334885
1149 	0.0164917003831538
1150 	0.016535822544039
1151 	0.0168285145848255
1152 	0.0173572062642272
1153 	0.0181012305026393
1154 	0.0180604010281964
1155 	0.0170470537803492
1156 	0.0165514086291321
1157 	0.0166198477837329
1158 	0.0172456568685552
1159 	0.0183271642749489
1160 	0.0179531918370602
1161 	0.0177292696140361
1162 	0.0176611059134941
1163 	0.0177504952116751
1164 	0.0179950897625803
1165 	0.0174678794451625
1166 	0.0169653483449898
1167 	0.017148817523129
1168 	0.0179973194180388
1169 	0.019423896000722
1170 	0.0204202026274408
1171 	0.0190486572295791
1172 	0.0178250972561523
1173 	0.0167819225707191
1174 	0.0159545554994481
1175 	0.0153778685206163
1176 	0.0154689246976778
1177 	0.0160021857413963
1178 	0.0168952709115803
1179 	0.0180949806112927
1180 	0.0195449323596743
1181 	0.0196687492424648
1182 	0.0186921271311339
1183 	0.0181437366539095
1184 	0.0180626240065725
1185 	0.0184549515143127
1186 	0.019009759451113
1187 	0.0183240846112832
1188 	0.0178241391793383
1189 	0.0175258248398768
1190 	0.0174394917741984
1191 	0.0175682653827089
1192 	0.0174347274358597
1193 	0.0173454035852441
1194 	0.0174108450176125
1195 	0.017629328315046
1196 	0.0179952800303882
1197 	0.0178728670812246
1198 	0.0172980747996658
1199 	0.0170796202726164
1200 	0.0172310617301699
1201 	0.0177429301653168
1202 	0.0182554966351776
1203 	0.0167905172416865
1204 	0.0157011612174419
1205 	0.0150691121302871
1206 	0.0149524747015524
1207 	0.0153629925955947
1208 	0.0157038536575613
1209 	0.016095965351986
1210 	0.0166398987389178
1211 	0.0173213569903
1212 	0.0181248347425365
1213 	0.0184002767304083
1214 	0.0180837429910448
1215 	0.0178850973739655
1216 	0.0178082853269427
1217 	0.0178548793105664
1218 	0.0178806308719393
1219 	0.0173106352239027
1220 	0.0169252079277547
1221 	0.0167371047378775
1222 	0.0167529736668412
1223 	0.0169722425867446
1224 	0.016530354790621
1225 	0.0161325888417754
1226 	0.0159373645484532
1227 	0.0159521198447527
1228 	0.0161762801382445
1229 	0.0162913446015044
1230 	0.0164339984589816
1231 	0.0168668153120279
1232 	0.0175683627349196
1233 	0.01850810732076
1234 	0.0191076100072307
1235 	0.0183959791983118
1236 	0.0179220663704353
1237 	0.0177049709729533
1238 	0.0177541165132265
1239 	0.0180673304896598
1240 	0.0175828929198294
1241 	0.0172120228092478
1242 	0.0169837065319438
1243 	0.0169037214411963
1244 	0.0169741645503151
1245 	0.0171865664879889
1246 	0.0175825327063596
1247 	0.0181599577992122
1248 	0.0189022194554753
1249 	0.0197907795599756
1250 	0.0199152282880269
1251 	0.0190808438702845
1252 	0.0185095237901693
1253 	0.0182260232133682
1254 	0.0182437648666155
1255 	0.0182417619984812
1256 	0.0169248841179857
1257 	0.0158180167783472
1258 	0.0149678234218514
1259 	0.0144197764188697
1260 	0.0142088809111583
1261 	0.0151221191650163
1262 	0.0163626058365792
1263 	0.017805505868072
1264 	0.0194057207133623
1265 	0.0211275351455033
1266 	0.0207555176331747
1267 	0.019398438078518
1268 	0.018140531625098
1269 	0.0170038223786969
1270 	0.0160141394842613
1271 	0.0155333033854583
1272 	0.0158545842559694
1273 	0.0165865110809469
1274 	0.0176781514245951
1275 	0.0190678238345978
1276 	0.0200743590064542
1277 	0.018859599810096
1278 	0.017960790276872
1279 	0.0174268854543327
1280 	0.0172917191974346
1281 	0.0175644993057949
1282 	0.0171029089715348
1283 	0.0169567398009898
1284 	0.017159374062525
1285 	0.0176988354392644
1286 	0.0185457541702674
1287 	0.0174570446604864
1288 	0.0160482848265589
1289 	0.015126568093211
1290 	0.0147832762772935
1291 	0.0150580221646495
1292 	0.0153180252544081
1293 	0.0154592372567101
1294 	0.0159076997614964
1295 	0.0166385871732747
1296 	0.0176167826467121
1297 	0.0179614724248283
1298 	0.0170295063896283
1299 	0.0164637169789997
1300 	0.0163022746369488
1301 	0.0165570115841022
1302 	0.0168607129579676
1303 	0.0157161378749586
1304 	0.015073503518433
1305 	0.0149974730303969
1306 	0.0154963885030198
1307 	0.0165182349643458
1308 	0.0162550667080911
1309 	0.0161704002597216
1310 	0.0163147191139273
1311 	0.0166820813840696
1312 	0.0172582497135348
1313 	0.0167097329379563
1314 	0.0160804292929561
1315 	0.015749729445695
1316 	0.015736470028514
1317 	0.0160414382236426
1318 	0.0154527917251126
1319 	0.014476275848042
1320 	0.0139071169613101
1321 	0.0137958251417075
1322 	0.0141532056412545
1323 	0.014656104381109
1324 	0.0152830369266083
1325 	0.0163449070888034
1326 	0.0177638876869507
1327 	0.0194620238346123
1328 	0.0204867425994036
1329 	0.0196572983421215
1330 	0.0189998265590807
1331 	0.0185326392029344
1332 	0.018270339289793
1333 	0.0181097756935057
1334 	0.0175885207843469
1335 	0.0173408764379092
1336 	0.0173785434495929
1337 	0.0176997003863078
1338 	0.018258533864302
1339 	0.0174165082021973
1340 	0.0169169050281914
1341 	0.0167903190023532
1342 	0.0170450628441498
1343 	0.0176646466484203
1344 	0.017407528946104
1345 	0.0174856804687465
1346 	0.0180592325078701
1347 	0.0190835697908982
1348 	0.0204912003803441
1349 	0.0196442137852251
1350 	0.0181927537147113
1351 	0.0169761593318537
1352 	0.0160479353515852
1353 	0.0154601105393415
1354 	0.0156197075164999
1355 	0.0163302688128032
1356 	0.0173408437324089
1357 	0.0186026021959629
1358 	0.0200682216657746
1359 	0.0205522788127026
1360 	0.0203827024332129
1361 	0.0206194165628665
1362 	0.0212488471953514
1363 	0.0222376721285309
1364 	0.0222714144293052
1365 	0.0209834099372111
1366 	0.0201101724418809
1367 	0.0197069157868317
1368 	0.019802372967761
1369 	0.0197266814623242
1370 	0.018712893134841
1371 	0.0180216982904923
1372 	0.0176909491240199
1373 	0.0177408169028758
1374 	0.0178722070537254
1375 	0.017456411692179
1376 	0.0173502804977542
1377 	0.0175594293051609
1378 	0.0180729156940277
1379 	0.018478481807246
1380 	0.017420889555185
1381 	0.0168295845047959
1382 	0.0167540101179109
1383 	0.0172009655012425
1384 	0.0179476530640681
1385 	0.0176197294112062
1386 	0.0178123051829446
1387 	0.0185091411126189
1388 	0.0196566815844785
1389 	0.0210431686532783
1390 	0.0196668355330568
1391 	0.0186537211118239
1392 	0.0180650386456966
1393 	0.017942612678836
1394 	0.0182958054409842
1395 	0.0174356392131795
1396 	0.0170091421837251
1397 	0.0170704390802074
1398 	0.0176144381819818
1399 	0.0185988317927102
1400 	0.0178841034279963
1401 	0.0173261034468973
1402 	0.0170801553919756
1403 	0.0171596823428525
1404 	0.0175602628207354
1405 	0.0168260999504149
1406 	0.0162876041529964
1407 	0.0161376786835779
1408 	0.0163869921672785
1409 	0.0170180071110819
1410 	0.016135722630017
1411 	0.0153834479172296
1412 	0.0150992901359035
1413 	0.0153093377763728
1414 	0.0159941317817117
1415 	0.0161138414094155
1416 	0.016364534691692
1417 	0.0169036336186523
1418 	0.0177048125232072
1419 	0.018734478017293
1420 	0.0178884601146644
1421 	0.0168342061625902
1422 	0.0160353091533186
1423 	0.0155312244471477
1424 	0.0153510220076749
1425 	0.0132837129055378
1426 	0.0111927652343654
1427 	0.00984256105415774
1428 	0.00955254270319496
1429 	0.0104116850493203
1430 	0.00981635143420615
1431 	0.00945350805275321
1432 	0.00989387470120004
1433 	0.0110417653379598
1434 	0.012706859959488
1435 	0.010781614547709
1436 	0.00808621091078177
1437 	0.00539080727385451
1438 	0.00269540363692724
1439 	0
1440 	0.00214607459706626
1441 	0.00498311271426295
1442 	0.00782865331285174
1443 	0.010675899834932
1444 	0.0135237748465831
1445 	0.0118245033390526
1446 	0.010263055424118
1447 	0.00995988656959653
1448 	0.0110193457490634
1449 	0.0131152669592745
1450 	0.0119101574161208
1451 	0.0106529270967466
1452 	0.00989302746248959
1453 	0.00974747452480404
1454 	0.0102424927358036
1455 	0.010254442792924
1456 	0.0108280594662337
1457 	0.0119407748751413
1458 	0.0134595429133713
1459 	0.0152636314243542
1460 	0.0137994575632613
1461 	0.0128233274332404
1462 	0.0124995386278009
1463 	0.0128773928799126
1464 	0.0137329347052714
1465 	0.0115738399271627
1466 	0.0101083582380408
1467 	0.00965758263988421
1468 	0.010354890592974
1469 	0.0116793376196685
1470 	0.0110140111970978
1471 	0.0110327029969221
1472 	0.0117321441151945
1473 	0.0130029401680542
1474 	0.0142254737108391
1475 	0.0136269833359115
1476 	0.0134063852800392
1477 	0.0135821050141977
1478 	0.0141393743092381
1479 	0.0145116787067946
1480 	0.0137391404452991
1481 	0.0134082389226939
1482 	0.013551364927062
1483 	0.0141541457287516
1484 	0.0148404299311925
1485 	0.0152850149733811
1486 	0.0160724308800525
1487 	0.0171555360019844
1488 	0.0184824193789783
1489 	0.0191159091199109
1490 	0.0188097365251036
1491 	0.0187030340414916
1492 	0.0187991984967662
1493 	0.0190951651847973
1494 	0.0190017285338797
1495 	0.0186718232325995
1496 	0.0186219579589413
1497 	0.0188543547611859
1498 	0.019358850909537
1499 	0.0191642802240331
1500 	0.0186815512259363
1501 	0.0184194883311557
1502 	0.0183875288994516
1503 	0.0185868599324103
1504 	0.0184660213132085
1505 	0.0183659342311754
1506 	0.0184428200421655
1507 	0.0186944953371679
1508 	0.0191140569894236
1509 	0.018075197090606
1510 	0.0187193203571233
1511 	0.0211283670634044
1512 	0.0247930952134716
1513 	0.0289411510771095
1514 	0.0255262086734338
1515 	0.0228802918899649
1516 	0.0212920527159546
1517 	0.0210028232603782
1518 	0.0215115750151687
1519 	0.0202589116095468
1520 	0.0194812649345288
1521 	0.0192363305017054
1522 	0.0195441470207337
1523 	0.0201047493588296
1524 	0.0204632762272191
1525 	0.0210898954373741
1526 	0.0219616710112203
1527 	0.0230508044564299
1528 	0.0232087993077357
1529 	0.0223171318005078
1530 	0.021530540890645
1531 	0.0208609161599928
1532 	0.0203198245015252
1533 	0.0204650139669397
1534 	0.0209876456099495
1535 	0.0215860545077205
1536 	0.0222541285956423
1537 	0.0229857942928267
1538 	0.0219568718188641
1539 	0.0206691570851778
1540 	0.019512325798439
1541 	0.0185109327271222
1542 	0.0177089912851358
1543 	0.0182076001264144
1544 	0.0189285715407562
1545 	0.0198476882020897
1546 	0.0209388734545329
1547 	0.0216826111111845
1548 	0.0206948387594841
1549 	0.0198857647897568
1550 	0.0192779017161183
1551 	0.0188906831848243
1552 	0.0187553679636874
1553 	0.0188262055931662
1554 	0.0190510994590739
1555 	0.0194246994350852
1556 	0.0199386481404279
1557 	0.0191098329072192
1558 	0.0175361615746134
1559 	0.0161996657567562
1560 	0.0151631902092159
1561 	0.0144912547021184
1562 	0.0149731350960857
1563 	0.0160890704388628
1564 	0.0176047943404581
1565 	0.0194269545517316
1566 	0.0212628976848343
1567 	0.0195983116704415
1568 	0.018161890701651
1569 	0.0170115307523044
1570 	0.0162082551301922
1571 	0.0158942712991787
1572 	0.0161923769905127
1573 	0.016846133921815
1574 	0.0178164341734933
1575 	0.0190549827667979
1576 	0.0193387122605291
1577 	0.0187029701988298
1578 	0.0181866384795116
1579 	0.0178001114230768
1580 	0.0175519667481114
1581 	0.017395370697794
1582 	0.0173505449440677
1583 	0.0174309836001784
1584 	0.0176349726383228
1585 	0.0179067082339153
1586 	0.0167755061487826
1587 	0.0157617313778749
1588 	0.0148893891149335
1589 	0.0141845973897987
1590 	0.013435007536276
1591 	0.0123681747244656
1592 	0.011618794552094
1593 	0.011250482211282
1594 	0.0113005590765554
1595 	0.0115117201804182
1596 	0.0120032940457019
1597 	0.0129314614300912
1598 	0.0142109317718195
1599 	0.0157563552023842
1600 	0.015257553671743
1601 	0.015602607245484
1602 	0.0171757785440076
1603 	0.0196847908613225
1604 	0.0223125315113219
1605 	0.0222759838519869
1606 	0.0226177432666657
1607 	0.0233211840212327
1608 	0.024354987119688
1609 	0.0252349430874478
1610 	0.025892193997556
1611 	0.0268972815977849
1612 	0.0282130553938617
1613 	0.0297983879081872
1614 	0.0291284488821477
1615 	0.0277126466634313
1616 	0.0263927115788312
1617 	0.0251837219737957
1618 	0.0241832055056891
1619 	0.0245752436004329
1620 	0.0250782431810984
1621 	0.025685686239995
1622 	0.0263903616445114
1623 	0.0261553686029838
1624 	0.0244722468390908
1625 	0.0230998449384729
1626 	0.0220961358441303
1627 	0.021512787233078
1628 	0.0202359629255466
1629 	0.0187720110712512
1630 	0.017602880053302
1631 	0.016790269654159
1632 	0.01631620065989
1633 	0.0149919131583083
1634 	0.0141478219929955
1635 	0.0138718645095563
1636 	0.0141972086560795
1637 	0.0146633736393477
1638 	0.015441752869605
1639 	0.0171984535364715
1640 	0.0196731223644788
1641 	0.0226314504672308
1642 	0.0216886740123138
1643 	0.0198542776646555
1644 	0.0186520286856039
1645 	0.0182075829785964
1646 	0.0185377791260266
1647 	0.0194572558470867
1648 	0.0211902794112885
1649 	0.0235579851475843
1650 	0.0263900923294135
1651 	0.0258807137559391
1652 	0.0219140463987718
1653 	0.0184902789866052
1654 	0.0159626535019017
1655 	0.0147977396593318
1656 	0.0147982713188277
1657 	0.0160048396487844
1658 	0.0182187419064661
1659 	0.0211256201669681
1660 	0.023446550302237
1661 	0.0231051088734081
1662 	0.0229877365032227
1663 	0.0230978492839484
1664 	0.0234322404404538
1665 	0.0233727355557813
1666 	0.0232490612470055
1667 	0.0233877791697674
1668 	0.0237842986913818
1669 	0.0241855811183393
1670 	0.0213190154117158
1671 	0.0187962293066877
1672 	0.016773067343381
1673 	0.0154471056833636
1674 	0.0144682192962451
1675 	0.0135522598847206
1676 	0.0132633526953633
1677 	0.0136413965494749
1678 	0.0146347966599566
1679 	0.0134800681587433
1680 	0.0125097992937252
1681 	0.0121260705445933
1682 	0.0123835278904625
1683 	0.012320262592564
1684 	0.0112322913791212
1685 	0.0113245988263407
1686 	0.0125712122409084
1687 	0.0146809701828832
1688 	0.0156554945176598
1689 	0.0169114608508617
1690 	0.0188385758599122
1691 	0.0212550654092335
1692 	0.0233881525751837
1693 	0.0235966356605367
1694 	0.0241450709485544
1695 	0.0250111053479033
1696 	0.026163219093523
1697 	0.0244814958856839
1698 	0.0214790721021671
1699 	0.018703334700118
1700 	0.0162707164072266
1701 	0.0146388337879257
1702 	0.0152188690848157
1703 	0.0160677664950546
1704 	0.0171456375334089
1705 	0.0184123131377639
1706 	0.0182939898645111
1707 	0.017399341422851
1708 	0.0167528273717369
1709 	0.0163838485758892
1710 	0.0164456576386427
1711 	0.0185516773113117
1712 	0.0214794444750186
1713 	0.024941232263955
1714 	0.0287447443323205
1715 	0.0286024954004653
1716 	0.025811408635636
1717 	0.0235261389986685
1718 	0.021905568799287
1719 	0.0210345669605259
1720 	0.0199239414003097
1721 	0.0191030342143519
1722 	0.0186102238845217
1723 	0.0184717890696854
1724 	0.0173425427495682
1725 	0.0155597508440592
1726 	0.0141501994355082
1727 	0.0132336949574548
1728 	0.012929402901563
1729 	0.0141036072623148
1730 	0.0168329764891367
1731 	0.0205056465007464
1732 	0.0247044340270902
1733 	0.0257757313875998
1734 	0.0249680867318135
1735 	0.0243396888180887
1736 	0.0239046777578737
1737 	0.0235016709047675
1738 	0.0223140772043551
1739 	0.0212123513504379
1740 	0.0202105408218955
1741 	0.0193241913926343
1742 	0.0187379707451858
1743 	0.0183352825882675
1744 	0.0180445535870827
1745 	0.0178712486229658
1746 	0.0181782862344874
1747 	0.0197940857717928
1748 	0.021631309419283
1749 	0.0236383848301438
1750 	0.0257756649205549
1751 	0.0255170066997554
1752 	0.0247127938925827
1753 	0.0239695929684593
1754 	0.0232932446474163
1755 	0.0226013626258472
1756 	0.0219281364395074
1757 	0.0214806698577594
1758 	0.0212732137212565
1759 	0.0213127778852558
1760 	0.0186404317230402
1761 	0.0163097130968792
1762 	0.0147393648311251
1763 	0.0141842200275095
1764 	0.0142745400212388
1765 	0.0151130920670161
1766 	0.016977577641881
1767 	0.0195770341241449
1768 	0.0224168880672043
1769 	0.0239538337365167
1770 	0.0259582794494987
1771 	0.0283311707227624
1772 	0.0309879821593601
1773 	0.0292721119150489
1774 	0.0260481914503809
1775 	0.0231959664606906
1776 	0.0208684039302604
1777 	0.0196616300023478
1778 	0.0199751544191615
1779 	0.0208972376182081
1780 	0.0223526940737963
1781 	0.0242456588057322
1782 	0.0243204740930143
1783 	0.0243710534074493
1784 	0.0245072606965498
1785 	0.024727681009118
1786 	0.024364209920443
1787 	0.0235937204295365
1788 	0.0229169692394274
1789 	0.0223424759435612
1790 	0.0218023073395764
1791 	0.0211980698218962
1792 	0.0209023616179855
1793 	0.020928265012525
1794 	0.0212746052807173
1795 	0.0220172770466019
1796 	0.0234083190622318
1797 	0.0253538909460082
1798 	0.0277375493311019
1799 	0.0284944266014554
1800 	0.0274570280021702
1801 	0.0264918806431031
1802 	0.025607155391318
1803 	0.0251599028877502
1804 	0.0265712590876696
1805 	0.02810637504054
1806 	0.0297460961903794
1807 	0.0314740777696106
1808 	0.0287089349199549
1809 	0.0252034968523728
1810 	0.0219355494057482
1811 	0.019027852392521
1812 	0.0173717739364182
1813 	0.0169358307921873
1814 	0.0170494925480101
1815 	0.0177021756930379
1816 	0.0184977115130462
1817 	0.0181713935105969
1818 	0.0179420461962527
1819 	0.0178134154500027
1820 	0.0177876863862264
1821 	0.0178878297981756
1822 	0.018337531736174
1823 	0.019122413053201
1824 	0.0202034474111382
1825 	0.0211293490283456
1826 	0.0220553669457281
1827 	0.0232314855944344
1828 	0.0246218911906201
1829 	0.0256867901116946
1830 	0.0257475178847014
1831 	0.0258762138468566
1832 	0.0260718715039398
1833 	0.0262093255030218
1834 	0.0232780614597369
1835 	0.0208694312177644
1836 	0.0191813395103806
1837 	0.0184130394965564
1838 	0.0188163577787918
1839 	0.0196302051375407
1840 	0.0206916470945574
1841 	0.0219648181711306
1842 	0.0223489950675156
1843 	0.0219122092168262
1844 	0.0217317882591355
1845 	0.0218140941838447
1846 	0.0224194760424178
1847 	0.024902769896265
1848 	0.0286418402404278
1849 	0.0332152690425978
1850 	0.0382548474007846
1851 	0.0365944696439613
1852 	0.0351488086874988
1853 	0.0339453086676212
1854 	0.0330104664264513
1855 	0.0321289111833343
1856 	0.0312355818738051
1857 	0.0303711614592505
1858 	0.0295381880621109
1859 	0.0278602383739704
1860 	0.025689755344959
1861 	0.0238709211017657
1862 	0.0224892177708133
1863 	0.021645534454429
1864 	0.0210741133836547
1865 	0.0205831330045771
1866 	0.0201784659959274
1867 	0.0198097750638839
1868 	0.0195003516096802
1869 	0.0199334304535967
1870 	0.0210632618158572
1871 	0.0227864380482352
1872 	0.0225970217810171
1873 	0.0223765500702406
1874 	0.022312274505195
1875 	0.0224055393824683
1876 	0.0227971971565003
1877 	0.0234227529822855
1878 	0.0242213510084
1879 	0.0251765299515483
1880 	0.0254742970074319
1881 	0.0259551993521283
1882 	0.0274104456529735
1883 	0.0296971426315821
1884 	0.0319519815017393
1885 	0.0335353516115938
1886 	0.0354765568702882
1887 	0.0377203918439377
1888 	0.0387108078271922
1889 	0.0345101910962688
1890 	0.0307050676803751
1891 	0.0274603408190808
1892 	0.0250062679473017
1893 	0.0233099325665154
1894 	0.0219238337687961
1895 	0.0209097591868289
1896 	0.0203234736854607
1897 	0.0207895431288604
1898 	0.021360078295944
1899 	0.0219584661111202
1900 	0.022582492575883
1901 	0.0228288678820988
1902 	0.0236387112354296
1903 	0.0251379399013463
1904 	0.0272128511849337
1905 	0.0277860485492159
1906 	0.0274461844417128
1907 	0.0272052598721273
1908 	0.0270659170708063
1909 	0.0262585958679916
1910 	0.0249004989639471
1911 	0.0237089933235979
1912 	0.0227103149307344
1913 	0.0220119377779119
1914 	0.021543997343828
1915 	0.0211500051569719
1916 	0.0208341569185287
1917 	0.0207181068712022
1918 	0.0210041777068453
1919 	0.0214634884354088
1920 	0.0220852329930007
1921 	0.0226864818411355
1922 	0.0228490545975403
1923 	0.0231687026220254
1924 	0.0236390548433641
1925 	0.0242587429715057
1926 	0.0251564730702433
1927 	0.0263355135241708
1928 	0.027760043521243
1929 	0.0292787572471657
1930 	0.0292121827256329
1931 	0.0291794769441245
1932 	0.0291807537830888
1933 	0.0292160087870578
1934 	0.0248574832147073
1935 	0.0210673771172607
1936 	0.0182190964418939
1937 	0.0167987428530801
1938 	0.018381225620279
1939 	0.020899535362929
1940 	0.0239915030750194
1941 	0.0274640561378076
1942 	0.0304452269278198
1943 	0.033428525380768
1944 	0.0364761586517645
1945 	0.0395732657896032
1946 	0.0397354234572153
1947 	0.0394720035989114
1948 	0.0392967638555945
1949 	0.0392108865183363
1950 	0.0372240845908072
1951 	0.0349902645000313
1952 	0.0329787741593406
1953 	0.0312325996266003
1954 	0.0267565530689355
1955 	0.0229255115996171
1956 	0.0213580439347121
1957 	0.022531622399852
1958 	0.0225415778205286
1959 	0.0221720112354302
1960 	0.0221980249846956
1961 	0.0226182542127002
1962 	0.0223564664175389
1963 	0.0220699745343703
1964 	0.0220391376603323
1965 	0.0222650180612665
1966 	0.0219783620704635
1967 	0.0215589351860383
1968 	0.021186170441712
1969 	0.0208625692135175
1970 	0.0213733723195657
1971 	0.0222049220424947
1972 	0.0231664877948921
1973 	0.0242426035281616
1974 	0.0227231097696424
1975 	0.0212637843809977
1976 	0.0205790540920437
1977 	0.0207457595900538
1978 	0.0211827121603002
1979 	0.0216663116333226
1980 	0.0222299429695059
1981 	0.0228676891786605
1982 	0.0214195107161734
1983 	0.020051341883834
1984 	0.0190570156734963
1985 	0.0184969198633914
1986 	0.0179794005430725
1987 	0.0177976167192071
1988 	0.0179776366146574
1989 	0.018477448819953
1990 	0.0177550995334618
1991 	0.0173601968969402
1992 	0.0173151594120924
1993 	0.0175663722879225
1994 	0.0174630891515948
1995 	0.0174800240776374
1996 	0.0176168303753144
1997 	0.0177654704483234
1998 	0.0174898002183994
1999 	0.0173015951399323
2000 	0.0172037260025284
2001 	0.017198452776703
2002 	0.0172720856253395
2003 	0.0174126705066308
2004 	0.0176186047938758
2005 	0.0177656882615941
2006 	0.0177452669140772
2007 	0.0177782297700435
2008 	0.0178642813211726
2009 	0.0178638841822686
2010 	0.0177464437068588
2011 	0.0176742665391397
2012 	0.0176479080472742
2013 	0.0176465486770356
2014 	0.0176580914382868
2015 	0.0176933516745662
2016 	0.0177521880601215
2017 	0.0174022922856766
2018 	0.0169180448713183
2019 	0.0164950084991324
2020 	0.0161379975880419
2021 	0.0166340696011936
2022 	0.017343908700101
2023 	0.0181019470774172
2024 	0.0189023868462659
2025 	0.0190183805593869
2026 	0.0191563937748005
2027 	0.0193341303254072
2028 	0.019522388926792
2029 	0.0195629924944201
2030 	0.0196549374726789
2031 	0.0197975085443465
2032 	0.0199139578646355
2033 	0.0199002668031933
2034 	0.0199480067604369
2035 	0.0200567390784983
2036 	0.0198765420691776
2037 	0.0193794108720297
2038 	0.0189987534085118
2039 	0.0187416680319355
2040 	0.0184457810892834
2041 	0.0181782424871883
2042 	0.0180371110147117
2043 	0.0180253560712629
2044 	0.0179502425466023
2045 	0.0179671705813507
2046 	0.018116352018416
2047 	0.0183744455384742
2048 	0.0179275894973119
2049 	0.0175189289364387
2050 	0.0171511943180041
2051 	0.0169427395782776
2052 	0.0171604768387775
2053 	0.0174191141344695
2054 	0.0177168603342608
2055 	0.0177506452404101
2056 	0.0174505681225844
2057 	0.017187493660818
2058 	0.0169631435197016
2059 	0.0169453290481363
2060 	0.0170984759547074
2061 	0.0173497330760413
2062 	0.0176949215894882
2063 	0.0177323743546854
2064 	0.0177477822300656
2065 	0.017777039465545
2066 	0.0178357912710773
2067 	0.0180051561994008
2068 	0.0182058907514039
2069 	0.0184369703348227
2070 	0.0184573003347373
2071 	0.0181811947037688
2072 	0.0179687832454141
2073 	0.0178223434777714
2074 	0.018166399396375
2075 	0.0187562302737837
2076 	0.0193759754844015
2077 	0.0200228575057458
2078 	0.019756158576698
2079 	0.0194911674521524
2080 	0.0192868593471643
2081 	0.0191268703920119
2082 	0.0189526008197056
2083 	0.0188185314401916
2084 	0.0187255257388399
2085 	0.0183690530159842
2086 	0.0177923773192477
2087 	0.0172955088432365
2088 	0.0168854942223204
2089 	0.0168809375819947
2090 	0.0170039602065486
2091 	0.017179707642529
2092 	0.0173312205316704
2093 	0.0170438322913384
2094 	0.0168615961495656
2095 	0.0167879367917776
2096 	0.0167412749420368
2097 	0.0167740885791396
2098 	0.0170154028682135
2099 	0.0174565732033876
2100 	0.0177469551305842
2101 	0.0180598355759415
2102 	0.0184805648472495
2103 	0.0187995042801703
2104 	0.017706871848353
2105 	0.0168890277662663
2106 	0.0163871658894178
2107 	0.0163610007566272
2108 	0.0166713840187451
2109 	0.0170963445927375
2110 	0.0176275978442279
2111 	0.0179095786039686
2112 	0.018156967464339
2113 	0.0184408247296834
2114 	0.0187170592201846
2115 	0.0188479004814211
2116 	0.0190290799489498
2117 	0.0192591770148625
2118 	0.0191470254896801
2119 	0.0187792360102173
2120 	0.0184688904606506
2121 	0.0182189246187217
2122 	0.0181352812268845
2123 	0.0181077414676501
2124 	0.0181299905370803
2125 	0.0180754475570262
2126 	0.0178139879935887
2127 	0.0175900968237806
2128 	0.0174052238850746
2129 	0.0172504487151134
2130 	0.0171532715986824
2131 	0.0171212061540356
2132 	0.0171605456132399
2133 	0.0173087585972637
2134 	0.0175403757679225
2135 	0.0178521511154484
2136 	0.0178785981877618
2137 	0.0177298058995237
2138 	0.0176740204446129
2139 	0.0177132622404133
2140 	0.0179542551283155
2141 	0.0182965578382676
2142 	0.0187346180571407
2143 	0.0189073223921993
2144 	0.0187114406398378
2145 	0.0185665642369866
2146 	0.018473893208701
2147 	0.0183694797504478
2148 	0.0183857068950046
2149 	0.0185326746857934
2150 	0.0186408919528064
2151 	0.0185602634801662
2152 	0.0185697286128913
2153 	0.018669150320942
2154 	0.0186881646712042
2155 	0.0187580529348186
2156 	0.0189107054864901
2157 	0.0190221198926981
2158 	0.0189127623854881
2159 	0.0188283891161131
2160 	0.0187693370204086
2161 	0.0186081152789514
2162 	0.0184887737420471
2163 	0.0184484695333394
2164 	0.0183740909447359
2165 	0.0181070872861914
2166 	0.017901335200812
2167 	0.0177589637645799
2168 	0.0175469566434477
2169 	0.0173447843783364
2170 	0.0171818971499426
2171 	0.0170185984196406
2172 	0.0168148323455432
2173 	0.0166542545116301
2174 	0.0165381229816827
2175 	0.0167383301089158
2176 	0.0170220865904608
2177 	0.0173429824826629
2178 	0.0175962340967691
2179 	0.0177699298618024
2180 	0.0180361370073104
2181 	0.0183908386689566
2182 	0.018230651789312
2183 	0.0181246234058257
2184 	0.018109309296203
2185 	0.0180763806092437
2186 	0.0180206505226615
2187 	0.018049003597911
2188 	0.0181436173596293
2189 	0.0181350120957344
2190 	0.0183074173905972
2191 	0.0186558155623378
2192 	0.0186641891228002
2193 	0.0185148923555844
2194 	0.0184817463606952
2195 	0.0184706190827735
2196 	0.01821629494536
2197 	0.0180110106263611
2198 	0.0178564575445564
2199 	0.0173450443823463
2200 	0.0168794743737612
2201 	0.016565160991222
2202 	0.0166864626092875
2203 	0.0172926997008731
2204 	0.0179924936967293
2205 	0.0187575776632051
2206 	0.0192684103654593
2207 	0.0199366380276232
2208 	0.0207470579429801
2209 	0.0203633349488105
2210 	0.0193926741820412
2211 	0.0184856816168543
2212 	0.0177939561029771
2213 	0.0175004542193899
2214 	0.0172776396719669
2215 	0.0171282713092349
2216 	0.0170318635099882
2217 	0.0169622490575422
2218 	0.0169197028049679
2219 	0.0169031881692588
2220 	0.0169875842896215
2221 	0.0171905035504917
2222 	0.017396979175659
2223 	0.0174012420156569
2224 	0.0175094495542959
2225 	0.0177196976401748
2226 	0.0178013918939416
2227 	0.017886303322325
2228 	0.0179869230975292
2229 	0.0180287539137003
2230 	0.0180538332692232
2231 	0.018110681046782
2232 	0.0181216533060964
2233 	0.0180017697041714
2234 	0.0179266641189465
2235 	0.0178965324395965
2236 	0.0178755112656374
2237 	0.0178758752840838
2238 	0.0178976231900799
2239 	0.0178003844174678
2240 	0.017734735397045
2241 	0.0177641765381315
2242 	0.017757188987459
2243 	0.0176566991424441
2244 	0.0176150472677707
2245 	0.017618071342413
2246 	0.0175958848172682
2247 	0.0176024181759909
2248 	0.017637639503233
2249 	0.0177897346298527
2250 	0.0180683152881827
2251 	0.0184641281837567
2252 	0.0185663347407466
2253 	0.0185897043230156
2254 	0.018731862960143
2255 	0.0188032760712788
2256 	0.0187156104251668
2257 	0.0187016951218234
2258 	0.0187183959640719
2259 	0.0186842537186352
2260 	0.0187959178760141
2261 	0.0190508247277218
2262 	0.0190064740319564
2263 	0.0190203916029189
2264 	0.0190981401363159
2265 	0.0188533163577119
2266 	0.0186139299807335
2267 	0.0185016599721527
2268 	0.0181323399175066
2269 	0.0175864434178584
2270 	0.0171492174463591
2271 	0.0169931217508595
2272 	0.017278557782766
2273 	0.0177651065564342
2274 	0.0182237362585066
2275 	0.0179641276693373
2276 	0.0177460662382019
2277 	0.0175738458963822
2278 	0.0175411292472291
2279 	0.0176025523004136
2280 	0.0177571381774257
2281 	0.0175236573765138
2282 	0.0173058949357983
2283 	0.0171728583039773
2284 	0.0172881395396805
2285 	0.0175439127052671
2286 	0.0178758648018134
2287 	0.0179374641224713
2288 	0.0178378478533346
2289 	0.017818999572008
2290 	0.0180188023137041
2291 	0.0184383718798198
2292 	0.0189032953299618
2293 	0.0191801343577957
2294 	0.0190600376162188
2295 	0.0190013735655868
2296 	0.0188957473162704
2297 	0.0184812272932508
2298 	0.0181283919531909
2299 	0.017878923834902
2300 	0.0179296586067332
2301 	0.0180011296103005
2302 	0.0180787109488853
2303 	0.0178189327475138
2304 	0.0175927118095098
2305 	0.0174013569364427
2306 	0.0171962846039075
2307 	0.0170040887725351
2308 	0.016826985355805
2309 	0.0167789345780008
2310 	0.0168178864474414
2311 	0.0169322533156636
2312 	0.0168924465889785
2313 	0.0169714352973913
2314 	0.0172232828234648
2315 	0.0176099143439164
2316 	0.0181724093527794
2317 	0.0189067069404684
2318 	0.0187587293244242
2319 	0.0184959181085248
2320 	0.018514093825723
2321 	0.0184367742443064
2322 	0.0186348269602769
2323 	0.0192755622385275
2324 	0.0190889042398232
2325 	0.0184975312188114
2326 	0.0180296163157223
2327 	0.0177961159063035
2328 	0.017727179270458
2329 	0.0177715492165385
2330 	0.0182311796911605
2331 	0.0191416273409755
2332 	0.0203535580737799
2333 	0.0200720507972614
2334 	0.0191429324329799
2335 	0.0183635679889847
2336 	0.0178932187889847
2337 	0.0176760998939062
2338 	0.0176635853412311
2339 	0.0173842417850862
2340 	0.0170832775241529
2341 	0.016926005530696
2342 	0.0168822488891883
2343 	0.0169260341372981
2344 	0.0170599994544946
2345 	0.0172077614190364
2346 	0.0173909738489783
2347 	0.0176202594083292
2348 	0.0175340666522109
2349 	0.017451079496836
2350 	0.0174171414844244
2351 	0.0173493121634152
2352 	0.0173337032098096
2353 	0.0173688686019126
2354 	0.0173930967248057
2355 	0.017576790122718
2356 	0.0179654304006538
2357 	0.0188063850209729
2358 	0.0197370223867711
2359 	0.020478371837016
2360 	0.0204088734745086
2361 	0.0204055101155908
2362 	0.0201023556310166
2363 	0.0191804161865222
2364 	0.0183487780078672
2365 	0.0176776364462424
2366 	0.0171675402480456
2367 	0.0167539930456862
2368 	0.0170804234211581
2369 	0.0179098244433685
2370 	0.0187988247473926
2371 	0.0189851817086546
2372 	0.0190281946186837
2373 	0.0192028148651446
2374 	0.018662504986379
2375 	0.0181410167747501
2376 	0.0177365732459237
2377 	0.0173196032912692
2378 	0.0171762623342005
2379 	0.0171776723569442
2380 	0.0169997262832698
2381 	0.0171070207708948
2382 	0.0171850044787845
2383 	0.0171910399828545
2384 	0.0176058321252505
2385 	0.0174824144442716
2386 	0.0169459732409379
2387 	0.0165688054379499
2388 	0.0167578569167452
2389 	0.0171915945724842
2390 	0.0177495379470151
2391 	0.0178035587539516
2392 	0.0179883940543061
2393 	0.0181901233781199
2394 	0.018187174550139
2395 	0.0183244442894198
2396 	0.0189244895914429
2397 	0.020055002813489
2398 	0.0213524587171535
2399 	0.0214723771969993
2400 	0.0213062433096663
