 	sdm0
200 	0
201 	0
202 	0
203 	0.00836621017715413
204 	0.00837976613588193
205 	0.00852521245027577
206 	0.00879600893696156
207 	0.00918107064466807
208 	0.00966675241289292
209 	0.0101952793998741
210 	0.00912193049221445
211 	0.00818542877365502
212 	0.00743764794493933
213 	0.00693986340914816
214 	0.00674763186332063
215 	0.00688658854794294
216 	0.00664625869533234
217 	0.0061462181326491
218 	0.00586604987408521
219 	0.00583749826712883
220 	0.0060641184037365
221 	0.00651935419444794
222 	0.00684967048718677
223 	0.00600039767722399
224 	0.00556839614389858
225 	0.0056502013924006
226 	0.00622559176004487
227 	0.00717681590815477
228 	0.00837680471451375
229 	0.00812273861784855
230 	0.00746861619825166
231 	0.0069322777050203
232 	0.00654275335329795
233 	0.00632721658428862
234 	0.00630354019315638
235 	0.00634534128615456
236 	0.00631575581550342
237 	0.00643730575239012
238 	0.00670177271502448
239 	0.00709318884870128
240 	0.00759194421134902
241 	0.00817842430536185
242 	0.00783379831776789
243 	0.0075847326971058
244 	0.00749942652720138
245 	0.00758340824000005
246 	0.00783123342643882
247 	0.00822811081424574
248 	0.0081928831334583
249 	0.00781439133047103
250 	0.007557026557926
251 	0.00743338076738167
252 	0.0074501147355449
253 	0.00760630200668561
254 	0.00774466666944353
255 	0.00723019054101696
256 	0.00685851773352423
257 	0.00665362251301913
258 	0.00663098306388105
259 	0.00679242203078058
260 	0.00712543854776833
261 	0.00675727442428872
262 	0.00628568698358516
263 	0.00599107420397942
264 	0.00590000723991704
265 	0.00602172789123434
266 	0.00634399985912483
267 	0.00656836317547622
268 	0.00662507418148911
269 	0.00696294309462621
270 	0.00754428927674833
271 	0.00831821978352366
272 	0.0092364503769704
273 	0.0102336268593972
274 	0.00990834507147972
275 	0.0097733044973072
276 	0.00983634357482911
277 	0.0100937517519754
278 	0.0105312862140556
279 	0.0111277198741538
280 	0.01083109514145
281 	0.0100878970442374
282 	0.00947634953045111
283 	0.00902326010417418
284 	0.00875326991632475
285 	0.00868347478747099
286 	0.00862250921706167
287 	0.00821541697764031
288 	0.00793975745869081
289 	0.00780946107982624
290 	0.00783178636582701
291 	0.00800545654355425
292 	0.00832100070482307
293 	0.00829638647799882
294 	0.00851076375047443
295 	0.00898726185555602
296 	0.00968727808644668
297 	0.0105664820450253
298 	0.0115841457998167
299 	0.0114136266643393
300 	0.0103860246805322
301 	0.00949347162040044
302 	0.00877726368870701
303 	0.0082832706116522
304 	0.00805249314819006
305 	0.00796665405571457
306 	0.00765189175951967
307 	0.00758221620977376
308 	0.00776422837766161
309 	0.0081811470128335
310 	0.00879964630465806
311 	0.00958076553438967
312 	0.00893772702283771
313 	0.00828807316259044
314 	0.00788281399526703
315 	0.00776033269527416
316 	0.00793373669342145
317 	0.00838468840336838
318 	0.00845518647535696
319 	0.00823877651521347
320 	0.00825171049882589
321 	0.00849294068032154
322 	0.00894401387502917
323 	0.0095753200754959
324 	0.00999856633856915
325 	0.0092990250211308
326 	0.00875270059231532
327 	0.00838957881970656
328 	0.00823393354865537
329 	0.00829744866772478
330 	0.00857525573389125
331 	0.0080234781619988
332 	0.00752936266190936
333 	0.00724269621512076
334 	0.00718834062395353
335 	0.00737143673098556
336 	0.00777522759302594
337 	0.00779515145899924
338 	0.00749749010566662
339 	0.00728511204406553
340 	0.00716560430799787
341 	0.00714362937848792
342 	0.00722007785898343
343 	0.00728881552504643
344 	0.00719654825767863
345 	0.0072440809202158
346 	0.00742873047153885
347 	0.00774069059874524
348 	0.00816538253597673
349 	0.00868628686256461
350 	0.00818858539015653
351 	0.00779169607735678
352 	0.00756437075268451
353 	0.00752199854150481
354 	0.00766764626759032
355 	0.00799103976736086
356 	0.00755379630952413
357 	0.00694553340153472
358 	0.00674455870021921
359 	0.00698611137703838
360 	0.00762826812368848
361 	0.00858156391598831
362 	0.00898286981968675
363 	0.00842638574862285
364 	0.00840829668065207
365 	0.00893187433035474
366 	0.00991164742788758
367 	0.0112288280828574
368 	0.0125648252967695
369 	0.0114511658147147
370 	0.010428852401154
371 	0.00952733574538216
372 	0.00878388812068054
373 	0.00824139883389003
374 	0.00794115980654403
375 	0.00783915311822474
376 	0.00784335986853168
377 	0.00795459626303429
378 	0.00816849096545559
379 	0.00847727685414632
380 	0.00887105046402201
381 	0.00865658410188989
382 	0.00787274213741953
383 	0.00717543230437249
384 	0.00659217174306666
385 	0.00615546646231329
386 	0.00589796117233438
387 	0.00579561520160239
388 	0.00577758174332827
389 	0.0060002642088709
390 	0.00643873550406409
391 	0.00705286351391796
392 	0.00780127407160116
393 	0.00864917886704508
394 	0.00880475412000895
395 	0.00912455422598347
396 	0.00960658550578075
397 	0.0102279362964728
398 	0.0109649476623193
399 	0.0117959600769908
400 	0.0108606771645407
401 	0.00932935389879827
402 	0.00798114216704505
403 	0.00692384769019814
404 	0.0063055494454056
405 	0.00625775448581703
406 	0.00615340223440683
407 	0.005656870538388
408 	0.00547524823713
409 	0.00563904566116841
410 	0.00612059330618555
411 	0.00685323446345872
412 	0.00745378003605851
413 	0.0070883774838197
414 	0.00686726557466773
415 	0.00680452497869084
416 	0.0069044743819465
417 	0.00716030414081694
418 	0.00755619791163265
419 	0.00725032334997336
420 	0.00705592195799312
421 	0.00700145317502412
422 	0.00709014275832769
423 	0.00731678672584647
424 	0.0076691640702377
425 	0.00745391149200279
426 	0.00709281722551277
427 	0.00683037303279179
428 	0.00667821946691538
429 	0.00664393818741
430 	0.00672933086841491
431 	0.00665499773029188
432 	0.00644942629378118
433 	0.00638971394788396
434 	0.00647989423067929
435 	0.0067139298651341
436 	0.0070775645044909
437 	0.00744996933180319
438 	0.00771773694177759
439 	0.00814180326735651
440 	0.00869934100207505
441 	0.0093665459898844
442 	0.0101217543032344
443 	0.0108043249176588
444 	0.00975818513777431
445 	0.0088952727799292
446 	0.00827312147047009
447 	0.00794846905325113
448 	0.00795781013252782
449 	0.0083000171270768
450 	0.00730037769495469
451 	0.00615608975466586
452 	0.00519179901680074
453 	0.00452410459417611
454 	0.00429367873880648
455 	0.00456719183196341
456 	0.00482020759184684
457 	0.00500751770278635
458 	0.00531216855517545
459 	0.00571542691958583
460 	0.00619807582135885
461 	0.00674308918828421
462 	0.00705152864440494
463 	0.00714661577537874
464 	0.00739757045809573
465 	0.00778934215114849
466 	0.00830201929872461
467 	0.0089147668813437
468 	0.00930322896182401
469 	0.00890991932770215
470 	0.00861463897957483
471 	0.00842769814853799
472 	0.00835637100837091
473 	0.0084036019532355
474 	0.00853437511282033
475 	0.0083417614347035
476 	0.0082346328903362
477 	0.00821633395022545
478 	0.00828745305039906
479 	0.0084457316013138
480 	0.00868640640531013
481 	0.00801378903215443
482 	0.00736723836362688
483 	0.0069127956615855
484 	0.00668972666922181
485 	0.00672110840982962
486 	0.00700352125021335
487 	0.00679506396868002
488 	0.00646567250625256
489 	0.0063141307600454
490 	0.0063531781990573
491 	0.00657942238195626
492 	0.0069746701863659
493 	0.00683223901797135
494 	0.00624221716123468
495 	0.00579610805246209
496 	0.00552885796544816
497 	0.00546676143862741
498 	0.00561662703320313
499 	0.0057418777061733
500 	0.00572194691192568
501 	0.00592621993673097
502 	0.00633303864029625
503 	0.00690670424340212
504 	0.00760957541506347
505 	0.00807777860699134
506 	0.007504579629774
507 	0.00706412979316983
508 	0.00678234105371878
509 	0.00667932457081161
510 	0.00676325434939535
511 	0.00699596925744066
512 	0.00693982971049487
513 	0.00693350040514447
514 	0.00697711689908291
515 	0.00706975483851149
516 	0.0072095247851508
517 	0.00739375430188272
518 	0.00697722040122204
519 	0.00657663467586551
520 	0.00625525452062954
521 	0.00602576641610074
522 	0.00589890489925468
523 	0.00588131477179941
524 	0.005939965799752
525 	0.00620324183114305
526 	0.00666658143201558
527 	0.00729194692961893
528 	0.00804162641010481
529 	0.00888420530355099
530 	0.00860660703098707
531 	0.00777690446573307
532 	0.00704399877912543
533 	0.00644101791484708
534 	0.00600721416351375
535 	0.00578080007275276
536 	0.00573190812568663
537 	0.00575648261346712
538 	0.0058661390821224
539 	0.00605625773198897
540 	0.00631958084334446
541 	0.00664741458679042
542 	0.00689590787643343
543 	0.0070281200371463
544 	0.00724615391303088
545 	0.00754257060057398
546 	0.00790856152890447
547 	0.00833496665301113
548 	0.00852896945645968
549 	0.00811553797624488
550 	0.0078024090414523
551 	0.00760198728017969
552 	0.00752328571287201
553 	0.00757010163594965
554 	0.00755655231982897
555 	0.00690239406989964
556 	0.00648114882017578
557 	0.00633941806174299
558 	0.0064955244509622
559 	0.00692936790939473
560 	0.00750822540955831
561 	0.00728581509048579
562 	0.0071638066229662
563 	0.00714734357620011
564 	0.00723714626961028
565 	0.00742936222873198
566 	0.00771634182693946
567 	0.00752512335731318
568 	0.00736292935133473
569 	0.00723929963843546
570 	0.00715623318581056
571 	0.00711515081334755
572 	0.00711677963098504
573 	0.00706499349176457
574 	0.00719858219860955
575 	0.00752579903135581
576 	0.00802298754887035
577 	0.00866092489963148
578 	0.00941103202542312
579 	0.00913073291527124
580 	0.00864323449250794
581 	0.00820836508820841
582 	0.0078348930022392
583 	0.0075319569368215
584 	0.0073083334793993
585 	0.00677289132380932
586 	0.00618519555831182
587 	0.00571272128289737
588 	0.00538587764144864
589 	0.00523202873007439
590 	0.00526635779709952
591 	0.0051253370768677
592 	0.00509491608253034
593 	0.00537895784489046
594 	0.0059324643259578
595 	0.00668887182811766
596 	0.00758774060967961
597 	0.00761529798867841
598 	0.00718928138992368
599 	0.00701272049848106
600 	0.00710423881322342
601 	0.00745396859934249
602 	0.00802823549005867
603 	0.00812623121849249
604 	0.00777760695881484
605 	0.007533082552299
606 	0.00740298061717317
607 	0.00739334415817869
608 	0.00750463724698613
609 	0.00758055914257039
610 	0.00765115503240071
611 	0.00788271071018711
612 	0.00826170329568976
613 	0.0087690371732801
614 	0.00938391938059839
615 	0.00941465729659177
616 	0.00881942387707262
617 	0.00853555831275364
618 	0.00859397036142704
619 	0.00898798921402803
620 	0.00967670534456906
621 	0.00984905840679036
622 	0.00909671389452228
623 	0.00856034293347461
624 	0.00828201387828164
625 	0.00828776519351734
626 	0.00857702542885191
627 	0.00873292907791045
628 	0.00839834430065671
629 	0.00822195170073175
630 	0.00821394902651533
631 	0.00837481901389231
632 	0.00869519375775756
633 	0.00890732581714729
634 	0.00881475091639417
635 	0.00892307059301657
636 	0.00922521102644674
637 	0.00970308315648301
638 	0.0103323328239757
639 	0.010747502832606
640 	0.0105335457794609
641 	0.0103908108081156
642 	0.0103222528947431
643 	0.0103293491279431
644 	0.0104119448232199
645 	0.0102917680469774
646 	0.0097461211907443
647 	0.00949345525803569
648 	0.00955703578248696
649 	0.00993079044683287
650 	0.0105819039208376
651 	0.0108072897456758
652 	0.00965280354079176
653 	0.00865836881434413
654 	0.0078847773989659
655 	0.00740160175335256
656 	0.00726700297076945
657 	0.00720369461577757
658 	0.00671692102972825
659 	0.00649509762165075
660 	0.00656513603079828
661 	0.00691817765628659
662 	0.00751443983660427
663 	0.00788283727164743
664 	0.00741065076486782
665 	0.00705571841499735
666 	0.0068363276859703
667 	0.00676567708315512
668 	0.00684837154675703
669 	0.00682282458225276
670 	0.00648580454972331
671 	0.0064838130341373
672 	0.00681714366091139
673 	0.00744086751345421
674 	0.00828969338633645
675 	0.0085354596334291
676 	0.00736888840513982
677 	0.00639923267051232
678 	0.00572739543647392
679 	0.00546435316122358
680 	0.00566731591900854
681 	0.0058959708973967
682 	0.00562999142184274
683 	0.00553615080579438
684 	0.00562307387701544
685 	0.00588275323769831
686 	0.00629384169107607
687 	0.00641861406401121
688 	0.00608209894762054
689 	0.00600553992969052
690 	0.00619857670906019
691 	0.00663772986205643
692 	0.00727858663187461
693 	0.00768577022455607
694 	0.00767266912986804
695 	0.00776178277729366
696 	0.00794967451290052
697 	0.00822958143005662
698 	0.00859251586210409
699 	0.00851703610085908
700 	0.00797163898031038
701 	0.00758676077440699
702 	0.00738753253734744
703 	0.0073889865245014
704 	0.00759100742028152
705 	0.00751828043305424
706 	0.00717208048296522
707 	0.0070019408637204
708 	0.00702067325010695
709 	0.0072268090836357
710 	0.00760512496930159
711 	0.00751518871234768
712 	0.0070587362488276
713 	0.0067058306152753
714 	0.0064734289069202
715 	0.00637472431929982
716 	0.006415890370255
717 	0.00598549809546807
718 	0.00543640180126186
719 	0.00521518947982955
720 	0.00536259244658188
721 	0.00585081651204339
722 	0.00660470814184189
723 	0.00676814211761485
724 	0.00671648629323535
725 	0.00677601627909651
726 	0.00694387306813135
727 	0.00721249733743003
728 	0.00757117101794215
729 	0.00740317230459852
730 	0.00728861009671767
731 	0.00742962947776853
732 	0.00781240240108199
733 	0.00840396028313368
734 	0.00916395906085887
735 	0.00862620975332079
736 	0.00796500179796212
737 	0.00744223559641001
738 	0.00708860676022337
739 	0.00693005620665346
740 	0.00697989042545422
741 	0.0064219732983229
742 	0.00599407513410936
743 	0.00577904321936362
744 	0.005800599322324
745 	0.00605621768218145
746 	0.00648773719533947
747 	0.00642915291018905
748 	0.00660677888462388
749 	0.00700266336324616
750 	0.00758269793599262
751 	0.0083084034963994
752 	0.00888174043528796
753 	0.0079812235693879
754 	0.00722441755030917
755 	0.00666049179789417
756 	0.00634111629055598
757 	0.00630357227315048
758 	0.00635737989919169
759 	0.00601057517738814
760 	0.00580684893399055
761 	0.00576139921547748
762 	0.00587789869739065
763 	0.00614714657969318
764 	0.00629012549428018
765 	0.00612230345058461
766 	0.00611119117677386
767 	0.00625762358311114
768 	0.00655104460887962
769 	0.00697292300817558
770 	0.0069022655051322
771 	0.00629242540049764
772 	0.00579684056660553
773 	0.00544678790708658
774 	0.00527134055732043
775 	0.00528790684997792
776 	0.00531780520918041
777 	0.0054226761746241
778 	0.00570326437731081
779 	0.00613550937011641
780 	0.00669007988851309
781 	0.00733929871371956
782 	0.00720815596140111
783 	0.00696789159775384
784 	0.00693772056806702
785 	0.00712031406972173
786 	0.00750014870724174
787 	0.00804935036002087
788 	0.00775610805646577
789 	0.00751153723215127
790 	0.0074553527158498
791 	0.00759173825726203
792 	0.00791074007518485
793 	0.00835471745570902
794 	0.00805398489058227
795 	0.00804790746954583
796 	0.00833712959157175
797 	0.00889288581859661
798 	0.00966932674523814
799 	0.0102601995893453
800 	0.00946554067378117
801 	0.00881444045043338
802 	0.00834058728357255
803 	0.00807524411946621
804 	0.00803908418394039
805 	0.00798939950118557
806 	0.00775182049104515
807 	0.00781315497336616
808 	0.0081666708962031
809 	0.00877713447501807
810 	0.00959563019477179
811 	0.00946081945788719
812 	0.00844517208406479
813 	0.00763539669531704
814 	0.00710226430871947
815 	0.00691010552579505
816 	0.00708671171242325
817 	0.00677597591528007
818 	0.00648326586441149
819 	0.00663096603083983
820 	0.00719199362520442
821 	0.00808071294361649
822 	0.00920267127624376
823 	0.00861130929051646
824 	0.00793686882938461
825 	0.00750153673111017
826 	0.0073479348960745
827 	0.0074934083394087
828 	0.00786093060474723
829 	0.00758361314407814
830 	0.00760579694657218
831 	0.00792496729286671
832 	0.00850776507201487
833 	0.00930478516545406
834 	0.00989252621714243
835 	0.00951622049259502
836 	0.00926212041240533
837 	0.00914042346762342
838 	0.00915641045194247
839 	0.00930937205856426
840 	0.00917076711895797
841 	0.00871615397781409
842 	0.0084980996589827
843 	0.00853475497581936
844 	0.00882294589209175
845 	0.00933941609344599
846 	0.00883490260059184
847 	0.00797317739942937
848 	0.00746727627490035
849 	0.0073906342982656
850 	0.00775598729613461
851 	0.0085065742685875
852 	0.00798569322634666
853 	0.00747198786689237
854 	0.00722588304118102
855 	0.00727458902143901
856 	0.00761244913290246
857 	0.00810081302681501
858 	0.0078415282407631
859 	0.00775493896319005
860 	0.00784676437850462
861 	0.00811094715909203
862 	0.00853149085097355
863 	0.00879713859866172
864 	0.00856895376378639
865 	0.00843837623414218
866 	0.00840995375214061
867 	0.00848471299093458
868 	0.00865998214461818
869 	0.00846958942480889
870 	0.00800942892771395
871 	0.00765310949325257
872 	0.00741561491230966
873 	0.00730853819747638
874 	0.00733759109549029
875 	0.00669225024043911
876 	0.00598675193021559
877 	0.00547204508749543
878 	0.00520504078539116
879 	0.00522386017117112
880 	0.0054769123824821
881 	0.0050907283857088
882 	0.00505237425391864
883 	0.00536930903926955
884 	0.00598535691246783
885 	0.00681993687895967
886 	0.00741466560767912
887 	0.00725454206994124
888 	0.00723808958470541
889 	0.00736627087804406
890 	0.00763180175856559
891 	0.00802105324357066
892 	0.00817981558000733
893 	0.00822705450936997
894 	0.00843173408101615
895 	0.00878285398155997
896 	0.0092637778063514
897 	0.00985552155723399
898 	0.0092999819094496
899 	0.00865037137462723
900 	0.00819247099240083
901 	0.0079594366410674
902 	0.00797101480142158
903 	0.00812547685861568
904 	0.00763254647335337
905 	0.00726983320708809
906 	0.00705744300386791
907 	0.00700905459743247
908 	0.00712800874366158
909 	0.00713342876051494
910 	0.00682381252860589
911 	0.00661293618868769
912 	0.00651040157836914
913 	0.00652132106658514
914 	0.00664513538321249
915 	0.00656985742295943
916 	0.00640838325793879
917 	0.00629855641529431
918 	0.0062431031839991
919 	0.00624347253768878
920 	0.00629965465760529
921 	0.00626935522209279
922 	0.00626346084289452
923 	0.00628519661503596
924 	0.00633427811027759
925 	0.0064100772067519
926 	0.0064355376939555
927 	0.00629145022564906
928 	0.00617712917061048
929 	0.00609424990922461
930 	0.00604410600824068
931 	0.00602751451584381
932 	0.00585006158365435
933 	0.00563706771321212
934 	0.0055534306855999
935 	0.00560494428712905
936 	0.00578800109273596
937 	0.00609075208351471
938 	0.00558644525703319
939 	0.00549683122450844
940 	0.00595804027765342
941 	0.0068598572819015
942 	0.00805564072215741
943 	0.00902697911658316
944 	0.00878845274975931
945 	0.00874989853812077
946 	0.00891391160205195
947 	0.00926974587570323
948 	0.00979652132545886
949 	0.00981466465037331
950 	0.00948057863810824
951 	0.00933669729858359
952 	0.00939176647896225
953 	0.00964237806577282
954 	0.010073948974915
955 	0.00932855178218314
956 	0.00862175624797136
957 	0.00816218802709885
958 	0.00799260759225173
959 	0.00813117881991571
960 	0.0082994724770072
961 	0.00782949573280467
962 	0.00753671142278814
963 	0.00744206223554573
964 	0.00755300054098095
965 	0.00786082690518963
966 	0.00771531562821114
967 	0.00743972657400739
968 	0.00753643179279893
969 	0.00799192800627456
970 	0.00875036335050648
971 	0.00974123404362839
972 	0.00869436964349925
973 	0.00781609154860913
974 	0.00733846668938079
975 	0.00734012821839907
976 	0.00782077066729358
977 	0.00836431711739458
978 	0.00832366679726227
979 	0.00834792442360193
980 	0.00843653012389039
981 	0.00858749229980832
982 	0.00879760152462257
983 	0.00821091063900336
984 	0.00733985242131724
985 	0.00663037433017015
986 	0.00613875753683814
987 	0.00591953330765524
988 	0.00598982589856532
989 	0.00609760848472841
990 	0.00636005123537896
991 	0.00675916279919078
992 	0.00727247683536972
993 	0.00787770045392176
994 	0.00792677382667578
995 	0.00727707483808516
996 	0.00672644697149936
997 	0.00630091701922618
998 	0.00602704052312875
999 	0.00592588182578582
1000 	0.00593338108132607
1001 	0.00602340742544168
1002 	0.00619854612565994
1003 	0.00645186966959514
1004 	0.00677461301458537
1005 	0.00702185266767462
1006 	0.00688687881242565
1007 	0.00679210021746814
1008 	0.00673921298430382
1009 	0.00672920490311246
1010 	0.00676226635861983
1011 	0.00663283956051121
1012 	0.00641453732493203
1013 	0.00621620218075416
1014 	0.00603980148785393
1015 	0.00588730723463242
1016 	0.0057559447696608
1017 	0.00560120978996916
1018 	0.00551767614397265
1019 	0.00550858393300318
1020 	0.0055742974322128
1021 	0.00571223553236955
1022 	0.00576863365447333
1023 	0.00572698809430459
1024 	0.00574723061638186
1025 	0.00582871646387385
1026 	0.00596893794635005
1027 	0.00616388785843054
1028 	0.00597439330189674
1029 	0.00587975541804029
1030 	0.00593352919260726
1031 	0.00613181131774242
1032 	0.00646131161967819
1033 	0.00680311241105436
1034 	0.00702974161565069
1035 	0.00731381176859592
1036 	0.0076489257211954
1037 	0.00802869438255989
1038 	0.00844709707455789
1039 	0.00842597047865022
1040 	0.00840518611689848
1041 	0.00852487354455417
1042 	0.00877928951452761
1043 	0.00915721136304432
1044 	0.00941034417561602
1045 	0.00899170775437516
1046 	0.00865693080370784
1047 	0.00841602669338901
1048 	0.00827719586762583
1049 	0.00824559575299464
1050 	0.00798399188009289
1051 	0.00762813935689384
1052 	0.00732449193125962
1053 	0.00707976993623894
1054 	0.00690024571628787
1055 	0.00674516137673501
1056 	0.00645234885722021
1057 	0.00631047599165335
1058 	0.0063297003401492
1059 	0.00650859456717237
1060 	0.0068346322338847
1061 	0.00665972619224716
1062 	0.00627406724196567
1063 	0.00608966525741317
1064 	0.00612472550630783
1065 	0.00637562847863054
1066 	0.00665381308732076
1067 	0.0056661873784018
1068 	0.00487636036948892
1069 	0.00439236402622639
1070 	0.00431828591740481
1071 	0.00467365863428525
1072 	0.0048597841542946
1073 	0.00502221204480878
1074 	0.00549932400721258
1075 	0.00621911200784967
1076 	0.00710823344528358
1077 	0.00796732142247271
1078 	0.00736052281449742
1079 	0.00702574839101893
1080 	0.00700212422786806
1081 	0.00729267480753887
1082 	0.00786264757520971
1083 	0.00786057052175848
1084 	0.00761257555312429
1085 	0.00775659091894592
1086 	0.00827216763146666
1087 	0.00909634379680412
1088 	0.0100242186509766
1089 	0.00980296592275688
1090 	0.00986017988526164
1091 	0.0101911716217295
1092 	0.0107707305158104
1093 	0.0115615361363322
1094 	0.0113790659903836
1095 	0.0106623948202582
1096 	0.0102370730857399
1097 	0.0101398298305563
1098 	0.0103798898930888
1099 	0.0107159428337823
1100 	0.00965024129420524
1101 	0.0087580799494359
1102 	0.00809702741195013
1103 	0.00772663073815918
1104 	0.00768900990782912
1105 	0.00725184480000332
1106 	0.00662417430632322
1107 	0.00622928617095723
1108 	0.00611246397786636
1109 	0.00628922207301169
1110 	0.00654446589823111
1111 	0.00619187734611506
1112 	0.00612027225235629
1113 	0.0063391794432717
1114 	0.00682068440718682
1115 	0.00751447614596592
1116 	0.00723538388050468
1117 	0.0067326349233103
1118 	0.00648798607306953
1119 	0.00653050922360322
1120 	0.0068548621661012
1121 	0.0071929693378924
1122 	0.00708641744267781
1123 	0.00711914682742369
1124 	0.00728928158541333
1125 	0.0075875843069435
1126 	0.00799973001425706
1127 	0.00758922875149866
1128 	0.00714882160600288
1129 	0.00689910233697233
1130 	0.00686092421961242
1131 	0.00703773078685135
1132 	0.00706981718688939
1133 	0.00678308985515755
1134 	0.00673105556350149
1135 	0.00691901135303634
1136 	0.00732851521773992
1137 	0.00792529876903979
1138 	0.00746425115732004
1139 	0.00710459628782221
1140 	0.00690812008064692
1141 	0.00688879882466122
1142 	0.00704808959981264
1143 	0.00696570093819358
1144 	0.00674338235010633
1145 	0.00674722348495927
1146 	0.00697685081316293
1147 	0.00741130710867958
1148 	0.00780172339973552
1149 	0.00691652684103115
1150 	0.00620903196842593
1151 	0.0057452668634863
1152 	0.00558626741088533
1153 	0.00575733920701854
1154 	0.00530491431886544
1155 	0.00477216494922063
1156 	0.00458949253642394
1157 	0.00479705808266555
1158 	0.00534962912941612
1159 	0.00569634742351261
1160 	0.00536087819315359
1161 	0.00536174074682746
1162 	0.00569878236752724
1163 	0.00631843215604774
1164 	0.00714756302180023
1165 	0.00678510572688147
1166 	0.00644804314000364
1167 	0.00624950696226388
1168 	0.00620281311447232
1169 	0.00631133267388142
1170 	0.00628571763508074
1171 	0.00610333025505076
1172 	0.00597917920996245
1173 	0.00591693143917121
1174 	0.0059185404531214
1175 	0.00598574833660114
1176 	0.00614638933856847
1177 	0.00640113675729058
1178 	0.00673932732562593
1179 	0.00714912896445739
1180 	0.00761899522450844
1181 	0.00747535646610124
1182 	0.00721940437725982
1183 	0.00702074079099853
1184 	0.00688432708194918
1185 	0.00681390298676191
1186 	0.00683551900375313
1187 	0.00691268766858631
1188 	0.0069977394844605
1189 	0.00709039077325977
1190 	0.00719034777176141
1191 	0.00725114828331901
1192 	0.00686592131203477
1193 	0.00659223637011085
1194 	0.00644432045414856
1195 	0.00643085785351291
1196 	0.00655267733132085
1197 	0.00661060815099899
1198 	0.00687962468652114
1199 	0.00741962330402312
1200 	0.00817709377252638
1201 	0.00909787852197706
1202 	0.0095117557294413
1203 	0.00923440085950147
1204 	0.00931083284291166
1205 	0.00973272027958279
1206 	0.0104583395751831
1207 	0.0112770145107924
1208 	0.00997756713937218
1209 	0.00882377213686622
1210 	0.00787987197767795
1211 	0.00722856341221768
1212 	0.00695256748136331
1213 	0.00677833185490193
1214 	0.0067686151244416
1215 	0.00701357414424973
1216 	0.00748825730443236
1217 	0.0081526361530678
1218 	0.00838130128436648
1219 	0.00792503586130608
1220 	0.00760856613198824
1221 	0.00744972930816123
1222 	0.00745860294848178
1223 	0.00755820494391965
1224 	0.00721569319333115
1225 	0.0070898194251323
1226 	0.00719196743849587
1227 	0.00751284212042887
1228 	0.00802625334457485
1229 	0.00740210559324228
1230 	0.00668962222029837
1231 	0.00628237670908483
1232 	0.00624041682959833
1233 	0.00657074430541605
1234 	0.00655737763727945
1235 	0.00611412236038139
1236 	0.00588877943308227
1237 	0.00590634357273801
1238 	0.00616473890776473
1239 	0.00634526892784637
1240 	0.00594598746632223
1241 	0.00620509937166681
1242 	0.00705038378774438
1243 	0.0083047412347615
1244 	0.00981252793513667
1245 	0.00906521652244302
1246 	0.00840549868731655
1247 	0.00804604129396328
1248 	0.00802728270112745
1249 	0.00835151898527768
1250 	0.00842282157583248
1251 	0.0083784469570628
1252 	0.00847516201865404
1253 	0.00870826715188921
1254 	0.00906724931007329
1255 	0.00890205476054253
1256 	0.00793728090687167
1257 	0.00718896304091273
1258 	0.00672970008148628
1259 	0.0066199281675885
1260 	0.00673674427878643
1261 	0.00640049470355011
1262 	0.0064938550008765
1263 	0.00699965602329634
1264 	0.0078384582327364
1265 	0.00891677530489928
1266 	0.00842600838812056
1267 	0.00794354919396598
1268 	0.00772069987466223
1269 	0.00777980177315805
1270 	0.00811469660689967
1271 	0.00792961049230743
1272 	0.00744544467261977
1273 	0.00706546697219506
1274 	0.00680714727665879
1275 	0.00668460454371641
1276 	0.00657350184456099
1277 	0.00649513021160457
1278 	0.00667089665807525
1279 	0.00708190396514313
1280 	0.0076905280125665
1281 	0.00825448032089036
1282 	0.00806324941801276
1283 	0.00798781488896224
1284 	0.00803144021565854
1285 	0.00819222356196379
1286 	0.00846349050657108
1287 	0.00795360785966118
1288 	0.00755202916934189
1289 	0.00731330255520298
1290 	0.0072535251466654
1291 	0.00737704838961337
1292 	0.00701388727562023
1293 	0.00658282978962709
1294 	0.00632499639422278
1295 	0.00626182152079533
1296 	0.0063990730698512
1297 	0.00633614946329212
1298 	0.00624127232246338
1299 	0.00647450019281016
1300 	0.00700312841891615
1301 	0.00776707441180682
1302 	0.00809654816011939
1303 	0.00748855343603108
1304 	0.00713628350485762
1305 	0.00707802382034441
1306 	0.00732079704562779
1307 	0.00766920622047993
1308 	0.00740875720129613
1309 	0.00745395735785658
1310 	0.00779949454305914
1311 	0.00840842361986788
1312 	0.00922875388254411
1313 	0.00850521231387548
1314 	0.00793187337854982
1315 	0.00759013262281189
1316 	0.0075116662811707
1317 	0.00770452247428472
1318 	0.00703651741634716
1319 	0.00628417470757605
1320 	0.00578140978317293
1321 	0.0055959020119588
1322 	0.00575839495821265
1323 	0.00596942654532016
1324 	0.00624019684265135
1325 	0.00668646140342168
1326 	0.00727600038985765
1327 	0.00797711121624356
1328 	0.0085382716973875
1329 	0.00913469293244381
1330 	0.0100303803311369
1331 	0.0111534670587252
1332 	0.0124425282197175
1333 	0.0128568567874233
1334 	0.0113711013248446
1335 	0.0101319690574691
1336 	0.0092392273149436
1337 	0.0087989498536444
1338 	0.00869032239657124
1339 	0.00814937145874802
1340 	0.00798760561793104
1341 	0.00822742173230398
1342 	0.00883618298437791
1343 	0.00965590108013876
1344 	0.00885682095652926
1345 	0.0084017529290993
1346 	0.00834715221774847
1347 	0.00870056153647106
1348 	0.00941615181444085
1349 	0.00836151765323582
1350 	0.00732123859211228
1351 	0.00657080998600364
1352 	0.00621610855069048
1353 	0.00632407459222616
1354 	0.00678992723256822
1355 	0.00763725913320663
1356 	0.00877593958454555
1357 	0.0101079808762733
1358 	0.0115667719126077
1359 	0.0113790369752854
1360 	0.0105605823222521
1361 	0.00997561781920814
1362 	0.0096666249619208
1363 	0.00966012219506801
1364 	0.00944021064425165
1365 	0.00908603007213051
1366 	0.00898235001531366
1367 	0.00913770129658865
1368 	0.00953943719701943
1369 	0.00943702993226923
1370 	0.00871163157882005
1371 	0.00816142372450278
1372 	0.00782345647906932
1373 	0.00772563440580381
1374 	0.00771461261516225
1375 	0.0076984051616739
1376 	0.00793048312350156
1377 	0.0083902687333951
1378 	0.00904309585112426
1379 	0.00933104953858015
1380 	0.00854384942607116
1381 	0.00784284684106388
1382 	0.00725307770277309
1383 	0.00680353083226731
1384 	0.00643554545684994
1385 	0.00606277756111749
1386 	0.00607206078147594
1387 	0.006461748715497
1388 	0.00717008331475002
1389 	0.0076312596416489
1390 	0.00582552371564719
1391 	0.00417167328242586
1392 	0.00293845502934334
1393 	0.00276255434590345
1394 	0.00354092770649414
1395 	0.00286948235387457
1396 	0.00290590991202011
1397 	0.00362895568109553
1398 	0.00473380922037779
1399 	0.00591303932503974
1400 	0.0056944977710448
1401 	0.00584456527272343
1402 	0.00633710889503548
1403 	0.00710121979843417
1404 	0.00802630619011845
1405 	0.00704089118507166
1406 	0.00628419532048654
1407 	0.00584572300879448
1408 	0.00579812458374193
1409 	0.00615048164009577
1410 	0.0054011351930467
1411 	0.00515273249941341
1412 	0.00550816414515329
1413 	0.00636709678675382
1414 	0.00755981480833538
1415 	0.00741106828232736
1416 	0.00738483300243562
1417 	0.00755985578698966
1418 	0.0079228098692304
1419 	0.00844951173651725
1420 	0.00786413072471183
1421 	0.00732876272810776
1422 	0.00696320311023401
1423 	0.00679491393203546
1424 	0.00683847471978164
1425 	0.00669334377079974
1426 	0.00676622166984086
1427 	0.00708450169263971
1428 	0.00761748491806033
1429 	0.00832403101970487
1430 	0.00788374520460531
1431 	0.0075808164723853
1432 	0.00756302374064784
1433 	0.00783231048873717
1434 	0.0083609842039754
1435 	0.00715504662417901
1436 	0.0060313509521194
1437 	0.00530867468476893
1438 	0.00515840963838669
1439 	0.0056266049775787
1440 	0.00610661537790517
1441 	0.00730154903539328
1442 	0.00896017972282034
1443 	0.0108723207467694
1444 	0.0129259518636899
1445 	0.011872041027549
1446 	0.0108357803656211
1447 	0.0100218787877617
1448 	0.00948773487580832
1449 	0.00928177310879252
1450 	0.009510834337125
1451 	0.00995637573428271
1452 	0.0105890295566478
1453 	0.0113776252951253
1454 	0.0122235265901105
1455 	0.00975805461021289
1456 	0.00729267038978558
1457 	0.00482750838565969
1458 	0.00236326409327732
1459 	0
1460 	0.00193556296192626
1461 	0.00387112592385251
1462 	0.00580668888577876
1463 	0.00774225184770502
1464 	0.00935962807531274
1465 	0.00867463413273718
1466 	0.00829408895421063
1467 	0.00826017799074041
1468 	0.00857701369428246
1469 	0.00888070058973846
1470 	0.0078249769610817
1471 	0.00692717715593096
1472 	0.00625566940376155
1473 	0.0058883880188027
1474 	0.00575081752519589
1475 	0.00549942864278171
1476 	0.00551821069206527
1477 	0.00580454164797077
1478 	0.00632217358983908
1479 	0.00650020187101353
1480 	0.00577124518150726
1481 	0.0053408158128972
1482 	0.0052824002281722
1483 	0.00560763647314745
1484 	0.00559316594994642
1485 	0.00512435155503151
1486 	0.00539846615506021
1487 	0.00631956321647075
1488 	0.0076576305812224
1489 	0.0077176133784117
1490 	0.00647782877690267
1491 	0.00565459515851724
1492 	0.00544041344846272
1493 	0.00590196763065765
1494 	0.00567162805305772
1495 	0.00482887401914792
1496 	0.00424527986313312
1497 	0.00403490957058477
1498 	0.00425350522184008
1499 	0.00435127363200836
1500 	0.00449762800769449
1501 	0.00486637848062214
1502 	0.00541225717088575
1503 	0.00608780109703199
1504 	0.00601166629569814
1505 	0.00587847555961198
1506 	0.00588775517102273
1507 	0.00603884838339909
1508 	0.00632159484910935
1509 	0.00646655484324412
1510 	0.00674907233738234
1511 	0.00716773459898007
1512 	0.00770036733794389
1513 	0.00824580817876441
1514 	0.00788780509235265
1515 	0.00757916232587259
1516 	0.00732612105291224
1517 	0.00713459974595191
1518 	0.00690689864998001
1519 	0.00645304227429453
1520 	0.00622525731150323
1521 	0.00624831745055192
1522 	0.00651956146525012
1523 	0.0065963868793173
1524 	0.00607940844696492
1525 	0.00567493142816672
1526 	0.00540825654067253
1527 	0.00530022483966737
1528 	0.00512328280345408
1529 	0.00486284053314377
1530 	0.00474246244135315
1531 	0.00477275838009283
1532 	0.00495096310752658
1533 	0.00503030409204571
1534 	0.00516255845437209
1535 	0.005448481699694
1536 	0.00586564475311342
1537 	0.00638838918729035
1538 	0.00638638556455165
1539 	0.00649363599374191
1540 	0.00681031896847495
1541 	0.00730926321037638
1542 	0.00792532753278204
1543 	0.00788204283627424
1544 	0.00792059534349372
1545 	0.00803980786271726
1546 	0.00823617865851449
1547 	0.0082500077783804
1548 	0.00749184898012431
1549 	0.00686087714945189
1550 	0.00639485189038665
1551 	0.00613149960950185
1552 	0.00591693198001491
1553 	0.00565764240680593
1554 	0.00559973655722497
1555 	0.00574930254702447
1556 	0.00609107612856626
1557 	0.0059897686307721
1558 	0.0058798753048795
1559 	0.00617271829375963
1560 	0.00681658865193805
1561 	0.00772419722351645
1562 	0.00718890886763656
1563 	0.00654959774857257
1564 	0.00616547133727679
1565 	0.00608504964114574
1566 	0.00624071668793149
1567 	0.00566372729153597
1568 	0.00559477083104567
1569 	0.00605124005771685
1570 	0.00693007529435879
1571 	0.00753404565607228
1572 	0.00709740620758048
1573 	0.00702507050768432
1574 	0.00732783503057923
1575 	0.00796302873709157
1576 	0.00839760089558953
1577 	0.00868559443643829
1578 	0.00921442494037391
1579 	0.00994574932340932
1580 	0.0108386557552689
1581 	0.00965626078589403
1582 	0.0081434957734272
1583 	0.0071212268594911
1584 	0.00681391356583918
1585 	0.00725544701973124
1586 	0.00685591922746772
1587 	0.00712313310306074
1588 	0.00799047568716666
1589 	0.00929137546133007
1590 	0.0101674165638967
1591 	0.00956363312912249
1592 	0.00913002583381566
1593 	0.00889152624001518
1594 	0.00886389756713491
1595 	0.00859174074116428
1596 	0.00820973950010006
1597 	0.00809738420459442
1598 	0.00826567806385647
1599 	0.00869834647246314
1600 	0.00795220938010575
1601 	0.00720160890463004
1602 	0.00677468979133559
1603 	0.00673330430663739
1604 	0.00691487730074684
1605 	0.00634279811459381
1606 	0.00609168714616815
1607 	0.00620066296272184
1608 	0.00665205190854183
1609 	0.00661541966177969
1610 	0.00601007923283725
1611 	0.00603077656073348
1612 	0.00667168778668438
1613 	0.00778103517390103
1614 	0.00749752542012977
1615 	0.00680375693951567
1616 	0.00634747932083144
1617 	0.00618150816019987
1618 	0.00629405956208331
1619 	0.00605358742700342
1620 	0.00610802437505099
1621 	0.00644990766295003
1622 	0.00703746843825728
1623 	0.00746794708402857
1624 	0.00751618428219645
1625 	0.00778667515359023
1626 	0.008257607704454
1627 	0.00889721031128821
1628 	0.00866178758622498
1629 	0.00828229958359272
1630 	0.00825561364040751
1631 	0.00858502036985286
1632 	0.00916357804674892
1633 	0.0085270365209167
1634 	0.00863665817516656
1635 	0.00946655694726078
1636 	0.0108527351313955
1637 	0.0120142816975398
1638 	0.0125310719362756
1639 	0.0133362988027216
1640 	0.0143815948475099
1641 	0.0156188340691441
1642 	0.0140384141611241
1643 	0.0119557436985247
1644 	0.0108003003315305
1645 	0.0108718495095632
1646 	0.011874636806383
1647 	0.0111323118099049
1648 	0.0108156279204759
1649 	0.0109615383285009
1650 	0.0115525283757278
1651 	0.0114749293578806
1652 	0.010516229871681
1653 	0.00989132366807826
1654 	0.00966517373596017
1655 	0.00986524145841675
1656 	0.00900445088347872
1657 	0.00815625245093168
1658 	0.00764371792646165
1659 	0.00753565158436397
1660 	0.00765172460491495
1661 	0.00746592769214803
1662 	0.00755757474728276
1663 	0.00791703661091766
1664 	0.00851044500704377
1665 	0.00863961924592421
1666 	0.00860441653060114
1667 	0.00878699388573577
1668 	0.00917435849867285
1669 	0.00968498346071394
1670 	0.00927213750176637
1671 	0.00947380374164665
1672 	0.0102537883284682
1673 	0.0114949635537064
1674 	0.0115427765324201
1675 	0.00993398574714843
1676 	0.00850131456770855
1677 	0.00734850459217005
1678 	0.00662333631265854
1679 	0.00649536019780549
1680 	0.00676361469868588
1681 	0.00736897610178629
1682 	0.0082374558626125
1683 	0.00880046963955175
1684 	0.00852234052310523
1685 	0.00859732142539122
1686 	0.00901660739834337
1687 	0.00973581572570425
1688 	0.00926620019252249
1689 	0.00858633655089948
1690 	0.00825465010877698
1691 	0.00831292278124624
1692 	0.008440886095032
1693 	0.00766574351692283
1694 	0.00739889369576633
1695 	0.00769341087108464
1696 	0.00849108075556123
1697 	0.00831886865614718
1698 	0.00785206434368856
1699 	0.00790633105519818
1700 	0.00847166126619365
1701 	0.00922987226823148
1702 	0.00851968318747148
1703 	0.00810851775751519
1704 	0.00804237016774492
1705 	0.00832946424976823
1706 	0.00806004604024194
1707 	0.00751266054202784
1708 	0.00737796899608938
1709 	0.00767772208622857
1710 	0.00822086664212314
1711 	0.00724197450766783
1712 	0.00697221226560759
1713 	0.00748861106404302
1714 	0.00865152299570235
1715 	0.00896623242790506
1716 	0.00858267458521735
1717 	0.00853855520877298
1718 	0.00883895864928678
1719 	0.00935398414779044
1720 	0.00843574676843998
1721 	0.00768772584136116
1722 	0.00716344432861557
1723 	0.00691398883807118
1724 	0.00658767393544977
1725 	0.00637293759772659
1726 	0.00662163249039504
1727 	0.00728645987567477
1728 	0.0080864489076563
1729 	0.00699941591912604
1730 	0.00618854782410701
1731 	0.00577144339166288
1732 	0.00583319185049177
1733 	0.00588177147405282
1734 	0.00613950238737614
1735 	0.00688053832032526
1736 	0.00797121005315895
1737 	0.00899505532040228
1738 	0.00837091782280109
1739 	0.00804576446628259
1740 	0.00805587997487036
1741 	0.00840005322387627
1742 	0.00805875844000107
1743 	0.00740958793289848
1744 	0.00693349105761737
1745 	0.00666764593589102
1746 	0.00655570908992393
1747 	0.00636134692306204
1748 	0.00634287424012259
1749 	0.00650179040904047
1750 	0.00682571676579028
1751 	0.0066913928224581
1752 	0.00655017406150195
1753 	0.00657761672073497
1754 	0.00677167057462202
1755 	0.00680741300025461
1756 	0.00640703403970011
1757 	0.00615633350775927
1758 	0.00607387380299313
1759 	0.00616640797658215
1760 	0.00597796801777323
1761 	0.00590445968010707
1762 	0.00598483411544237
1763 	0.00621312219802395
1764 	0.0063628651797568
1765 	0.00642697747805982
1766 	0.00659886222656666
1767 	0.00687043541858317
1768 	0.00719363678861386
1769 	0.007305870232685
1770 	0.00752314171362734
1771 	0.00783671962022117
1772 	0.00823561044153693
1773 	0.00800083399513609
1774 	0.0075569453602071
1775 	0.00721009462338947
1776 	0.00697477372542992
1777 	0.00673719311628911
1778 	0.00634395505544106
1779 	0.00606712366261067
1780 	0.00592304334460212
1781 	0.00592141237538241
1782 	0.00572253527399959
1783 	0.00559132205989834
1784 	0.00555430338455227
1785 	0.00561334312977555
1786 	0.00559475219099578
1787 	0.00549652518815508
1788 	0.00543919170945261
1789 	0.00542404867263529
1790 	0.00545608318788977
1791 	0.00562959100847818
1792 	0.00596643889789756
1793 	0.00644105102851957
1794 	0.0070255626544557
1795 	0.00722649689578444
1796 	0.00740069424560824
1797 	0.00762560398664785
1798 	0.00789689432102165
1799 	0.00793485670878874
1800 	0.00775950525893392
1801 	0.00764945438166641
1802 	0.00760753852506359
1803 	0.00753111042470371
1804 	0.00701189036424543
1805 	0.0065772540540225
1806 	0.0062448873057849
1807 	0.00603172000283433
1808 	0.00570764182218032
1809 	0.00547749353507114
1810 	0.00540455926248365
1811 	0.00549510248813953
1812 	0.00558664635240726
1813 	0.00562533826792249
1814 	0.00573420265952593
1815 	0.0059093625716103
1816 	0.00606710746702621
1817 	0.00601541817398201
1818 	0.00606695473312019
1819 	0.00621915145289244
1820 	0.00646490301464202
1821 	0.00624753104222783
1822 	0.00615374881087042
1823 	0.00625139558114002
1824 	0.00653189183754784
1825 	0.00661524690710756
1826 	0.00658315628507781
1827 	0.00665114014005122
1828 	0.00681620474373529
1829 	0.00695916118413014
1830 	0.00695445934175873
1831 	0.00702608626487698
1832 	0.00717175534877316
1833 	0.00735566429118991
1834 	0.00708338573458979
1835 	0.00689737028738439
1836 	0.00680469598245174
1837 	0.00680917506471202
1838 	0.00676861141562104
1839 	0.00675016857852544
1840 	0.00678771547632537
1841 	0.00688033553998494
1842 	0.00700568955741738
1843 	0.00726272225152815
1844 	0.00768266915478954
1845 	0.00824066130187648
1846 	0.00856989509148622
1847 	0.00810774035942525
1848 	0.00770380656607096
1849 	0.0073676758542864
1850 	0.00710101513866264
1851 	0.00673406712610795
1852 	0.00643688890775619
1853 	0.00621948971018658
1854 	0.00609041873699126
1855 	0.00578441299059787
1856 	0.00553362023694489
1857 	0.00541790932165254
1858 	0.00544589745758841
1859 	0.00551039721397468
1860 	0.00559302174736199
1861 	0.00575125716646183
1862 	0.00597910341445295
1863 	0.00610375746463567
1864 	0.00601121992621432
1865 	0.00597380949111464
1866 	0.00599255869320788
1867 	0.00601962097724782
1868 	0.00591132513812445
1869 	0.00592024695341285
1870 	0.00604586751525686
1871 	0.0062811889763447
1872 	0.00641286231694016
1873 	0.0066642376520971
1874 	0.00702669047865574
1875 	0.00748409980516288
1876 	0.0071962378900933
1877 	0.00675649398738493
1878 	0.00639075852125473
1879 	0.00611233099537958
1880 	0.00588232721133457
1881 	0.00573755506785836
1882 	0.0057202232765833
1883 	0.00583146825019067
1884 	0.00591951858865841
1885 	0.00591467917173957
1886 	0.00598359731335143
1887 	0.00612378327773625
1888 	0.00624778563343487
1889 	0.00623189953180977
1890 	0.00628152352504931
1891 	0.00639513278868285
1892 	0.00652170647951721
1893 	0.00640596526071756
1894 	0.00634601937539072
1895 	0.00634345082576664
1896 	0.00639832871301368
1897 	0.0063652894673686
1898 	0.0063615759599334
1899 	0.00638763437628293
1900 	0.00644310349882729
1901 	0.00644349277725205
1902 	0.00652234685784686
1903 	0.00669393579717331
1904 	0.00695139575469127
1905 	0.00705543314722287
1906 	0.00711220236015474
1907 	0.00719524082713591
1908 	0.00730365260270568
1909 	0.00730884239441821
1910 	0.00729344233003573
1911 	0.00734031704776245
1912 	0.00744829088897512
1913 	0.00738056073711264
1914 	0.00716050095966155
1915 	0.00700911445331069
1916 	0.00693090261604456
1917 	0.00677150217858893
1918 	0.00646409695762626
1919 	0.00622163810555933
1920 	0.00605193650590445
1921 	0.00592224667847374
1922 	0.00583173915868314
1923 	0.00587658212882516
1924 	0.0060537685309582
1925 	0.00626334406504264
1926 	0.00627698302270316
1927 	0.0063109792725504
1928 	0.00636500663085879
1929 	0.00640679290982556
1930 	0.00633505381306452
1931 	0.00628318495757217
1932 	0.00625168094029956
1933 	0.00621956079123605
1934 	0.00607375946286535
1935 	0.00595778707641835
1936 	0.00587341084391804
1937 	0.00581390217357722
1938 	0.00573246994521342
1939 	0.00574946684128924
1940 	0.00586403703457387
1941 	0.00605179748005376
1942 	0.005900332110355
1943 	0.00586991569039283
1944 	0.00596240105486757
1945 	0.00616968937365079
1946 	0.00621778403702448
1947 	0.00640054561362883
1948 	0.00670697431264947
1949 	0.00712112344832375
1950 	0.00682557288366656
1951 	0.00656195236200711
1952 	0.00634666252518902
1953 	0.00618475257487381
1954 	0.00614231474727043
1955 	0.00620453521889494
1956 	0.00636721694448281
1957 	0.00662296107955799
1958 	0.00659038349500319
1959 	0.00660660355262598
1960 	0.00668353878710036
1961 	0.00681913449511921
1962 	0.00684102578007366
1963 	0.00688738527014837
1964 	0.00696232110465628
1965 	0.00706492403627165
1966 	0.00706726104006917
1967 	0.0070939798260194
1968 	0.00714671788812464
1969 	0.00722217133406324
1970 	0.0069936727752693
1971 	0.00681311490970768
1972 	0.00668438377373555
1973 	0.00659812891114796
1974 	0.00628228078225881
1975 	0.00605208685157211
1976 	0.00591755147198804
1977 	0.00588487360426712
1978 	0.00592254050078436
1979 	0.00600857819198797
1980 	0.00614095392065492
1981 	0.00628363177985947
1982 	0.00625746267133582
1983 	0.00628978832905423
1984 	0.00637971964652812
1985 	0.00644171321491024
1986 	0.00620184515333378
1987 	0.0060144712293791
1988 	0.0058846080355829
1989 	0.00580317924856355
1990 	0.00577128728185829
1991 	0.00583997255072268
1992 	0.0060057852859825
1993 	0.00607719101287097
1994 	0.00585868595879515
1995 	0.00570626296703243
1996 	0.00562529628218339
1997 	0.00569723745726112
1998 	0.00601212227563841
1999 	0.00646881057109789
2000 	0.00703975869522386
2001 	0.00711348781142208
2002 	0.00671180148346582
2003 	0.00637179295045906
2004 	0.00610377814090976
2005 	0.0059565274235371
2006 	0.00590954243319695
2007 	0.0059392078202462
2008 	0.00604439510904973
2009 	0.00606445819099215
2010 	0.00609789452197333
2011 	0.00619721962805656
2012 	0.00635934695562865
2013 	0.00626298461859189
2014 	0.00619881380584196
2015 	0.00621854940109902
2016 	0.0063208797134463
2017 	0.00635732900851663
2018 	0.00652745253474397
2019 	0.00682125602541661
2020 	0.00713147172589904
2021 	0.00697769395231405
2022 	0.00687693192621063
2023 	0.00683153192585836
2024 	0.00674923693424132
2025 	0.00650314492993224
2026 	0.00631600936105435
2027 	0.00619317689091756
2028 	0.00619537396790954
2029 	0.00632403679335002
2030 	0.00650660261201104
2031 	0.00673869179909599
2032 	0.00684016051523029
2033 	0.00688167118527961
2034 	0.00696395801652596
2035 	0.00708560052042178
2036 	0.00682761211013311
2037 	0.00652430127871315
2038 	0.0062792638279866
2039 	0.00609955253726254
2040 	0.00597565526291219
2041 	0.00588245405706208
2042 	0.00582142344205039
2043 	0.00579079080277768
2044 	0.00579102169512806
2045 	0.00583823125791565
2046 	0.00593129783132775
2047 	0.00590062453352905
2048 	0.00567085306114638
2049 	0.00548233241458495
2050 	0.00533943374098523
2051 	0.00535637257046115
2052 	0.00549482361478907
2053 	0.0056879913685666
2054 	0.00593053158387359
2055 	0.00594020356445255
2056 	0.00598337836068982
2057 	0.00610610404455388
2058 	0.00630811327092994
2059 	0.00663999563607393
2060 	0.00706503804080777
2061 	0.00756755934577473
2062 	0.00787375722689772
2063 	0.00775384946761325
2064 	0.00771126248797436
2065 	0.00774727149674171
2066 	0.00758116880289623
2067 	0.00732054513004549
2068 	0.00716337157730742
2069 	0.00711650577732051
2070 	0.00691121647421905
2071 	0.00676158366387676
2072 	0.00671410708311083
2073 	0.00673054488870005
2074 	0.00665946262144008
2075 	0.0067865310039379
2076 	0.00710112079054883
2077 	0.00713726759493521
2078 	0.0067200115159627
2079 	0.00646030591125315
2080 	0.00637742752201978
2081 	0.00609461370356288
2082 	0.00576687321346205
2083 	0.0055431645907431
2084 	0.00542891409214946
2085 	0.00518586826361395
2086 	0.00513186661383253
2087 	0.0052727207496482
2088 	0.00542311777268673
2089 	0.00538014173639947
2090 	0.00546453254474481
2091 	0.00567060656922288
2092 	0.00567688480964542
2093 	0.00560372632174011
2094 	0.0056063130206322
2095 	0.00568454150578782
2096 	0.00561603987862972
2097 	0.00561193966395667
2098 	0.00567346784820061
2099 	0.00579905696420656
2100 	0.00614598337769439
2101 	0.00675099469617199
2102 	0.00755231850497927
2103 	0.00753779848694601
2104 	0.00724245638287369
2105 	0.00712063975536603
2106 	0.007175733006585
2107 	0.00727109514223251
2108 	0.00746854298445062
2109 	0.00776028822991527
2110 	0.00776209270090423
2111 	0.00731467928910492
2112 	0.00693300569437631
2113 	0.00662843779972417
2114 	0.00641684112129846
2115 	0.00631720007896209
2116 	0.00633504403524705
2117 	0.0063642383123757
2118 	0.00606525543518518
2119 	0.00588804806175241
2120 	0.0058437050530549
2121 	0.00578885377431867
2122 	0.00570975727146576
2123 	0.00569396940963932
2124 	0.00574152105962447
2125 	0.00561214231710546
2126 	0.00555907738924091
2127 	0.00558450214204297
2128 	0.0056578856774985
2129 	0.00581699075065796
2130 	0.00611244020505523
2131 	0.00652574148591936
2132 	0.00655988266080641
2133 	0.00659285505874624
2134 	0.00670693000887854
2135 	0.00682707668081816
2136 	0.00684316761368568
2137 	0.00692747121122128
2138 	0.00707755036617051
2139 	0.00695935346354779
2140 	0.00681177271829067
2141 	0.00676222023035863
2142 	0.00674369306150526
2143 	0.00651808434287732
2144 	0.00636120395643945
2145 	0.00627820618739697
2146 	0.00603783649105132
2147 	0.00578141335682955
2148 	0.00564578083648104
2149 	0.0056765608168453
2150 	0.00614842441125726
2151 	0.00685409283117443
2152 	0.00772979560529131
2153 	0.00783186865252065
2154 	0.00749311303485085
2155 	0.00724976257656766
2156 	0.00703467485477135
2157 	0.00651050481634146
2158 	0.00635802601094456
2159 	0.00660303836798476
2160 	0.00646307914204213
2161 	0.00627059023670832
2162 	0.00649501199046932
2163 	0.0069122501799481
2164 	0.00647280949919779
2165 	0.00616610367311369
2166 	0.00601248015666044
2167 	0.00601451768972894
2168 	0.00617362460203563
2169 	0.00648178260277305
2170 	0.0067811381342295
2171 	0.00664465104746338
2172 	0.00657272331889291
2173 	0.00656747647487134
2174 	0.00649743120401277
2175 	0.00642040633471965
2176 	0.0063756045594726
2177 	0.00637779236040434
2178 	0.00646341789952416
2179 	0.00660942145575143
2180 	0.00681192179197665
2181 	0.0067166604719766
2182 	0.00667448888062734
2183 	0.00673959873648422
2184 	0.00670004651908055
2185 	0.00651761154286379
2186 	0.00645480161474771
2187 	0.00649881856988154
2188 	0.00622755426025647
2189 	0.00603500601536271
2190 	0.00592884806917109
2191 	0.00593302314103839
2192 	0.00603240992310517
2193 	0.00621027563792304
2194 	0.00636350633155347
2195 	0.00630605044428223
2196 	0.00636797068815123
2197 	0.00654588025170677
2198 	0.00639739131051368
2199 	0.00621975917538588
2200 	0.00608652482360144
2201 	0.00588766553068542
2202 	0.00563019034834294
2203 	0.00545115255771118
2204 	0.00537879719873891
2205 	0.00555469749799391
2206 	0.00580882166885553
2207 	0.00613145121192353
2208 	0.00631088988361198
2209 	0.00653515970622887
2210 	0.00686572421079289
2211 	0.00707665875612559
2212 	0.00704519015327208
2213 	0.00706512558639528
2214 	0.00711699086657647
2215 	0.00699827649770798
2216 	0.00695190007571267
2217 	0.00697930377386589
2218 	0.00683078228382923
2219 	0.00668113200177741
2220 	0.00661969653987795
2221 	0.00654026225933434
2222 	0.00638480233925117
2223 	0.00628750755113327
2224 	0.00622130335406236
2225 	0.00608067229930664
2226 	0.00612308252466245
2227 	0.00634486464789296
2228 	0.00609593262396525
2229 	0.00581786385290018
2230 	0.00564519726829373
2231 	0.00556487838178154
2232 	0.00559302355094441
2233 	0.00574875121909742
2234 	0.00591710408771762
2235 	0.005864513055897
2236 	0.00584453232624803
2237 	0.00585618322953132
2238 	0.00571031225036775
2239 	0.00565484428547042
2240 	0.00569242265705002
2241 	0.00578094079354893
2242 	0.00595545022301234
2243 	0.00622275495977219
2244 	0.00644213271664199
2245 	0.0066098297717677
2246 	0.00684775099207756
2247 	0.00699812980159739
2248 	0.00678914907411716
2249 	0.00662869280611123
2250 	0.00651848538725562
2251 	0.00644229227254129
2252 	0.00646270220629039
2253 	0.00657881615421053
2254 	0.00635981401611987
2255 	0.00609971499747675
2256 	0.00588856085041686
2257 	0.00571176533911054
2258 	0.00564812730306318
2259 	0.0057289384798398
2260 	0.00605368016668217
2261 	0.00662757156993267
2262 	0.00728022818993649
2263 	0.00781573464585552
2264 	0.00785904692000603
2265 	0.00796902280761495
2266 	0.00807245257283587
2267 	0.00731868816335919
2268 	0.00678388595785424
2269 	0.00652213364710648
2270 	0.00605802877431143
2271 	0.00571940783401063
2272 	0.00558507180768366
2273 	0.00542895048249322
2274 	0.00533772392277685
2275 	0.00538803970931862
2276 	0.0055719448491915
2277 	0.0058252307734528
2278 	0.00612925733196124
2279 	0.00626927896236719
2280 	0.00628742102684152
2281 	0.00644451439209625
2282 	0.00658507279645
2283 	0.00650989152488829
2284 	0.00646891350937469
2285 	0.006467824790397
2286 	0.00652636203796677
2287 	0.00663129605683734
2288 	0.00673419458133743
2289 	0.0065938524522022
2290 	0.00656803758761781
2291 	0.0066462146672557
2292 	0.00646508076831202
2293 	0.00637480788430088
2294 	0.0063792545070788
2295 	0.00630144170591478
2296 	0.00629180092488882
2297 	0.00635991654275583
2298 	0.00633349087244198
2299 	0.00641561212265141
2300 	0.00662935298637225
2301 	0.0069003668850234
2302 	0.00733545994166555
2303 	0.00792666814914601
2304 	0.0074190242314503
2305 	0.00661747060981903
2306 	0.00594211279675437
2307 	0.00525733938217284
2308 	0.00464941230971326
2309 	0.00423784247439816
2310 	0.00437016371978016
2311 	0.00485628074919715
2312 	0.00550131850560021
2313 	0.00572110028790474
2314 	0.0059520562619636
2315 	0.00647234155741319
2316 	0.00660936811915785
2317 	0.00650805695328465
2318 	0.00647699818809661
2319 	0.00635907488703591
2320 	0.00622770167879765
2321 	0.006172959766062
2322 	0.00606551484702546
2323 	0.00596167706166206
2324 	0.00593175976243588
2325 	0.00605844245718307
2326 	0.00631580911079189
2327 	0.0066580904782509
2328 	0.00665174735954194
2329 	0.00659399541204928
2330 	0.0066726207927027
2331 	0.00661148747144021
2332 	0.00654020819805998
2333 	0.00654667839531411
2334 	0.00652685725718498
2335 	0.00655532717091937
2336 	0.00665746256016654
2337 	0.00648222062194579
2338 	0.00634434114629364
2339 	0.00631039139704241
2340 	0.00604804999428042
2341 	0.00591166887791173
2342 	0.00593485962629396
2343 	0.00556342637978154
2344 	0.00526471671423117
2345 	0.00507322385093917
2346 	0.00522768274557042
2347 	0.00556680145418561
2348 	0.00595504818461779
2349 	0.00611488124828603
2350 	0.00647882999660499
2351 	0.00682409338575537
2352 	0.00685246256274722
2353 	0.00695077647548172
2354 	0.00685169541512498
2355 	0.0064754553289754
2356 	0.00616914651439067
2357 	0.00582846591655077
2358 	0.00556226151873238
2359 	0.00549857998092559
2360 	0.00580021306520205
2361 	0.00628196240457502
2362 	0.00684694374422825
2363 	0.00680935201275422
2364 	0.00677710261569536
2365 	0.00684599237022263
2366 	0.00677303660752781
2367 	0.006789297493211
2368 	0.00685724499823675
2369 	0.00687392965195091
2370 	0.0069777099319411
2371 	0.00702862840934917
2372 	0.00692881425475376
2373 	0.00687737255493463
2374 	0.00627673628272756
2375 	0.00546688362923143
2376 	0.0049995919469597
2377 	0.00516478489968899
2378 	0.00571371829489324
2379 	0.00649636434593136
2380 	0.006851958026263
2381 	0.00730797529753302
2382 	0.00752192212459999
2383 	0.00687265341057726
2384 	0.00645000539962923
2385 	0.0061216789717089
2386 	0.00583420346378744
2387 	0.00578294098276405
2388 	0.00560257974557084
2389 	0.00539204994612162
2390 	0.00527675896173049
2391 	0.00529435752014054
2392 	0.00545117016047367
2393 	0.00569055259886517
2394 	0.00588661106695271
2395 	0.00614244176387458
2396 	0.00650798849715013
2397 	0.00713526683779367
2398 	0.00797008026217156
2399 	0.007873230262902
2400 	0.00780067889138793
