 	sdma10
200 	0
201 	0
202 	0
203 	0.00755886686432234
204 	0.00669843938176484
205 	0.00622387221063003
206 	0.00622406247572871
207 	0.00669896972479669
208 	0.00755965014469307
209 	0.0086412086572592
210 	0.00787124635675132
211 	0.00719316191728553
212 	0.00663518383597164
213 	0.00622966914974048
214 	0.00600757171430802
215 	0.00598933093918811
216 	0.00582546976583245
217 	0.0055996296282685
218 	0.0055563858029617
219 	0.00569989575741029
220 	0.00601681122653443
221 	0.00648174669842745
222 	0.00683632184031859
223 	0.00630215799047988
224 	0.00602383220395191
225 	0.0060368347300231
226 	0.00633937321394664
227 	0.00689343107499027
228 	0.00764451380255311
229 	0.0074695256601041
230 	0.00728160672088419
231 	0.00745871733264109
232 	0.00797657928054363
233 	0.0087750700709053
234 	0.00978573336238734
235 	0.010030179175287
236 	0.00872136587379136
237 	0.00758695591257739
238 	0.00671591588935888
239 	0.00621989560564986
240 	0.00618971932773298
241 	0.00663174926137361
242 	0.00591419141637656
243 	0.00545892069497014
244 	0.00542999528282316
245 	0.00583376044777876
246 	0.00659117225732506
247 	0.00759718507491247
248 	0.0075497821665883
249 	0.00662722523215761
250 	0.00584726316614254
251 	0.00527354980369742
252 	0.00497791495222608
253 	0.00500983190862567
254 	0.0050952557333528
255 	0.00402309213881362
256 	0.0032925727583051
257 	0.0031510198384509
258 	0.00366727996178624
259 	0.00462613059220728
260 	0.00581251682461416
261 	0.00544279347195809
262 	0.00500250525185687
263 	0.00512579402315549
264 	0.00577668741557588
265 	0.00680544768426179
266 	0.00806881443742949
267 	0.00847256153096555
268 	0.00755828735097127
269 	0.00700857565436026
270 	0.00691097489252525
271 	0.00728368254844493
272 	0.00806173090639424
273 	0.00910744423811546
274 	0.0084657430243266
275 	0.00803444824878431
276 	0.007848324768749
277 	0.00792466617555791
278 	0.00825619498420496
279 	0.00881416283859662
280 	0.00877491090973864
281 	0.00847480949941315
282 	0.00835400555850345
283 	0.00842021970819881
284 	0.00866916773628489
285 	0.0090858415564006
286 	0.00936941187840211
287 	0.00916948749283759
288 	0.00924884647336475
289 	0.0096005655857789
290 	0.0101964992187621
291 	0.0109970164745714
292 	0.0119611113462829
293 	0.0111016151093019
294 	0.0102197787378469
295 	0.00950859797480232
296 	0.00900858102159717
297 	0.00875597893895055
298 	0.00877219134061776
299 	0.00856847187408179
300 	0.00820507634244715
301 	0.00804854250974488
302 	0.00811085608886536
303 	0.0083871406137448
304 	0.00885739578389157
305 	0.00929382117258628
306 	0.00915074793315471
307 	0.00907740761202805
308 	0.00907549093131173
309 	0.00914504279948353
310 	0.00928445719657842
311 	0.00949065585386254
312 	0.00923166013176898
313 	0.00906423476641643
314 	0.00907081688490416
315 	0.00925103507531688
316 	0.00959511046922101
317 	0.0100862879105693
318 	0.0102340344826179
319 	0.0101452651719522
320 	0.010214662152825
321 	0.0104390715225446
322 	0.0108088426521326
323 	0.0113097267240918
324 	0.011574454187381
325 	0.010750205684561
326 	0.0101310325394559
327 	0.00975605883034836
328 	0.0096537823166612
329 	0.00983271618955318
330 	0.0102781840731561
331 	0.00995119530548285
332 	0.00968689773466491
333 	0.00961101384205174
334 	0.00972795384747615
335 	0.0100309762576433
336 	0.0105039889061463
337 	0.0103753703329844
338 	0.00993442325319156
339 	0.00977703205927638
340 	0.00991670716973467
341 	0.0103414187121497
342 	0.0110182546511377
343 	0.0113485968865699
344 	0.0103574968766892
345 	0.00961595731518941
346 	0.00918462475578719
347 	0.00910767983637155
348 	0.00939383496657435
349 	0.0100120048959625
350 	0.0086841906781534
351 	0.0075953700644449
352 	0.00699092249154449
353 	0.00699751529725211
354 	0.00761356129372777
355 	0.00871069934029409
356 	0.00875376957649614
357 	0.00840753056131796
358 	0.00842395553738077
359 	0.00880101426354981
360 	0.00949584359884959
361 	0.0104452193684759
362 	0.0103501039119393
363 	0.00819705892302581
364 	0.00613223115686016
365 	0.00428510243853855
366 	0.00307657387858062
367 	0.00330361479684802
368 	0.00450089862771636
369 	0.00305063570314609
370 	0.00251581307370554
371 	0.00336554603928294
372 	0.00492941501148218
373 	0.00672651559579743
374 	0.00861205778300247
375 	0.00868788876853418
376 	0.00854678612725063
377 	0.00870387364146693
378 	0.00914379576759012
379 	0.00982864726823038
380 	0.0107115514571094
381 	0.0108490689768548
382 	0.0103242514047409
383 	0.0100149704951945
384 	0.00994136301110251
385 	0.0101085785630325
386 	0.0105051235194576
387 	0.0107105031377684
388 	0.00999806954473343
389 	0.00970129364347086
390 	0.00985778822407505
391 	0.010447203719796
392 	0.0114026018536766
393 	0.0126412728426516
394 	0.0111980973649975
395 	0.0102080450977925
396 	0.00988396288347389
397 	0.0102889745497758
398 	0.0113452637576524
399 	0.0128937488581168
400 	0.0124664354751042
401 	0.0112583418624524
402 	0.010159367109115
403 	0.00920866163743106
404 	0.00845638154157139
405 	0.00795899233129244
406 	0.00703827012449258
407 	0.0055959155831656
408 	0.00467929588428691
409 	0.00461322692068047
410 	0.0054288515508232
411 	0.00681670811977877
412 	0.00798966101964526
413 	0.00753099601230152
414 	0.0072497344945453
415 	0.00716679364298531
416 	0.00728894667126227
417 	0.00760631892622918
418 	0.00809598438821093
419 	0.00733767823363072
420 	0.0067402404806723
421 	0.00638756809494143
422 	0.0063207653928111
423 	0.00654858677026027
424 	0.00704249719755158
425 	0.00672886604538961
426 	0.0061988691327893
427 	0.00583009682896609
428 	0.00565418338806008
429 	0.00568904744026013
430 	0.00593097310820643
431 	0.00620305979630282
432 	0.00673861765954302
433 	0.00766657119655025
434 	0.0088645354467854
435 	0.0102381635212634
436 	0.0117258826837988
437 	0.012774366374304
438 	0.012685217375241
439 	0.0127559288130192
440 	0.0129838891069681
441 	0.013361051950906
442 	0.0138752556214689
443 	0.0143184006928419
444 	0.0123990147697741
445 	0.0106828738170332
446 	0.00928338707528151
447 	0.00836110130650445
448 	0.008081089740563
449 	0.00850701267200832
450 	0.00784745928626788
451 	0.00726914452251416
452 	0.00711237294373425
453 	0.00740397039799108
454 	0.00809563143799747
455 	0.00909655215273664
456 	0.00930964508915351
457 	0.00910810093170403
458 	0.00901701948118519
459 	0.00903974031219351
460 	0.00917541804745579
461 	0.00941917271447531
462 	0.00923993845464648
463 	0.00857772657293674
464 	0.00811262711804084
465 	0.00787962178245723
466 	0.00789927561202125
467 	0.00816976535995185
468 	0.00820996820276909
469 	0.00721673317745565
470 	0.00661327462342864
471 	0.00650892221196166
472 	0.00692627165970531
473 	0.00778183226964528
474 	0.00876511912253369
475 	0.00759914951052487
476 	0.00667947908204477
477 	0.00611820364197657
478 	0.00601647723131866
479 	0.00639626361388545
480 	0.00718157264355883
481 	0.00709376263961417
482 	0.00704213410780259
483 	0.0071682850137027
484 	0.0074632057537884
485 	0.00790803661153597
486 	0.00847921687514324
487 	0.00817355353147226
488 	0.00764455560036577
489 	0.00732936718887416
490 	0.0072559049413996
491 	0.00743134104418105
492 	0.0078389822667393
493 	0.00782130186599426
494 	0.00771366335925312
495 	0.00811603929738816
496 	0.00895997975720926
497 	0.01013577981896
498 	0.0115424641971834
499 	0.0119717859009956
500 	0.0106580826035787
501 	0.00944586472844614
502 	0.00837929380732425
503 	0.00752059422577677
504 	0.00694727852227588
505 	0.00658598855661065
506 	0.00632161889951583
507 	0.00682324529433194
508 	0.00794711757655116
509 	0.00947432687832924
510 	0.011241674804598
511 	0.0128726442307444
512 	0.0111165085670459
513 	0.00953834602616887
514 	0.00824104459838066
515 	0.00737435259489989
516 	0.00709780425759647
517 	0.00747716947301868
518 	0.00702245903767535
519 	0.00665885570169524
520 	0.00651395622287197
521 	0.00660217617065071
522 	0.00691459852778497
523 	0.00742296797176886
524 	0.00688320219812253
525 	0.0061939370593752
526 	0.00574020917503718
527 	0.00557977667414006
528 	0.00573729687011146
529 	0.00618853813923135
530 	0.00609647560473321
531 	0.00573547846358386
532 	0.00552157798125528
533 	0.00547205129632882
534 	0.0055912681178733
535 	0.0058689543133305
536 	0.00620273768038245
537 	0.00671434326184773
538 	0.00746151514093627
539 	0.00838148930758369
540 	0.00942379275462251
541 	0.0105522380946048
542 	0.0105824502191119
543 	0.00901411786971753
544 	0.0075771896943128
545 	0.00636134425442442
546 	0.00551479937515918
547 	0.00522041549481194
548 	0.00551867258101049
549 	0.00629277179291792
550 	0.00749199354528921
551 	0.00894699493635334
552 	0.0105524987639504
553 	0.0122494694823401
554 	0.0136690529879344
555 	0.0136957072209788
556 	0.0138189817847615
557 	0.0140363311959129
558 	0.0143434794908394
559 	0.0147348121452529
560 	0.0150899039716938
561 	0.0142400305956389
562 	0.0134321432487689
563 	0.0126742733340847
564 	0.0119759203504222
565 	0.0113480775170576
566 	0.0108030453959781
567 	0.00883015201231446
568 	0.00700728511030421
569 	0.00552561573282662
570 	0.00471834063945062
571 	0.0049287901260027
572 	0.00605170474955051
573 	0.00655456941865484
574 	0.00709621475591662
575 	0.00776258853270289
576 	0.00852449006462264
577 	0.009358617112773
578 	0.0102473475071827
579 	0.0106833462987375
580 	0.0110884315221677
581 	0.0115715302802934
582 	0.0121233199395456
583 	0.0127348746993564
584 	0.0133980130908625
585 	0.012799399045978
586 	0.0119001758062555
587 	0.0112251091549887
588 	0.0108162511945243
589 	0.0107041500038396
590 	0.0108979671382496
591 	0.0105024403100112
592 	0.00976255328960496
593 	0.00909625859839236
594 	0.00852083761931305
595 	0.00805578714155215
596 	0.00772107626530892
597 	0.00720743523035971
598 	0.00677473058639061
599 	0.00672727970460958
600 	0.00707284071059548
601 	0.00775908016445191
602 	0.00870580496375004
603 	0.00918189045770571
604 	0.00933390168009251
605 	0.00972697618796438
606 	0.0103336415623963
607 	0.0111189912811463
608 	0.0120481336011682
609 	0.0127198770285665
610 	0.0132419384999118
611 	0.0140187555899014
612 	0.0150108291171303
613 	0.0161786088004604
614 	0.0174869289497422
615 	0.0176641704396891
616 	0.0163687190907334
617 	0.0151666640269663
618 	0.0140819429209535
619 	0.0131436380366203
620 	0.0123850721004351
621 	0.012722066116862
622 	0.014554510252158
623 	0.0165182621659807
624 	0.018571715461785
625 	0.02068817680001
626 	0.0228501447988623
627 	0.0231640540347284
628 	0.020372891300853
629 	0.017761719779605
630 	0.0154222361557049
631 	0.0134964712238323
632 	0.0121822326315589
633 	0.0119719010974103
634 	0.0126790366831771
635 	0.0134832205093751
636 	0.0143681664856524
637 	0.0153198854362009
638 	0.0163267045101308
639 	0.0174271215962854
640 	0.0187556335891793
641 	0.0202289959880191
642 	0.021817883242582
643 	0.0234988732249547
644 	0.0252535803332905
645 	0.0262052596542969
646 	0.0252903722776454
647 	0.0244631945280735
648 	0.0237328991755858
649 	0.0231086732683288
650 	0.0225993078953741
651 	0.0217545967380402
652 	0.0199851200641732
653 	0.0184026393366726
654 	0.0170592734594248
655 	0.0160153068407315
656 	0.0153320207824567
657 	0.0147571212510824
658 	0.0136883974313601
659 	0.0127404811716554
660 	0.0119421746913397
661 	0.0113251601250652
662 	0.0109202109404986
663 	0.0107326363054229
664 	0.0106456079612257
665 	0.0106490867719775
666 	0.0107429848135175
667 	0.0109249709264232
668 	0.0111907484198459
669 	0.0114325069311253
670 	0.0115502424001584
671 	0.0117766389612093
672 	0.0121056016740596
673 	0.0125290542144004
674 	0.0130377930675342
675 	0.0130816837718277
676 	0.0121531115514513
677 	0.0113965074519246
678 	0.0108479138761957
679 	0.0105398615015939
680 	0.0104935559808883
681 	0.0102311210899259
682 	0.009403263545762
683 	0.00897559118974726
684 	0.00900530146302516
685 	0.00948809870387843
686 	0.0103608361114921
687 	0.0105656494940868
688 	0.00934391571196524
689 	0.00820844359756077
690 	0.00720016011057899
691 	0.00637965820426298
692 	0.00582681266646506
693 	0.00562714201217105
694 	0.00558379844466791
695 	0.00559557018707333
696 	0.00566211348954652
697 	0.00578153746167907
698 	0.00595065916309655
699 	0.00588142275908848
700 	0.00555112796731236
701 	0.00530564644016169
702 	0.00515710393405959
703 	0.00511395465618875
704 	0.00517883363940046
705 	0.00526430255419682
706 	0.00536658994808652
707 	0.00555835876010216
708 	0.00583078679831689
709 	0.00617320463091657
710 	0.00657468587000428
711 	0.00643327832092268
712 	0.00614790005414998
713 	0.00627329682711238
714 	0.00678673735827284
715 	0.00761008066600949
716 	0.00865533502529185
717 	0.00867446908336937
718 	0.00811352915479087
719 	0.00767289611895433
720 	0.00737416791225968
721 	0.00723494353699106
722 	0.00726439960409737
723 	0.00717592892503186
724 	0.0071356045134535
725 	0.00726772581728531
726 	0.00756326095580216
727 	0.00800412924454596
728 	0.00856792533748625
729 	0.00879616998111043
730 	0.00905849576422764
731 	0.00947516186306348
732 	0.0100269460354964
733 	0.0106929513658784
734 	0.0114532693443446
735 	0.0108235490072135
736 	0.0100437819088054
737 	0.00937812293005985
738 	0.00885235093579981
739 	0.0084924871050459
740 	0.00832008714544265
741 	0.00829868882418044
742 	0.00834788158200498
743 	0.00846566599380948
744 	0.00864924029237653
745 	0.00889453189643843
746 	0.00917409073071128
747 	0.00903769729255231
748 	0.00904277743284256
749 	0.00918909651596284
750 	0.00947011011504453
751 	0.00987432509765054
752 	0.0102000631779517
753 	0.00963948594788596
754 	0.00945525326233517
755 	0.0096689018807946
756 	0.0102555954149962
757 	0.0111566363865582
758 	0.0117152965555891
759 	0.0106696257966531
760 	0.00976681800542534
761 	0.009049731007985
762 	0.00856513903786498
763 	0.00835360163129177
764 	0.00814294091585093
765 	0.00759096205914544
766 	0.00716370903539438
767 	0.00688444284167252
768 	0.00677149786035409
769 	0.00683312646168379
770 	0.00677477709245042
771 	0.00655429361840797
772 	0.00648072213314368
773 	0.00655900817536732
774 	0.0067838964812897
775 	0.00714155088478521
776 	0.0067520536253831
777 	0.00619284644274199
778 	0.00616188413140112
779 	0.00666653096567783
780 	0.00760084233923895
781 	0.008829457712549
782 	0.00866461667453527
783 	0.00814662022808749
784 	0.00784111390126816
785 	0.00777319241576871
786 	0.00794894838959183
787 	0.00835301428923427
788 	0.00791014735484365
789 	0.00753012099374124
790 	0.00737078525972634
791 	0.0074463206128389
792 	0.00774986246026043
793 	0.00823748266024436
794 	0.00841743615742067
795 	0.00877107496024896
796 	0.00927856099079954
797 	0.00991630202087928
798 	0.0106609479450108
799 	0.0111359462786848
800 	0.0101898671384148
801 	0.00935732729632891
802 	0.00867109249275906
803 	0.00816812126260544
804 	0.00788356860555905
805 	0.00757590725374186
806 	0.00698305363569787
807 	0.00660828518175238
808 	0.00648949579014449
809 	0.00664043716782549
810 	0.00704379042504628
811 	0.00679581704645016
812 	0.00594993925298814
813 	0.00539104455258666
814 	0.0052122818505908
815 	0.00545117778836106
816 	0.00605852564069365
817 	0.00586327262580078
818 	0.0054840072357062
819 	0.00546191597269017
820 	0.00580108076816852
821 	0.00644471654299382
822 	0.00731286714052008
823 	0.00741584750466895
824 	0.00765686299971824
825 	0.00815319980606497
826 	0.00886206197540933
827 	0.00973714419794572
828 	0.0105805242547194
829 	0.00921565777284204
830 	0.00816169180212549
831 	0.00754997272610447
832 	0.00748965776669806
833 	0.00799323895332175
834 	0.00845597284305029
835 	0.00776382319027663
836 	0.00741857744122501
837 	0.00746850044434157
838 	0.00790610988014398
839 	0.00867291847654482
840 	0.00888585775615636
841 	0.00829912053401576
842 	0.00787928921088642
843 	0.00765387866082627
844 	0.00764011661532097
845 	0.00783911783888638
846 	0.00788974953833071
847 	0.00793055054768588
848 	0.00812920035061352
849 	0.0084746059985484
850 	0.00894979203445829
851 	0.00953537572561652
852 	0.00953893743580255
853 	0.00959812172952086
854 	0.00980782408370465
855 	0.0101587275271436
856 	0.0106368668261026
857 	0.0110484506110304
858 	0.00995801801531914
859 	0.00902328785468978
860 	0.00829705150338917
861 	0.0078374831813103
862 	0.00769252628275523
863 	0.00768101356483868
864 	0.00746202053821202
865 	0.00738910131962753
866 	0.00746653686660059
867 	0.00768978633763329
868 	0.0080467224213439
869 	0.00784786692947786
870 	0.00721009155987337
871 	0.00667372142345327
872 	0.00626485653076733
873 	0.00600957814172292
874 	0.00592776213330012
875 	0.00607443603410346
876 	0.00639405259714107
877 	0.00685143940403746
878 	0.00742116655310921
879 	0.00807950381647136
880 	0.00874184668193339
881 	0.00822465844558638
882 	0.00775779051235828
883 	0.00735083700483643
884 	0.00701423407512641
885 	0.00675850120963307
886 	0.00647984802609402
887 	0.0060519934664195
888 	0.0057593386889346
889 	0.00562303317526212
890 	0.00565439517422535
891 	0.00585072903341733
892 	0.0057518430788641
893 	0.0054146570833771
894 	0.005184911407169
895 	0.00507721219890928
896 	0.00509929834077704
897 	0.00524953196644103
898 	0.00484228011065612
899 	0.00463471719074281
900 	0.0048203643344656
901 	0.00535850756335372
902 	0.00615740825402702
903 	0.00701082008847145
904 	0.00706958131871586
905 	0.00732267075213268
906 	0.00775107599495218
907 	0.00832778460504893
908 	0.00902440906596313
909 	0.00898511002919632
910 	0.00784212049066301
911 	0.00701477969199776
912 	0.00662246504319402
913 	0.00674155628570023
914 	0.00734722722134526
915 	0.00716624911510838
916 	0.00662350217544818
917 	0.0062751798821347
918 	0.00615438305882366
919 	0.00627426696219802
920 	0.0066217722542934
921 	0.00615652489150821
922 	0.00586701388215541
923 	0.00580797553056893
924 	0.00598623273441732
925 	0.00638193228216739
926 	0.0066006388759145
927 	0.00608564333059831
928 	0.00581857893742547
929 	0.00583359682199763
930 	0.00612862364964305
931 	0.00666658748709423
932 	0.00657900125624949
933 	0.00605791349215844
934 	0.00569815627173728
935 	0.00553129863465383
936 	0.00557468877554869
937 	0.00582362910672156
938 	0.00590561628555396
939 	0.00614551441196378
940 	0.00655994436480979
941 	0.0071184880246746
942 	0.00779020875533915
943 	0.00807534365087447
944 	0.00703904635686583
945 	0.006548889165011
946 	0.00672536260168888
947 	0.00752169077401465
948 	0.00877062935157468
949 	0.00900830236477728
950 	0.00837617657289553
951 	0.00791418156494917
952 	0.00765319012459668
953 	0.00761390055760205
954 	0.00779966394766255
955 	0.00757671281212593
956 	0.00755407181173817
957 	0.00780985995004415
958 	0.00831843203642685
959 	0.00903721186278954
960 	0.00957363784642396
961 	0.00916383931658679
962 	0.00894029637253611
963 	0.00891702788154005
964 	0.00909557101310098
965 	0.0094645114333167
966 	0.00904661955310682
967 	0.00808286513192742
968 	0.00726458052081585
969 	0.00664571964095101
970 	0.00628546632709482
971 	0.00622885401596308
972 	0.00593233503374542
973 	0.0057598436558163
974 	0.00575131497154673
975 	0.0059074591695647
976 	0.00621587875958475
977 	0.00643240497777268
978 	0.00621957056931396
979 	0.00604290546172192
980 	0.00590565651354456
981 	0.00581061746948331
982 	0.00575987812209498
983 	0.00565660640917298
984 	0.00556165326558087
985 	0.00552419694714596
986 	0.00554540265997232
987 	0.00562460694605946
988 	0.00571770597966154
989 	0.00526824211611809
990 	0.00493588054513231
991 	0.00474529102955581
992 	0.00471370189894759
993 	0.00484422467136832
994 	0.00492260847243958
995 	0.00490354305616993
996 	0.00504019945117129
997 	0.00532059227760961
998 	0.0057236360414187
999 	0.00622555479919597
1000 	0.00627017006482667
1001 	0.00630443621540742
1002 	0.00642966590657992
1003 	0.00664071499690622
1004 	0.00692974689248008
1005 	0.00708891292090839
1006 	0.0066887246085463
1007 	0.00636565219204059
1008 	0.0061318968699251
1009 	0.00599791055860878
1010 	0.00597041400298604
1011 	0.00559171434288032
1012 	0.00521469057593101
1013 	0.00517060981584303
1014 	0.00546753084009037
1015 	0.0060554983825978
1016 	0.00677968824868111
1017 	0.00646859864984989
1018 	0.0064069021036794
1019 	0.0066015945777653
1020 	0.00703141079030273
1021 	0.00765685671568615
1022 	0.00777291602458712
1023 	0.00733623911769209
1024 	0.00709160343724731
1025 	0.00705900334912444
1026 	0.00724130314979782
1027 	0.00762310096903771
1028 	0.00729906938221621
1029 	0.00701461246993689
1030 	0.0068698199012083
1031 	0.00687352354774002
1032 	0.00702548856395703
1033 	0.00702739971770928
1034 	0.0065621820644559
1035 	0.0061645549981979
1036 	0.00584832124875855
1037 	0.00562721980694628
1038 	0.00551270916218426
1039 	0.0055382442669054
1040 	0.00569581749093719
1041 	0.00596973898632489
1042 	0.00634495780791758
1043 	0.00680473768401744
1044 	0.00702797855151957
1045 	0.00636826888583043
1046 	0.00587364254091576
1047 	0.00558810941278689
1048 	0.00554407061054441
1049 	0.00574708039570786
1050 	0.00568023615108737
1051 	0.00574807740763912
1052 	0.00617939371912291
1053 	0.00690641884678978
1054 	0.00784739049227725
1055 	0.00862509430324028
1056 	0.00781697395752701
1057 	0.00709993608634726
1058 	0.00650417431135338
1059 	0.00606553006582401
1060 	0.0058196397612785
1061 	0.00585762097477904
1062 	0.00605714220968248
1063 	0.0063468609025122
1064 	0.00671511267118682
1065 	0.00714977316850014
1066 	0.00754342116497891
1067 	0.00717795197148761
1068 	0.0069066640022172
1069 	0.0067409377890522
1070 	0.00668862455322691
1071 	0.0067523607763505
1072 	0.00637656627955636
1073 	0.00574585286737448
1074 	0.00529219848318518
1075 	0.00506341943288442
1076 	0.00508992926052685
1077 	0.00529690430316541
1078 	0.00492319780771329
1079 	0.00479958397622523
1080 	0.00494485432240298
1081 	0.0053370975659736
1082 	0.0059274855395555
1083 	0.00595893400346864
1084 	0.00564618608866778
1085 	0.00553527999961952
1086 	0.00563813944813906
1087 	0.00594367669336812
1088 	0.00633079433266584
1089 	0.00596727012709974
1090 	0.00593024653417407
1091 	0.0062255514166565
1092 	0.00681008900278312
1093 	0.00761756452609788
1094 	0.00779954313350952
1095 	0.0076526950863232
1096 	0.00772479574264907
1097 	0.00800993474603369
1098 	0.00848666590566878
1099 	0.00890570866416551
1100 	0.00786705457640376
1101 	0.00703365745844274
1102 	0.00648513804130397
1103 	0.00629639438284307
1104 	0.00649884894972153
1105 	0.00654177281863701
1106 	0.0066186247008572
1107 	0.00699527859825139
1108 	0.00762744916860995
1109 	0.00845803566961745
1110 	0.00911685322870607
1111 	0.00848713139981682
1112 	0.00801894125969535
1113 	0.00774164526310989
1114 	0.00767595966364588
1115 	0.00782721374824433
1116 	0.00755308689217504
1117 	0.00726310814552793
1118 	0.00722274605268497
1119 	0.00743606639457804
1120 	0.00788250014796219
1121 	0.00823853782099421
1122 	0.00793987934557551
1123 	0.00770786329115217
1124 	0.00754863715556231
1125 	0.00746685899130489
1126 	0.00746507450627089
1127 	0.00697156686624726
1128 	0.00652492676564917
1129 	0.0062819573581809
1130 	0.00626639461168154
1131 	0.00647987722376047
1132 	0.00655201081725798
1133 	0.00630480412824219
1134 	0.00629881303666415
1135 	0.00653470102418749
1136 	0.00698801620701471
1137 	0.00762005280643119
1138 	0.00681599876311954
1139 	0.00641853893312451
1140 	0.00656823729881109
1141 	0.0072311919260397
1142 	0.00828509676522976
1143 	0.00863219719138958
1144 	0.00834386337827793
1145 	0.00822378875615838
1146 	0.00827929735199084
1147 	0.00850695277321227
1148 	0.00863958413505427
1149 	0.00725108387518681
1150 	0.00608416997061657
1151 	0.00528763979727786
1152 	0.00504026274594953
1153 	0.00541779161639708
1154 	0.00495037987759114
1155 	0.00428586353972275
1156 	0.00404872374162484
1157 	0.00431008977830797
1158 	0.00499226964059027
1159 	0.00543816804454816
1160 	0.00505774012623665
1161 	0.0049695939928842
1162 	0.00518864717334333
1163 	0.00567946478909267
1164 	0.00637962748578708
1165 	0.00591302889007687
1166 	0.00553746588256311
1167 	0.00538560283045147
1168 	0.00547608244964711
1169 	0.00579756947732832
1170 	0.00574173415443771
1171 	0.00535508766050138
1172 	0.00511956110292465
1173 	0.00505631656495232
1174 	0.00517167843228393
1175 	0.00539763089536984
1176 	0.00546305501112662
1177 	0.00560880237706902
1178 	0.00582885078157859
1179 	0.00611518454678829
1180 	0.00645899418850351
1181 	0.00616852997115542
1182 	0.00578683293533647
1183 	0.00550164249547592
1184 	0.00532847691039733
1185 	0.00527837318985004
1186 	0.00530884721170171
1187 	0.00537958224023667
1188 	0.00553545078731481
1189 	0.00576955715242828
1190 	0.00607285995462814
1191 	0.00637400548273358
1192 	0.00618551099737058
1193 	0.00629926243003814
1194 	0.00669988272178033
1195 	0.00734055244977884
1196 	0.00816495881860531
1197 	0.0080664255419543
1198 	0.00791676428310735
1199 	0.0081401778009193
1200 	0.0087079983218176
1201 	0.00955904687408114
1202 	0.00991719396198681
1203 	0.00934217180937685
1204 	0.00891906720302964
1205 	0.00867014954014048
1206 	0.00861053853975654
1207 	0.00866794025638246
1208 	0.00778269215532693
1209 	0.00713456575648594
1210 	0.00679178786000555
1211 	0.0068006880967795
1212 	0.007159955118344
1213 	0.00699050241475436
1214 	0.00670192311498644
1215 	0.00659295721712374
1216 	0.00667241023121258
1217 	0.00693380802441835
1218 	0.00705373390255826
1219 	0.0069187662961216
1220 	0.00696421521034761
1221 	0.00718665856119285
1222 	0.00757051057708369
1223 	0.00800726708986582
1224 	0.00789447884134194
1225 	0.00795689006455351
1226 	0.00819049670150917
1227 	0.00858132893732215
1228 	0.00910917174273598
1229 	0.00838102288633015
1230 	0.00753930928002181
1231 	0.00700221201431665
1232 	0.00684184994296444
1233 	0.00708385467564297
1234 	0.00705492168610887
1235 	0.0066160460114731
1236 	0.00636209200307011
1237 	0.00631540730958249
1238 	0.00648047292387886
1239 	0.00667480256665221
1240 	0.00645391683643922
1241 	0.00640798175231878
1242 	0.00654068437725881
1243 	0.00684163785114898
1244 	0.00729003424053149
1245 	0.00716420322654988
1246 	0.00723117484926252
1247 	0.00753175318355051
1248 	0.00803977965016811
1249 	0.00871906773208056
1250 	0.00831876571449654
1251 	0.00749428351727941
1252 	0.00692518088813948
1253 	0.00667708002804687
1254 	0.00678528463219018
1255 	0.00666306092248482
1256 	0.00591301795613858
1257 	0.00540287665144105
1258 	0.00520367803961321
1259 	0.00535026620248144
1260 	0.00561879952662847
1261 	0.00502005108887398
1262 	0.00482783456110916
1263 	0.00508843089410144
1264 	0.00574049999379171
1265 	0.00667020390943709
1266 	0.00615717601521223
1267 	0.00559377416098827
1268 	0.00521874703459193
1269 	0.00507403687640036
1270 	0.00517898621355241
1271 	0.00534438367640883
1272 	0.00579668260576184
1273 	0.00658296525636871
1274 	0.0076002726190915
1275 	0.00876856123807123
1276 	0.00911469828287702
1277 	0.00825678596856629
1278 	0.00753549464783361
1279 	0.00699322672007197
1280 	0.00667376472788127
1281 	0.00641058495545177
1282 	0.00558577271137108
1283 	0.00520859278567161
1284 	0.0053741367253376
1285 	0.006037928203458
1286 	0.00706081674804156
1287 	0.00594244187129244
1288 	0.00535542793496679
1289 	0.00558606793210536
1290 	0.00654853076041558
1291 	0.00798234983577281
1292 	0.00785779099416757
1293 	0.00743913274118494
1294 	0.0073859929351272
1295 	0.00770593708762006
1296 	0.00835622045082572
1297 	0.00808374646211922
1298 	0.0070257639768091
1299 	0.00622570862857043
1300 	0.005791478418669
1301 	0.00580574564513342
1302 	0.00575754584927327
1303 	0.00508233186902109
1304 	0.00476466570296718
1305 	0.00487495233914926
1306 	0.00538697135417507
1307 	0.00594453058027028
1308 	0.00556114095072646
1309 	0.00576982275832275
1310 	0.00651391908036979
1311 	0.00763853062069441
1312 	0.00900215970950865
1313 	0.00781082031904952
1314 	0.00684408220347266
1315 	0.00629699823113095
1316 	0.00628021421620329
1317 	0.00679765936506811
1318 	0.00640055281870773
1319 	0.00617705006155486
1320 	0.00651495945685025
1321 	0.00733711960986125
1322 	0.00850422423257869
1323 	0.00877395162582106
1324 	0.00866338171193519
1325 	0.00883938550331136
1326 	0.00928568184360319
1327 	0.00996602409991597
1328 	0.0101547121496044
1329 	0.00969359923226439
1330 	0.00931404913525658
1331 	0.00902635665681198
1332 	0.00883949521645649
1333 	0.00844495032394177
1334 	0.00755605623292319
1335 	0.00690052638524058
1336 	0.00654881834904256
1337 	0.00655005785632176
1338 	0.0065941843367372
1339 	0.00550912080211744
1340 	0.00474753409479895
1341 	0.00447764122878733
1342 	0.00478340725735288
1343 	0.00549312284457319
1344 	0.00493183984108189
1345 	0.00483468863764254
1346 	0.00522761021884508
1347 	0.00601532437610421
1348 	0.00706702698959682
1349 	0.00603029141233449
1350 	0.00528192724019048
1351 	0.00525351699898241
1352 	0.00595537328649246
1353 	0.00717633929934187
1354 	0.00718517837329484
1355 	0.00736262265387896
1356 	0.00809107492161095
1357 	0.00924113799200041
1358 	0.0106774353823204
1359 	0.0102682311095143
1360 	0.0092204848371715
1361 	0.00861254619298378
1362 	0.00853887603843195
1363 	0.00901258546993002
1364 	0.00887624032104738
1365 	0.00830178176141076
1366 	0.00811713942525409
1367 	0.00834821887241543
1368 	0.00896292352373428
1369 	0.00868456186498239
1370 	0.00727358478999695
1371 	0.0060807276739471
1372 	0.00525663911915207
1373 	0.00498758990396724
1374 	0.00496866709240388
1375 	0.00482248403132379
1376 	0.00511770145863
1377 	0.00578715825228664
1378 	0.00671992183618307
1379 	0.00703598192599593
1380 	0.00580622154636323
1381 	0.00499538816374338
1382 	0.00481976394089855
1383 	0.00534236588638482
1384 	0.00592434443726276
1385 	0.00561422014775151
1386 	0.00615284104766041
1387 	0.00735607315640579
1388 	0.00896005278116574
1389 	0.0103026706673969
1390 	0.00939910437247933
1391 	0.00868422824656506
1392 	0.00820749624318378
1393 	0.00801153456180975
1394 	0.00800548781184958
1395 	0.00736891716386153
1396 	0.00703955388023158
1397 	0.00706052201329074
1398 	0.00742885569723172
1399 	0.0079908724605941
1400 	0.00707965686693336
1401 	0.00649018887430773
1402 	0.00631324587621096
1403 	0.00658218101858627
1404 	0.00722932226162228
1405 	0.00713206255417652
1406 	0.00744841638771993
1407 	0.00813024425136733
1408 	0.00909572487396123
1409 	0.010265131507807
1410 	0.00921788547035959
1411 	0.00852485477814195
1412 	0.00833765739309658
1413 	0.00868904816383316
1414 	0.00951957092282376
1415 	0.00837241708573557
1416 	0.00734465187519962
1417 	0.00665650644944038
1418 	0.00641816708166909
1419 	0.00667796996835202
1420 	0.00583010543005834
1421 	0.00561788068980699
1422 	0.00623403154350075
1423 	0.00747648492588356
1424 	0.00909200836612636
1425 	0.00783307298280327
1426 	0.00671422019142203
1427 	0.00622365030093973
1428 	0.00650509363671163
1429 	0.00747181458823064
1430 	0.00671348281455028
1431 	0.00635807183957936
1432 	0.00669858025201086
1433 	0.00764254873241874
1434 	0.00900209968404865
1435 	0.00872728785042178
1436 	0.00847424176947766
1437 	0.00841493824055637
1438 	0.00855340805168167
1439 	0.00888040453392442
1440 	0.00818252915490834
1441 	0.0075870942497113
1442 	0.00722290026772504
1443 	0.00712549301742869
1444 	0.00730555176189797
1445 	0.00720251591992534
1446 	0.00770147552451202
1447 	0.00872835052838361
1448 	0.0101237526961009
1449 	0.011757190241341
1450 	0.00910003860800183
1451 	0.0064791219824091
1452 	0.00417456087768538
1453 	0.00302564261650617
1454 	0.00405717770514809
1455 	0.00268556790977042
1456 	0.00414887455561569
1457 	0.00681640272958477
1458 	0.00974488754573155
1459 	0.0124538022279643
1460 	0.0111562239048147
1461 	0.0107515801034252
1462 	0.0113358995519225
1463 	0.0127741834810325
1464 	0.0142770871201117
1465 	0.0118987864083933
1466 	0.00977015364615435
1467 	0.00809070883581619
1468 	0.00718276545503454
1469 	0.00722477859532248
1470 	0.00753789294821345
1471 	0.00838120510680594
1472 	0.00961622236547711
1473 	0.0111131107579553
1474 	0.0119687682839205
1475 	0.0105922210557822
1476 	0.00973078020116616
1477 	0.00952524138910587
1478 	0.0100160654693617
1479 	0.0104247113529954
1480 	0.00975490846303821
1481 	0.0094526649411028
1482 	0.00955293216205206
1483 	0.0100436623964716
1484 	0.00989243854021565
1485 	0.00849444283642591
1486 	0.00733367488273035
1487 	0.00653773850997357
1488 	0.00624766129995152
1489 	0.00607402609820333
1490 	0.00611297524451696
1491 	0.00683584104692175
1492 	0.00806068002576484
1493 	0.00959718632292974
1494 	0.00963456974871104
1495 	0.00878412791642226
1496 	0.00829607708237931
1497 	0.00823510226754404
1498 	0.00861028143863244
1499 	0.00802728713077095
1500 	0.00711962048190957
1501 	0.00651857888159384
1502 	0.00631236589301077
1503 	0.00653844579403085
1504 	0.00618922248182378
1505 	0.0059670427052227
1506 	0.00611593965201954
1507 	0.0066108874194841
1508 	0.0073826108243491
1509 	0.00776326650777743
1510 	0.00838824811998338
1511 	0.00923982155909726
1512 	0.0102617296122749
1513 	0.0112338074500365
1514 	0.0102579969695232
1515 	0.00956503657549426
1516 	0.00921893152246403
1517 	0.00925866205251936
1518 	0.00922318100800314
1519 	0.00774690292752956
1520 	0.00645457147810566
1521 	0.00547795873465811
1522 	0.00500540925064995
1523 	0.00497056311764722
1524 	0.00489059226557741
1525 	0.00497014646139864
1526 	0.00520191187212919
1527 	0.0055669099634412
1528 	0.0056766363497446
1529 	0.00559441747592152
1530 	0.0056742126043692
1531 	0.00590946237836407
1532 	0.00628272852032061
1533 	0.0062517761686677
1534 	0.0061294843811696
1535 	0.00616876030790122
1536 	0.00636661449556415
1537 	0.00670903182101354
1538 	0.00664816858878148
1539 	0.00665232165115816
1540 	0.00681093209692596
1541 	0.00711367581636009
1542 	0.00750635519429567
1543 	0.0070801874380799
1544 	0.00672949637365173
1545 	0.0064665732932421
1546 	0.00630241226039559
1547 	0.00623049484964792
1548 	0.0063159013050199
1549 	0.00665556313593218
1550 	0.00721365373138822
1551 	0.00794427138224314
1552 	0.00832309983437266
1553 	0.00829032195894696
1554 	0.00854516984600875
1555 	0.00906341323097163
1556 	0.00980336846587135
1557 	0.00941074601053221
1558 	0.00841576439779365
1559 	0.00764085406651975
1560 	0.00715785036689012
1561 	0.00702720452427447
1562 	0.00687337817495294
1563 	0.00715648670151051
1564 	0.00790414591972428
1565 	0.009001332677449
1566 	0.0101040034040682
1567 	0.00817918930937711
1568 	0.00666212161616016
1569 	0.00587750498077728
1570 	0.00611414252943851
1571 	0.00662606979728978
1572 	0.0061048128879123
1573 	0.00602432575955057
1574 	0.00640125630957309
1575 	0.00716376192006785
1576 	0.00711369294988873
1577 	0.00664929121474572
1578 	0.00690239824445263
1579 	0.00780350632631772
1580 	0.00916340013521558
1581 	0.00879257645958816
1582 	0.00819153882892355
1583 	0.00800964307673361
1584 	0.00827457686473557
1585 	0.00888597674521706
1586 	0.00833683643214634
1587 	0.00841331586877819
1588 	0.00909965435337826
1589 	0.0102743524382671
1590 	0.0110667677793799
1591 	0.0104052609131487
1592 	0.0100117813823142
1593 	0.00991828031527524
1594 	0.0101330651121007
1595 	0.0103172031225583
1596 	0.0105660790954293
1597 	0.0111095798190561
1598 	0.0119074299992677
1599 	0.0129125676666305
1600 	0.0121288980101268
1601 	0.0113906290285014
1602 	0.0111378640069582
1603 	0.0114029347914353
1604 	0.011939519015362
1605 	0.0115854500353868
1606 	0.0117078560809224
1607 	0.0122925114921905
1608 	0.0132784971606194
1609 	0.0137300345026186
1610 	0.013365392253628
1611 	0.0133320480761833
1612 	0.0136324331973447
1613 	0.0142454518010679
1614 	0.0139898224456608
1615 	0.0135827078316193
1616 	0.0134499457627011
1617 	0.0135995734860518
1618 	0.0139309412505958
1619 	0.0127513901910596
1620 	0.0117328026373289
1621 	0.0109203132690016
1622 	0.01036251438139
1623 	0.00977952206835758
1624 	0.00913885377402427
1625 	0.00914826254762049
1626 	0.00980587731399324
1627 	0.0109960090520912
1628 	0.0112546035025685
1629 	0.0112510545129385
1630 	0.0115404246449361
1631 	0.0121017197123812
1632 	0.012827054722103
1633 	0.012113428835348
1634 	0.0119201178759476
1635 	0.0122717353673456
1636 	0.0131245569219712
1637 	0.0136447453324632
1638 	0.0133435715330667
1639 	0.0134318291111489
1640 	0.0139021031224377
1641 	0.0147178196457703
1642 	0.014820938540169
1643 	0.0150189746267523
1644 	0.015674962274987
1645 	0.0167351351850284
1646 	0.0179472336884413
1647 	0.0179242568212485
1648 	0.0183217268699774
1649 	0.0191134318158582
1650 	0.0202531919320956
1651 	0.0199715003741608
1652 	0.0180729359582765
1653 	0.0165627239374332
1654 	0.0155543967231803
1655 	0.0151485086307313
1656 	0.0134978576434968
1657 	0.0119211702825788
1658 	0.0108820022877215
1659 	0.0105405493033004
1660 	0.0106919557162282
1661 	0.0107396311987955
1662 	0.0115113136525962
1663 	0.012877496193154
1664 	0.0146730493379833
1665 	0.0145516507739191
1666 	0.0134561563449976
1667 	0.012720362767348
1668 	0.0124084244085155
1669 	0.0125053732034125
1670 	0.0119923088641495
1671 	0.0119630813801472
1672 	0.0124211066979246
1673 	0.0133162005982475
1674 	0.0135283922679821
1675 	0.0127813691581629
1676 	0.0123417885139342
1677 	0.0122428115991678
1678 	0.0124925367298781
1679 	0.0115976481299355
1680 	0.0109841321679015
1681 	0.0109486405697846
1682 	0.0114965279401656
1683 	0.0119363924549587
1684 	0.0113036720217898
1685 	0.0109391083786027
1686 	0.0108697165403086
1687 	0.0111010331870382
1688 	0.0102848279548129
1689 	0.00923323790635557
1690 	0.00846251466179091
1691 	0.0080537011713308
1692 	0.00794523530192905
1693 	0.00783988824911859
1694 	0.00826351164638494
1695 	0.00914287126218209
1696 	0.0103625893636366
1697 	0.00967127853307877
1698 	0.00811544663304046
1699 	0.00705244365521043
1700 	0.00672034901124644
1701 	0.00709133819429261
1702 	0.00708908358833457
1703 	0.00759071733047167
1704 	0.00850756885320468
1705 	0.00972287615498012
1706 	0.00940434156854484
1707 	0.0082524058280059
1708 	0.0077128815436689
1709 	0.00791205786174168
1710 	0.0086011551120912
1711 	0.00747293663911212
1712 	0.00780890879969196
1713 	0.00945424207175908
1714 	0.011876686892426
1715 	0.0119365845094131
1716 	0.010346306480196
1717 	0.00961468627445938
1718 	0.00993330020047515
1719 	0.0110363673657561
1720 	0.00963331542390858
1721 	0.00847915956028651
1722 	0.00768684246025471
1723 	0.00737393833283441
1724 	0.00671514343454633
1725 	0.00638729052659153
1726 	0.00729368253029449
1727 	0.00907161094246453
1728 	0.0109538825195719
1729 	0.0090142500588846
1730 	0.00785040274904746
1731 	0.00781689835209825
1732 	0.00892647375498601
1733 	0.0090518334921256
1734 	0.00832446694717699
1735 	0.00790232016392805
1736 	0.00783488555276413
1737 	0.00794849642825125
1738 	0.00719671975291131
1739 	0.00675447387206377
1740 	0.00668348873936867
1741 	0.00699507601992794
1742 	0.00661406340757776
1743 	0.00590714119027757
1744 	0.00538601394642437
1745 	0.00510786866775868
1746 	0.00503690102030826
1747 	0.00499574516158376
1748 	0.00523795847486441
1749 	0.00572770370071037
1750 	0.00640847968052251
1751 	0.00649596242897352
1752 	0.0064981110096861
1753 	0.00661289560189547
1754 	0.00683464355476786
1755 	0.00685941775889343
1756 	0.00643641627473042
1757 	0.00611911635663338
1758 	0.00592452559824273
1759 	0.00586487085929948
1760 	0.00534091428803509
1761 	0.00563766436532099
1762 	0.00670712481166418
1763 	0.00825422053629722
1764 	0.00826783475148728
1765 	0.00680615133938476
1766 	0.00572240311199306
1767 	0.00525582490599878
1768 	0.00547995135125004
1769 	0.00588608885811008
1770 	0.00710034331031104
1771 	0.00879410973596535
1772 	0.0107429285959338
1773 	0.0102344400106949
1774 	0.00900709487790322
1775 	0.00832026980212394
1776 	0.0083091008330786
1777 	0.00849216214841643
1778 	0.00804938961765525
1779 	0.00793061550702326
1780 	0.00815001750091753
1781 	0.00868199528057281
1782 	0.00846002337504836
1783 	0.00831024476116596
1784 	0.00830241417231514
1785 	0.00843692685762321
1786 	0.00817448522018019
1787 	0.0076276264475574
1788 	0.00722117207767504
1789 	0.00697969422472747
1790 	0.00685575251152671
1791 	0.00664688125305344
1792 	0.00660161852056354
1793 	0.00672326948707754
1794 	0.00700314121710066
1795 	0.00675024456148896
1796 	0.00684094866928763
1797 	0.00740029435501148
1798 	0.0083344547017109
1799 	0.00869381946122716
1800 	0.0083597606046348
1801 	0.00813740128093736
1802 	0.00803601913543036
1803 	0.00800588458398271
1804 	0.00779612683873746
1805 	0.00765306697945089
1806 	0.00758048214105736
1807 	0.00758039705968403
1808 	0.00682084771204911
1809 	0.00615956359686068
1810 	0.00585773039434697
1811 	0.00597011796518468
1812 	0.00602389929477602
1813 	0.00611059236176351
1814 	0.00664926010847964
1815 	0.00754369442974271
1816 	0.00841707361870277
1817 	0.0084343673156026
1818 	0.00857466792945562
1819 	0.00883211540688016
1820 	0.00919687715447755
1821 	0.00831053660008391
1822 	0.00742079291950418
1823 	0.00671813408396049
1824 	0.00626581939007656
1825 	0.00578379857067298
1826 	0.0054818085609432
1827 	0.00563545731315513
1828 	0.00621102149366827
1829 	0.00663167569155997
1830 	0.00643899461546872
1831 	0.00665524465556649
1832 	0.00724389479356658
1833 	0.00803755933317658
1834 	0.0076468877631472
1835 	0.0076024673539212
1836 	0.00791013351658084
1837 	0.00853188136405238
1838 	0.00823102571991545
1839 	0.00779666285092968
1840 	0.00756279543369073
1841 	0.00754808279527119
1842 	0.0072190930114078
1843 	0.00677515309599601
1844 	0.00678871073365086
1845 	0.00725720233701412
1846 	0.0077247093479816
1847 	0.00802692626451103
1848 	0.00925121789890472
1849 	0.0110964677524944
1850 	0.013159778447665
1851 	0.0122014776909517
1852 	0.0113622000460247
1853 	0.0106700686464945
1854 	0.010155214569267
1855 	0.00943074537069246
1856 	0.00870753266225249
1857 	0.00808993194230681
1858 	0.00760372142754613
1859 	0.00687606820204053
1860 	0.00598494474965702
1861 	0.00523509189657568
1862 	0.00469469748189895
1863 	0.00453758001102184
1864 	0.00487325887801611
1865 	0.00549082910130213
1866 	0.00630803366660764
1867 	0.00692180076122979
1868 	0.00641479484725958
1869 	0.00672892850272792
1870 	0.00776517761325196
1871 	0.0092848320740875
1872 	0.00865110062725622
1873 	0.00814329527253161
1874 	0.00784741881765899
1875 	0.00778766426313121
1876 	0.00745525277377319
1877 	0.00727806038205896
1878 	0.00741417007955464
1879 	0.00784729628928678
1880 	0.00802869860026485
1881 	0.00811426593467616
1882 	0.00840875446332185
1883 	0.00889142964383467
1884 	0.00917370371817392
1885 	0.00945776399351825
1886 	0.010253933479318
1887 	0.01145593278753
1888 	0.0120671697746913
1889 	0.0106297324559395
1890 	0.00930261210534415
1891 	0.00813994631825964
1892 	0.00722848349037787
1893 	0.00657646661934067
1894 	0.00610586123394726
1895 	0.00586053395258649
1896 	0.00586880427335069
1897 	0.00561173029418653
1898 	0.00554199844803895
1899 	0.00566803212848151
1900 	0.00597746109389165
1901 	0.00586658524184252
1902 	0.00603982892096955
1903 	0.00657217593483489
1904 	0.00738638692266607
1905 	0.0072923671295386
1906 	0.00699575025872887
1907 	0.00690485913053487
1908 	0.00702768042401275
1909 	0.00686525822850682
1910 	0.00651540213763783
1911 	0.0062580068150274
1912 	0.00610477873386595
1913 	0.00600388744712185
1914 	0.0059144967930249
1915 	0.005878005427843
1916 	0.00589539574268403
1917 	0.00583001884239667
1918 	0.0057167719885259
1919 	0.00577884713472127
1920 	0.00601081495437563
1921 	0.00617387474174049
1922 	0.00605173299007105
1923 	0.0060827185200391
1924 	0.00626455956627744
1925 	0.00646631152724522
1926 	0.00644886429993443
1927 	0.00653783134578814
1928 	0.00672899313481503
1929 	0.00683396200913995
1930 	0.0062891043639049
1931 	0.0058797471744057
1932 	0.00563549608702735
1933 	0.00554744906232888
1934 	0.00547877720875379
1935 	0.0056500812884547
1936 	0.00604098068926655
1937 	0.00655834480011795
1938 	0.00671997947878428
1939 	0.00718101517081809
1940 	0.00788913497044812
1941 	0.00875244458612547
1942 	0.00909017961496932
1943 	0.00970553047411883
1944 	0.0105500310562639
1945 	0.0115571987317734
1946 	0.010913836511849
1947 	0.0104578480186436
1948 	0.0102143583179142
1949 	0.0101985988941843
1950 	0.00944174959892271
1951 	0.00891054182927789
1952 	0.00866273350137867
1953 	0.00872251245700169
1954 	0.00675240803952454
1955 	0.00596568518852222
1956 	0.0068817338369463
1957 	0.0089945314960975
1958 	0.00832321172948042
1959 	0.0076402901959393
1960 	0.00708278417806971
1961 	0.00668215876783885
1962 	0.00607368889785786
1963 	0.00572896525437397
1964 	0.00571049154389537
1965 	0.00602127139308559
1966 	0.00592656510367223
1967 	0.00593710299279017
1968 	0.00606164985707035
1969 	0.00629112515711997
1970 	0.00639873910351133
1971 	0.00672430141503903
1972 	0.00723846378446564
1973 	0.00785000143571906
1974 	0.00729023525017867
1975 	0.0068978416957223
1976 	0.00670228264919375
1977 	0.00666218833100068
1978 	0.00632243905574918
1979 	0.00650953423524731
1980 	0.00718241981481899
1981 	0.0079282937072235
1982 	0.00692373565931388
1983 	0.00610294608033467
1984 	0.00554809401923335
1985 	0.00533818962609152
1986 	0.00541140151460376
1987 	0.00571831541049164
1988 	0.00622445683003281
1989 	0.00669746902824547
1990 	0.00678531386717924
1991 	0.00703068212529428
1992 	0.00741795874865183
1993 	0.00746469534942263
1994 	0.00672185477361688
1995 	0.00612137163013859
1996 	0.00570834947858842
1997 	0.00539241265974975
1998 	0.0050539462068997
1999 	0.00485429580130738
2000 	0.00481077547658307
2001 	0.00484274413002828
2002 	0.00495905145279803
2003 	0.00522764492703461
2004 	0.00562675850058278
2005 	0.00575786139429485
2006 	0.0057702246978885
2007 	0.00588465129550195
2008 	0.00609539590613293
2009 	0.00596674441182645
2010 	0.00578508146254353
2011 	0.00570678468079808
2012 	0.00573608842943019
2013 	0.00542700672709786
2014 	0.00509722121297043
2015 	0.00481792579139922
2016 	0.00459883072811984
2017 	0.00463844830121988
2018 	0.00479314863707126
2019 	0.00505237149344787
2020 	0.0053423973077092
2021 	0.00533238858115296
2022 	0.00533399059379045
2023 	0.00534719290994089
2024 	0.00534083291126297
2025 	0.00530884775076008
2026 	0.00534399630646994
2027 	0.00544497864407857
2028 	0.0055862415479347
2029 	0.00573216677825791
2030 	0.00589628894310173
2031 	0.00607713391428986
2032 	0.00611325007184412
2033 	0.00606978503849683
2034 	0.00603941899287636
2035 	0.00602235008238226
2036 	0.00585334369209537
2037 	0.00572425607355734
2038 	0.00568468388401732
2039 	0.0057346678458501
2040 	0.00541156456932129
2041 	0.00516221240439624
2042 	0.00499766272999025
2043 	0.00489787715719764
2044 	0.00475667908466952
2045 	0.00467100715114035
2046 	0.00464393543467324
2047 	0.00454856713117271
2048 	0.00434509553222664
2049 	0.00422999775931102
2050 	0.00421052734530792
2051 	0.00436050023727779
2052 	0.00461634798365739
2053 	0.0049207412339526
2054 	0.00526526723682763
2055 	0.00529251451238941
2056 	0.00535972857006667
2057 	0.00552518309909061
2058 	0.00574413497229625
2059 	0.00570264737089224
2060 	0.00573504012925091
2061 	0.00584008401669696
2062 	0.00588108291798881
2063 	0.00575809782042831
2064 	0.0057403948615966
2065 	0.00582893337245589
2066 	0.00571618955980279
2067 	0.00549826302635512
2068 	0.00538529295137098
2069 	0.00538389029224267
2070 	0.0053942110962474
2071 	0.00548248350047418
2072 	0.00565856636143419
2073 	0.00586200143580785
2074 	0.00579194002288066
2075 	0.00574461685012025
2076 	0.00572059624615555
2077 	0.00568743297854251
2078 	0.00564102003328664
2079 	0.00562871419588221
2080 	0.00565073829993633
2081 	0.00566627178869062
2082 	0.00568731429313048
2083 	0.00572720307321186
2084 	0.00578039688130955
2085 	0.00567510058037085
2086 	0.00562151732232116
2087 	0.00562112616198451
2088 	0.00560935683300727
2089 	0.00550915334354184
2090 	0.00544018176971752
2091 	0.0054036381683761
2092 	0.00505190329526414
2093 	0.00470372397562777
2094 	0.00460759138135643
2095 	0.0047787408593336
2096 	0.00437807103517714
2097 	0.0041397703841593
2098 	0.00409682302391306
2099 	0.00426148722991496
2100 	0.00492120970369316
2101 	0.00602408769460103
2102 	0.00737389016898731
2103 	0.00717241530023763
2104 	0.0064010033971413
2105 	0.00590873628817847
2106 	0.00574590110883005
2107 	0.00549299014899844
2108 	0.00551101598028905
2109 	0.00579745190807795
2110 	0.00609595623520407
2111 	0.00619533843627606
2112 	0.00635224608854374
2113 	0.00656255426718762
2114 	0.00628633928914148
2115 	0.00596324593372093
2116 	0.00574354376728809
2117 	0.00563342088798924
2118 	0.00562605076903847
2119 	0.00574980332481292
2120 	0.00599656601363878
2121 	0.00591441165422302
2122 	0.00559902584008279
2123 	0.00535090144485518
2124 	0.0051797387330789
2125 	0.00507488642651981
2126 	0.00499608712400706
2127 	0.00494458656196248
2128 	0.00490002163364059
2129 	0.00493545752012327
2130 	0.00510920293262121
2131 	0.00540794351222693
2132 	0.00540250037795472
2133 	0.0053767595665258
2134 	0.00539996052940828
2135 	0.00549587439693331
2136 	0.00570032175040212
2137 	0.00594984294048021
2138 	0.00623903231773093
2139 	0.00612357782888701
2140 	0.0058864721662459
2141 	0.00568881671400417
2142 	0.00543846109391765
2143 	0.00485147699796941
2144 	0.00435664032959734
2145 	0.00398839776965627
2146 	0.00409424146577522
2147 	0.0044648065208342
2148 	0.0049088177766772
2149 	0.00532458818271957
2150 	0.00531864041086348
2151 	0.00543092465797279
2152 	0.00565440180541474
2153 	0.00560603577453004
2154 	0.00551293830461021
2155 	0.00562031839001085
2156 	0.00580579935776108
2157 	0.00536655020471873
2158 	0.00509193957404344
2159 	0.00500911856122493
2160 	0.00509534645414307
2161 	0.00526196323028175
2162 	0.00549870974952253
2163 	0.00574917584008955
2164 	0.00579049414103516
2165 	0.00590400736735974
2166 	0.00608567700668513
2167 	0.00612551910002352
2168 	0.006140412421636
2169 	0.00623119655143727
2170 	0.0062584840822164
2171 	0.00586662005755254
2172 	0.00559887059374163
2173 	0.00547348025343264
2174 	0.00519884678081392
2175 	0.00491149872932987
2176 	0.00471153251777595
2177 	0.00462716276131016
2178 	0.00465212160793358
2179 	0.00473190956938598
2180 	0.00486382908552383
2181 	0.00511655152850842
2182 	0.00548424036622526
2183 	0.00594104243262155
2184 	0.00615841710480521
2185 	0.0060445914382373
2186 	0.00596805517819443
2187 	0.00592763111904567
2188 	0.0058982948612824
2189 	0.00598179697958199
2190 	0.00617356049507866
2191 	0.00576630381635749
2192 	0.00521917844822394
2193 	0.00505780508802431
2194 	0.0051686700709634
2195 	0.00506852568150323
2196 	0.0051542357188615
2197 	0.00541698533199625
2198 	0.00536068709140279
2199 	0.00540899327628889
2200 	0.00564147090824354
2201 	0.0056691743177838
2202 	0.00541462865817076
2203 	0.00528131394143839
2204 	0.00525709638916989
2205 	0.00515256913656359
2206 	0.00510418775007141
2207 	0.00511354613626957
2208 	0.00505717446049901
2209 	0.00501177658218496
2210 	0.00501716550398575
2211 	0.00501430134487746
2212 	0.00500537283252942
2213 	0.00508638402415695
2214 	0.00522367452368298
2215 	0.00508610995766628
2216 	0.00503873575496702
2217 	0.00508407376521107
2218 	0.00506357752419074
2219 	0.00505782001993565
2220 	0.00511584991091265
2221 	0.00523317274906642
2222 	0.00542715348055619
2223 	0.00570099488030293
2224 	0.00598532931031576
2225 	0.00593370508740265
2226 	0.00593984523010815
2227 	0.00600357250585317
2228 	0.00574225395946173
2229 	0.00555019664339812
2230 	0.00552668919680953
2231 	0.00555362645892991
2232 	0.00554160544424446
2233 	0.00555911695967352
2234 	0.00553855396198386
2235 	0.005375433463319
2236 	0.00525782506372137
2237 	0.00518733067254194
2238 	0.00492716818840947
2239 	0.00473912127642523
2240 	0.00463198141767329
2241 	0.00451754666375663
2242 	0.00443253049612559
2243 	0.0044072149021653
2244 	0.00448853461745316
2245 	0.00476215485804102
2246 	0.00518660278347037
2247 	0.00552260439976345
2248 	0.005416525068642
2249 	0.00544269524737437
2250 	0.00558294501409854
2251 	0.00549831771336758
2252 	0.00556696013819996
2253 	0.00578341746201797
2254 	0.00554664806673714
2255 	0.00527035349793512
2256 	0.00508401565740734
2257 	0.00501890802932982
2258 	0.00535399818173218
2259 	0.00606881888045694
2260 	0.00650588369617592
2261 	0.00646064811464963
2262 	0.00667723727683828
2263 	0.00696518073852384
2264 	0.00696464721304819
2265 	0.00720530328215663
2266 	0.0075737164222229
2267 	0.00685282963904922
2268 	0.00632199949453664
2269 	0.00603161595971751
2270 	0.00564841232708306
2271 	0.00532593421161697
2272 	0.00511144404526524
2273 	0.00511927477459073
2274 	0.00526480699605542
2275 	0.00550313825901063
2276 	0.00551852512762813
2277 	0.00542987400334384
2278 	0.00544651642385989
2279 	0.00537988729597987
2280 	0.00519959632837485
2281 	0.00512603356757405
2282 	0.00499097083963695
2283 	0.00465346857229766
2284 	0.00447307462685593
2285 	0.00433831187169475
2286 	0.00396741451081596
2287 	0.00385605215944729
2288 	0.00400856617128414
2289 	0.00427922445753626
2290 	0.00473467632853348
2291 	0.00531417400281215
2292 	0.00564304726505179
2293 	0.00615316087621889
2294 	0.00680387127532787
2295 	0.00657008110581538
2296 	0.00634678560296999
2297 	0.00619424820834231
2298 	0.00589937834023286
2299 	0.00566079499102004
2300 	0.00552118939973322
2301 	0.00533689018057197
2302 	0.00519200599621799
2303 	0.00512353690784419
2304 	0.00516607481841174
2305 	0.00529184782439227
2306 	0.00548519309612826
2307 	0.00565589871600696
2308 	0.00585183429357897
2309 	0.00610099878507549
2310 	0.00592295714053515
2311 	0.00565948875781276
2312 	0.00556473844396952
2313 	0.00554769607201477
2314 	0.00564922522699386
2315 	0.00590987225794141
2316 	0.00582994587516518
2317 	0.00562699824502643
2318 	0.00557335496657656
2319 	0.00553468727883075
2320 	0.00557724588944696
2321 	0.00577315109369407
2322 	0.00564133837325518
2323 	0.00540530987980436
2324 	0.00532626387266513
2325 	0.00525428285828491
2326 	0.00530665619796269
2327 	0.00555827345394577
2328 	0.00557859152443874
2329 	0.00552247574845231
2330 	0.00554907014725169
2331 	0.00529932140575363
2332 	0.00512894787074967
2333 	0.00519553885587465
2334 	0.00519414265085905
2335 	0.00521332654913236
2336 	0.00531419187612524
2337 	0.00518899248192343
2338 	0.00521362237187635
2339 	0.00544531488642532
2340 	0.00534008707917762
2341 	0.00529086480715295
2342 	0.00533547122741196
2343 	0.00524405976192103
2344 	0.00538885926773602
2345 	0.00569295266101819
2346 	0.00560548671231968
2347 	0.00561496901784611
2348 	0.00563685319443096
2349 	0.00553522246620009
2350 	0.00572307545612256
2351 	0.00597442873265581
2352 	0.00601947385349492
2353 	0.00628105048627368
2354 	0.00637462022403056
2355 	0.0062937118074647
2356 	0.00654777476767124
2357 	0.00640557460877475
2358 	0.00591161777046063
2359 	0.00559239647312722
2360 	0.00542423700443026
2361 	0.00531006039825804
2362 	0.00525135039632677
2363 	0.00519963654368391
2364 	0.00523791491197706
2365 	0.00536340006711751
2366 	0.00527987109512641
2367 	0.00530286061177961
2368 	0.0053051387412644
2369 	0.00491176853804126
2370 	0.00459211063513071
2371 	0.00446291855294992
2372 	0.00459303831183355
2373 	0.00482447680526535
2374 	0.00517881584694147
2375 	0.00571230993572437
2376 	0.00638089056435317
2377 	0.00602060331682826
2378 	0.00554841510229824
2379 	0.00529668034569549
2380 	0.00481385428963548
2381 	0.00459205793597333
2382 	0.00461607033828361
2383 	0.00475775505821957
2384 	0.0051455610466491
2385 	0.00546617490018629
2386 	0.00569377653507231
2387 	0.00609892094995128
2388 	0.00605255577837344
2389 	0.00594938160241181
2390 	0.0060209377561319
2391 	0.00563180443435756
2392 	0.00547554250789513
2393 	0.0055558443245585
2394 	0.00581098282930792
2395 	0.00627128241490358
2396 	0.00633848408234646
2397 	0.00608866897269101
2398 	0.0060112180824114
2399 	0.00592529344616192
2400 	0.00589819244387371
