 	sdmm20
200 	0
201 	0
202 	0
203 	0.0136722276518334
204 	0.0126849192641913
205 	0.0121614915675332
206 	0.0121619862764247
207 	0.0126863420993343
208 	0.0136744277455174
209 	0.0148785222888753
210 	0.0145924701908184
211 	0.0147194854839202
212 	0.0152492499954851
213 	0.0161421592053332
214 	0.0173422111643208
215 	0.0187906513510713
216 	0.0180664968157285
217 	0.0161470148165245
218 	0.0145168879371299
219 	0.0132830776130801
220 	0.0125628991070066
221 	0.0124458380462039
222 	0.0126433168022066
223 	0.0120337804529688
224 	0.0119690593658512
225 	0.0124576478558359
226 	0.0134393339113394
227 	0.0148164266861031
228 	0.0164901607448983
229 	0.0157384917283012
230 	0.0146864200197037
231 	0.0144137807320585
232 	0.0149632398855305
233 	0.0162516261228027
234 	0.0181220166174229
235 	0.019246699058523
236 	0.018137090942111
237 	0.0173546454210887
238 	0.0169447447368581
239 	0.0169344630076983
240 	0.017324511744265
241 	0.0180890127881957
242 	0.0178801686604355
243 	0.0175969847822182
244 	0.0173926057086678
245 	0.0172698295029311
246 	0.0172304006510294
247 	0.0172748898677024
248 	0.0168198499656139
249 	0.0158860666960776
250 	0.0152009004993706
251 	0.0147989234616704
252 	0.0147033803586137
253 	0.0149201592159343
254 	0.0153378463243986
255 	0.0142967407022762
256 	0.0134652753600601
257 	0.012884101338985
258 	0.0125879337097515
259 	0.0125968910381026
260 	0.0129103382429522
261 	0.0126942855611499
262 	0.0123535181459784
263 	0.0123641077306102
264 	0.0127251771728871
265 	0.0134084425980318
266 	0.0143680115689045
267 	0.0147035501821279
268 	0.0129690406169075
269 	0.0122185426628934
270 	0.0126287251456435
271 	0.0140986437830304
272 	0.0163448449963486
273 	0.0190953214978396
274 	0.0184372488150229
275 	0.017911222791894
276 	0.0182880263692046
277 	0.0195154339845835
278 	0.0214479058949495
279 	0.0239151295103464
280 	0.0249515039965449
281 	0.0242244364403227
282 	0.0239253286149039
283 	0.0240701399482701
284 	0.0246510483396901
285 	0.0256384280072011
286 	0.0267676805147284
287 	0.025467191374837
288 	0.0244371880218418
289 	0.0237129434236959
290 	0.0233229590473473
291 	0.0232840365302358
292 	0.0235979130659206
293 	0.0233045001278712
294 	0.0229725622700172
295 	0.0230347507127691
296 	0.0234879351084499
297 	0.0243102588021564
298 	0.0254659871692936
299 	0.0259259072099522
300 	0.0246126755580321
301 	0.023614638880135
302 	0.0229729140206845
303 	0.0227177161178822
304 	0.0228619927056226
305 	0.023398355352023
306 	0.0219355219718509
307 	0.0207390163236508
308 	0.0199753141168265
309 	0.0196948280560468
310 	0.0199179826374747
311 	0.0206284394619265
312 	0.0197703164367921
313 	0.0182725726361303
314 	0.0177161474869665
315 	0.01818764209904
316 	0.0196130630134897
317 	0.0218061374095688
318 	0.0232522031521047
319 	0.0211597168409423
320 	0.019667783093232
321 	0.0189190162658485
322 	0.0190014754896539
323 	0.0199048329496092
324 	0.0215259863507165
325 	0.0209203156278107
326 	0.0204641597969739
327 	0.0205019420078355
328 	0.0210310003484599
329 	0.0220159461502087
330 	0.0233992810528137
331 	0.0231136433322628
332 	0.0217223225352377
333 	0.0209674097813083
334 	0.0209179214533442
335 	0.0215787115300664
336 	0.0228883449171391
337 	0.0236051870293524
338 	0.0207542636872778
339 	0.0185220358170185
340 	0.017151790096322
341 	0.0168550805190949
342 	0.0176860204171985
343 	0.0195009907488175
344 	0.0176548523364411
345 	0.0159033155460362
346 	0.0149970121832816
347 	0.0150890224410872
348 	0.0161623054284718
349 	0.0180425865671257
350 	0.0176674437292237
351 	0.0158177422414217
352 	0.0149513937818227
353 	0.0152370662246544
354 	0.0166154447115383
355 	0.0188483055870327
356 	0.0198403036895213
357 	0.0160325600241283
358 	0.0135846025228489
359 	0.0132715102690683
360 	0.0152255593750065
361 	0.0187508785416413
362 	0.0231401458125612
363 	0.0204408113339249
364 	0.0179394605163627
365 	0.0164505597792003
366 	0.0162547466385
367 	0.0173957425054665
368 	0.0196419480742884
369 	0.0195574835395494
370 	0.0180689745895885
371 	0.0169919097782541
372 	0.0164075174227894
373 	0.0163686509193527
374 	0.0168790791435373
375 	0.016974380960497
376 	0.015958012053184
377 	0.015882439965075
378 	0.0167603955996278
379 	0.0184563006294599
380 	0.0207707586777938
381 	0.0233168392410895
382 	0.0215211122525657
383 	0.020113487560014
384 	0.0191796068758649
385 	0.01879023913752
386 	0.0189789273307064
387 	0.0197290929150293
388 	0.0177751927063735
389 	0.015138369020461
390 	0.0130334525102534
391 	0.011749871444439
392 	0.0115644282379672
393 	0.012525990933566
394 	0.0126587697601763
395 	0.0121860044948253
396 	0.0133304813511219
397 	0.0157433647723499
398 	0.0189460842776518
399 	0.0226053856050822
400 	0.0252310073332079
401 	0.0228866116439431
402 	0.0208725909471943
403 	0.0192926906359134
404 	0.0182599444115572
405 	0.0178694719191475
406 	0.018162744347735
407 	0.0152365149587565
408 	0.0130525278176929
409 	0.0124489774553363
410 	0.0136373406441244
411 	0.0162286334271527
412 	0.0196761655027217
413 	0.0190214221265575
414 	0.0168704828205662
415 	0.0158573985248199
416 	0.0161971044277835
417 	0.0178123693597372
418 	0.020402451300383
419 	0.0209621078736053
420 	0.018427156115206
421 	0.0169552141693
422 	0.0168275839502478
423 	0.0180727685959177
424 	0.0204414147476071
425 	0.0222336755866292
426 	0.0178150849663616
427 	0.0146341881111339
428 	0.0135898108166222
429 	0.015131019180388
430 	0.0186266962150865
431 	0.0232099368673662
432 	0.023300877175768
433 	0.0236123801281334
434 	0.0245615128379192
435 	0.0260787486255691
436 	0.0280721240072876
437 	0.0304482669802733
438 	0.031280691316934
439 	0.031691656060134
440 	0.0325466205992464
441 	0.0338119209016243
442 	0.0354436385224916
443 	0.0373938372248336
444 	0.0358384932908526
445 	0.0300861718085078
446 	0.0249700508360605
447 	0.0209612670263911
448 	0.0187827464413417
449 	0.0190723355764215
450 	0.0204386079729669
451 	0.0184782933094702
452 	0.0170501601277116
453 	0.0162947416709197
454 	0.0163058045141911
455 	0.0170818595176178
456 	0.0184943457215023
457 	0.0172127080161365
458 	0.01650774818527
459 	0.0164537570896439
460 	0.0170569174793961
461 	0.0182521967102607
462 	0.0199333608535634
463 	0.0194676027798959
464 	0.0186646168608064
465 	0.0181952264234422
466 	0.0180854246318603
467 	0.018341670619216
468 	0.0189491201792502
469 	0.0181823675613602
470 	0.0171238103962017
471 	0.017235065224297
472 	0.018495033455999
473 	0.0206949571210795
474 	0.0235731295419203
475 	0.0242671636385769
476 	0.0215028287272778
477 	0.019718954749218
478 	0.0191909309425744
479 	0.0200183816877766
480 	0.0220492290401784
481 	0.0242940687325852
482 	0.0242662881848082
483 	0.0246416529852049
484 	0.0254022978155297
485 	0.0265150855111762
486 	0.0279379694665095
487 	0.029557914925729
488 	0.0257343769561345
489 	0.022097844280941
490 	0.0187573992970645
491 	0.0159007571170312
492 	0.0138310110758622
493 	0.0129316820192477
494 	0.0124665206519931
495 	0.0123370763985726
496 	0.0126691602126632
497 	0.0134285753695731
498 	0.014548556696482
499 	0.01595334500904
500 	0.0155455603679703
501 	0.0143602763414698
502 	0.0135446236014372
503 	0.0131674721514003
504 	0.0132662737670853
505 	0.0138308321846761
506 	0.0134341902441153
507 	0.0126613070147219
508 	0.0133296590354061
509 	0.0152509282193737
510 	0.0180289128895219
511 	0.0213314902263442
512 	0.0231357924163664
513 	0.0214893944484706
514 	0.0201793521672027
515 	0.0192743723921504
516 	0.0188329393731264
517 	0.018887582610003
518 	0.0189258296201176
519 	0.0168889884959328
520 	0.0152370589064023
521 	0.0141059250640992
522 	0.0136259093570367
523 	0.0138648049316883
524 	0.0147286306852483
525 	0.013740008676363
526 	0.0135428888705099
527 	0.0141703409789527
528 	0.0155226934495579
529 	0.0174320447557499
530 	0.0197374030908918
531 	0.0186155929757311
532 	0.0171972917071245
533 	0.0160314810316321
534 	0.0151764596616281
535 	0.0146866086432598
536 	0.014598733534294
537 	0.0152517571726446
538 	0.0164175180112051
539 	0.0179091242987261
540 	0.0196525215519598
541 	0.0215867901332577
542 	0.0236651737341696
543 	0.0231850063546109
544 	0.0213582524850468
545 	0.0199979523169535
546 	0.0192034882933224
547 	0.0190458012826155
548 	0.0195403134178157
549 	0.0187485458317661
550 	0.0176602633074105
551 	0.0188365212946951
552 	0.0219156764440692
553 	0.026236080473919
554 	0.0312876919631982
555 	0.0348515462421453
556 	0.0354843143058074
557 	0.0363668226474886
558 	0.037481434852872
559 	0.0388081572510461
560 	0.0403260600759532
561 	0.0402393874503203
562 	0.0353442455030133
563 	0.0306249216187508
564 	0.0261766824542197
565 	0.0221633555816928
566 	0.0188645886027001
567 	0.0166052861414225
568 	0.0146944155499289
569 	0.0134159300483634
570 	0.0129583764401364
571 	0.0134060759008404
572 	0.0146764175583491
573 	0.0165989622322977
574 	0.0193871494585383
575 	0.022676540926084
576 	0.0262796000716
577 	0.030083835838874
578 	0.0340218298294435
579 	0.0380520769264059
580 	0.0383242999827929
581 	0.0385582382938388
582 	0.0388710411375335
583 	0.0392608235464461
584 	0.0397253196288278
585 	0.0402619435859459
586 	0.037169145423226
587 	0.0337151674483303
588 	0.0304172350608091
589 	0.0273318932662854
590 	0.024539460434049
591 	0.0221509903924958
592 	0.0196079211213344
593 	0.0173622764173042
594 	0.0157457648961444
595 	0.0149636887170845
596 	0.0151458656392535
597 	0.0162599172810383
598 	0.0171072038589776
599 	0.0181522998211713
600 	0.0196669917377537
601 	0.0215524975239101
602 	0.0237205553331606
603 	0.0261008496298303
604 	0.0263934065661122
605 	0.0258638855215579
606 	0.0256641081418535
607 	0.0258017349706873
608 	0.0262714639221869
609 	0.0270560032907354
610 	0.0270605325745632
611 	0.0269575635792116
612 	0.0275018477981606
613 	0.0286565283622572
614 	0.030352021193295
615 	0.0325038051701231
616 	0.0325912524353468
617 	0.0314535403002551
618 	0.0311956314016984
619 	0.0318389132775771
620 	0.0333312486693659
621 	0.0355659195865469
622 	0.0353239040677945
623 	0.0324525223060045
624 	0.0298789741601061
625 	0.0276864385052763
626 	0.0259715911095219
627 	0.0248335881382765
628 	0.0237742673341507
629 	0.0225792843736481
630 	0.0218876228650231
631 	0.0217473594452733
632 	0.022168962702557
633 	0.023121717671441
634 	0.0240165018069508
635 	0.0246062967722714
636 	0.025516310090646
637 	0.0267138368347565
638 	0.0281622235311964
639 	0.0298249450628703
640 	0.0313310789075742
641 	0.0328400088253197
642 	0.0348924421616197
643 	0.0373990043527543
644 	0.0402749947159917
645 	0.0434471119683397
646 	0.0444486739996878
647 	0.0419983354781677
648 	0.0398542731543481
649 	0.0380682720582974
650 	0.0366926549797935
651 	0.0357747937037554
652 	0.0330903139783846
653 	0.027646622861039
654 	0.0239140560072127
655 	0.0227509963842205
656 	0.0245257627994861
657 	0.0286983917316219
658 	0.0316573554942844
659 	0.0304895577053259
660 	0.029514613776326
661 	0.0287521485943117
662 	0.0282193904317133
663 	0.027929487446245
664 	0.0274819827424547
665 	0.0265568687239662
666 	0.025830893652453
667 	0.0253211916552847
668 	0.0250409727506731
669 	0.0249979554214581
670 	0.0252909417146524
671 	0.0260533679441424
672 	0.0271345090690118
673 	0.0284981146106929
674 	0.0301058273939878
675 	0.0319207848047864
676 	0.0329545153032556
677 	0.0327412874687619
678 	0.0327905462138437
679 	0.0331011197173576
680 	0.0336657767136595
681 	0.0344720336878407
682 	0.0324182619933853
683 	0.026580062646597
684 	0.0219857192041738
685 	0.0195335625669007
686 	0.0200265919014637
687 	0.0232784191650339
688 	0.0244468571867025
689 	0.0212532228520141
690 	0.0185645009356278
691 	0.0166274612157623
692 	0.015722429712854
693 	0.0160252202409449
694 	0.0159399960938856
695 	0.0148334674292583
696 	0.0143988318360646
697 	0.0146958253350497
698 	0.0156829374824977
699 	0.0172420444161415
700 	0.0172865592503956
701 	0.0159219772168051
702 	0.0151453677001745
703 	0.0150480411868296
704 	0.0156426820223884
705 	0.0168562164987459
706 	0.0165616042154387
707 	0.0149288781523817
708 	0.0135656175104933
709 	0.0125598750330515
710 	0.0120018686088152
711 	0.0119544613518626
712 	0.011801571514914
713 	0.0118489512043746
714 	0.0125037214356849
715 	0.0136789365637208
716 	0.0152547832486379
717 	0.0171209920590801
718 	0.0166861120514052
719 	0.0152487483323659
720 	0.0141288125561194
721 	0.0134060952935007
722 	0.0131462719438337
723 	0.0133763436429534
724 	0.0131045335589484
725 	0.0132319095109678
726 	0.014126126651417
727 	0.0156563365572509
728 	0.0176579639248851
729 	0.0199898949699037
730 	0.0192128630178789
731 	0.0183500278850611
732 	0.0183452528938358
733 	0.0191991782744102
734 	0.0208063440182053
735 	0.0230094506390908
736 	0.0208465765675704
737 	0.0185638757827907
738 	0.0169736565881239
739 	0.0162801215064757
740 	0.0165960687803177
741 	0.0178680286002075
742 	0.0171590777178962
743 	0.0167647460607471
744 	0.01678114770529
745 	0.0172071081709005
746 	0.0180135968195213
747 	0.0189160212722604
748 	0.0168047323575562
749 	0.0151619107856434
750 	0.0141516567214142
751 	0.0139124612299876
752 	0.0144825794393572
753 	0.0153321664484913
754 	0.0144944792557178
755 	0.0141772814789748
756 	0.0144149738717484
757 	0.0151815155258542
758 	0.0164029307122164
759 	0.0171552339776186
760 	0.0159230550549729
761 	0.0149294103235622
762 	0.0142243763941902
763 	0.0138520921115416
764 	0.0138394367225837
765 	0.0134168699537542
766 	0.0121058515341885
767 	0.0112240917871036
768 	0.0108764968895545
769 	0.0111133022003949
770 	0.0118996697463319
771 	0.012088371569698
772 	0.0116308442104246
773 	0.0115850688728525
774 	0.0119557759443622
775 	0.01270656562476
776 	0.013775431587517
777 	0.0140142760728674
778 	0.013810297199772
779 	0.0137946781485114
780 	0.0139680508043001
781 	0.0143235541293876
782 	0.0148481118024815
783 	0.0145273522036913
784 	0.0140154233636615
785 	0.0136283129485858
786 	0.0133768616400062
787 	0.0132687841416046
788 	0.0133075741443163
789 	0.0125533540683392
790 	0.0120734253128808
791 	0.0120229590286752
792 	0.0124071968398812
793 	0.0131881980437352
794 	0.0142058187292444
795 	0.0139086338227542
796 	0.0142393520628361
797 	0.015156927222559
798 	0.0165641172960448
799 	0.0183486174975373
800 	0.0198518848371685
801 	0.0194728227562843
802 	0.0194334993035689
803 	0.0197359453495557
804 	0.0203649394075742
805 	0.0212915605318721
806 	0.0213484860252039
807 	0.0197607644438361
808 	0.0186039700411757
809 	0.0179615568710755
810 	0.0178890268942872
811 	0.018393123042809
812 	0.0174071883331938
813 	0.0153379122212764
814 	0.014292097317489
815 	0.0144930220776159
816 	0.0158934729035739
817 	0.0182189028680574
818 	0.017183958137847
819 	0.015005157918181
820 	0.0135640722184257
821 	0.0131063454202394
822 	0.0137306762227298
823 	0.0153052145663851
824 	0.014565268111542
825 	0.0136766550447072
826 	0.0130428398741501
827 	0.0127020223379396
828 	0.0126778543801506
829 	0.0128758181474108
830 	0.0121949391957621
831 	0.0118559058852317
832 	0.0118880015174378
833 	0.0122883184018696
834 	0.0130229440435275
835 	0.0136389672348984
836 	0.0135331627246121
837 	0.0138635836414054
838 	0.014600643868983
839 	0.0156871298633852
840 	0.0170563969603128
841 	0.0172087768376271
842 	0.0161659084742336
843 	0.0157113983886216
844 	0.0158957959169494
845 	0.0166979478475429
846 	0.0180356159524387
847 	0.0175567511813187
848 	0.0162112831931275
849 	0.0150693176244957
850 	0.0141801059496467
851 	0.0135933408694694
852 	0.0133489650317573
853 	0.0136394268692234
854 	0.0144768516422368
855 	0.0157662017139043
856 	0.01740734369045
857 	0.0193107930208244
858 	0.0209649508949627
859 	0.019390204251221
860 	0.0180290925978783
861 	0.0169332112437247
862 	0.0161566212516502
863 	0.0157466339779928
864 	0.0154765439431543
865 	0.015027428651742
866 	0.0148575300989201
867 	0.0149763539853914
868 	0.0153772086559781
869 	0.0160389620207026
870 	0.015558645961236
871 	0.0147205513957797
872 	0.014730444884269
873 	0.0155867117579422
874 	0.0171631396954593
875 	0.0192839142507563
876 	0.0187583209073776
877 	0.0180956326626315
878 	0.0180191879100006
879 	0.0185362411963485
880 	0.019599878461888
881 	0.0208649153451008
882 	0.0190903370832404
883 	0.0176737725455997
884 	0.0167065403505265
885 	0.0162689807124561
886 	0.0164035351314617
887 	0.0166327137296159
888 	0.0163128454833629
889 	0.0163419665924334
890 	0.0167182534687019
891 	0.0174192223870852
892 	0.0184078190095708
893 	0.018876951844391
894 	0.0190411437610654
895 	0.019420676188862
896 	0.0200032955945932
897 	0.0207719201992902
898 	0.0217067999943718
899 	0.0187095070534235
900 	0.0157494600682702
901 	0.01396717807325
902 	0.0138258947936692
903 	0.0153709272000503
904 	0.0173037683147291
905 	0.0145056421078497
906 	0.0124193488748075
907 	0.0114411589635537
908 	0.0118487690848623
909 	0.0135173909341053
910 	0.0145448343600647
911 	0.0138294527959937
912 	0.0133065030535307
913 	0.0129992300999995
914 	0.0129230276512105
915 	0.0130819342972389
916 	0.0134241798409133
917 	0.0139731126589492
918 	0.0147232708229731
919 	0.0156457369095214
920 	0.0167120021698696
921 	0.0178695009237092
922 	0.0170597462600166
923 	0.0162995756041846
924 	0.0155962409100265
925 	0.0149577618445178
926 	0.0143927721964086
927 	0.0136638346122292
928 	0.0128525909558717
929 	0.0127540874626509
930 	0.0133840701764574
931 	0.0146488517204973
932 	0.016402235022316
933 	0.0166879169296913
934 	0.0162423995980608
935 	0.0161659787807209
936 	0.0164637950412161
937 	0.0171163248498165
938 	0.0180852137823843
939 	0.0171245790995739
940 	0.0161503404175786
941 	0.015295690330502
942 	0.0145816717349687
943 	0.0140297726033955
944 	0.0136118903103688
945 	0.0133366155891912
946 	0.0133841728520549
947 	0.0137512130556177
948 	0.0144133496480096
949 	0.0153323985618053
950 	0.015045171271758
951 	0.0145978928774615
952 	0.0150933046085073
953 	0.0164464367334258
954 	0.0184697262601807
955 	0.0209700826107929
956 	0.0191546346129397
957 	0.0179875826844776
958 	0.0179092558671555
959 	0.0189331712031607
960 	0.0208979355226725
961 	0.0220117541432948
962 	0.0197305238378222
963 	0.0176618247968958
964 	0.0158888883559858
965 	0.0145204588430628
966 	0.0136784834915477
967 	0.0131026935756759
968 	0.0129861069308081
969 	0.013528332665408
970 	0.0146564324922795
971 	0.0162488356291393
972 	0.0181630027115601
973 	0.0188520361742204
974 	0.0202020315855272
975 	0.0220921502870524
976 	0.0243971789410851
977 	0.0270111049036409
978 	0.0283054056462389
979 	0.0273031252685934
980 	0.0265495681806281
981 	0.0260663145119155
982 	0.0258685174372504
983 	0.0259627020373364
984 	0.0238840225413321
985 	0.0211811894235253
986 	0.0186941606517925
987 	0.0165206871526022
988 	0.014799566546107
989 	0.0136798540928274
990 	0.0128387452358812
991 	0.0122041768832316
992 	0.0118094906959223
993 	0.011679032088811
994 	0.0118215520766271
995 	0.0117601740821422
996 	0.0116314801665885
997 	0.0118876700299359
998 	0.012505110877836
999 	0.0134340845927347
1000 	0.0146153067389628
1001 	0.0143314150940803
1002 	0.0140394219180432
1003 	0.0138775515342391
1004 	0.0138503669618073
1005 	0.0139586551274331
1006 	0.0139804992552722
1007 	0.0136648878063794
1008 	0.0134497189276995
1009 	0.0133398538540051
1010 	0.0133378950212251
1011 	0.0134438895966584
1012 	0.0130896162044795
1013 	0.0128026776127001
1014 	0.0128213789476962
1015 	0.0131444157183822
1016 	0.0137503553927313
1017 	0.0142990360023862
1018 	0.0134388498371401
1019 	0.0127958070969678
1020 	0.0124037257930982
1021 	0.0122866548664749
1022 	0.012452353272989
1023 	0.0123586565824736
1024 	0.0120726866661614
1025 	0.0119626710640414
1026 	0.0120334367270927
1027 	0.012281859174196
1028 	0.0126939100401384
1029 	0.0130710537211029
1030 	0.013625448479743
1031 	0.0143365461248393
1032 	0.0151823440524347
1033 	0.0161416819038382
1034 	0.016204403630354
1035 	0.0152247975306243
1036 	0.0144242273853064
1037 	0.0138338109159764
1038 	0.0134811878644428
1039 	0.0133851649595833
1040 	0.0132851711297266
1041 	0.0137216672452375
1042 	0.0146866408368458
1043 	0.0160852595002559
1044 	0.0178156845040885
1045 	0.0183939065316634
1046 	0.0167029733133423
1047 	0.0153271596255219
1048 	0.0143573434706974
1049 	0.0138788971303295
1050 	0.0139424977763063
1051 	0.0132692200638593
1052 	0.0132686653933377
1053 	0.0142563958646725
1054 	0.0160509883276017
1055 	0.0184180805473322
1056 	0.019583203255521
1057 	0.0170450069871856
1058 	0.0147746672460921
1059 	0.0129142338861301
1060 	0.0116615692379705
1061 	0.0112220797052806
1062 	0.0112513530031404
1063 	0.0115058606545209
1064 	0.0120309084225037
1065 	0.0127932297958542
1066 	0.0137534265845948
1067 	0.0140869085292176
1068 	0.0123791426621094
1069 	0.0113425651282095
1070 	0.0111656985373508
1071 	0.0118869799977464
1072 	0.0133617436215172
1073 	0.0135583245260956
1074 	0.0134013050221654
1075 	0.013526678831884
1076 	0.0139268214509413
1077 	0.0145791262705791
1078 	0.0149256874895353
1079 	0.013948228703369
1080 	0.0135671085149771
1081 	0.0138317097830419
1082 	0.0147072217008139
1083 	0.0160942523082294
1084 	0.015703114623575
1085 	0.015456882939466
1086 	0.0162429088472807
1087 	0.0179259136930666
1088 	0.0202838386883492
1089 	0.0218472023114225
1090 	0.0201183548317031
1091 	0.0190762873314411
1092 	0.0188353354227738
1093 	0.0194253331385694
1094 	0.0207756073201174
1095 	0.0197182883539935
1096 	0.0184123321782979
1097 	0.0179144437206523
1098 	0.0182907312139385
1099 	0.019490629538431
1100 	0.0195779217961768
1101 	0.0159841425960953
1102 	0.0133505440483925
1103 	0.0123096570798904
1104 	0.0132425340339977
1105 	0.0158034229532511
1106 	0.0141038572353784
1107 	0.0122645517830717
1108 	0.0118061607335197
1109 	0.0128770101884753
1110 	0.0151563554598337
1111 	0.0166377243186438
1112 	0.0158621110963793
1113 	0.01544344073684
1114 	0.0154108322480788
1115 	0.0157666811597206
1116 	0.0164858519474692
1117 	0.0160903298429279
1118 	0.0162639879240778
1119 	0.0171270298472627
1120 	0.0185836556962739
1121 	0.020507769896808
1122 	0.0208203786068948
1123 	0.0194289816347106
1124 	0.0186659638168401
1125 	0.0186087828426104
1126 	0.019263725194714
1127 	0.020433523421721
1128 	0.0186637503340571
1129 	0.0172416353120125
1130 	0.0162586627533532
1131 	0.0157970236252445
1132 	0.0159021857271324
1133 	0.0157565934625034
1134 	0.0155810540264497
1135 	0.0158949191409673
1136 	0.0166705688958366
1137 	0.0178478985601663
1138 	0.0191025692883891
1139 	0.019774984233457
1140 	0.0210786103265432
1141 	0.0229059291235271
1142 	0.0251430174914399
1143 	0.027690739101488
1144 	0.0261288118185756
1145 	0.0234406476722221
1146 	0.0209777289471302
1147 	0.0188286550902759
1148 	0.0171120830257797
1149 	0.01567047660458
1150 	0.0141752689551042
1151 	0.0131634990653435
1152 	0.0127507729215119
1153 	0.0129942971070979
1154 	0.0138595219714826
1155 	0.0133000733169432
1156 	0.0136076996024498
1157 	0.0148057439562783
1158 	0.0167037015993805
1159 	0.0190939851140964
1160 	0.0194715491142459
1161 	0.0183319861687725
1162 	0.017478374612891
1163 	0.0169539615299181
1164 	0.0167896222185087
1165 	0.0166555995480749
1166 	0.0154364970496069
1167 	0.0147575670521523
1168 	0.0146938772526032
1169 	0.0152531364450045
1170 	0.0163716283058477
1171 	0.0153418381326553
1172 	0.0139135598862142
1173 	0.0127590122069602
1174 	0.0119577476415445
1175 	0.0115833137396766
1176 	0.0116066002174404
1177 	0.0118944277363881
1178 	0.0124719727075713
1179 	0.0133015504635445
1180 	0.014339485197301
1181 	0.0153910517685656
1182 	0.0145929102879634
1183 	0.0139127440790092
1184 	0.0133685723227665
1185 	0.0129775138256774
1186 	0.0127536608567044
1187 	0.0128318354896832
1188 	0.0131075540317727
1189 	0.0135175898928026
1190 	0.0140501883786932
1191 	0.0146920265312903
1192 	0.0148916333598652
1193 	0.0143660129641105
1194 	0.0141100840293867
1195 	0.0141384996593961
1196 	0.0144495824296813
1197 	0.0149392018903596
1198 	0.0126281907965533
1199 	0.0108668311028397
1200 	0.00995139183186939
1201 	0.0101142348358841
1202 	0.0113088752309719
1203 	0.0102197802475337
1204 	0.0088324421746221
1205 	0.00901959217176691
1206 	0.0106989220409697
1207 	0.0133174210885324
1208 	0.0148357713984615
1209 	0.0140545023159781
1210 	0.013840628459134
1211 	0.0142197748002309
1212 	0.015147476127273
1213 	0.0164163857541252
1214 	0.0159766441453389
1215 	0.0162157395757693
1216 	0.017105229514841
1217 	0.0185517966365914
1218 	0.0204374914081776
1219 	0.0191667742008922
1220 	0.0171891940685433
1221 	0.0159687373424547
1222 	0.015683168430734
1223 	0.0163814526788513
1224 	0.0165538385722775
1225 	0.015471894607522
1226 	0.0149547348719277
1227 	0.0150606536547112
1228 	0.0157771069274064
1229 	0.0165846832060224
1230 	0.0150171695863056
1231 	0.0138544037025628
1232 	0.0132037523361086
1233 	0.0131415031021181
1234 	0.0136756932563819
1235 	0.0132767142238574
1236 	0.0128146938265205
1237 	0.0125437775814112
1238 	0.0124764207613937
1239 	0.0126158842289284
1240 	0.0119061062693608
1241 	0.011244749649814
1242 	0.0117339509822888
1243 	0.0132468486592323
1244 	0.0154862705621636
1245 	0.0165073314788395
1246 	0.0142535537129403
1247 	0.0132957993550622
1248 	0.0139045119899796
1249 	0.0159007959868653
1250 	0.0186976971079534
1251 	0.0172476031131864
1252 	0.0168728612840496
1253 	0.0176421308640175
1254 	0.0194199334109831
1255 	0.0219627080457413
1256 	0.0204286642152422
1257 	0.0182532943401411
1258 	0.0171190961468739
1259 	0.0172328876707698
1260 	0.0185717432684765
1261 	0.0185051228698422
1262 	0.0166120115679617
1263 	0.0150496481259693
1264 	0.0139297707652405
1265 	0.0133640840652874
1266 	0.0131380826608466
1267 	0.0126129251013689
1268 	0.0124578495359153
1269 	0.0126864345796416
1270 	0.0132788817851806
1271 	0.0140942052948791
1272 	0.0128710147609997
1273 	0.0119197522547661
1274 	0.0113092458371718
1275 	0.0110958849917269
1276 	0.0113021838972442
1277 	0.0110031266648006
1278 	0.011023256093959
1279 	0.0115810232334393
1280 	0.0126052595793588
1281 	0.013993912415821
1282 	0.0139686516937073
1283 	0.0131813098639138
1284 	0.0129069910625743
1285 	0.013177772794471
1286 	0.0139619755883073
1287 	0.014035046321816
1288 	0.013034288330088
1289 	0.0131909558293855
1290 	0.0144674965186902
1291 	0.0166076516024516
1292 	0.0183637835913629
1293 	0.0160329881554764
1294 	0.0144659605056905
1295 	0.0139230190787078
1296 	0.0145195058433558
1297 	0.016129500375391
1298 	0.0147600344094538
1299 	0.0140420995933182
1300 	0.0141848823904719
1301 	0.0151640890955185
1302 	0.016834390098384
1303 	0.0156641310939507
1304 	0.0140367861486213
1305 	0.0130320261339977
1306 	0.0127973443437961
1307 	0.0133733435113137
1308 	0.0126080772814552
1309 	0.0119046898904562
1310 	0.0129852307226233
1311 	0.0154805471263337
1312 	0.018836533880217
1313 	0.0200198743840516
1314 	0.0182720724558936
1315 	0.0174139688271022
1316 	0.0175763592870309
1317 	0.0187327231939179
1318 	0.0194088925504557
1319 	0.017043356803534
1320 	0.0155264691451339
1321 	0.015115912442913
1322 	0.0158976320794519
1323 	0.0173779789785303
1324 	0.0166234657571004
1325 	0.0165972460644998
1326 	0.0173026310953691
1327 	0.0186568221160016
1328 	0.0205318407080962
1329 	0.0196277266011514
1330 	0.0192476363587326
1331 	0.0196103088890302
1332 	0.0206766965326924
1333 	0.0223462793266271
1334 	0.0192578452472403
1335 	0.0155376975023553
1336 	0.0130121819217833
1337 	0.0124320194513727
1338 	0.0140404676380766
1339 	0.0135539403909004
1340 	0.0121520987230459
1341 	0.0118479245100987
1342 	0.0127204062665902
1343 	0.0145595248736003
1344 	0.0139841524122652
1345 	0.0114677459442347
1346 	0.0101238637961244
1347 	0.010416658871844
1348 	0.0122291327865541
1349 	0.0130818658210654
1350 	0.0120466360565393
1351 	0.0120073879277887
1352 	0.0129731641117129
1353 	0.0147478238035924
1354 	0.0158158825678826
1355 	0.0148153610760737
1356 	0.0149385197482001
1357 	0.0161596870873115
1358 	0.0182598813602886
1359 	0.0196719845927073
1360 	0.0167246293853702
1361 	0.0153321288213773
1362 	0.0159081682216297
1363 	0.0182674616188204
1364 	0.0210204488608427
1365 	0.0173165062591
1366 	0.0146199624734644
1367 	0.0135464021578971
1368 	0.0144618987382488
1369 	0.0169796598290151
1370 	0.0148061217896097
1371 	0.0136540101430976
1372 	0.0137819120417391
1373 	0.0151574589580187
1374 	0.0174886929357564
1375 	0.0148430063873369
1376 	0.0129023434297223
1377 	0.0126330390249966
1378 	0.0141309753980499
1379 	0.0169334827504004
1380 	0.0147102901321673
1381 	0.0131281455125878
1382 	0.0137972478647056
1383 	0.0164450651532267
1384 	0.0203119807591706
1385 	0.0177479227244035
1386 	0.0147110562144018
1387 	0.0141295416287276
1388 	0.0162688375772631
1389 	0.0202856738457355
1390 	0.0187623561369172
1391 	0.0153983534066044
1392 	0.0129821321359458
1393 	0.0120956772976932
1394 	0.0130544341554511
1395 	0.0127081821890112
1396 	0.0119332810917168
1397 	0.0121334537908632
1398 	0.0132646298249275
1399 	0.0151192694302985
1400 	0.014487520945555
1401 	0.0131786693137857
1402 	0.0133300876118961
1403 	0.014897315050841
1404 	0.0175041025143161
1405 	0.0169499520426057
1406 	0.0150963448466374
1407 	0.0151124632217075
1408 	0.0169929875225998
1409 	0.0202243632452521
1410 	0.0204254286332885
1411 	0.0184751814103572
1412 	0.0174917098006837
1413 	0.0176374852422545
1414 	0.0188863773631642
1415 	0.0180860981492099
1416 	0.0158765596980455
1417 	0.0150918303782758
1418 	0.0159436989191964
1419 	0.0182038380849648
1420 	0.0174842172719852
1421 	0.014506441829872
1422 	0.0134009383079718
1423 	0.0145994086361675
1424 	0.0176382995081348
1425 	0.017789223081152
1426 	0.0155995217180168
1427 	0.0150205642799138
1428 	0.0162256980804965
1429 	0.018876251178878
1430 	0.0187455746920953
1431 	0.0162633555172797
1432 	0.0149966734708805
1433 	0.0152514595389836
1434 	0.0169592789148762
1435 	0.0168684728684843
1436 	0.0152285958369061
1437 	0.0145741665488987
1438 	0.0150344263345298
1439 	0.0165164483168728
1440 	0.0158052513425261
1441 	0.0138109653167027
1442 	0.0132481710722515
1443 	0.014287049777398
1444 	0.0166300940083268
1445 	0.0167774001859001
1446 	0.0153575725834382
1447 	0.0144914295541696
1448 	0.0142800784872321
1449 	0.0147516903739781
1450 	0.0143841807721585
1451 	0.0141727009239383
1452 	0.0150819717954447
1453 	0.0169323926768694
1454 	0.0194572761982434
1455 	0.0168374808228211
1456 	0.0119539226246406
1457 	0.00820146692763328
1458 	0.00752357238327496
1459 	0.0105316907968207
1460 	0.0109514869681411
1461 	0.0123425082917351
1462 	0.0157956253683599
1463 	0.0202836849795949
1464 	0.0252609540131238
1465 	0.0235895068847102
1466 	0.020741607790198
1467 	0.0189740396649426
1468 	0.0185974325517537
1469 	0.0196917557026548
1470 	0.0172477028039097
1471 	0.0148354053897998
1472 	0.013681056397648
1473 	0.0140971417400751
1474 	0.015961314367311
1475 	0.014281297401088
1476 	0.0133201867198474
1477 	0.0136668123253552
1478 	0.0152321571063645
1479 	0.0176381472509137
1480 	0.0149677498000022
1481 	0.0130939681120317
1482 	0.0123838458878988
1483 	0.0130290616793552
1484 	0.0143660933358788
1485 	0.0122371496035459
1486 	0.0112278196242502
1487 	0.0116332689739637
1488 	0.0133249717049315
1489 	0.0149046257497226
1490 	0.0130134054103249
1491 	0.011667888910286
1492 	0.0110689024969594
1493 	0.0113354149887304
1494 	0.011779658144648
1495 	0.0114701671476115
1496 	0.0118355776789663
1497 	0.0128183009719257
1498 	0.014291555437748
1499 	0.0148157440937442
1500 	0.0139071272013474
1501 	0.013449564453309
1502 	0.0134890349550696
1503 	0.0140213418437959
1504 	0.0135185137839584
1505 	0.012295124533544
1506 	0.0117597582192618
1507 	0.0120048195807971
1508 	0.0129862013949937
1509 	0.0148176733765748
1510 	0.017556380784006
1511 	0.0208302968953286
1512 	0.0244251454824413
1513 	0.0282185381532366
1514 	0.0271719428897434
1515 	0.0252624832850415
1516 	0.0237176735197585
1517 	0.0226123728695603
1518 	0.022012886465285
1519 	0.0190113683963237
1520 	0.0162443509380702
1521 	0.0140381012760364
1522 	0.0126885845708633
1523 	0.0124319982527684
1524 	0.0125284952190493
1525 	0.0128962591191572
1526 	0.0135131602891757
1527 	0.0143470971855377
1528 	0.014726755084097
1529 	0.0136291584916446
1530 	0.012747909409315
1531 	0.01213025204438
1532 	0.0118175895277596
1533 	0.0119763826586795
1534 	0.0124648224271517
1535 	0.013032228886284
1536 	0.01366877157609
1537 	0.0143652628971738
1538 	0.0146280065258844
1539 	0.0146797417037226
1540 	0.0148136152379252
1541 	0.0150274320730172
1542 	0.0153178448668077
1543 	0.0145827024933289
1544 	0.0137045882797706
1545 	0.0129572199395732
1546 	0.0123643292556568
1547 	0.0119480021930631
1548 	0.0116168999967424
1549 	0.0114581517920814
1550 	0.0114789105438467
1551 	0.0116782190373398
1552 	0.0120389512414336
1553 	0.0126580324734582
1554 	0.0136068238008163
1555 	0.0148221439250746
1556 	0.0162442813281049
1557 	0.0168102328552231
1558 	0.0163323726359848
1559 	0.0162848565871232
1560 	0.0166713647634
1561 	0.0174631023290296
1562 	0.0170967750577831
1563 	0.0163627795575799
1564 	0.0161836035280766
1565 	0.0165772471263623
1566 	0.0175051093185246
1567 	0.0154239943390297
1568 	0.0132179540697798
1569 	0.0116017846490885
1570 	0.0108425501211418
1571 	0.0109287716209022
1572 	0.0103046956375941
1573 	0.0104707559054835
1574 	0.0113924527775249
1575 	0.012908931224203
1576 	0.0131773776368795
1577 	0.0114066483668532
1578 	0.0114528448981082
1579 	0.01329704362895
1580 	0.0163414432041746
1581 	0.0157129457509613
1582 	0.012584634368727
1583 	0.0100393022189886
1584 	0.00861047993561237
1585 	0.00885614753867213
1586 	0.00873109300038486
1587 	0.0107240882630901
1588 	0.0142081045197552
1589 	0.018352778533252
1590 	0.0218016587121836
1591 	0.0193236261564228
1592 	0.0180981224069731
1593 	0.0183774547496741
1594 	0.020098978906621
1595 	0.0208560102268359
1596 	0.0200741146205899
1597 	0.021119687737769
1598 	0.0237526116375178
1599 	0.0275210124484223
1600 	0.0247351779996079
1601 	0.0192489230174668
1602 	0.0148020786959832
1603 	0.0125527096613215
1604 	0.0136355416353889
1605 	0.0107449789132976
1606 	0.0095359227160078
1607 	0.0107123528004191
1608 	0.0136717450704776
1609 	0.0156439289526601
1610 	0.0136804618567945
1611 	0.0128642581169876
1612 	0.0134065213210472
1613 	0.0151621920482773
1614 	0.0148646140969559
1615 	0.013195955247327
1616 	0.0123061203722959
1617 	0.0123644184430711
1618 	0.0133584418755789
1619 	0.0120195227391304
1620 	0.0119699311728165
1621 	0.0135460431165266
1622 	0.0162824145130559
1623 	0.0184386805925035
1624 	0.0171004899926914
1625 	0.0163708733550579
1626 	0.0163315997760164
1627 	0.0169874579764027
1628 	0.0160891026421039
1629 	0.0143325364071005
1630 	0.0136391342592038
1631 	0.0141658876978228
1632 	0.0157911612188933
1633 	0.0153011113043685
1634 	0.0160224668730222
1635 	0.0180745956330476
1636 	0.0210722256762766
1637 	0.0231189490525738
1638 	0.0214529218883825
1639 	0.0205449408265032
1640 	0.0204959999351565
1641 	0.0213120181325302
1642 	0.018584555892348
1643 	0.0152225824942657
1644 	0.0153622570934371
1645 	0.0189262118065452
1646 	0.0244608803770179
1647 	0.0211022398725492
1648 	0.0198561017703078
1649 	0.0211964544178476
1650 	0.0247058542609604
1651 	0.0260954753451228
1652 	0.022241280929355
1653 	0.0194247760872219
1654 	0.0181360381414617
1655 	0.0186937539747381
1656 	0.0152686097692369
1657 	0.0112825799241325
1658 	0.0100789543775711
1659 	0.0124898590499414
1660 	0.0162939164957021
1661 	0.0164792735771144
1662 	0.0172364721558863
1663 	0.0184954118370666
1664 	0.0201623242101588
1665 	0.0198917404593388
1666 	0.0183964711071332
1667 	0.0178373772501584
1668 	0.0183004637211286
1669 	0.0197138272521399
1670 	0.016504905624678
1671 	0.0153086424837243
1672 	0.0169164428449614
1673 	0.0206844487762327
1674 	0.0215711823131939
1675 	0.0167881632424219
1676 	0.0147992962328423
1677 	0.0166386940049
1678 	0.0213383066961283
1679 	0.0207387285054032
1680 	0.020113723814958
1681 	0.0214033095351097
1682 	0.0243046123210133
1683 	0.0268084308179527
1684 	0.025060787028168
1685 	0.0243562667389813
1686 	0.0247839870054959
1687 	0.0262887408172348
1688 	0.0238778944720175
1689 	0.0198908323822196
1690 	0.017171931355144
1691 	0.0163659367358386
1692 	0.0169468908789121
1693 	0.013380212499806
1694 	0.0118346510754148
1695 	0.0130492815538754
1696 	0.0164226805219627
1697 	0.0161316923313684
1698 	0.0137533523789919
1699 	0.013599512763623
1700 	0.015735553206532
1701 	0.0191669060775777
1702 	0.0183802780795208
1703 	0.0184539081773405
1704 	0.0193779927443036
1705 	0.0210407758797585
1706 	0.0203907431074209
1707 	0.0184023014053042
1708 	0.0183708215039917
1709 	0.0203054072018373
1710 	0.0236800043639842
1711 	0.020166620891337
1712 	0.0188846929282336
1713 	0.0202622726547296
1714 	0.0238427514477188
1715 	0.0232923487868896
1716 	0.0179618718478551
1717 	0.0139562001313103
1718 	0.0126084716555723
1719 	0.0146704787389955
1720 	0.0118930706378933
1721 	0.0109852219972252
1722 	0.0123657941848683
1723 	0.0154323821777626
1724 	0.01645958789281
1725 	0.0156583012647361
1726 	0.016110413783303
1727 	0.01772024646886
1728 	0.0200807297089177
1729 	0.0184764147138167
1730 	0.0179299455711367
1731 	0.0185351247140003
1732 	0.0201886502920778
1733 	0.0194410656305112
1734 	0.0167710300870913
1735 	0.0150769999308901
1736 	0.0147003558818031
1737 	0.0154611580426126
1738 	0.0141051964892952
1739 	0.0130575454839643
1740 	0.0123966199510657
1741 	0.0121855096092741
1742 	0.0122213634499653
1743 	0.0126186665904847
1744 	0.0134718240834646
1745 	0.0147016875704168
1746 	0.0157551500542737
1747 	0.0151216235161332
1748 	0.0150621639980276
1749 	0.0155833440843773
1750 	0.0166306639497504
1751 	0.0166719703230616
1752 	0.016449786990156
1753 	0.0164465885696256
1754 	0.016662501166516
1755 	0.0165778265765619
1756 	0.0157234154890637
1757 	0.0153686591896765
1758 	0.015547797462749
1759 	0.0162431756933315
1760 	0.0164960466824125
1761 	0.0173814372295702
1762 	0.0189259540985138
1763 	0.0209845584006196
1764 	0.0211078519073414
1765 	0.0191214898012853
1766 	0.0177795684659134
1767 	0.0172332950993879
1768 	0.0174109505518365
1769 	0.0165338746281211
1770 	0.016761915995028
1771 	0.0180532449143178
1772 	0.0202050113227962
1773 	0.0196728318478576
1774 	0.0180995201515112
1775 	0.0172561148495979
1776 	0.0172500122572923
1777 	0.0179278679733869
1778 	0.0188276244067509
1779 	0.0201845195790712
1780 	0.0219137997522082
1781 	0.0239348868313094
1782 	0.0233721226942528
1783 	0.022591055887658
1784 	0.0218991720847163
1785 	0.0213051616953591
1786 	0.0205191692390836
1787 	0.0195348964644156
1788 	0.0186103126916161
1789 	0.0177547453396273
1790 	0.016923038583401
1791 	0.0160178652244132
1792 	0.0154346285206405
1793 	0.0152104072451524
1794 	0.0153609309394684
1795 	0.0152923061710428
1796 	0.0153438258209131
1797 	0.015636565486111
1798 	0.0161574192297428
1799 	0.0157518366441524
1800 	0.0143998931863065
1801 	0.0135463149530983
1802 	0.0132874953530964
1803 	0.0134785577209545
1804 	0.012854053121856
1805 	0.0124520682907075
1806 	0.0122944494552601
1807 	0.0123905258053887
1808 	0.0113826346640252
1809 	0.0106175636268942
1810 	0.0105886711690937
1811 	0.0113016048047533
1812 	0.0119122241214249
1813 	0.0123389815616209
1814 	0.0133217528131543
1815 	0.0147498128676044
1816 	0.0161088498770141
1817 	0.015703206270378
1818 	0.0154287455091738
1819 	0.0152925323871036
1820 	0.0152982601507925
1821 	0.014338990769411
1822 	0.0134682956896679
1823 	0.0129154509144033
1824 	0.0127219615979361
1825 	0.0123710785049403
1826 	0.0123690431711271
1827 	0.0131993624009825
1828 	0.0147218680827262
1829 	0.0157241996222594
1830 	0.0144951908415259
1831 	0.0135602970586517
1832 	0.012983210316425
1833 	0.0128112998384305
1834 	0.0132449317581017
1835 	0.0145621814257096
1836 	0.0165534327360129
1837 	0.019008030926112
1838 	0.0192014479080153
1839 	0.0189811639781948
1840 	0.0192814005402297
1841 	0.0200788212861508
1842 	0.0200725197670507
1843 	0.0191616652984949
1844 	0.0187281452473868
1845 	0.0188050012492864
1846 	0.019029738214861
1847 	0.0185016293135869
1848 	0.0183751595068762
1849 	0.0186584976743422
1850 	0.0193336347575477
1851 	0.0184080280679841
1852 	0.0176565541822681
1853 	0.0171214051581646
1854 	0.0168232376297684
1855 	0.015958699618409
1856 	0.0152040724870055
1857 	0.0148885652573572
1858 	0.0150398390685543
1859 	0.0146559876658075
1860 	0.013664479110727
1861 	0.0129165290360048
1862 	0.0124560898106783
1863 	0.0120932800337524
1864 	0.0117539703280046
1865 	0.0120294272026493
1866 	0.0128802687484167
1867 	0.0140782998237642
1868 	0.0148494012044017
1869 	0.0162525526557573
1870 	0.018141686278415
1871 	0.020382116075572
1872 	0.0195967731356721
1873 	0.0186495673723345
1874 	0.0178767654900115
1875 	0.0173017531181053
1876 	0.0172883508705898
1877 	0.0177221973778197
1878 	0.018463925594525
1879 	0.0194783952421624
1880 	0.0202500321982692
1881 	0.0211076937684984
1882 	0.022475486470259
1883 	0.0242673045800559
1884 	0.025708706824264
1885 	0.0263958684443393
1886 	0.0275261933578518
1887 	0.0290479940117195
1888 	0.0301182407041087
1889 	0.0284229020102645
1890 	0.0269608503281203
1891 	0.0257718198484554
1892 	0.0248565271702035
1893 	0.0234452492303983
1894 	0.0221023615643927
1895 	0.0208410884721986
1896 	0.0196771303147612
1897 	0.0191472544367571
1898 	0.018854414097911
1899 	0.0187567829373757
1900 	0.018857393192562
1901 	0.0172328165566945
1902 	0.0154755172966481
1903 	0.0143502652896419
1904 	0.0140101891967746
1905 	0.0133044201391774
1906 	0.0122076996336291
1907 	0.0113146865964393
1908 	0.0106766194336951
1909 	0.0101265646422118
1910 	0.00977644524941509
1911 	0.00987693265330114
1912 	0.0104149921854027
1913 	0.0108333592780655
1914 	0.0107636486718803
1915 	0.0108625364652357
1916 	0.0111255278718974
1917 	0.0114079322557386
1918 	0.0116760572709248
1919 	0.0122735598986433
1920 	0.0131556374200008
1921 	0.0139745755289244
1922 	0.0139571828360866
1923 	0.0141641095984754
1924 	0.0145858117774306
1925 	0.015015436280366
1926 	0.0146002785386585
1927 	0.0146942621433282
1928 	0.0152880000746023
1929 	0.0161724363133859
1930 	0.0149779335946691
1931 	0.0140370391044105
1932 	0.0134032687232562
1933 	0.0131212016108862
1934 	0.0127023896741633
1935 	0.0130298957048618
1936 	0.0140548380667861
1937 	0.0156407025560331
1938 	0.0129913283167274
1939 	0.0111938216020301
1940 	0.0111505916517446
1941 	0.0128793155024111
1942 	0.0140659314819854
1943 	0.015695397985712
1944 	0.0177949544808668
1945 	0.0202186816977419
1946 	0.0192761236455266
1947 	0.0183624890163416
1948 	0.0182401752477026
1949 	0.0189245320516135
1950 	0.0170210998366676
1951 	0.0149079191105401
1952 	0.0135097050982471
1953 	0.0130581805223929
1954 	0.0131906017285938
1955 	0.0151111646312081
1956 	0.0184271682633465
1957 	0.0225306829688985
1958 	0.0219590408509383
1959 	0.0202373683480436
1960 	0.018780015020749
1961 	0.0176525673676284
1962 	0.0163697368993574
1963 	0.0151915672808213
1964 	0.0143038327948471
1965 	0.0137628498022703
1966 	0.0134210963627134
1967 	0.0132944524587697
1968 	0.0134233089897746
1969 	0.0138005109233923
1970 	0.0137251114320773
1971 	0.0136621292528815
1972 	0.013774078642177
1973 	0.0140567807117507
1974 	0.015229247843075
1975 	0.0174923585487932
1976 	0.0204477602869251
1977 	0.0238393554720307
1978 	0.0228786288562848
1979 	0.0217617827929652
1980 	0.0213537692157196
1981 	0.0216946183767698
1982 	0.019107916209505
1983 	0.016571909943358
1984 	0.0146880068889621
1985 	0.0137273633108384
1986 	0.012276771055732
1987 	0.0113624351136122
1988 	0.0111958651598074
1989 	0.0117900698992862
1990 	0.0115197673469482
1991 	0.0116476654663525
1992 	0.0121612072383787
1993 	0.0128809715657081
1994 	0.0123459260626378
1995 	0.0120618109441525
1996 	0.0120463939501269
1997 	0.0121972672788293
1998 	0.0120653927330796
1999 	0.0122025861841032
2000 	0.0126000616031131
2001 	0.0130573418664556
2002 	0.013077991922564
2003 	0.0131361114231741
2004 	0.0132312066117828
2005 	0.0131038534806114
2006 	0.0125944467192071
2007 	0.0122540911373416
2008 	0.0120970641214846
2009 	0.0119318376272421
2010 	0.0117549966449091
2011 	0.0118360313717362
2012 	0.0121697915633576
2013 	0.0123244412377486
2014 	0.0122976792940549
2015 	0.0123900075044293
2016 	0.0125988079453526
2017 	0.0125810517301304
2018 	0.0125058481279499
2019 	0.0125287241202474
2020 	0.012649147587169
2021 	0.0121397474182593
2022 	0.0115797717281122
2023 	0.0111506908446224
2024 	0.0108680194373495
2025 	0.0108208659832859
2026 	0.0111113793522963
2027 	0.0117148119218929
2028 	0.0124526450224116
2029 	0.0122323399462352
2030 	0.0120870830306774
2031 	0.0120195954567895
2032 	0.0119495731341167
2033 	0.011748619418821
2034 	0.0116524142658332
2035 	0.0116635499746213
2036 	0.0117010296824725
2037 	0.011749955828142
2038 	0.0119170005674461
2039 	0.0121973118888453
2040 	0.0124120830760882
2041 	0.0125984317124471
2042 	0.0128557489815418
2043 	0.0131798788718778
2044 	0.0128820938821667
2045 	0.0125733842267919
2046 	0.0124460918810578
2047 	0.0125057578491084
2048 	0.0119557234284484
2049 	0.0114981531149781
2050 	0.0111469624899129
2051 	0.0108183046352327
2052 	0.0102906533374616
2053 	0.00999189209198583
2054 	0.0099426756750352
2055 	0.0101809803403061
2056 	0.0106247016516907
2057 	0.01117634686352
2058 	0.0118208160787874
2059 	0.0122118941549832
2060 	0.012459214192635
2061 	0.0127411162335038
2062 	0.0130553603008728
2063 	0.0131029394548961
2064 	0.0131759203918216
2065 	0.0133189826987602
2066 	0.0134857564841074
2067 	0.013358477923587
2068 	0.0132613019364528
2069 	0.013194893625682
2070 	0.0132717033315874
2071 	0.013606462617707
2072 	0.0140156615818075
2073 	0.0144929963481595
2074 	0.0141115223904837
2075 	0.0132559343607669
2076 	0.012490915196778
2077 	0.0118340425977576
2078 	0.0108722410313424
2079 	0.0101972373558173
2080 	0.00993730157513187
2081 	0.00988557788831402
2082 	0.00904379082435552
2083 	0.00850064535350274
2084 	0.00831487264123239
2085 	0.00853218194616255
2086 	0.00911698099164619
2087 	0.00997973259828962
2088 	0.0110555547014341
2089 	0.0118249560467387
2090 	0.0125935374566593
2091 	0.0134839774275837
2092 	0.0143775444806607
2093 	0.0140752351986613
2094 	0.0139346909879217
2095 	0.0139607982002131
2096 	0.0137437754356047
2097 	0.0130702083811121
2098 	0.012633649969405
2099 	0.0124590391481682
2100 	0.0119935842016381
2101 	0.0115942811219653
2102 	0.01152198192483
2103 	0.0117284110942717
2104 	0.0112311323468151
2105 	0.0113337556044751
2106 	0.0120209264920436
2107 	0.0126443069191096
2108 	0.0125825371877165
2109 	0.0126062834172413
2110 	0.0127150664965337
2111 	0.0127265413324604
2112 	0.0127855004559806
2113 	0.0129572186087167
2114 	0.0131553539337939
2115 	0.0128477190755375
2116 	0.0128151999413485
2117 	0.0130598518139301
2118 	0.0132087064496675
2119 	0.0131722184210353
2120 	0.0133281756246917
2121 	0.0136699929819652
2122 	0.0129477015643361
2123 	0.0122298669820822
2124 	0.0117611323109639
2125 	0.0114019453478493
2126 	0.0107615441673462
2127 	0.0103418202031335
2128 	0.0101701324701271
2129 	0.0103017972674274
2130 	0.0107777525535142
2131 	0.0115489574463278
2132 	0.0124878741525192
2133 	0.0124303281429692
2134 	0.0125562515088808
2135 	0.0128602559650379
2136 	0.0127325608126697
2137 	0.0121222642566789
2138 	0.0117118727879679
2139 	0.0115227655242436
2140 	0.0112725278778612
2141 	0.0112071153926289
2142 	0.0113597270945773
2143 	0.0116264668099535
2144 	0.0120225207100196
2145 	0.0127543429361369
2146 	0.0137684969772359
2147 	0.0139667499845363
2148 	0.0139667196727399
2149 	0.0140304963226844
2150 	0.014026189045702
2151 	0.0137168001942096
2152 	0.013530363316437
2153 	0.0134719839246683
2154 	0.013139572268726
2155 	0.0127083712918726
2156 	0.0123357961978099
2157 	0.0120602642863312
2158 	0.0121572578316484
2159 	0.0125858632493233
2160 	0.0133140933560131
2161 	0.0131232110366248
2162 	0.0127412715080268
2163 	0.0127966101008332
2164 	0.0129927997222054
2165 	0.0120608845873693
2166 	0.0114337028380432
2167 	0.0111627378047612
2168 	0.0112019230969509
2169 	0.0112941367915808
2170 	0.011415627865251
2171 	0.0115330049526072
2172 	0.01166942886149
2173 	0.0120533890242801
2174 	0.012662387385033
2175 	0.0126618315510876
2176 	0.0124284080403304
2177 	0.0122859420840439
2178 	0.0121728292393512
2179 	0.0120021222844159
2180 	0.0120175540330088
2181 	0.012218419231187
2182 	0.0121532100021233
2183 	0.0120291243741866
2184 	0.0119594795626999
2185 	0.0119300393233737
2186 	0.011958605015346
2187 	0.0120913115686342
2188 	0.0123247954493139
2189 	0.0119616150624168
2190 	0.0116237353392724
2191 	0.0114051997126877
2192 	0.0113053992388675
2193 	0.0113509512840078
2194 	0.0115575777946047
2195 	0.0118967158479724
2196 	0.0118829520955385
2197 	0.0119425833272452
2198 	0.0120745221867116
2199 	0.0117857823733109
2200 	0.0117867627077898
2201 	0.0124680639727421
2202 	0.0131616771119183
2203 	0.0122519933102959
2204 	0.0115204197512965
2205 	0.0110025423384767
2206 	0.0108574060680277
2207 	0.0109273654539781
2208 	0.0111785944556904
2209 	0.0115790028020249
2210 	0.0122438556153738
2211 	0.0132003859377832
2212 	0.0141916878334376
2213 	0.0132076381816034
2214 	0.0123831397860729
2215 	0.0117518227283076
2216 	0.0115787790099459
2217 	0.0115610251566654
2218 	0.0115812426608976
2219 	0.0115887626444535
2220 	0.0115851655139086
2221 	0.0116739075147606
2222 	0.0118422342375647
2223 	0.0117439543600787
2224 	0.0118241248684325
2225 	0.0120791931193836
2226 	0.0119949644630046
2227 	0.0118240890426089
2228 	0.0117918201759702
2229 	0.0118071179457894
2230 	0.0119169419987733
2231 	0.01232307184658
2232 	0.0129335490632576
2233 	0.012647224978024
2234 	0.0126265795849316
2235 	0.0128728912246342
2236 	0.0125256549797619
2237 	0.0121867905085606
2238 	0.0121702537030339
2239 	0.0121757894117213
2240 	0.0120747201616824
2241 	0.0122124288619491
2242 	0.0124906472120439
2243 	0.0125256088866614
2244 	0.0127565771914465
2245 	0.0131732463255989
2246 	0.0130439089674314
2247 	0.013065862283085
2248 	0.0133294910690009
2249 	0.0130455425862251
2250 	0.0124244390358041
2251 	0.0119249886495269
2252 	0.0114718703573242
2253 	0.0110844189630897
2254 	0.0109727527216906
2255 	0.0111046051039892
2256 	0.0111540285340395
2257 	0.0113556052948299
2258 	0.0117014747676072
2259 	0.0120536997841644
2260 	0.0124895795569422
2261 	0.0130142445888436
2262 	0.0131562713750741
2263 	0.0131257491811372
2264 	0.0131625811950146
2265 	0.0130536749456564
2266 	0.0127323637130329
2267 	0.0124693740434308
2268 	0.0122242979637956
2269 	0.0118978478170728
2270 	0.011640618226566
2271 	0.0114514564956341
2272 	0.0111784919996812
2273 	0.01099564164933
2274 	0.0109074383588463
2275 	0.010798610142034
2276 	0.0107147343414878
2277 	0.0106738843050042
2278 	0.0106431397373449
2279 	0.0106941496055481
2280 	0.0108529334378404
2281 	0.0110795870897151
2282 	0.01139784821163
2283 	0.0118427564083348
2284 	0.0123258612538853
2285 	0.0128377854673237
2286 	0.0135391081251687
2287 	0.0140854687408522
2288 	0.01345373993271
2289 	0.013031633525752
2290 	0.0128235154661484
2291 	0.0125460269323761
2292 	0.0125070704330654
2293 	0.0127088396795223
2294 	0.0125148056587432
2295 	0.0124084930559969
2296 	0.0124435330442031
2297 	0.0120887832282967
2298 	0.0117307336258085
2299 	0.0115098241730839
2300 	0.0113294282863172
2301 	0.0111692649388343
2302 	0.0110631919368959
2303 	0.0108069255727621
2304 	0.010481844415567
2305 	0.010240357216646
2306 	0.0104390337558908
2307 	0.0110889536698401
2308 	0.011831096574298
2309 	0.0125984998674979
2310 	0.0135751739823941
2311 	0.0148556827485081
2312 	0.0152970177984944
2313 	0.0139126622340386
2314 	0.0126988363064743
2315 	0.0116761609289467
2316 	0.0108762492078332
2317 	0.0104559801068697
2318 	0.0104157699529451
2319 	0.0105057349402481
2320 	0.0107668674482755
2321 	0.011177947199985
2322 	0.0118716836267666
2323 	0.0129416530553897
2324 	0.0138876370767429
2325 	0.0132670629085299
2326 	0.0133711276212705
2327 	0.0139163095716596
2328 	0.0132997347594488
2329 	0.0128991071790283
2330 	0.0125883482202392
2331 	0.0117159882499288
2332 	0.0113747899863639
2333 	0.0114966737596574
2334 	0.0115379757119058
2335 	0.012275587421768
2336 	0.0133498307879593
2337 	0.0132645652266327
2338 	0.0133315062606174
2339 	0.0134095787008296
2340 	0.0129967959543869
2341 	0.0128768601025266
2342 	0.0130014378636978
2343 	0.0131435823633569
2344 	0.0135051870917686
2345 	0.0137571021862835
2346 	0.0131226571608134
2347 	0.0126324892313472
2348 	0.0122931110136444
2349 	0.0120914724012517
2350 	0.0120578556737585
2351 	0.0117440068685335
2352 	0.0108576289781725
2353 	0.0104120162741712
2354 	0.010320933126358
2355 	0.0106110883077615
2356 	0.0114740227149251
2357 	0.0118022710306463
2358 	0.0116281892419708
2359 	0.0120609693804659
2360 	0.011592373369005
2361 	0.0108028434484293
2362 	0.0109594587324092
2363 	0.011368844962341
2364 	0.0123767131754661
2365 	0.014124936912424
2366 	0.0141033717850872
2367 	0.0137805511134548
2368 	0.0137912117705127
2369 	0.013031962616043
2370 	0.0123348944408056
2371 	0.0118522990208778
2372 	0.0118960001265804
2373 	0.0120531308565841
2374 	0.0122121170079133
2375 	0.0119773583300097
2376 	0.011888769655583
2377 	0.0118536125397508
2378 	0.0118267594218773
2379 	0.0120440005882532
2380 	0.0120662634606808
2381 	0.0120333786849394
2382 	0.0124698217916564
2383 	0.0122629173372504
2384 	0.0118252191872293
2385 	0.0117546947030075
2386 	0.0113857838169232
2387 	0.0111024723023361
2388 	0.0110533449433612
2389 	0.011753278187252
2390 	0.0127346917158953
2391 	0.0135262940302879
2392 	0.013241929873343
2393 	0.013511677561189
2394 	0.0134250535848435
2395 	0.0125518345922824
2396 	0.0120853309206154
2397 	0.0117757369448349
2398 	0.0115599944396309
2399 	0.0115643492288983
2400 	0.0111095888266326
