 	sdmm10
200 	0
201 	0
202 	0
203 	0.00742787528579884
204 	0.00698296936752271
205 	0.00662424502333177
206 	0.00636628730780407
207 	0.00622164263333042
208 	0.00619824903043095
209 	0.00628839595428885
210 	0.00616936907377581
211 	0.00622191169577288
212 	0.00644182697862324
213 	0.00681292622784292
214 	0.00731222757034617
215 	0.00791550753811911
216 	0.00770438632242687
217 	0.00715276146635442
218 	0.00696745269576476
219 	0.00717689139005624
220 	0.00774913643352572
221 	0.0086121677520771
222 	0.00925415889996747
223 	0.00812896971974291
224 	0.00738017522275302
225 	0.00712740975305678
226 	0.00742152943218518
227 	0.00820392432272529
228 	0.00935284958334127
229 	0.00959222890521377
230 	0.00959401038163251
231 	0.00970424264667168
232 	0.0099193107521564
233 	0.010232606537924
234 	0.0106354528644454
235 	0.0104740495014677
236 	0.00927098574712178
237 	0.00828425425068875
238 	0.00759860436260206
239 	0.00729937915382096
240 	0.00743339167578959
241 	0.00797884174443513
242 	0.00743103069351536
243 	0.0069596557787484
244 	0.00666494108973529
245 	0.00657070092767089
246 	0.00668541856673354
247 	0.0069988264676468
248 	0.00676057778630794
249 	0.00617778113299741
250 	0.00592428736298528
251 	0.00604168975541985
252 	0.00650995259212947
253 	0.00726151387193546
254 	0.00790972273804121
255 	0.00712198342813323
256 	0.0065645680376683
257 	0.00629892296384088
258 	0.00636170408776464
259 	0.00674374515449793
260 	0.00739573457676796
261 	0.0069670925444448
262 	0.0065453824512875
263 	0.00660087291631574
264 	0.00712241911109161
265 	0.00801960246169969
266 	0.00918297512826429
267 	0.00949094005072963
268 	0.00850505802769126
269 	0.0079965264427265
270 	0.00805625299571889
271 	0.00867250503602113
272 	0.0097402170897558
273 	0.0110986921744077
274 	0.0109114272689863
275 	0.010830758554489
276 	0.0108590619042363
277 	0.0109954958400963
278 	0.0112361221448618
279 	0.0115744443362985
280 	0.0111545314928684
281 	0.0104148000422197
282 	0.00985730225728288
283 	0.00951412720334529
284 	0.0094087558087891
285 	0.00954906362296311
286 	0.00966282817417348
287 	0.00933561590650693
288 	0.00924082288644737
289 	0.0093854940263256
290 	0.00975898539051767
291 	0.0103365226658253
292 	0.0110862623559315
293 	0.0107545818161902
294 	0.0104322588285525
295 	0.0102257860463614
296 	0.0101422412730752
297 	0.0101846500966819
298 	0.0103514645783907
299 	0.00981450391079445
300 	0.00890437273857139
301 	0.00833836528530504
302 	0.00818815805332922
303 	0.00847588602405513
304 	0.00916037501364432
305 	0.00973564481931193
306 	0.0090358060952597
307 	0.00847667272790583
308 	0.00808748083660579
309 	0.00789340794780443
310 	0.0079088310628064
311 	0.00813255836321596
312 	0.00712352338028952
313 	0.00633073609665495
314 	0.00610487692178146
315 	0.00650526659433425
316 	0.00743136146512023
317 	0.00871719229544915
318 	0.00881202871154085
319 	0.00794014252004537
320 	0.00731545357184378
321 	0.00700441597726238
322 	0.00704867433641337
323 	0.00744189230751518
324 	0.00783759196303153
325 	0.00745812521504947
326 	0.0073802187816063
327 	0.00761313604252737
328 	0.00813020695531926
329 	0.00888194255032374
330 	0.00981456852820431
331 	0.00916320950463007
332 	0.00847082490585224
333 	0.00797360662430235
334 	0.00770940934613528
335 	0.00770224929401052
336 	0.00795282074244989
337 	0.00804812467618965
338 	0.00809024048751011
339 	0.00835968378089774
340 	0.00883568198364246
341 	0.00948719562063128
342 	0.0102809107962665
343 	0.0105737563761443
344 	0.00931754059789621
345 	0.00825035929412891
346 	0.00745385276004147
347 	0.00702075781179779
348 	0.0070186741150195
349 	0.00744796342708215
350 	0.00723422604202172
351 	0.00731052801524998
352 	0.00770760138232341
353 	0.00837997160187204
354 	0.00926791426373375
355 	0.0103159125298737
356 	0.00969300277756304
357 	0.00855056642982848
358 	0.00803487287740457
359 	0.00826409647216622
360 	0.00918262006763679
361 	0.0106129564482258
362 	0.0109594674202473
363 	0.00917728157647594
364 	0.00794757569947296
365 	0.00754548296865401
366 	0.0080952800030702
367 	0.0094319507416247
368 	0.0109923508117603
369 	0.00937114635969151
370 	0.00798627985259458
371 	0.00697987261605845
372 	0.00652933776520198
373 	0.00674696640209722
374 	0.00757539000139336
375 	0.00741400585716762
376 	0.00722222450923133
377 	0.00738776396595596
378 	0.00788816021103289
379 	0.00866559704558648
380 	0.00965337030996643
381 	0.0100546580365504
382 	0.0100357436508744
383 	0.0103308974144824
384 	0.0109146699684161
385 	0.0117441001366101
386 	0.0127714151090002
387 	0.0132271797165885
388 	0.0116093035041545
389 	0.0102108878711779
390 	0.0091333013228247
391 	0.00849945960981069
392 	0.0084102968398056
393 	0.00888223118805368
394 	0.00840620212646228
395 	0.00818400684071567
396 	0.00826411734195125
397 	0.00863812691553644
398 	0.00927053242651185
399 	0.0101129738468868
400 	0.00987212269955571
401 	0.00925767010493617
402 	0.0087620628221761
403 	0.00840634724353437
404 	0.00820872968303751
405 	0.00818067552165896
406 	0.00794508790911738
407 	0.007445923785084
408 	0.0071406820623502
409 	0.00705458005769827
410 	0.00719548882550674
411 	0.00755070985127388
412 	0.00782926563401747
413 	0.00739519285430313
414 	0.00723434189480998
415 	0.00736463687251498
416 	0.00777144762520788
417 	0.0084147649065811
418 	0.00924534947901084
419 	0.00839720092590469
420 	0.00763334090358975
421 	0.00703274586611962
422 	0.00663986796487952
423 	0.00649252569276769
424 	0.00660716612914103
425 	0.00653539269755296
426 	0.00652450270751852
427 	0.0067211460899837
428 	0.00710811967110069
429 	0.00765661916695435
430 	0.00833481614615197
431 	0.00906389402292067
432 	0.00987157778582513
433 	0.0107909593229817
434 	0.0117959501628603
435 	0.0128665053291448
436 	0.0139875787944494
437 	0.014742873848073
438 	0.0145879191078359
439 	0.0145428705661829
440 	0.0146087450016814
441 	0.0147840597453802
442 	0.0150649945369126
443 	0.0152632991983951
444 	0.0132268430194524
445 	0.0113764842667759
446 	0.00981801183807647
447 	0.00870955009185159
448 	0.00823487178538834
449 	0.00850081807889974
450 	0.00827512934224283
451 	0.00814053155651981
452 	0.00827299530636089
453 	0.00866027468270907
454 	0.0092704893476775
455 	0.0100631653487042
456 	0.010343021919169
457 	0.0103413045563164
458 	0.0103921429266404
459 	0.0104947732926494
460 	0.0106476981313168
461 	0.0108487907944775
462 	0.0100903466104473
463 	0.00853588948575577
464 	0.00779371781599888
465 	0.00809054874320115
466 	0.0093277132259264
467 	0.0111977588191764
468 	0.0125047712461258
469 	0.0113513346750677
470 	0.010370245545688
471 	0.00961441029056594
472 	0.00913988383831147
473 	0.00899131618314712
474 	0.00907215765371194
475 	0.00804925543598093
476 	0.00742378118420744
477 	0.00729863593322584
478 	0.00769825897966663
479 	0.00854937667714552
480 	0.00973427127395169
481 	0.00988260022980278
482 	0.00996028053420156
483 	0.010113856176038
484 	0.0103399459665347
485 	0.0106339257023841
486 	0.0109903487892097
487 	0.0100750064293879
488 	0.00880399734681468
489 	0.00781181871689855
490 	0.00721444257729647
491 	0.00711205873070414
492 	0.00752489898465866
493 	0.00752570949318421
494 	0.00701405223559867
495 	0.00666912847818883
496 	0.00651746431217314
497 	0.00657245220365204
498 	0.00682910209215746
499 	0.00702317755430134
500 	0.00696657561040851
501 	0.00704377040176002
502 	0.00725048965041379
503 	0.00757613831906992
504 	0.00800621736211783
505 	0.00826043306268988
506 	0.00770088488689905
507 	0.00726787006190101
508 	0.00698496069920229
509 	0.00687072414228959
510 	0.00693350258143734
511 	0.00711770926105714
512 	0.0067810742063844
513 	0.00652817388397785
514 	0.00636899095036369
515 	0.00631062134750486
516 	0.00635584317433644
517 	0.00650249549952474
518 	0.00618431752120902
519 	0.00594367263519265
520 	0.00583968136524413
521 	0.00587959908181311
522 	0.00606058290432299
523 	0.00637062145944358
524 	0.00622570439133332
525 	0.00616369174665603
526 	0.00635681684005618
527 	0.00678332280957833
528 	0.00740298182832882
529 	0.00817197253867666
530 	0.00843150295016739
531 	0.00844410100613949
532 	0.0085311360570664
533 	0.00869037190605552
534 	0.00891794180997095
535 	0.00920878109228277
536 	0.00922831209586132
537 	0.00904341074102112
538 	0.00896206207969687
539 	0.00898707854684676
540 	0.00911758466324139
541 	0.00934916384351481
542 	0.00916135367688207
543 	0.00834112223451639
544 	0.00766809883800268
545 	0.00718377756947022
546 	0.00692784824212252
547 	0.00692567708488836
548 	0.00716488159220821
549 	0.00785935074958794
550 	0.00904641818762615
551 	0.0105612684698126
552 	0.0122832212063116
553 	0.0141367986673288
554 	0.0156430921095143
555 	0.015311265929923
556 	0.015034984424113
557 	0.0148173549433173
558 	0.0146609896332277
559 	0.0145678613791249
560 	0.0144198637939612
561 	0.0130234107021066
562 	0.0117191858908859
563 	0.0105414774450537
564 	0.00953726966453459
565 	0.00876639126057976
566 	0.0082941579417761
567 	0.00743466393821393
568 	0.00670181157520878
569 	0.00615198646086499
570 	0.00583714013446398
571 	0.00579569503974409
572 	0.00603328812072641
573 	0.00674438732891478
574 	0.00804230252219475
575 	0.00969459983798675
576 	0.0115501804714474
577 	0.0135256363462661
578 	0.0155754221440058
579 	0.0156637886638167
580 	0.0153480308229354
581 	0.0150921682706268
582 	0.0148992870368394
583 	0.0147718544344785
584 	0.0147115713229686
585 	0.0136764851236657
586 	0.0124628611990454
587 	0.0115225513640474
588 	0.0109263483080654
589 	0.0107317566829869
590 	0.0109601885201906
591 	0.0105779540309382
592 	0.00983645831132161
593 	0.00921692276534297
594 	0.00874530565140118
595 	0.0084464210842678
596 	0.00833886322296391
597 	0.00791682807777583
598 	0.00770766081999115
599 	0.00817028125482366
600 	0.00920394199317599
601 	0.010643551691447
602 	0.0123479321737361
603 	0.0128379362264078
604 	0.0122499398707788
605 	0.0117504071657792
606 	0.0113510233778725
607 	0.0110626405676012
608 	0.0108940773987694
609 	0.0109350056148546
610 	0.0113231149719161
611 	0.011989279453581
612 	0.0128904621811397
613 	0.0139812915336614
614 	0.0152210484176869
615 	0.015802418114624
616 	0.0155739816492604
617 	0.0155332793060179
618 	0.0156817729556066
619 	0.0160142004330154
620 	0.016519461354159
621 	0.0165891547590867
622 	0.0158777479063972
623 	0.0152449510930138
624 	0.0147009190654453
625 	0.0142558178018755
626 	0.0139191412566607
627 	0.013202112693143
628 	0.0117473903823573
629 	0.01042901878712
630 	0.00930513491370503
631 	0.00845366722174189
632 	0.00796249295530014
633 	0.00797906070473152
634 	0.00841380739842082
635 	0.00900360454983818
636 	0.00972026900791476
637 	0.0105379485207893
638 	0.0114349938002431
639 	0.012208215973132
640 	0.0126777797077365
641 	0.0132411291715656
642 	0.0138868552058126
643 	0.0146040349090672
644 	0.0153826774682508
645 	0.0156755109682402
646 	0.0148183595389991
647 	0.0140362419142219
648 	0.0133423598758975
649 	0.01275112620035
650 	0.0122773793633833
651 	0.0114990058965993
652 	0.00987617805100086
653 	0.00852764454703796
654 	0.00760083038139181
655 	0.00725910433822657
656 	0.00758199455554663
657 	0.00802408203231331
658 	0.00762920341438642
659 	0.00739649091310218
660 	0.00734138214029529
661 	0.00746781001665255
662 	0.00776691457224241
663 	0.00789558771877357
664 	0.00736761770532675
665 	0.00691205458322547
666 	0.00654403767973413
667 	0.00627897940980216
668 	0.00613024945547135
669 	0.00624221520751963
670 	0.00680046653074939
671 	0.007490764939803
672 	0.00828015058677118
673 	0.0091429944823629
674 	0.0100604136335499
675 	0.0104882729069625
676 	0.00992306458120593
677 	0.00947297005688163
678 	0.00915498343080431
679 	0.00898314479689377
680 	0.0089658612620066
681 	0.00847276902515023
682 	0.00733035734912412
683 	0.00708123826341806
684 	0.00781135099620159
685 	0.00929268238957667
686 	0.0112318369008085
687 	0.0117371735351778
688 	0.00974306453750941
689 	0.00809027525017789
690 	0.00702402902325873
691 	0.00682499793918601
692 	0.00756197018471893
693 	0.00817513172603908
694 	0.00783454108692456
695 	0.0075384502838014
696 	0.00729228185508486
697 	0.00710122946824509
698 	0.00696982701373306
699 	0.00663862536550656
700 	0.0062725691875184
701 	0.0062913513283136
702 	0.00669173211625743
703 	0.00741212896208903
704 	0.00837031855074445
705 	0.00852309775533441
706 	0.00786401145708956
707 	0.00732361188710724
708 	0.00692972149326467
709 	0.00670819818587252
710 	0.00667622197452764
711 	0.00628911543847388
712 	0.00564834038435322
713 	0.00520553589214667
714 	0.00501343569612553
715 	0.00510044603557287
716 	0.00545322297107344
717 	0.0055041223318986
718 	0.00546446917340949
719 	0.0056440578272242
720 	0.00602330962795617
721 	0.00656772667661182
722 	0.00724014593985495
723 	0.00715561205074928
724 	0.00693566954994482
725 	0.00698921798965883
726 	0.00731024977847168
727 	0.00786608309491167
728 	0.00861137052995636
729 	0.0083453540321142
730 	0.00781576657468839
731 	0.0073589987934867
732 	0.00698934204334656
733 	0.00672118471841654
734 	0.00656697256756043
735 	0.00618204941643182
736 	0.00589094097978852
737 	0.00577544971231008
738 	0.00584599317852985
739 	0.00609611648669352
740 	0.00650513791607678
741 	0.00629477259769379
742 	0.00619442613898702
743 	0.00625403636099328
744 	0.0064691830161511
745 	0.0068251732188173
746 	0.0072493097952483
747 	0.00668132123442842
748 	0.00643847401284889
749 	0.00655699435999465
750 	0.00701859926952935
751 	0.00776232114910476
752 	0.00838159595200734
753 	0.00716278871139463
754 	0.00617838683677662
755 	0.00555445011184928
756 	0.00541700088098441
757 	0.0058007250756733
758 	0.00619948226132908
759 	0.00561613805153878
760 	0.00528541307490142
761 	0.0052552197464735
762 	0.00553048246069911
763 	0.00606978552878642
764 	0.00640822956841607
765 	0.00616138191125173
766 	0.0060084208102073
767 	0.00595658349477436
768 	0.00600848782551473
769 	0.00616151261379487
770 	0.00617826593758134
771 	0.00608932567302986
772 	0.00615786318748061
773 	0.00637880440568627
774 	0.00673717203157541
775 	0.00721251017655066
776 	0.0071891743543231
777 	0.00689986195124739
778 	0.00673333566192351
779 	0.00669875887507794
780 	0.00679814525714072
781 	0.00702581202056954
782 	0.00678893249933251
783 	0.00660824466320346
784 	0.00671677443465277
785 	0.00710127371055625
786 	0.00772062083303239
787 	0.00852377568989554
788 	0.0078626702008157
789 	0.00709593726038295
790 	0.0064508819338852
791 	0.00596709636688576
792 	0.00568589567118634
793 	0.00564195270570373
794 	0.0059916776259984
795 	0.00661952676569349
796 	0.00745556381616615
797 	0.00843813323072526
798 	0.00952198069780467
799 	0.0103312174768097
800 	0.00977448984674066
801 	0.0093552125133676
802 	0.00909242007233713
803 	0.00899983091889753
804 	0.00908265173619381
805 	0.00903063040403988
806 	0.00852056126117604
807 	0.00809705749948599
808 	0.00777427895871733
809 	0.00756512945952491
810 	0.00747914777125259
811 	0.00703697762326031
812 	0.00634662986008747
813 	0.00594225612393003
814 	0.00588312381771422
815 	0.00617915241901922
816 	0.00678400649551047
817 	0.00650435417873996
818 	0.00594093142246013
819 	0.00564780468562658
820 	0.00566707314972431
821 	0.00599572573742296
822 	0.00658761905920455
823 	0.00648271133799793
824 	0.00640940794671483
825 	0.00650079265593543
826 	0.00675018007729908
827 	0.00714103549836546
828 	0.00759196508442288
829 	0.00726178408874783
830 	0.00708189535112235
831 	0.00706379039051044
832 	0.00720868829275126
833 	0.00750715648079835
834 	0.00765550528681713
835 	0.00711033295052293
836 	0.0067381299175544
837 	0.00656836673398597
838 	0.00661664378413769
839 	0.00687837153895778
840 	0.00687623447599079
841 	0.00651874502577909
842 	0.00637709373997459
843 	0.00646548251414499
844 	0.00677491368417299
845 	0.00727724525011095
846 	0.00720405052737469
847 	0.00709365968671649
848 	0.00736612677190678
849 	0.00798234248873931
850 	0.00887095889485123
851 	0.00995932648022061
852 	0.0091822935143342
853 	0.00828856284670707
854 	0.00761506126896927
855 	0.00722365325734929
856 	0.00716074708536644
857 	0.00735109305682083
858 	0.0069954601114215
859 	0.0067803800087031
860 	0.00671936319942846
861 	0.00681654812942209
862 	0.00706540960221724
863 	0.00722009263221881
864 	0.00698673484346649
865 	0.00682528455424752
866 	0.00674091047548055
867 	0.00673650934452627
868 	0.00681223616573799
869 	0.00674635318600262
870 	0.00662630207853666
871 	0.00664057853630468
872 	0.00678833510462772
873 	0.00706119747802674
874 	0.00744542358027674
875 	0.00750142753506269
876 	0.00758471134247171
877 	0.00780014105049287
878 	0.00813722789656845
879 	0.0085816477699765
880 	0.00905578979098284
881 	0.0084162318497434
882 	0.00783037081488777
883 	0.00731112675232086
884 	0.00687361334511931
885 	0.00653426852736764
886 	0.00627782336304658
887 	0.00616056725629294
888 	0.00630718981906532
889 	0.00670039026183184
890 	0.00730043475833446
891 	0.00806126524890864
892 	0.00852099274622925
893 	0.00881827818761027
894 	0.00927641040465554
895 	0.00987302369012893
896 	0.0105847272314793
897 	0.0113899671348305
898 	0.0105299921295591
899 	0.00945308458203667
900 	0.00855545325344103
901 	0.0078984587748878
902 	0.00754522498375642
903 	0.00740260629600673
904 	0.00646299786268735
905 	0.00586780516817671
906 	0.00572546664730646
907 	0.00606793489469962
908 	0.00682258998931968
909 	0.00735846604496357
910 	0.00720988397359835
911 	0.00712220801160944
912 	0.0070976955893115
913 	0.00713699755264391
914 	0.00723907460414473
915 	0.00711183310635962
916 	0.00701410810724671
917 	0.00710750770908328
918 	0.00738478368107797
919 	0.00782641712950797
920 	0.00840654453630617
921 	0.0081583772416068
922 	0.00794115101327182
923 	0.00778182632800955
924 	0.00768400572406809
925 	0.00765004890966156
926 	0.00759562138921698
927 	0.00736799430214819
928 	0.00717994943669439
929 	0.00703466174875025
930 	0.00693481910751923
931 	0.00688239960461028
932 	0.00665866519204675
933 	0.00636220623068136
934 	0.0061663242335133
935 	0.00608074678251389
936 	0.00611011037236151
937 	0.00625279589791426
938 	0.00622085367265303
939 	0.00622587130186911
940 	0.00629531213685833
941 	0.00642708835443204
942 	0.0066174770806583
943 	0.00669307133166129
944 	0.00632410967947257
945 	0.00614984206997535
946 	0.00618674280972034
947 	0.00643117800732974
948 	0.00686100206898706
949 	0.00695177445699018
950 	0.0068317848696336
951 	0.00691005027771138
952 	0.00718009046652579
953 	0.00762154822237193
954 	0.00820680750571365
955 	0.00770314111030627
956 	0.00755967350203036
957 	0.00796436733653695
958 	0.0088422753749971
959 	0.010070388456522
960 	0.010856826652621
961 	0.00965188392811691
962 	0.00866736012048211
963 	0.00798520439650154
964 	0.00768634742574088
965 	0.00781488796746193
966 	0.00743032712963504
967 	0.00658827384348808
968 	0.00592516270377937
969 	0.00550602976216049
970 	0.00538811509374162
971 	0.00559051112431464
972 	0.00558486258127068
973 	0.0056980609804478
974 	0.00594638032941033
975 	0.00631389818630033
976 	0.00678126188786476
977 	0.00712560550474485
978 	0.00707614927476395
979 	0.00707492799094517
980 	0.00712196646750049
981 	0.00721632104469916
982 	0.00735617123542943
983 	0.00713450607042812
984 	0.00678933094922718
985 	0.00652100992446759
986 	0.00633930942292516
987 	0.00625178656960416
988 	0.00625871972492502
989 	0.00628367402503574
990 	0.00635777469742941
991 	0.0064793357797123
992 	0.00664575340964951
993 	0.00685376085153967
994 	0.00687674322322736
995 	0.00668377021354531
996 	0.00656286952635288
997 	0.00651805291598423
998 	0.00655088211269243
999 	0.00666020903098395
1000 	0.00652020707392933
1001 	0.00635754048838356
1002 	0.00623289590342338
1003 	0.00614858610831343
1004 	0.00610628204611735
1005 	0.00606743806248779
1006 	0.00599775600145246
1007 	0.0060542447478475
1008 	0.00623347510492868
1009 	0.00652534093390827
1010 	0.00691559590539807
1011 	0.00683530442713113
1012 	0.00650195007600916
1013 	0.00621589993213438
1014 	0.0059839416890321
1015 	0.005812554800189
1016 	0.00569745993636351
1017 	0.00548012993153223
1018 	0.00529417610899491
1019 	0.00514300296968592
1020 	0.00502974757675896
1021 	0.00495700959169901
1022 	0.00495283135796774
1023 	0.00503653133965853
1024 	0.00518286720166885
1025 	0.00538673666933749
1026 	0.00564190628062127
1027 	0.00594177044606409
1028 	0.00604951123761277
1029 	0.006274154913094
1030 	0.00662892536368351
1031 	0.00709432738357613
1032 	0.00765019663261777
1033 	0.0080570683909182
1034 	0.00808772513506565
1035 	0.00815241709293771
1036 	0.00825034368050712
1037 	0.00838033991125391
1038 	0.00854094157585903
1039 	0.00802083271283659
1040 	0.00744259999499559
1041 	0.00704405697364408
1042 	0.00685660916886883
1043 	0.00689748842880691
1044 	0.00694872150004779
1045 	0.00645872398354744
1046 	0.00610187459491652
1047 	0.00590237280375755
1048 	0.00587626658032107
1049 	0.0060258100034329
1050 	0.00590864552757833
1051 	0.00566239183219379
1052 	0.00546590669425772
1053 	0.00532470244780691
1054 	0.00524324725369149
1055 	0.00524346685577519
1056 	0.0054694000735841
1057 	0.00584464682941457
1058 	0.00634276145338959
1059 	0.00693732773097675
1060 	0.00760575940572066
1061 	0.00777281565406888
1062 	0.00776965235582781
1063 	0.0079527480357969
1064 	0.0083097998750566
1065 	0.00881970609818028
1066 	0.00936807500280105
1067 	0.00923308017949293
1068 	0.00917070247633482
1069 	0.00918242191274346
1070 	0.00926795740298141
1071 	0.00942529949810582
1072 	0.0089311902898802
1073 	0.00811917471375537
1074 	0.00758021207519863
1075 	0.00737441599121976
1076 	0.00752915575295109
1077 	0.00793917187083738
1078 	0.00762041678284712
1079 	0.00747752483906516
1080 	0.007520527063864
1081 	0.00774632821036659
1082 	0.00813972960190124
1083 	0.0084699471744369
1084 	0.00891395154297935
1085 	0.00961921803973628
1086 	0.0105333981171303
1087 	0.0116072344985578
1088 	0.0125807697412287
1089 	0.0113250409677766
1090 	0.0102124571448877
1091 	0.00929456568780183
1092 	0.00863368774556419
1093 	0.00829150886300522
1094 	0.00809979767412263
1095 	0.00803830843344813
1096 	0.00822407169125894
1097 	0.00864115620139414
1098 	0.00925835181946661
1099 	0.00984481195745451
1100 	0.00915161537792099
1101 	0.00862700452756106
1102 	0.00830299655287875
1103 	0.00820339551290026
1104 	0.0083362488968616
1105 	0.00809607575433706
1106 	0.00772692714880583
1107 	0.0075714921560834
1108 	0.00764282104592302
1109 	0.00793480077721343
1110 	0.0082716438414226
1111 	0.00811279487857827
1112 	0.0081522442203137
1113 	0.0083871942326741
1114 	0.00880200343948901
1115 	0.00937282231689911
1116 	0.00931668459821103
1117 	0.00909780249598292
1118 	0.00901023548995655
1119 	0.00905779288172461
1120 	0.00923838812602926
1121 	0.00948522688789562
1122 	0.00968473518125229
1123 	0.00998200427635712
1124 	0.0103686291592253
1125 	0.0108350486540652
1126 	0.0113714482567737
1127 	0.0109750541799072
1128 	0.0105197933687381
1129 	0.0102326044460503
1130 	0.0101277953147289
1131 	0.0102109835512597
1132 	0.0100128880720459
1133 	0.0093049659056005
1134 	0.0088436718157266
1135 	0.00866846869885262
1136 	0.00879646779682158
1137 	0.0092150431109611
1138 	0.0089714542649424
1139 	0.00914099344132327
1140 	0.00973372191718387
1141 	0.0106794070728765
1142 	0.0118941557201734
1143 	0.0118648474439835
1144 	0.0107956298749513
1145 	0.00991518192474929
1146 	0.00927740424261032
1147 	0.00893441744249328
1148 	0.00885699504505823
1149 	0.00858388896782176
1150 	0.00845071728930114
1151 	0.00846408765925717
1152 	0.00862331846863961
1153 	0.00892060240273421
1154 	0.00858141939567297
1155 	0.00807010795624482
1156 	0.0076939939324011
1157 	0.00747351720835439
1158 	0.00742255972833352
1159 	0.00746252659917226
1160 	0.0074657834246879
1161 	0.00758204898652981
1162 	0.00780627550837998
1163 	0.00812953464720648
1164 	0.00854058871719802
1165 	0.00826849968823124
1166 	0.00809904309857373
1167 	0.00809836514662
1168 	0.00826650735804331
1169 	0.00859356600430457
1170 	0.0086102840770746
1171 	0.00831092358631686
1172 	0.00804555381233337
1173 	0.00781763696756165
1174 	0.00763052984306474
1175 	0.00742778243641122
1176 	0.00700811727330285
1177 	0.00668628898966831
1178 	0.00647689818768525
1179 	0.00639100592686381
1180 	0.00643356047022668
1181 	0.00636549678844447
1182 	0.00630063202498281
1183 	0.00629210729679746
1184 	0.00634014986606905
1185 	0.00644349456301855
1186 	0.00650071177454395
1187 	0.00645019810026843
1188 	0.00640503657447262
1189 	0.00636534111721996
1190 	0.00633121454283643
1191 	0.00629787454776114
1192 	0.00624530114453756
1193 	0.00625121078803798
1194 	0.00631543930466427
1195 	0.00643624100459344
1196 	0.00661051513056412
1197 	0.00641914555297705
1198 	0.006214274432919
1199 	0.00617000197298747
1200 	0.00628972038229206
1201 	0.00656446350815387
1202 	0.00669952316257931
1203 	0.00663710932265655
1204 	0.00684378319021564
1205 	0.00729671536975971
1206 	0.00795394748905995
1207 	0.00867045111542037
1208 	0.0080406820812176
1209 	0.00755954481992713
1210 	0.00725666391702926
1211 	0.00715471371138604
1212 	0.00726216146515831
1213 	0.00719651896376864
1214 	0.00714648232787408
1215 	0.00724013092608255
1216 	0.00747206421870714
1217 	0.00783000340023015
1218 	0.00792380673802316
1219 	0.00764407078045724
1220 	0.00754074433013044
1221 	0.00762100610738531
1222 	0.0078792477563451
1223 	0.00817073848678332
1224 	0.00756395819635002
1225 	0.00713314139179822
1226 	0.00691127303592946
1227 	0.00691848467379036
1228 	0.00715408357012305
1229 	0.00645292092531
1230 	0.00562663181048398
1231 	0.00501283684390353
1232 	0.00469561833487803
1233 	0.00473496362187594
1234 	0.00486373004023729
1235 	0.00508677575578057
1236 	0.0056185481284333
1237 	0.00638233941044189
1238 	0.00730573797951117
1239 	0.00792771032389079
1240 	0.00722405002935131
1241 	0.00666570132086492
1242 	0.0062914717512482
1243 	0.00613514685397926
1244 	0.00621319599468688
1245 	0.00593122962097455
1246 	0.00574546663505061
1247 	0.00570241886057515
1248 	0.00580526199560503
1249 	0.00604655644007385
1250 	0.00581858143543792
1251 	0.00567975462011652
1252 	0.00599965496609529
1253 	0.0067130195458671
1254 	0.00771141541338167
1255 	0.00811952701098402
1256 	0.00755251316130331
1257 	0.00722168484482647
1258 	0.00715985682266822
1259 	0.00737379876461225
1260 	0.00765556218785761
1261 	0.0070445720590234
1262 	0.00666378719840001
1263 	0.00655345904118695
1264 	0.00672690807367238
1265 	0.00716355081694342
1266 	0.00649840430270357
1267 	0.00614512701335743
1268 	0.00635290385629619
1269 	0.00707245803611019
1270 	0.00816966411830284
1271 	0.00790123231154509
1272 	0.00711150079144538
1273 	0.00681309487737433
1274 	0.00706851660146118
1275 	0.00782371004816847
1276 	0.00798900603893763
1277 	0.00700570980874818
1278 	0.00626845152628807
1279 	0.00587066958100013
1280 	0.00588164945401896
1281 	0.00605067132678339
1282 	0.00551934029740279
1283 	0.00545907642279259
1284 	0.00588437063064739
1285 	0.00670343376974377
1286 	0.00779308251909581
1287 	0.00765091094117854
1288 	0.00763113795544572
1289 	0.00778486491348322
1290 	0.00810222215865863
1291 	0.0085650401666469
1292 	0.00780740873462805
1293 	0.00688076399515774
1294 	0.00636476918935206
1295 	0.00636016919425457
1296 	0.00686799164199533
1297 	0.00672228647886331
1298 	0.00605625391838415
1299 	0.00585156766042163
1300 	0.00615443199536361
1301 	0.00689831710108576
1302 	0.00733057208864464
1303 	0.0067759649441475
1304 	0.00640049781880793
1305 	0.00623660976489341
1306 	0.00630083232734469
1307 	0.00644594291028464
1308 	0.00608846518793841
1309 	0.00601429575698801
1310 	0.00623355559259779
1311 	0.00671757351766151
1312 	0.00741468066541401
1313 	0.00662982678325976
1314 	0.00603968969841381
1315 	0.00575353073024279
1316 	0.00581639027302974
1317 	0.00621769181337951
1318 	0.00616627223987899
1319 	0.00628027078525832
1320 	0.00673027349082567
1321 	0.00745568599873458
1322 	0.00838533353465547
1323 	0.00813804486076594
1324 	0.00725546736119022
1325 	0.00653616672191113
1326 	0.0060387730970624
1327 	0.00582045719276887
1328 	0.00562560776619768
1329 	0.00550420393523969
1330 	0.00580921628645269
1331 	0.00648071457829621
1332 	0.00741985604364192
1333 	0.00787341670203066
1334 	0.00722059505419646
1335 	0.00696929361238119
1336 	0.00716190422447048
1337 	0.00776546514585049
1338 	0.00838574011890047
1339 	0.00797042637328398
1340 	0.00800534630761548
1341 	0.00848494290731957
1342 	0.0093409719236705
1343 	0.0103765011754522
1344 	0.00938008430380046
1345 	0.00859490963394382
1346 	0.00808277470006003
1347 	0.00789698089495059
1348 	0.0080601273454898
1349 	0.00772485700493006
1350 	0.0075194636486672
1351 	0.00752970818964939
1352 	0.00775473605737511
1353 	0.00817683381624387
1354 	0.00768933596273876
1355 	0.00724230115234801
1356 	0.00718659263597782
1357 	0.00753089973047284
1358 	0.00822514055114787
1359 	0.00792518849950491
1360 	0.00731982912281299
1361 	0.00706953676224513
1362 	0.00721137765543777
1363 	0.00772377830838098
1364 	0.00741354041902375
1365 	0.00663639730177068
1366 	0.00635339410341563
1367 	0.00662813126028752
1368 	0.00739873578780873
1369 	0.00731773363576862
1370 	0.00638228718231198
1371 	0.00615126603212678
1372 	0.00669796072887397
1373 	0.00786176837995928
1374 	0.0084767057963866
1375 	0.00792961316313343
1376 	0.00774769780313146
1377 	0.0079560486520396
1378 	0.00852610295691169
1379 	0.00885661204200937
1380 	0.00821789150118406
1381 	0.00784263293206225
1382 	0.00776910732376428
1383 	0.00800563255642765
1384 	0.00814429830478952
1385 	0.00724157283369244
1386 	0.00657128519762026
1387 	0.00620917313382143
1388 	0.00620938826919306
1389 	0.00632565124977851
1390 	0.00543567353288284
1391 	0.00472165606934368
1392 	0.00427274286344092
1393 	0.00417533631888844
1394 	0.00435926123789531
1395 	0.00407229811420198
1396 	0.00406291497174214
1397 	0.0043329155253982
1398 	0.00483572627211508
1399 	0.00544923712209244
1400 	0.00537123108671485
1401 	0.00566999438448383
1402 	0.00629208423436533
1403 	0.00715364148274875
1404 	0.00814231860642084
1405 	0.00709275623212791
1406 	0.00649720850929669
1407 	0.0064820471012737
1408 	0.0070510169194202
1409 	0.00808167268192262
1410 	0.00757369279147343
1411 	0.00739160674977824
1412 	0.00759998631875629
1413 	0.00816900530085291
1414 	0.00903074841990451
1415 	0.00847678630810525
1416 	0.0081810364467126
1417 	0.00826333126261022
1418 	0.00871296532489685
1419 	0.00947780148210071
1420 	0.00877756529256004
1421 	0.00829450555413344
1422 	0.0082120916430595
1423 	0.00854192793018804
1424 	0.00923997149449645
1425 	0.00855558685047759
1426 	0.00813287056231483
1427 	0.00818004833577417
1428 	0.00868946994544368
1429 	0.00958773565837464
1430 	0.00929549595926016
1431 	0.00914915672273872
1432 	0.00929245199500486
1433 	0.00971257077993906
1434 	0.0103759418832607
1435 	0.0094884027017405
1436 	0.00866724782678128
1437 	0.00812273630497368
1438 	0.00791219099859676
1439 	0.00806182044238506
1440 	0.00793699145971903
1441 	0.00823585023723549
1442 	0.00895870858269185
1443 	0.0100141661884517
1444 	0.0113094838109954
1445 	0.0103283319961197
1446 	0.00948684528383251
1447 	0.0089740090750616
1448 	0.00884716102158247
1449 	0.00912241696190963
1450 	0.009256292522617
1451 	0.00986392627502952
1452 	0.0108741605898212
1453 	0.0121872856775519
1454 	0.0136290261048689
1455 	0.0108636798345309
1456 	0.00809839475273582
1457 	0.00533326603865182
1458 	0.00256879869800804
1459 	0
1460 	0.00156691520029865
1461 	0.00313383040059736
1462 	0.00470074560089603
1463 	0.00626766080119472
1464 	0.00758185957079464
1465 	0.00717267993610594
1466 	0.00719829639215341
1467 	0.00765434484470527
1468 	0.00847159427870274
1469 	0.00924922185417876
1470 	0.00882098858072357
1471 	0.00869028295475732
1472 	0.00887026717665751
1473 	0.00934300301808159
1474 	0.00969164716136312
1475 	0.0091564568303735
1476 	0.00898522833436364
1477 	0.00919830986120989
1478 	0.00977059005040294
1479 	0.00998889155762963
1480 	0.00902098582711856
1481 	0.008289008421058
1482 	0.00785915901887563
1483 	0.00778166723343301
1484 	0.0073115544557472
1485 	0.0059738496623657
1486 	0.00497802477695235
1487 	0.00455416087040971
1488 	0.00485446510435547
1489 	0.0050177326087492
1490 	0.00473557012448303
1491 	0.00474799649758612
1492 	0.00505283876098244
1493 	0.00560256644887731
1494 	0.005809458960845
1495 	0.0059881842258993
1496 	0.00650809305680702
1497 	0.00729661484223978
1498 	0.00827733586869057
1499 	0.00804847187891659
1500 	0.00746047011470378
1501 	0.00714573913567572
1502 	0.00714050558251507
1503 	0.00744542214174537
1504 	0.00673349948072704
1505 	0.00613678274487532
1506 	0.00606772100744321
1507 	0.00654304382959916
1508 	0.00745940047547144
1509 	0.00869882465779211
1510 	0.0105797591680466
1511 	0.0128328211547205
1512 	0.0152944282218243
1513 	0.0175527869004638
1514 	0.0159294732898354
1515 	0.0143958660748762
1516 	0.0129837918281089
1517 	0.0117371968485355
1518 	0.0105173783632352
1519 	0.00892256438059249
1520 	0.00788220251846907
1521 	0.00762667239918398
1522 	0.00822941074152712
1523 	0.00876614493092949
1524 	0.00826737028577636
1525 	0.00795752068065359
1526 	0.00785897377351111
1527 	0.00797956211901728
1528 	0.00791927172838932
1529 	0.00758751026078273
1530 	0.00731369893072907
1531 	0.00710454115222505
1532 	0.00696586324588837
1533 	0.00689404349202518
1534 	0.0069774472021097
1535 	0.00722880547599125
1536 	0.00763154067829113
1537 	0.00816327893694085
1538 	0.00776482978488198
1539 	0.00728476280330817
1540 	0.00691158297177894
1541 	0.00666327335580322
1542 	0.00654152926110384
1543 	0.00625712695976237
1544 	0.00613102748950822
1545 	0.00617293981287999
1546 	0.00637955338245438
1547 	0.00655837750193366
1548 	0.00633532211063991
1549 	0.00636426108282923
1550 	0.00664190139285618
1551 	0.00713928646235697
1552 	0.00736835389365013
1553 	0.0072829419157422
1554 	0.00754130294426848
1555 	0.00811065105583656
1556 	0.00893171172312482
1557 	0.00880039918975494
1558 	0.00831297377103021
1559 	0.00822122772842763
1560 	0.00853792616702279
1561 	0.00922108055113022
1562 	0.00865529861854423
1563 	0.0080455406601476
1564 	0.00772523549238587
1565 	0.00773044700339919
1566 	0.00798970712088759
1567 	0.00750831850922884
1568 	0.00724428643416407
1569 	0.00722149134113706
1570 	0.00744215026626982
1571 	0.00765690074235048
1572 	0.007628772211065
1573 	0.00794740204619117
1574 	0.00857421894312629
1575 	0.00944808229488416
1576 	0.00877784328745516
1577 	0.00712351349933627
1578 	0.00649784641747546
1579 	0.00717518106034538
1580 	0.00886160764907517
1581 	0.00887482538047355
1582 	0.00873822226248744
1583 	0.00910169757323538
1584 	0.00991038025264018
1585 	0.0109731229418015
1586 	0.00976913064898934
1587 	0.00884358762090865
1588 	0.00829028420567647
1589 	0.00818506104092225
1590 	0.00834252846515191
1591 	0.00838913466581319
1592 	0.0087453592427317
1593 	0.00937597806747235
1594 	0.0102303738813896
1595 	0.0104313030390464
1596 	0.0102333309230198
1597 	0.0102906166912475
1598 	0.0105990222856104
1599 	0.011137706512298
1600 	0.0105052907178653
1601 	0.010089046128212
1602 	0.0102063358225616
1603 	0.0108398547270714
1604 	0.0115847751944525
1605 	0.0106951098296847
1606 	0.0102958796492997
1607 	0.0104434815438885
1608 	0.0111161540688786
1609 	0.0116894510290417
1610 	0.0119105815733361
1611 	0.0124543145485144
1612 	0.0132810864666675
1613 	0.0143420317249814
1614 	0.0136862541393273
1615 	0.0125920749456229
1616 	0.0118077093322374
1617 	0.0113973021843557
1618 	0.0113580127573105
1619 	0.0108918221780845
1620 	0.0107903898016077
1621 	0.0110637524796113
1622 	0.0116856369504367
1623 	0.0120551786817179
1624 	0.011775994326099
1625 	0.0118014276871661
1626 	0.0121295627418893
1627 	0.0127370260630325
1628 	0.0126982062425687
1629 	0.0126538745792315
1630 	0.0130103571405837
1631 	0.0137364840827142
1632 	0.0147037051650577
1633 	0.0141666564266537
1634 	0.0140213141962681
1635 	0.0142796441839357
1636 	0.0149206941192046
1637 	0.0152845021871452
1638 	0.0149017447675288
1639 	0.0147321125132369
1640 	0.0147829439918831
1641 	0.0150520058135123
1642 	0.0142495288214937
1643 	0.013222400800299
1644 	0.0124775266778977
1645 	0.0120672879660793
1646 	0.0119143760821465
1647 	0.0113335155939981
1648 	0.0115060319056185
1649 	0.012400521799826
1650 	0.0138780793989639
1651 	0.0142151745962779
1652 	0.0132514425759303
1653 	0.0128410074067556
1654 	0.0130362345573476
1655 	0.0138114644764658
1656 	0.0128917596186331
1657 	0.0120522518819966
1658 	0.0117618985466876
1659 	0.0120604275235608
1660 	0.0123731216735598
1661 	0.0113494896329068
1662 	0.0106305690266932
1663 	0.0102804858182972
1664 	0.010336783223722
1665 	0.010022574133007
1666 	0.00974858642609082
1667 	0.0100050653922102
1668 	0.0107541238991347
1669 	0.0117728488599842
1670 	0.0101968569589717
1671 	0.00917875750545134
1672 	0.00891184957158054
1673 	0.0094599319326057
1674 	0.00929677598989583
1675 	0.00796387835392092
1676 	0.00730617640925472
1677 	0.0075033732192663
1678 	0.00849614890814707
1679 	0.00783037547652089
1680 	0.00721637791919826
1681 	0.00704707920362511
1682 	0.00735325949438202
1683 	0.00769982889134987
1684 	0.00772511529902411
1685 	0.00835130023135846
1686 	0.00945979875416389
1687 	0.0109045007739096
1688 	0.0106798237364186
1689 	0.0102553116500517
1690 	0.0103629713942541
1691 	0.010987170348925
1692 	0.0116173323029126
1693 	0.01082948578904
1694 	0.0104652529971037
1695 	0.0105685232341799
1696 	0.0111262865156826
1697 	0.0102474849723206
1698 	0.00874758662391648
1699 	0.00779707897102892
1700 	0.0076048309955286
1701 	0.00797206059095832
1702 	0.00683775775613391
1703 	0.00602936911736978
1704 	0.00568760340843838
1705 	0.00589419654118622
1706 	0.0056269154188412
1707 	0.00520493405931487
1708 	0.00543141830422075
1709 	0.00623611063336899
1710 	0.00722049835956378
1711 	0.00641238849443121
1712 	0.0076619751482941
1713 	0.0102419240120766
1714 	0.013404930402346
1715 	0.0133974990735918
1716 	0.0109364275233745
1717 	0.00896235002445745
1718 	0.00785161094218901
1719 	0.00784512968596761
1720 	0.00652141959606033
1721 	0.00584200280461495
1722 	0.00602879004887364
1723 	0.00701290607385315
1724 	0.00713173068609457
1725 	0.00707657610585607
1726 	0.0080495813652954
1727 	0.00974756764031913
1728 	0.0115489838388194
1729 	0.00996648122289484
1730 	0.00876392169980485
1731 	0.00811207461080679
1732 	0.00814426428594216
1733 	0.00788378399849425
1734 	0.00735273284996883
1735 	0.00718027240802349
1736 	0.00739154548157232
1737 	0.00770295829069786
1738 	0.00678958656273352
1739 	0.00643105885973948
1740 	0.00671681944985698
1741 	0.00757429350411519
1742 	0.00772139745997124
1743 	0.00778169226849111
1744 	0.00829526814999373
1745 	0.00918641366863416
1746 	0.00977952951313704
1747 	0.00865109932133134
1748 	0.00786568794698056
1749 	0.00753138630887604
1750 	0.00770712125441724
1751 	0.00776426924579454
1752 	0.0078102005130637
1753 	0.00796998393180957
1754 	0.00823699656296621
1755 	0.00823153289720892
1756 	0.00763225385309176
1757 	0.00712898091352612
1758 	0.00674324430819393
1759 	0.00649601598533629
1760 	0.00637457256152519
1761 	0.00697417635547991
1762 	0.0081556667852664
1763 	0.00970888613420909
1764 	0.00982911952147451
1765 	0.00873108211044663
1766 	0.00816775200145025
1767 	0.00824940751696336
1768 	0.00887885026297738
1769 	0.00948375858773122
1770 	0.0106902502417568
1771 	0.0123228771735915
1772 	0.014235772959783
1773 	0.0129867105390792
1774 	0.0106225467476267
1775 	0.00873680207692293
1776 	0.00768988192388283
1777 	0.00754920082700484
1778 	0.0075225810089664
1779 	0.00791097219444161
1780 	0.00865870667021061
1781 	0.00968289137887161
1782 	0.0097277524294593
1783 	0.009826215159864
1784 	0.010049641353973
1785 	0.0103899724857904
1786 	0.0101169364243001
1787 	0.00937362300675742
1788 	0.00871591304548656
1789 	0.0081645207112446
1790 	0.0076553143718924
1791 	0.00702043572375633
1792 	0.00669565410806324
1793 	0.00672604168012603
1794 	0.00710704411097184
1795 	0.0072134232258336
1796 	0.00754526744961578
1797 	0.00816851822246382
1798 	0.00902299073636186
1799 	0.00932745553389597
1800 	0.00901449403195547
1801 	0.00878020085283719
1802 	0.00863098487015315
1803 	0.00857478814558781
1804 	0.00862604735524198
1805 	0.00876516340430355
1806 	0.00898805770617371
1807 	0.00928870111753932
1808 	0.00820204962945853
1809 	0.00706249460004387
1810 	0.00628435278233101
1811 	0.00600969199506338
1812 	0.00603484749531621
1813 	0.00613290580891612
1814 	0.0064658592049499
1815 	0.00700027064357652
1816 	0.00756337720327988
1817 	0.00772464411393949
1818 	0.00794446548726473
1819 	0.00821814396886882
1820 	0.00854050361109716
1821 	0.00807478475445512
1822 	0.00765643726772902
1823 	0.00739628314200586
1824 	0.00731122882126743
1825 	0.00715667143701256
1826 	0.00714092060464119
1827 	0.00744663720325225
1828 	0.00803722101989023
1829 	0.00836992125714239
1830 	0.00785101216267415
1831 	0.00744569382613759
1832 	0.00717324721260479
1833 	0.007006360244356
1834 	0.00656821662487743
1835 	0.00689973302125889
1836 	0.00790465826419423
1837 	0.00936874533533963
1838 	0.00931732818693053
1839 	0.00892701692953273
1840 	0.00868075028290372
1841 	0.00859092469905755
1842 	0.00793777035491005
1843 	0.00705240937634382
1844 	0.00679679350539246
1845 	0.00723795344261743
1846 	0.00812139961940281
1847 	0.00929980471108748
1848 	0.011030616037517
1849 	0.0130966216745511
1850 	0.0151930859603517
1851 	0.0136905586262134
1852 	0.0122552399986957
1853 	0.0109136793420995
1854 	0.00970483712214711
1855 	0.00885501139827627
1856 	0.00817889587623435
1857 	0.00766011263845564
1858 	0.00733213410285412
1859 	0.00684323759388897
1860 	0.00627104784699615
1861 	0.00590550139634866
1862 	0.00578589817533094
1863 	0.00588354734145222
1864 	0.00612976587284091
1865 	0.00655918553151048
1866 	0.00713882237220562
1867 	0.00766490987284592
1868 	0.00751852616348231
1869 	0.00754132840535528
1870 	0.00773181988267975
1871 	0.00807814640950004
1872 	0.00765848801180833
1873 	0.00729397161029287
1874 	0.00701481975063125
1875 	0.00683150506647515
1876 	0.00670314201982905
1877 	0.00665424477119262
1878 	0.00669760299041037
1879 	0.00683146030981861
1880 	0.00704370127337586
1881 	0.00758498982364242
1882 	0.00844917995804857
1883 	0.0095490021282199
1884 	0.0103882406171672
1885 	0.010826193196879
1886 	0.0113698733503653
1887 	0.0120049250610636
1888 	0.0121238670515714
1889 	0.010886030047694
1890 	0.00981992802881153
1891 	0.00898688829124998
1892 	0.00840353290782992
1893 	0.00767981734641891
1894 	0.00704151663479162
1895 	0.00651378933218223
1896 	0.00612528197819241
1897 	0.00611605161091391
1898 	0.00618318083257875
1899 	0.00632347499213882
1900 	0.00653222164434659
1901 	0.00661369777233809
1902 	0.00695556355165567
1903 	0.0075632592070349
1904 	0.00837914522841453
1905 	0.00853023684099239
1906 	0.00848969345445157
1907 	0.00853713234439756
1908 	0.00867110960079664
1909 	0.00834291405202546
1910 	0.00775536823834449
1911 	0.00723991051839812
1912 	0.00681292288858107
1913 	0.00645849895174879
1914 	0.00622575152406773
1915 	0.00617143045272768
1916 	0.0063001527037056
1917 	0.00643652984689541
1918 	0.00650970125424292
1919 	0.00673471348206316
1920 	0.00709713901991148
1921 	0.00720930732820407
1922 	0.00677922171425639
1923 	0.00658800022162497
1924 	0.00665626109462009
1925 	0.00676207882121613
1926 	0.006463877416946
1927 	0.00636059506673664
1928 	0.00646158533251785
1929 	0.00664937872895485
1930 	0.0065147695093524
1931 	0.00647917480751836
1932 	0.00654421047646362
1933 	0.00657684915833657
1934 	0.00612029169571889
1935 	0.0062894358069016
1936 	0.00703932112045357
1937 	0.00802493400119745
1938 	0.00725960064160967
1939 	0.00688428239307767
1940 	0.00696234109330432
1941 	0.0074552660749435
1942 	0.00779021682038961
1943 	0.00850843440003994
1944 	0.00952359836099301
1945 	0.0107372347132386
1946 	0.0104782597907142
1947 	0.0103482703190265
1948 	0.0103521263684818
1949 	0.0104896803336333
1950 	0.00933441340872595
1951 	0.00839283740982253
1952 	0.00777117652982873
1953 	0.00754888523526063
1954 	0.00698946458744982
1955 	0.00781555220769989
1956 	0.00970584362209061
1957 	0.0121743273955812
1958 	0.0111776041400178
1959 	0.0101393636145821
1960 	0.00921374701905808
1961 	0.00843789980850787
1962 	0.00769435601259439
1963 	0.00706529451018872
1964 	0.00658772391541539
1965 	0.00629621108752292
1966 	0.00618600429352854
1967 	0.00618629234613877
1968 	0.00629669701648613
1969 	0.00650834377356621
1970 	0.00640750303841636
1971 	0.00639788811924849
1972 	0.00647990511290377
1973 	0.00663946841284714
1974 	0.00673440021933758
1975 	0.007107015080472
1976 	0.00771719456309883
1977 	0.0084169031254698
1978 	0.00812587897349249
1979 	0.00791388288061971
1980 	0.00778737168064414
1981 	0.00769915060878202
1982 	0.00735388272946287
1983 	0.00709459004381589
1984 	0.00693092852149453
1985 	0.00680373544599585
1986 	0.00648083793406591
1987 	0.00623501139464656
1988 	0.00607561818338962
1989 	0.00599783749027685
1990 	0.00596334682567689
1991 	0.00599467258926435
1992 	0.006090799358645
1993 	0.00611816740405719
1994 	0.00597406699502843
1995 	0.00592953845789089
1996 	0.00598680398640418
1997 	0.00602889035462552
1998 	0.0059661556972864
1999 	0.00593422251989481
2000 	0.00593358814227845
2001 	0.00588742896860035
2002 	0.00584266529263684
2003 	0.0058832501752921
2004 	0.00600745408390182
2005 	0.00596455502793939
2006 	0.00589397660001431
2007 	0.00595342643508171
2008 	0.00613912820769837
2009 	0.00613463164047917
2010 	0.00610665284892206
2011 	0.0061570327108699
2012 	0.00628388683227111
2013 	0.00612569367465629
2014 	0.0059387251357495
2015 	0.00577568985576576
2016 	0.00563877156331112
2017 	0.005603692673922
2018 	0.00567371402378686
2019 	0.00584505966291636
2020 	0.00605916598302797
2021 	0.00603197276310227
2022 	0.00602654571393684
2023 	0.00604294347913101
2024 	0.00600157330299218
2025 	0.0058126590657793
2026 	0.00567517012449088
2027 	0.00559290029340512
2028 	0.0055835957802101
2029 	0.00569570577930691
2030 	0.00592164149988098
2031 	0.00624906897248122
2032 	0.00632755712549593
2033 	0.00631935211065519
2034 	0.00642521015833035
2035 	0.00663967790011098
2036 	0.00661015851253448
2037 	0.00661775289896074
2038 	0.00674229937881828
2039 	0.00697496315077554
2040 	0.0066582906956207
2041 	0.00642862168117129
2042 	0.00629548537853802
2043 	0.00623067062344798
2044 	0.00612892359853223
2045 	0.00612227722640249
2046 	0.00621103681350717
2047 	0.00623500261294883
2048 	0.00608928373677388
2049 	0.00598323100542914
2050 	0.0059189769467069
2051 	0.00579661305731772
2052 	0.00569559278606063
2053 	0.00568698520126969
2054 	0.00577120381036487
2055 	0.00560351981635431
2056 	0.00546022399169515
2057 	0.00540219472688206
2058 	0.00544031395222162
2059 	0.00561037325142038
2060 	0.00580847745849898
2061 	0.00603186397356983
2062 	0.00617053684957103
2063 	0.00614938303080951
2064 	0.00618481128557481
2065 	0.00627586344239666
2066 	0.00623843270532186
2067 	0.00616230718072503
2068 	0.006178189712263
2069 	0.00628538285326524
2070 	0.00600486182211903
2071 	0.00573048158709874
2072 	0.00554568783221389
2073 	0.00545108895541712
2074 	0.0053821575144408
2075 	0.00537235714551516
2076 	0.00542200849925739
2077 	0.00549321440514216
2078 	0.00561166003478253
2079 	0.00583567803717452
2080 	0.00615374958245932
2081 	0.00621852921041214
2082 	0.00621126306928411
2083 	0.00625760665106848
2084 	0.00634652544516432
2085 	0.00615776292380882
2086 	0.00610621886779587
2087 	0.00619531913083525
2088 	0.00624895476353938
2089 	0.00604931860056849
2090 	0.00590790437050426
2091 	0.00582895112316783
2092 	0.00589624527672971
2093 	0.00610385518261057
2094 	0.00640756471096782
2095 	0.00679449929488789
2096 	0.0069389220007038
2097 	0.0071006943682334
2098 	0.00728001804802638
2099 	0.00738244864749138
2100 	0.00739297662498146
2101 	0.00753124674025977
2102 	0.00779046021030215
2103 	0.0075099413239711
2104 	0.0070526199242015
2105 	0.00673508211822577
2106 	0.00656065425155473
2107 	0.0061972349754719
2108 	0.00593165369789942
2109 	0.00577741871082737
2110 	0.0055892807944416
2111 	0.00538346065018508
2112 	0.00541722469987311
2113 	0.00568630674775696
2114 	0.00563961078324428
2115 	0.00552592695050997
2116 	0.00546249252534991
2117 	0.00541905885604217
2118 	0.00528697604625142
2119 	0.00519722645454595
2120 	0.00515202292345804
2121 	0.0052132633440331
2122 	0.00537895923729413
2123 	0.0056063843309755
2124 	0.00588774917656689
2125 	0.00590824383974488
2126 	0.00599655944017528
2127 	0.00614977478572831
2128 	0.00617185604940437
2129 	0.00600815404216641
2130 	0.00593529199439912
2131 	0.00595660434204778
2132 	0.00585675667322518
2133 	0.00577528821787295
2134 	0.00574923037246313
2135 	0.00573066272965755
2136 	0.00564376793551494
2137 	0.00560733634456673
2138 	0.00562234901393922
2139 	0.00567629890757019
2140 	0.00575012153958969
2141 	0.00584343486022016
2142 	0.00593910824558221
2143 	0.00600669433583883
2144 	0.00612570964982579
2145 	0.00629323703367785
2146 	0.00624468187761943
2147 	0.00613828054980755
2148 	0.00611658495482061
2149 	0.00614695375405304
2150 	0.00607803372252736
2151 	0.0061313045889133
2152 	0.00630366929208815
2153 	0.00626433400409221
2154 	0.00612381256060128
2155 	0.00607402861754915
2156 	0.00606763168552235
2157 	0.00581471513263153
2158 	0.00567761853349174
2159 	0.00566475724861525
2160 	0.0057337845649553
2161 	0.0059031089218759
2162 	0.00618868783221312
2163 	0.00650425193537691
2164 	0.00646211816418531
2165 	0.00644315654375839
2166 	0.00644757151781217
2167 	0.00641480854263686
2168 	0.00637858756624335
2169 	0.00636905041234739
2170 	0.00635204052281547
2171 	0.00624558977058096
2172 	0.00618863515307371
2173 	0.00618254472122217
2174 	0.00599384432226832
2175 	0.00586187976246099
2176 	0.00588164540905616
2177 	0.00588263804427489
2178 	0.00565952265909732
2179 	0.00559908632622482
2180 	0.00570650008665515
2181 	0.00572050505902348
2182 	0.00583238121281781
2183 	0.00606896932930627
2184 	0.00623188985405269
2185 	0.00623687477065509
2186 	0.00629246670917387
2187 	0.00639469872272664
2188 	0.00650312994566397
2189 	0.00670440092190624
2190 	0.00699049709597528
2191 	0.00685553258270431
2192 	0.00656815503802939
2193 	0.00644728895721572
2194 	0.00643869137307944
2195 	0.00635156492667972
2196 	0.00636028896455237
2197 	0.00646447543750487
2198 	0.00640906030717046
2199 	0.00637321768291182
2200 	0.00639899753336395
2201 	0.00629957616562485
2202 	0.0060941056859012
2203 	0.0060076449501594
2204 	0.00597583623256359
2205 	0.00552461540132157
2206 	0.00523397864634066
2207 	0.00513128542296287
2208 	0.0049063455058972
2209 	0.00473898403077112
2210 	0.00474138938140808
2211 	0.00495039731343647
2212 	0.00530801097908162
2213 	0.00572239460120234
2214 	0.0061469230078373
2215 	0.00618690929316285
2216 	0.00627374316155482
2217 	0.00640551968463705
2218 	0.00639454012998773
2219 	0.00636796006858236
2220 	0.00638865048331323
2221 	0.00638888718637021
2222 	0.00635615871002019
2223 	0.00638159612582559
2224 	0.00641895648178869
2225 	0.00621228208444679
2226 	0.00607935409797346
2227 	0.00602505559895687
2228 	0.00601796311386948
2229 	0.00609602053255624
2230 	0.0062635099538445
2231 	0.0063348642412199
2232 	0.0064184330985078
2233 	0.00667879579520266
2234 	0.00686562229829713
2235 	0.0065292443059044
2236 	0.00626794991360136
2237 	0.00609127752003515
2238 	0.00603251476565744
2239 	0.00616305197934958
2240 	0.00647144402223759
2241 	0.00643400547843011
2242 	0.00629404195135986
2243 	0.00621021675406869
2244 	0.00607808695747042
2245 	0.00590916753146932
2246 	0.00581582260456284
2247 	0.00578481092876261
2248 	0.00575802602840092
2249 	0.00576433854377705
2250 	0.00578922941424227
2251 	0.0055375956201041
2252 	0.00534577020934303
2253 	0.00522035045266483
2254 	0.00517767822256387
2255 	0.00517500719169812
2256 	0.0052066746304188
2257 	0.00531951167074099
2258 	0.00554994852245818
2259 	0.00587128548772508
2260 	0.00605260908983389
2261 	0.00607280038432071
2262 	0.00624472215865984
2263 	0.00642203171467077
2264 	0.00632638605164585
2265 	0.00639373723265427
2266 	0.00658520800746497
2267 	0.00641947369547567
2268 	0.00634240202495233
2269 	0.00635721851592555
2270 	0.00630544419855917
2271 	0.00630157560691459
2272 	0.00636153036822665
2273 	0.00636988838543752
2274 	0.00644646868773892
2275 	0.0066324676519431
2276 	0.00659212515055198
2277 	0.00642642744073463
2278 	0.00635493785062508
2279 	0.00616914034487722
2280 	0.00590359851736142
2281 	0.00584063345804629
2282 	0.00583908739238912
2283 	0.00568270996072695
2284 	0.00562005401867934
2285 	0.00562800312849094
2286 	0.00563944487037188
2287 	0.00573864945524883
2288 	0.00588119720018575
2289 	0.00582043370477664
2290 	0.00583579406559788
2291 	0.00591853796313802
2292 	0.0058113390567852
2293 	0.0057459561248683
2294 	0.00572382233206878
2295 	0.00557043754280527
2296 	0.00544902262333824
2297 	0.00537187291318268
2298 	0.00546929567983316
2299 	0.00568052145390124
2300 	0.00598029858057264
2301 	0.0061171243598851
2302 	0.00625587534994069
2303 	0.00644702197425588
2304 	0.00650818027187005
2305 	0.00657118350099991
2306 	0.00669256951385584
2307 	0.00665025188682736
2308 	0.00659289388185356
2309 	0.00661196127728094
2310 	0.00656473688051293
2311 	0.00651611132101404
2312 	0.00653084697014812
2313 	0.0062835306952924
2314 	0.00595840817335193
2315 	0.00574042141835131
2316 	0.00567140556119859
2317 	0.00572600386594584
2318 	0.00588199828089112
2319 	0.00591477044637068
2320 	0.00588003334319322
2321 	0.00588788420319424
2322 	0.00589285102690567
2323 	0.00591963798473688
2324 	0.00599196425987678
2325 	0.00580906328310095
2326 	0.00555080094192722
2327 	0.00537366962291575
2328 	0.00545955384571752
2329 	0.00572966016033199
2330 	0.00610083749765011
2331 	0.006205224521017
2332 	0.00627741882594687
2333 	0.00643539836272261
2334 	0.00630103340800214
2335 	0.00610921436903179
2336 	0.00595386983452435
2337 	0.00556322508943215
2338 	0.00532625482088553
2339 	0.00532769945391054
2340 	0.00523521434712075
2341 	0.00525700801235051
2342 	0.00541218385139019
2343 	0.00550092951651209
2344 	0.0057136292210948
2345 	0.00598472718016968
2346 	0.00588441277260794
2347 	0.00588788644915301
2348 	0.00597579637398447
2349 	0.00608019233389806
2350 	0.00626714363974777
2351 	0.0064320775442453
2352 	0.00645562484091685
2353 	0.00654880146314854
2354 	0.00659163102008223
2355 	0.00654441191354316
2356 	0.00655648491552277
2357 	0.0065669933677992
2358 	0.00657881207623242
2359 	0.00663398278304869
2360 	0.00623151389253014
2361 	0.005824961257924
2362 	0.00568049031695428
2363 	0.00563988234101546
2364 	0.00572415485779042
2365 	0.00592762544753769
2366 	0.0057903298828672
2367 	0.005820105503167
2368 	0.00595236410434206
2369 	0.00597239959956373
2370 	0.00608893480452626
2371 	0.00620824192528769
2372 	0.00632699147789423
2373 	0.0065924258258339
2374 	0.00645985417008695
2375 	0.00602941106487592
2376 	0.00566111648534465
2377 	0.00551318986084564
2378 	0.00544864299453927
2379 	0.00543034279228889
2380 	0.00561790298894983
2381 	0.00590758358076973
2382 	0.00615851589715311
2383 	0.00608541117969431
2384 	0.00607604032524553
2385 	0.00602553322396979
2386 	0.00593124653979862
2387 	0.00591073573316655
2388 	0.00572008098202976
2389 	0.0055844334896561
2390 	0.00561435324171676
2391 	0.00561571499540611
2392 	0.00576157256396034
2393 	0.00594889253047158
2394 	0.00609306693024774
2395 	0.00649920826772357
2396 	0.00660677067653401
2397 	0.00647728237128195
2398 	0.0065570058466692
2399 	0.00660879037583963
2400 	0.00673442538753805
