resultName	chilca0-22
resultName	chilca0-22
ID	RS20191213122907_P19331194
Command	SCANANDSEARCH
User	Admin
Application	_Analyze
SerialNumber	P19331194
Power	280
Integration	900
Averages	3
AutoExposure	Off
AutoCollect	Off
QuickCollect	Off
AutoBackground	On
BaselineCorrection	On
Algorithm	Wavelet
Searched Library	All,None,None,None
MixtureComponents	2
matchThreshold	0.75
displayMatches	1
Threshold	0.80
WL Start	
WL End	
ServerVersion	3.180316
FirmwareVersion	
date	2019-12-13
time	12:29:07
scanindex	0
specpath	RS20191213122907_P19331194.xml
Search Range	200 - 2500
Synced	false
lastCalDateTime	2019-12-13 10:05:29
lastCalUser	Admin
lastCalResult	PASS
lastVerifyDateTime	2019-10-16 15:05:37
lastVerifyUser	Admin
lastVerifyResult	PASS
selectedMaterial	
result	No Match
ValidationGUID	
ValidationMatchQuality	
topMatch	
topMatchGUID	
topMatchQuality	
secondMatch	
secondMatchGUID	
secondMatchQuality	
thirdMatch	
thirdMatchGUID	
thirdMatchQuality	
fourthMatch	
fourthMatchGUID	
fourthMatchQuality	
fifthMatch	
fifthMatchGUID	
fifthMatchQuality	
signedBy	
signedDateTime	
softwareVer	1.7.0.21
memo	
batchID	
inBatch	false
batchUID	
batchCID1	
batchCIDlbl1	
batchCID2	
batchCIDlbl2	
batchCID3	
batchCIDlbl3	
batchCID4	
batchCIDlbl4	
batchCID5	
batchCIDlbl5	
signedTitle	
signedReason	
rescanned	
barcode	
topMatchContribs	
secondMatchContribs	
thirdMatchContribs	
fourthMatchContribs	
fifthMatchContribs	
ValidationMatchContribs	
Threat	
PrecursorList	
CompundName	
WindowStart4C	
MatchLibrary	
lastModified	2019/12/13 12:30
Signal2Noise	84.40
Detector TEC SetPoint	0x8000
Detector Temp	5.01
Laser Temp	25.38
OE1 Temp	36.25
OE2 Temp	40.50
Detector Gain	200
SaturationDetected	false
InterpolatedPixelList	
PeakList	 305.3	1280	329.0	1135	428.3	1080	496.9	900	561.6	1004	657.9	1471	667.3	1125	760.3	4224	797.9	1517	1078.5	923	1158.7	1083	1227.9	862	1293.3	1207	1305.5	1033	1377.6	2187	1440.3	7502	1565.1	2338	1614.8	2315	1645.1	5857	1676.6	4779
index	Raman Shift (cm-1)	Y value (counts)	background (counts)	raw value (counts)
0	137.589	357.0912	20741.0000	24974.3359	
1	144.103	360.5195	22428.0000	26510.6641	
2	150.611	432.2875	23528.0000	27528.3320	
3	157.114	387.3878	23778.0000	27579.3320	
4	163.610	468.8220	23506.3340	27235.0000	
5	170.101	501.2559	25396.6641	29003.6641	
6	176.586	514.3561	24968.0000	28434.0000	
7	183.065	429.1205	24245.0000	27471.6641	
8	189.538	505.5564	23635.0000	26784.0000	
9	196.005	407.6566	26040.3320	28937.3320	
10	202.467	364.7568	25733.0000	28433.0000	
11	208.922	309.5248	26285.6641	28776.3320	
12	215.372	353.9571	25421.6680	27802.6680	
13	221.815	297.7668	26380.0000	28640.0000	
14	228.253	225.0746	27166.0000	29275.3320	
15	234.685	241.1453	27282.6641	29412.3320	
16	241.111	300.2101	23898.3340	26091.3320	
17	247.531	456.9466	25596.6680	27950.6680	
18	253.945	436.0173	23341.3320	25678.6680	
19	260.353	494.0800	24749.6680	27149.3320	
20	266.755	402.4846	21860.6660	24173.0000	
21	273.151	190.0602	25676.6680	27799.3340	
22	279.541	150.3056	24126.0000	26231.6680	
23	285.925	396.5488	22700.3320	25075.0000	
24	292.303	771.7907	21823.6660	24596.3320	
25	298.675	1164.3643	20951.6680	24156.0000	
26	305.041	1280.2740	21015.6660	24375.0000	
27	311.401	1094.1797	22742.0000	25954.3320	
28	317.754	913.3317	19405.6660	22493.3320	
29	324.102	1059.0942	20129.0000	23312.3340	
30	330.444	1134.8568	20267.6660	23476.6680	
31	336.780	743.9514	20201.6660	22969.6680	
32	343.109	557.7119	20425.0000	22956.6680	
33	349.433	482.8044	18663.0000	21069.6660	
34	355.750	471.8991	16405.6660	18751.3320	
35	362.061	524.6940	21201.6660	23533.6660	
36	368.366	438.4160	16267.3340	18463.6680	
37	374.665	198.6443	17116.0000	19033.3320	
38	380.958	96.8745	18069.6680	19846.0000	
39	387.245	264.1045	18356.3340	20260.6660	
40	393.526	482.0024	14576.0000	16659.0000	
41	399.800	470.6393	17184.3340	19223.6680	
42	406.068	257.6082	14533.0000	16327.0000	
43	412.330	254.9100	9491.6670	11250.6660	
44	418.586	429.8800	11790.3340	13692.0000	
45	424.835	1079.8977	10860.3330	13425.3330	
46	431.079	1063.2473	7800.6670	10362.3330	
47	437.316	983.5980	4949.0000	7444.3330	
48	443.547	730.2817	4632.0000	6887.3330	
49	449.771	483.7443	7868.0000	9905.3330	
50	455.990	416.0714	4852.0000	6850.3340	
51	462.202	272.7306	4332.6665	6216.3335	
52	468.408	333.3895	3921.3335	5894.3335	
53	474.607	260.5601	5954.6670	7879.3330	
54	480.801	502.7318	3075.3333	5266.6665	
55	486.988	863.9026	1968.3333	4545.3330	
56	493.168	820.1157	3610.6665	6150.0000	
57	499.343	900.4449	4764.3330	7366.6670	
58	505.511	559.4393	4413.3335	6657.3330	
59	511.672	301.7682	2295.3335	4264.3330	
60	517.828	379.7644	3213.6667	5243.3335	
61	523.977	787.2868	4017.6665	6392.6670	
62	530.119	566.8085	2445.0000	4537.3335	
63	536.255	386.6637	3283.6665	5133.6665	
64	542.385	521.8524	1858.0000	3781.0000	
65	548.509	326.7075	4475.6665	6141.3330	
66	554.626	493.8958	7767.6670	9538.3330	
67	560.736	1004.0844	8335.3340	10554.0000	
68	566.840	864.2734	5153.0000	7169.6665	
69	572.938	352.6860	3329.3335	4781.6665	
70	579.030	322.1789	1213.0000	2596.3333	
71	585.114	363.2443	1029.0000	2404.3335	
72	591.193	340.3094	1671.6665	2975.0000	
73	597.265	255.2592	4114.3335	5334.0000	
74	603.330	262.4588	5209.0000	6432.3340	
75	609.389	271.2001	5003.6670	5993.6665	
76	615.442	369.1083	5874.3330	7069.6665	
77	621.488	496.8092	6056.0000	7474.6660	
78	627.527	475.6077	4785.3335	5970.0000	
79	633.560	622.4899	3733.3330	5223.6665	
80	639.586	787.2879	3760.6670	5437.0000	
81	645.606	933.4205	5114.6670	6958.3340	
82	651.620	1236.8855	3823.6665	5992.0000	
83	657.626	1471.3506	1957.6665	4381.6665	
84	663.626	1116.1489	1575.3333	3665.3333	
85	669.620	1124.5471	1763.3333	3823.0000	
86	675.607	711.6121	711.6667	2319.6667	
87	681.587	693.3434	1595.3334	3146.3335	
88	687.561	432.4079	2917.0000	4168.3330	
89	693.528	497.9988	2960.3333	4178.6665	
90	699.489	705.4234	1441.6667	2953.0000	
91	705.443	445.9762	2317.0000	3577.6665	
92	711.390	412.3429	2234.6665	3454.0000	
93	717.331	337.1127	2001.0000	3198.0000	
94	723.265	90.2156	2305.0000	3308.0000	
95	729.192	223.3187	2040.6667	3229.6665	
96	735.113	187.7552	2163.0000	3369.3333	
97	741.026	349.8583	3022.6667	4444.0000	
98	746.934	740.9930	2908.0000	4757.3335	
99	752.834	1997.7229	4158.6665	7314.0000	
100	758.728	4224.4536	2841.3333	8272.6670	
101	764.615	3714.0251	4086.0000	9033.6670	
102	770.495	1475.5964	3245.3330	5981.3330	
103	776.369	932.8354	3529.6665	5749.6670	
104	782.236	1070.7400	3310.0000	5694.6665	
105	788.096	1366.9199	4218.3335	6911.0000	
106	793.949	1349.0997	4082.6667	6769.3330	
107	799.795	1517.2805	5139.3330	8006.0000	
108	805.635	1101.4602	4156.3335	6619.0000	
109	811.468	534.8431	4519.6670	6391.0000	
110	817.294	302.5600	3444.0000	5058.3335	
111	823.113	271.6096	4169.3335	5728.0000	
112	828.925	175.9022	3799.6665	5253.6665	
113	834.731	246.3225	4556.0000	5892.0000	
114	840.530	419.2429	4073.0000	5718.6665	
115	846.322	689.7474	4817.0000	6707.3340	
116	852.107	566.9175	4157.6665	5899.3335	
117	857.885	319.1661	4779.0000	6281.0000	
118	863.656	256.4147	4597.3335	6044.6665	
119	869.420	358.0186	4628.3335	6170.0000	
120	875.177	516.7562	3506.3335	5217.6665	
121	880.928	792.6390	3817.6665	5818.0000	
122	886.672	837.8542	3702.3335	5761.0000	
123	892.408	820.4039	4508.3330	6562.6670	
124	898.138	430.9522	4291.3335	5969.3335	
125	903.861	340.0544	3471.3330	5064.0000	
126	909.576	353.1566	3145.3330	4756.6670	
127	915.285	421.9243	4068.0000	5753.6665	
128	920.987	706.0263	2985.3333	4960.6665	
129	926.682	416.4613	3773.3335	5464.6665	
130	932.370	397.5638	2497.6667	4175.6670	
131	938.051	334.3322	2799.0000	4419.3335	
132	943.724	382.4340	2590.3333	4264.3335	
133	949.391	479.1347	2918.6667	4716.0000	
134	955.051	766.7360	2004.0000	4106.0000	
135	960.704	465.0036	2744.3333	4561.6665	
136	966.349	250.6048	2486.3333	4106.3335	
137	971.988	292.5713	2529.6667	4203.0000	
138	977.619	510.2050	1454.6666	3357.0000	
139	983.244	461.5052	1986.0000	3851.0000	
140	988.861	309.2383	2131.0000	3837.3335	
141	994.471	436.4698	2208.6667	4041.3335	
142	1000.074	530.0344	1785.6667	3711.0000	
143	1005.670	421.5994	2425.0000	4241.0000	
144	1011.259	497.1647	1797.0000	3687.6670	
145	1016.841	493.3959	2166.6665	4052.6665	
146	1022.416	399.9611	2052.6665	3844.3335	
147	1027.983	418.1925	2211.6667	4020.6670	
148	1033.543	473.0905	1723.0000	3586.0000	
149	1039.096	337.3832	2166.3333	3891.3330	
150	1044.642	294.0098	1720.6667	3400.0000	
151	1050.181	312.6363	2002.3333	3698.0000	
152	1055.713	391.2618	1192.0000	2964.0000	
153	1061.237	367.7703	2030.6667	3689.3333	
154	1066.754	442.7565	1759.6667	3569.3335	
155	1072.264	636.5694	2058.6667	4042.0000	
156	1077.766	923.3823	1820.3333	4070.3335	
157	1083.262	847.2236	2188.6667	4335.3330	
158	1088.750	554.7327	1311.3334	3138.3335	
159	1094.231	273.5745	2274.6667	3793.3335	
160	1099.704	416.7497	2262.6667	3897.3335	
161	1105.171	563.8420	2785.3335	4527.3335	
162	1110.630	519.8489	2270.3333	3958.3335	
163	1116.081	424.8557	2992.3333	4575.3335	
164	1121.526	299.1957	2416.3335	3863.6665	
165	1126.963	232.5444	3088.6667	4461.0000	
166	1132.392	272.8930	2773.6665	4178.0000	
167	1137.815	284.9078	3419.0000	4827.0000	
168	1143.230	454.5902	2473.6667	4043.0000	
169	1148.637	641.3627	3355.0000	5123.0000	
170	1154.037	957.8020	3177.0000	5273.3335	
171	1159.430	1082.5745	3569.6665	5802.6665	
172	1164.816	761.3466	3148.6665	5072.3335	
173	1170.194	466.9378	4474.6665	6116.0000	
174	1175.565	355.8618	3929.0000	5471.3330	
175	1180.928	309.3487	4893.6665	6417.3340	
176	1186.284	269.8011	4491.0000	5984.0000	
177	1191.632	273.2545	4979.6665	6485.0000	
178	1196.973	294.0411	4820.6670	6355.6670	
179	1202.307	518.8280	5467.6670	7236.3340	
180	1207.633	667.9474	4774.6670	6701.3330	
181	1212.951	576.2732	5673.3330	7522.6670	
182	1218.262	714.1367	5332.3335	7317.3330	
183	1223.566	838.5588	5937.6665	8060.3330	
184	1228.862	861.6472	5671.0000	7830.0000	
185	1234.151	610.9283	6605.0000	8534.0000	
186	1239.432	497.8762	6390.0000	8226.6670	
187	1244.705	413.8234	6696.0000	8469.3330	
188	1249.971	340.3546	6551.6660	8224.6660	
189	1255.230	305.2413	7929.0000	9660.6670	
190	1260.481	268.2937	7390.3330	9094.6670	
191	1265.724	335.8470	8385.3330	10240.0000	
192	1270.960	524.9827	8331.6670	10421.6670	
193	1276.188	640.4514	9137.6670	11389.3330	
194	1281.409	557.5895	8523.6660	10738.6670	
195	1286.622	781.3911	9452.0000	11937.0000	
196	1291.827	1207.2791	9096.3330	12071.0000	
197	1297.025	1186.7598	10275.0000	13213.3320	
198	1302.215	1018.5765	9824.6670	12579.0000	
199	1307.397	1032.7253	10895.0000	13647.6670	
200	1312.572	966.2076	10566.3330	13236.6660	
201	1317.739	377.8015	11284.0000	13320.0000	
202	1322.899	249.0622	11110.0000	12971.3340	
203	1328.051	635.3826	11927.3340	14111.6680	
204	1333.195	723.6360	11539.0000	13781.3320	
205	1338.331	461.6241	12637.0000	14629.0000	
206	1343.460	269.6111	11940.6670	13752.3340	
207	1348.581	174.9305	13244.3340	14973.0000	
208	1353.694	335.2505	12492.0000	14392.6660	
209	1358.800	436.5706	14008.3340	16022.0000	
210	1363.898	1000.5567	13499.0000	16088.3320	
211	1368.988	1717.5447	14595.0000	17913.0000	
212	1374.070	1999.8645	14015.6660	17627.6660	
213	1379.145	2187.2576	15106.0000	18930.6680	
214	1384.211	1667.6492	14436.6660	17767.0000	
215	1389.270	607.0403	15767.0000	18062.0000	
216	1394.322	198.0997	14782.0000	16693.3340	
217	1399.365	0.0000	16007.6680	17736.0000	
218	1404.401	47.3512	15209.6680	16958.6660	
219	1409.428	463.3733	16444.6660	18583.0000	
220	1414.448	1148.7239	15406.0000	18203.0000	
221	1419.460	1784.2314	16479.6680	19885.3320	
222	1424.464	2559.7432	15696.6680	19851.0000	
223	1429.461	4433.9238	16634.6660	22636.3340	
224	1434.449	7062.1089	15873.0000	24451.6680	
225	1439.430	7502.4014	16857.3320	25825.3340	
226	1444.403	7423.3618	15972.3330	24810.3359	
227	1449.367	7167.9849	17057.6660	25589.3340	
228	1454.324	6591.9448	15841.0000	23745.6680	
229	1459.273	5493.8921	17154.0000	23833.3340	
230	1464.214	4202.8364	15776.6680	21037.6660	
231	1469.147	2990.7852	16710.6660	20632.3340	
232	1474.073	1981.7319	15458.0000	18243.3340	
233	1478.990	1107.5015	16347.3320	18147.6660	
234	1483.899	678.9346	15156.3340	16417.3320	
235	1488.800	350.7037	16517.3340	17339.3320	
236	1493.693	312.4747	15504.3340	16177.3340	
237	1498.579	265.0767	16786.3340	17337.3340	
238	1503.456	275.0870	15956.6680	16454.3320	
239	1508.325	269.0033	16305.3340	16714.0000	
240	1513.187	320.5015	12533.3340	13054.6680	
241	1518.040	264.5826	15004.3340	15337.0000	
242	1522.885	223.4164	16320.6660	16560.6680	
243	1527.722	221.2458	18111.6660	18294.3340	
244	1532.551	282.7435	17134.0000	17332.3320	
245	1537.372	272.8902	18398.6680	18523.0000	
246	1542.185	297.7252	17417.0000	17697.0000	
247	1546.990	373.5611	18578.6660	18993.3340	
248	1551.787	536.3909	17805.6680	18442.0000	
249	1556.575	923.3931	19255.3340	20385.6660	
250	1561.356	2000.7305	18097.0000	20411.6680	
251	1566.128	2337.7307	19059.3340	21818.0000	
252	1570.893	1250.3994	18758.0000	20536.3320	
253	1575.649	560.0220	19447.3340	20612.6660	
254	1580.397	420.6468	18042.0000	19145.3340	
255	1585.137	282.2693	19188.3340	20230.6680	
256	1589.868	160.2266	17620.3320	18618.0000	
257	1594.592	120.5994	17914.3320	18848.3340	
258	1599.307	175.4703	17050.6660	18218.3320	
259	1604.014	606.2173	19114.3320	20818.3340	
260	1608.713	1823.2561	18424.0000	21393.0000	
261	1613.404	2315.0715	19449.0000	22989.3340	
262	1618.086	1906.8865	19231.3340	22443.0000	
263	1622.760	1844.7024	19574.6660	22803.6660	
264	1627.426	3044.1853	18158.0000	22666.0000	
265	1632.084	4421.1724	18440.3340	24357.3340	
266	1636.734	4986.8159	16949.0000	23434.0000	
267	1641.375	5377.2642	18905.0000	25781.0000	
268	1646.008	5857.0425	17587.0000	24943.3320	
269	1650.632	4382.4136	18958.6660	24721.0000	
270	1655.249	3148.1138	16863.6660	21272.3320	
271	1659.856	2625.8164	18236.0000	22003.0000	
272	1664.456	2673.5195	17894.0000	21589.3340	
273	1669.048	3402.8882	18670.3320	22975.6660	
274	1673.631	4301.5894	16988.0000	22072.6660	
275	1678.205	4778.6226	16716.3340	22158.6660	
276	1682.772	2902.6631	16374.3320	19821.3340	
277	1687.329	1214.3188	16186.3320	17811.6660	
278	1691.879	453.9771	16312.3340	17044.0000	
279	1696.420	170.9688	18412.3320	18727.6660	
280	1700.953	198.7086	16014.3340	16241.0000	
281	1705.478	188.9129	16185.6660	16314.3320	
282	1709.994	232.1990	14460.3330	14615.3320	
283	1714.501	215.6519	17256.0000	17159.0000	
284	1719.000	371.8570	15167.6660	15113.3340	
285	1723.491	461.0381	15347.0000	15360.3320	
286	1727.973	453.8062	12145.3340	12224.0000	
287	1732.447	404.0789	14791.6680	14692.3340	
288	1736.912	422.9538	14719.6680	14556.6660	
289	1741.369	498.3301	14051.0000	14048.6680	
290	1745.818	447.6198	11837.3340	11845.0000	
291	1750.257	380.2435	14404.6680	14287.0000	
292	1754.689	402.2023	13257.0000	13162.6660	
293	1759.112	429.7423	13182.3320	13100.3340	
294	1763.526	437.1534	10142.3330	10214.0000	
295	1767.932	416.8154	12206.3340	12081.0000	
296	1772.329	364.3537	13418.0000	13225.0000	
297	1776.718	467.5662	11617.0000	11535.3330	
298	1781.098	523.8618	9407.6670	9440.3330	
299	1785.470	522.4915	9897.3340	9880.3330	
300	1789.833	514.3716	8912.3340	8909.3330	
301	1794.187	446.7701	9810.3330	9755.6670	
302	1798.533	316.0648	11052.3340	10868.6670	
303	1802.870	267.3604	11579.3340	11348.6670	
304	1807.199	362.6571	11176.3330	11042.6670	
305	1811.519	444.2847	9507.3340	9457.0000	
306	1815.830	478.9144	8138.0000	8124.0000	
307	1820.133	457.2929	8815.0000	8802.0000	
308	1824.427	446.2364	8017.6670	7959.3330	
309	1828.712	350.5948	9721.3330	9577.0000	
310	1832.989	393.9522	8866.6660	8775.3330	
311	1837.257	503.9758	7577.3340	7605.6670	
312	1841.516	453.0013	7235.6660	7222.6670	
313	1845.767	394.1359	7861.0000	7807.0000	
314	1850.009	277.6048	8928.6670	8776.0000	
315	1854.242	299.4074	8484.0000	8371.0000	
316	1858.467	351.2094	7459.0000	7415.6660	
317	1862.682	408.2786	6848.0000	6884.3340	
318	1866.889	507.0129	6010.6665	6168.3335	
319	1871.088	513.1015	4760.3330	5000.6665	
320	1875.277	490.5026	4258.3335	4405.0000	
321	1879.458	482.2994	5267.3335	5397.6670	
322	1883.630	511.5590	3369.0000	3639.0000	
323	1887.793	486.4341	2962.3333	3218.3335	
324	1891.947	450.6422	3061.0000	3292.3335	
325	1896.093	399.9446	4394.6670	4586.6665	
326	1900.230	380.1641	3018.3335	3230.0000	
327	1904.358	298.8006	4917.0000	4972.3335	
328	1908.477	371.5203	4437.3330	4557.3335	
329	1912.587	431.1791	4244.0000	4407.0000	
330	1916.688	438.2587	4140.3330	4285.3335	
331	1920.781	440.3383	3433.3335	3625.0000	
332	1924.864	422.5022	3716.6665	3856.6670	
333	1928.939	331.9212	4636.6670	4697.6665	
334	1933.005	383.0086	3814.3330	3938.0000	
335	1937.062	482.7618	3091.3333	3326.3335	
336	1941.110	385.8481	3126.3335	3276.0000	
337	1945.149	329.9351	3728.3330	3833.6665	
338	1949.179	343.6880	3723.6670	3854.3335	
339	1953.200	397.4420	3262.3330	3458.3335	
340	1957.212	467.6112	1352.0000	1690.3333	
341	1961.216	445.8503	1687.3333	1962.6665	
342	1965.210	447.6729	1844.3333	2145.6667	
343	1969.195	411.7850	1532.3333	1835.3335	
344	1973.172	422.1873	859.0000	1205.0000	
345	1977.139	477.4597	721.6667	1151.3334	
346	1981.098	450.4620	-52.3333	384.0000	
347	1985.047	422.0679	442.0000	861.0000	
348	1988.987	401.8599	283.3333	668.6667	
349	1992.919	432.2216	501.0000	984.6666	
350	1996.841	421.9338	-255.0000	214.0000	
351	2000.754	418.2160	389.0000	847.0000	
352	2004.658	423.6650	-300.0000	168.6667	
353	2008.553	429.4474	307.0000	765.3334	
354	2012.439	441.1462	-349.6667	134.0000	
355	2016.316	438.6786	290.0000	764.0000	
356	2020.184	431.7124	-436.6667	71.6667	
357	2024.043	409.6564	297.6667	739.0000	
358	2027.892	386.5175	-371.6667	77.0000	
359	2031.733	348.0452	261.0000	641.3333	
360	2035.564	379.4062	-343.3333	67.0000	
361	2039.386	422.8549	281.3333	725.3334	
362	2043.199	437.3035	-394.3333	54.3333	
363	2047.003	432.7522	238.0000	672.3333	
364	2050.798	423.8867	-426.0000	5.6667	
365	2054.583	418.7920	229.0000	643.3334	
366	2058.360	417.9472	-355.0000	81.0000	
367	2062.127	417.8524	242.3333	667.0000	
368	2065.885	420.5075	-338.0000	90.6667	
369	2069.634	417.9128	185.3333	642.6666	
370	2073.373	387.6513	-282.0000	114.0000	
371	2077.103	430.2736	358.3333	781.0000	
372	2080.824	430.3717	-345.3333	102.6667	
373	2084.536	428.9779	233.3333	633.0000	
374	2088.238	429.0840	-255.6667	166.3333	
375	2091.932	424.2735	36.3333	453.0000	
376	2095.615	408.1297	-282.6667	109.0000	
377	2099.290	409.6649	275.3333	685.3333	
378	2102.955	409.0334	-146.6667	236.6667	
379	2106.611	431.1519	204.0000	629.3333	
380	2110.258	426.7695	-423.0000	12.0000	
381	2113.895	417.2395	-656.0000	-272.0000	
382	2117.523	420.3761	-166.0000	276.0000	
383	2121.142	420.9503	232.3333	611.3333	
384	2124.751	417.3994	-544.3334	-105.0000	
385	2128.351	403.1493	146.6667	539.6667	
386	2131.942	406.9857	-396.6667	8.0000	
387	2135.523	426.4887	82.0000	503.0000	
388	2139.095	424.3260	-343.3333	72.3333	
389	2142.657	418.2346	282.3333	691.3333	
390	2146.210	408.8308	-375.6667	13.3333	
391	2149.754	406.2396	239.3333	629.0000	
392	2153.288	422.9082	-576.3333	-186.6667	
393	2156.812	422.3534	90.3333	523.3334	
394	2160.327	420.0903	-238.0000	119.3333	
395	2163.833	419.5356	349.3333	754.6667	
396	2167.330	405.5638	-262.6667	118.0000	
397	2170.816	414.5344	159.0000	536.3333	
398	2174.293	426.6300	-399.3333	-2.3333	
399	2177.761	440.3299	189.0000	597.3334	
400	2181.220	440.1129	-176.0000	253.3333	
401	2184.668	425.0628	478.0000	866.3334	
402	2188.108	409.7417	-296.0000	59.6667	
403	2191.537	412.1082	5.6667	378.6667	
404	2194.958	409.4124	-356.6667	34.3333	
405	2198.368	384.7162	274.6667	617.6666	
406	2201.769	378.9572	-327.6667	27.6667	
407	2205.161	413.0526	229.3333	635.3333	
408	2208.543	409.5022	-319.6667	87.3333	
409	2211.915	419.2098	346.0000	728.6667	
410	2215.278	433.0632	-400.6667	22.3333	
411	2218.631	417.8333	300.3333	711.3333	
412	2221.974	396.6036	-302.0000	91.0000	
413	2225.308	422.8900	371.6667	762.0001	
414	2228.632	436.3325	-571.3334	-158.3333	
415	2231.947	465.2749	189.6667	629.3333	
416	2235.252	440.5508	-581.0000	-168.3333	
417	2238.547	421.3683	238.6667	634.0000	
418	2241.833	412.8940	-516.6666	-77.3333	
419	2245.109	387.0448	37.0000	389.3333	
420	2248.375	406.6539	-298.6667	49.3333	
421	2251.631	418.4207	292.0000	694.6667	
422	2254.878	418.9374	-406.0000	-30.3333	
423	2258.115	414.2042	271.0000	636.6667	
424	2261.343	421.3043	-336.0000	64.0000	
425	2264.560	419.2614	226.0000	587.3333	
426	2267.768	417.1352	-124.3333	277.6667	
427	2270.966	405.1112	387.0000	742.6666	
428	2274.154	412.7413	-305.3333	84.3333	
429	2277.333	421.1374	200.6667	601.3333	
430	2280.502	425.4503	-298.3333	134.3333	
431	2283.661	423.1797	377.3333	742.6667	
432	2286.810	424.8258	-419.6667	12.0000	
433	2289.949	424.7220	202.0000	604.0000	
434	2293.079	435.1665	-401.0000	48.6667	
435	2296.198	434.6116	248.6667	624.0000	
436	2299.308	434.5572	-572.0000	-154.6667	
437	2302.408	426.6677	282.0000	682.0000	
438	2305.498	421.6949	-404.6667	-12.3333	
439	2308.579	411.3888	16.0000	395.3333	
440	2311.649	409.0826	-530.3333	-156.0000	
441	2314.709	366.6683	401.3333	729.3334	
442	2317.760	390.2539	-230.6667	117.0000	
443	2320.801	415.5896	166.6667	537.3334	
444	2323.832	425.5919	-460.3334	-99.0000	
445	2326.853	429.3127	368.3333	765.0000	
446	2329.864	429.1795	-449.6667	-77.6667	
447	2332.865	427.0045	209.3333	588.0000	
448	2335.855	412.5798	-384.0000	-21.3333	
449	2338.837	412.6987	17.0000	389.3333	
450	2341.808	415.5677	-311.3333	64.6667	
451	2344.769	425.4367	451.6667	838.3334	
452	2347.720	450.6389	-537.6667	-125.0000	
453	2350.661	415.2526	361.0000	738.6667	
454	2353.592	412.8661	-387.3333	-11.6667	
455	2356.513	401.4986	216.6667	564.0000	
456	2359.424	409.5160	-428.3333	-56.0000	
457	2362.325	420.6063	284.3333	581.6667	
458	2365.216	425.7800	-282.3333	116.3333	
459	2368.097	429.5578	216.0000	587.0000	
460	2370.968	419.3768	-177.0000	153.6667	
461	2373.829	416.2596	142.3333	486.0000	
462	2376.680	416.9756	-231.0000	96.0000	
463	2379.520	424.2752	316.3333	645.6667	
464	2382.351	409.8246	-334.6667	-30.3333	
465	2385.171	411.3740	168.3333	427.0000	
466	2387.982	418.6733	-316.3333	30.0000	
467	2390.782	412.3894	283.6667	568.6666	
468	2393.572	413.3560	-497.3333	-218.6667	
469	2396.352	412.1514	239.0000	527.6667	
470	2399.121	424.4539	-317.3333	-1.0000	
471	2401.881	425.6730	384.3333	659.0000	
472	2404.630	428.7251	-587.3333	-275.3333	
473	2407.369	415.3378	281.3333	562.6666	
474	2410.098	406.7006	-380.3333	-109.0000	
475	2412.817	400.2299	391.6667	640.3333	
476	2415.526	416.5368	-323.3333	-53.0000	
477	2418.224	420.4684	353.6667	617.3333	
478	2420.912	423.8998	-410.3333	-143.6667	
479	2423.590	425.7897	118.0000	363.0000	
480	2426.258	427.6796	-389.0000	-95.6667	
481	2428.915	425.0695	239.3333	500.6666	
482	2431.562	417.2093	-445.6667	-171.3333	
483	2434.199	403.5158	239.6667	456.3334	
484	2436.826	404.4889	1044.3334	1298.6666	
485	2439.442	416.6783	312.6667	511.6667	
486	2442.048	424.4510	-645.3333	-374.6667	
487	2444.644	443.9736	119.0000	364.0000	
488	2447.229	452.9137	-427.3333	-162.3333	
489	2449.804	446.5991	58.6667	315.3333	
490	2452.368	434.6414	-508.3333	-222.3333	
491	2454.923	388.9196	404.3333	607.6667	
492	2457.467	399.1143	-348.0000	-146.3333	
493	2460.000	413.0543	295.3333	527.0000	
494	2462.523	412.0777	-540.3333	-337.6667	
495	2465.036	405.2677	272.3333	522.3333	
496	2467.539	387.0411	-250.0000	-61.3333	
497	2470.031	395.9812	470.6667	666.0000	
498	2472.512	425.5879	-389.0000	-166.3333	
499	2474.983	432.8613	449.0000	676.6667	
500	2477.444	428.5515	-312.3333	-76.6667	
501	2479.894	421.7927	9.3333	212.6667	
502	2482.334	422.1590	-412.6666	-195.0000	
503	2484.763	422.3168	267.6667	504.6667	
504	2487.182	405.9330	-347.3333	-150.3333	
505	2489.590	416.2160	231.3333	419.0000	
506	2491.988	433.3321	-346.3333	-122.6667	
507	2494.375	429.3651	234.6667	454.0000	
508	2496.752	411.3979	-566.6667	-365.6667	
509	2499.119	412.4517	267.0000	462.3333	
510	2501.475	454.7971	-230.3333	13.3333	
511	2503.820	373.1633	-10.6667	151.0000	
