resultName	muna8-12
resultName	muna8-12
ID	RS20191213103720_P19331194
Command	SCANANDSEARCH
User	Admin
Application	_Analyze
SerialNumber	P19331194
Power	280
Integration	900
Averages	3
AutoExposure	Off
AutoCollect	Off
QuickCollect	Off
AutoBackground	On
BaselineCorrection	On
Algorithm	Wavelet
Searched Library	All,None,None,None
MixtureComponents	2
matchThreshold	0.75
displayMatches	1
Threshold	0.80
WL Start	
WL End	
ServerVersion	3.180316
FirmwareVersion	
date	2019-12-13
time	10:37:20
scanindex	0
specpath	RS20191213103720_P19331194.xml
Search Range	200 - 2500
Synced	false
lastCalDateTime	2019-12-13 10:05:29
lastCalUser	Admin
lastCalResult	PASS
lastVerifyDateTime	2019-10-16 15:05:37
lastVerifyUser	Admin
lastVerifyResult	PASS
selectedMaterial	
result	No Match
ValidationGUID	
ValidationMatchQuality	
topMatch	
topMatchGUID	
topMatchQuality	
secondMatch	
secondMatchGUID	
secondMatchQuality	
thirdMatch	
thirdMatchGUID	
thirdMatchQuality	
fourthMatch	
fourthMatchGUID	
fourthMatchQuality	
fifthMatch	
fifthMatchGUID	
fifthMatchQuality	
signedBy	
signedDateTime	
softwareVer	1.7.0.21
memo	
batchID	
inBatch	false
batchUID	
batchCID1	
batchCIDlbl1	
batchCID2	
batchCIDlbl2	
batchCID3	
batchCIDlbl3	
batchCID4	
batchCIDlbl4	
batchCID5	
batchCIDlbl5	
signedTitle	
signedReason	
rescanned	
barcode	
topMatchContribs	
secondMatchContribs	
thirdMatchContribs	
fourthMatchContribs	
fifthMatchContribs	
ValidationMatchContribs	
Threat	
PrecursorList	
CompundName	
WindowStart4C	
MatchLibrary	
lastModified	2019/12/13 10:37
Signal2Noise	23.48
Detector TEC SetPoint	0x8000
Detector Temp	4.98
Laser Temp	25.38
OE1 Temp	31.12
OE2 Temp	34.81
Detector Gain	200
SaturationDetected	false
InterpolatedPixelList	
PeakList	 291.9	635	383.2	435	400.3	406	443.2	674	485.6	520	530.0	396	579.8	520	617.2	581	651.1	1257	674.5	833	737.6	631	746.2	611	840.6	565	955.5	541	1142.3	790	1334.1	668	1365.9	838	1454.3	3013	1644.3	1928	1677.4	1308	1710.6	779
index	Raman Shift (cm-1)	Y value (counts)	background (counts)	raw value (counts)
0	137.589	415.3988	28219.3320	29400.0000	
1	144.103	282.1447	29747.6680	30739.3320	
2	150.611	303.2305	30764.0000	31721.0000	
3	157.114	175.9805	31229.6680	32003.6680	
4	163.610	420.7305	30932.0000	31895.0000	
5	170.101	249.4803	33256.3320	33992.3320	
6	176.586	381.5622	32713.0000	33525.3320	
7	183.065	248.9801	32333.3320	32957.3320	
8	189.538	384.7300	31169.3320	31873.3320	
9	196.005	203.1479	33696.3320	34163.0000	
10	202.467	268.5618	33562.3359	34038.6680	
11	208.922	279.8969	34662.0000	35086.0000	
12	215.372	414.0656	33572.3320	34082.6680	
13	221.815	239.2623	34800.3320	35089.3320	
14	228.253	212.7337	35191.0000	35511.6680	
15	234.685	176.6241	36001.6680	36146.0000	
16	241.111	181.5966	31832.3359	32120.6660	
17	247.531	207.3201	34169.3320	34380.3320	
18	253.945	228.2110	31489.6680	31896.6641	
19	260.353	240.9344	33558.6680	33872.3320	
20	266.755	320.3258	30590.6680	31029.0000	
21	273.151	295.0580	34420.6680	34749.0000	
22	279.541	592.9581	33371.3320	34162.3320	
23	285.925	582.0262	31911.3320	32716.6680	
24	292.303	635.4225	31232.6680	32116.6680	
25	298.675	534.7007	31121.0000	31933.3320	
26	305.041	535.6509	30969.3320	31811.6680	
27	311.401	285.2612	32824.3359	33445.3359	
28	317.754	506.6920	29511.3340	30395.0000	
29	324.102	404.0815	30668.6641	31423.3359	
30	330.444	549.4573	30565.3359	31439.0000	
31	336.780	391.8448	31133.6680	31823.3359	
32	343.109	565.5566	30824.6680	31661.6641	
33	349.433	213.2762	29952.6680	30411.0000	
34	355.750	210.3279	26317.0000	26746.0000	
35	362.061	15.0180	32552.6680	32748.6660	
36	368.366	130.8162	26878.3320	27173.0000	
37	374.665	238.2172	27450.0000	27871.3320	
38	380.958	434.6221	28690.0000	29327.0000	
39	387.245	290.9410	29523.0000	29914.6641	
40	393.526	359.4279	24276.0000	24876.3320	
41	399.800	406.3433	27410.3320	28084.6680	
42	406.068	391.5869	24931.0000	25617.6680	
43	412.330	344.4964	17583.6660	18250.3320	
44	418.586	320.0760	20483.6660	21153.0000	
45	424.835	103.8066	20957.6660	21434.0000	
46	431.079	394.5374	15578.6660	16369.0000	
47	437.316	478.6010	10660.0000	11557.6670	
48	443.547	674.3327	9497.6660	10614.3340	
49	449.771	374.2680	16574.6680	17428.6680	
50	455.990	385.1257	11372.3340	12254.0000	
51	462.202	276.9854	9465.3330	10255.6670	
52	468.408	292.5090	9140.3340	9963.0000	
53	474.607	264.9872	13757.6660	14554.6660	
54	480.801	509.7973	8025.6670	9069.3330	
55	486.988	519.9424	4400.0000	5455.6670	
56	493.168	285.3483	9185.0000	9994.0000	
57	499.343	178.6364	10521.0000	11200.6670	
58	505.511	147.2586	11215.6660	11841.3340	
59	511.672	305.5452	5251.0000	6012.3335	
60	517.828	320.8328	7759.6670	8513.6670	
61	523.977	290.9933	10290.6660	10985.0000	
62	530.119	395.8200	6402.3330	7171.6670	
63	536.255	295.6456	8509.6670	9149.0000	
64	542.385	298.8057	5715.6665	6328.3330	
65	548.509	292.9659	9520.3330	10097.3330	
66	554.626	58.4604	17228.6660	17541.3340	
67	560.736	1.9531	18445.3320	18671.6660	
68	566.840	243.1128	12704.0000	13141.6670	
69	572.938	307.2427	8285.3330	8794.0000	
70	579.030	520.1508	3732.3333	4471.6665	
71	585.114	455.3005	2335.0000	3037.0000	
72	591.193	285.1166	5649.0000	6208.3330	
73	597.265	153.5823	10674.6670	11143.3330	
74	603.330	188.7157	14709.3320	15142.0000	
75	609.389	321.1815	13851.6680	14569.6680	
76	615.442	581.3134	14786.6670	15805.6660	
77	621.488	452.8308	16744.3340	17647.0000	
78	627.527	405.3730	13576.6660	14442.3330	
79	633.560	578.2473	11239.6660	12288.6660	
80	639.586	845.1225	12056.0000	13382.3340	
81	645.606	1122.9958	15372.6680	16987.3340	
82	651.620	1256.5371	13435.0000	15193.6660	
83	657.626	998.4122	6981.6670	8492.6670	
84	663.626	711.2863	6637.6670	7872.0000	
85	669.620	582.5963	7219.0000	8310.3330	
86	675.607	832.5731	4322.3335	5649.3335	
87	681.587	802.8833	5705.6665	6988.6670	
88	687.561	303.1929	12444.0000	13213.0000	
89	693.528	128.5136	11026.6660	11589.3330	
90	699.489	368.1664	6662.0000	7432.6660	
91	705.443	318.5161	10304.6660	11007.6670	
92	711.390	213.3070	10385.0000	10946.6660	
93	717.331	218.3440	9141.0000	9688.6670	
94	723.265	179.0472	10291.0000	10780.3340	
95	729.192	397.7484	9500.3340	10189.3330	
96	735.113	631.4515	9699.0000	10602.6660	
97	741.026	489.4876	12783.0000	13525.6660	
98	746.934	610.7161	12489.3320	13322.0000	
99	752.834	485.4256	15771.6680	16462.6660	
100	758.728	475.8069	12823.0000	13488.0000	
101	764.615	311.3035	16059.6680	16501.6680	
102	770.495	328.9671	14109.6660	14575.3340	
103	776.369	213.8792	14346.0000	14670.3340	
104	782.236	171.4573	14194.3340	14450.0000	
105	788.096	187.0285	16645.6660	16847.6660	
106	793.949	248.6828	16464.3320	16806.3320	
107	799.795	301.4206	19860.6680	20076.6680	
108	805.635	319.9080	17525.6680	17958.6680	
109	811.468	309.2925	18298.6660	18642.3340	
110	817.294	265.3435	15443.0000	15789.6660	
111	823.113	162.3116	17241.6660	17430.0000	
112	828.925	231.7606	17060.6660	17332.6660	
113	834.731	341.6796	18748.6660	19144.3340	
114	840.530	564.9287	17847.0000	18479.6660	
115	846.322	325.1807	19487.6660	19823.0000	
116	852.107	249.5983	18150.0000	18509.3340	
117	857.885	249.7606	19718.0000	20017.3340	
118	863.656	262.5894	19329.6680	19715.0000	
119	869.420	298.6383	19511.0000	19859.0000	
120	875.177	335.5571	16765.0000	17187.6660	
121	880.928	321.7223	16058.0000	16465.0000	
122	886.672	233.8856	17274.0000	17591.3320	
123	892.408	262.3848	19215.0000	19559.0000	
124	898.138	289.8796	19607.6680	19977.3320	
125	903.861	335.1816	16404.0000	16813.6680	
126	909.576	278.1456	16211.0000	16558.3340	
127	915.285	187.8596	19245.3320	19428.6660	
128	920.987	199.9070	16724.6680	17023.0000	
129	926.682	239.0383	18983.0000	19161.0000	
130	932.370	326.3356	15116.0000	15490.3320	
131	938.051	275.9685	14393.6670	14712.3340	
132	943.724	257.9337	15598.0000	15893.3340	
133	949.391	279.3028	16896.0000	17219.0000	
134	955.051	541.0963	13938.0000	14517.6680	
135	960.704	412.5540	16764.0000	17210.0000	
136	966.349	259.6793	16735.0000	17023.0000	
137	971.988	313.0620	16539.6680	16778.0000	
138	977.619	438.2787	12847.3340	13307.0000	
139	983.244	347.7454	13906.0000	14271.6660	
140	988.861	252.3993	15354.3340	15610.0000	
141	994.471	225.5498	16231.3340	16439.6680	
142	1000.074	226.1163	14985.3340	15287.6680	
143	1005.670	215.6827	16873.3340	17064.0000	
144	1011.259	254.6652	16305.3340	16605.0000	
145	1016.841	256.4195	16187.6680	16524.6660	
146	1022.416	245.9860	16612.3340	16916.6680	
147	1027.983	230.1157	16710.3340	16990.3340	
148	1033.543	248.5150	15418.0000	15802.6660	
149	1039.096	238.2719	17525.3320	17782.0000	
150	1044.642	242.9459	16238.3340	16658.0000	
151	1050.181	264.7024	17250.6660	17585.6660	
152	1055.713	316.6267	13527.6660	14027.0000	
153	1061.237	267.2933	16999.0000	17438.6660	
154	1066.754	280.3757	16854.0000	17356.6660	
155	1072.264	252.6490	17566.6680	17975.6680	
156	1077.766	349.2560	17429.3340	18018.0000	
157	1083.262	293.9991	18320.6680	18754.3320	
158	1088.750	417.5756	13583.6680	14195.3330	
159	1094.231	460.2388	18309.3320	18941.0000	
160	1099.704	371.8971	18520.0000	19040.6660	
161	1105.171	87.9646	20524.3320	20723.6660	
162	1110.630	243.5245	18458.3320	18777.6660	
163	1116.081	388.4163	19685.6680	20114.3340	
164	1121.526	514.9760	17900.0000	18419.6660	
165	1126.963	579.5449	19619.0000	20166.6660	
166	1132.392	586.1139	19352.0000	19869.6660	
167	1137.815	610.0166	20308.3340	20761.6660	
168	1143.230	789.5856	18102.6680	18750.6680	
169	1148.637	571.1840	20283.6660	20684.6680	
170	1154.037	347.7784	20811.0000	20960.0000	
171	1159.430	330.3729	20542.6680	20645.6660	
172	1164.816	278.3049	19668.0000	19690.3340	
173	1170.194	112.6177	22783.6680	22640.0000	
174	1175.565	143.6004	21425.3340	21312.3340	
175	1180.928	190.2783	23553.6680	23496.3320	
176	1186.284	240.0970	22349.6660	22403.0000	
177	1191.632	263.6636	23532.3320	23468.0000	
178	1196.973	316.3961	22739.6660	22835.6680	
179	1202.307	384.7957	24577.3340	24672.0000	
180	1207.633	416.6947	23168.3340	23490.3340	
181	1212.951	427.5760	24698.6660	24965.6680	
182	1218.262	412.8592	23987.3340	24268.6660	
183	1223.566	350.0205	25387.3320	25538.3320	
184	1228.862	298.0996	25043.6660	25278.6680	
185	1234.151	187.7289	27003.3340	27036.0000	
186	1239.432	230.0280	26376.3320	26467.0000	
187	1244.705	368.6573	26688.0000	26933.0000	
188	1249.971	339.3696	26136.6680	26486.6680	
189	1255.230	297.1705	29373.3359	29509.6641	
190	1260.481	251.3052	27836.0000	28030.3320	
191	1265.724	244.9410	29790.6680	29901.0000	
192	1270.960	243.3257	29547.3320	29748.0000	
193	1276.188	256.9604	31091.0000	31236.0000	
194	1281.409	264.8242	29714.3320	29936.3320	
195	1286.622	256.2920	31268.6680	31467.6680	
196	1291.827	241.0844	30423.3320	30716.3320	
197	1297.025	214.6434	32393.3320	32526.3340	
198	1302.215	205.4541	31144.3320	31375.6680	
199	1307.397	206.0093	33072.6680	33331.0000	
200	1312.572	425.2404	31935.3320	32439.3359	
201	1317.739	284.0655	33556.3359	33841.3320	
202	1322.899	285.8089	32498.3359	32901.0000	
203	1328.051	424.2996	33852.3359	34398.0000	
204	1333.195	668.3315	32708.6680	33512.3320	
205	1338.331	607.3932	34695.3359	35445.6680	
206	1343.460	418.1188	33100.6680	33669.3320	
207	1348.581	214.8484	34995.0000	35368.0000	
208	1353.694	303.2461	33379.3320	33848.3359	
209	1358.800	358.6358	35843.3320	36375.3320	
210	1363.898	838.0295	34594.0000	35613.0000	
211	1368.988	787.7551	36447.0000	37423.3320	
212	1374.070	686.8171	35083.0000	35966.0000	
213	1379.145	610.3843	36875.6680	37691.6680	
214	1384.211	519.9515	35312.3359	36047.3359	
215	1389.270	80.8507	37290.6680	37596.0000	
216	1394.322	52.7536	35501.6641	35788.3320	
217	1399.365	81.5144	37368.6641	37614.6680	
218	1404.401	209.4917	35598.3320	36025.3359	
219	1409.428	349.0453	37510.0000	38059.3320	
220	1414.448	668.6070	35574.0000	36425.6680	
221	1419.460	773.0534	37568.0000	38510.3320	
222	1424.464	1082.1721	35942.0000	37179.6680	
223	1429.461	1371.6191	37514.3359	39027.6680	
224	1434.449	1935.9524	35837.0000	37885.0000	
225	1439.430	2047.9102	37634.3320	39768.3320	
226	1444.403	2481.8640	35921.6680	38463.6641	
227	1449.367	2643.1609	37705.6641	40383.0000	
228	1454.324	3013.4463	35646.0000	38667.6641	
229	1459.273	2956.9060	37815.0000	40721.0000	
230	1464.214	2284.0295	35237.3320	37411.3320	
231	1469.147	1282.4810	36680.3359	37793.6641	
232	1474.073	909.6078	34496.6680	35178.0000	
233	1478.990	526.6512	35974.3320	36222.0000	
234	1483.899	332.0270	33890.3320	33892.6680	
235	1488.800	201.3993	35978.0000	35761.3320	
236	1493.693	252.1068	34200.3320	33988.0000	
237	1498.579	178.2980	36264.6680	35975.3320	
238	1503.456	189.2130	34829.0000	34524.0000	
239	1508.325	242.8280	34990.3320	34708.6680	
240	1513.187	247.8145	28393.0000	28226.6660	
241	1518.040	222.7190	33029.3320	32667.0000	
242	1522.885	234.9980	35191.0000	34810.6680	
243	1527.722	232.0266	37959.6641	37542.6641	
244	1532.551	255.0972	36325.0000	35912.3320	
245	1537.372	268.7430	38304.6680	37807.3359	
246	1542.185	260.8558	36681.0000	36338.6680	
247	1546.990	257.6771	38543.6680	38076.6680	
248	1551.787	260.0826	37195.6680	36865.6641	
249	1556.575	243.2128	39536.0000	39104.0000	
250	1561.356	227.5106	37487.0000	37232.3359	
251	1566.128	179.3063	39436.3320	39094.6680	
252	1570.893	238.1886	38565.3320	38365.3359	
253	1575.649	179.2379	39808.0000	39642.0000	
254	1580.397	267.9552	37738.0000	37753.6641	
255	1585.137	272.3448	39372.6680	39485.6680	
256	1589.868	499.7301	36490.3359	36923.6680	
257	1594.592	529.7873	36236.6641	36793.0000	
258	1599.307	554.5012	35222.6680	35896.6641	
259	1604.014	293.8276	39403.0000	39927.3320	
260	1608.713	392.2468	38249.0000	38951.6680	
261	1613.404	368.5170	40201.3320	40923.3359	
262	1618.086	550.7748	39446.3359	40393.6641	
263	1622.760	430.7171	40453.0000	41323.3359	
264	1627.426	553.6509	38362.0000	39398.3359	
265	1632.084	753.5804	39081.6680	40340.3359	
266	1636.734	1291.9995	36829.3320	38629.3320	
267	1641.375	1764.4976	39797.3359	42076.6680	
268	1646.008	1928.3325	37579.0000	40029.0000	
269	1650.632	965.6332	39806.3320	41239.3320	
270	1655.249	504.6035	36729.0000	37646.6680	
271	1659.856	252.2326	39294.6680	39905.6641	
272	1664.456	459.5385	38109.0000	38873.0000	
273	1669.048	731.5046	39614.6680	40596.3320	
274	1673.631	1295.4773	37021.3320	38512.6680	
275	1678.205	1308.1077	37238.6680	38688.3320	
276	1682.772	1003.0756	36199.3320	37289.6641	
277	1687.329	477.8306	36232.6641	36734.0000	
278	1691.879	236.5770	36196.3359	36392.6680	
279	1696.420	0.0000	39232.6641	39128.6680	
280	1700.953	245.7484	35388.3359	35481.0000	
281	1705.478	456.0306	35872.3320	36090.6680	
282	1709.994	778.9711	33610.6680	34067.3320	
283	1714.501	525.2548	37756.6641	37875.0000	
284	1719.000	383.1981	34224.6641	34116.3320	
285	1723.491	215.9274	34136.6680	33809.0000	
286	1727.973	172.4904	29349.6660	29034.3320	
287	1732.447	179.1469	34144.6680	33609.6680	
288	1736.912	185.6930	33650.6641	33184.6641	
289	1741.369	185.0712	32578.0000	32051.6660	
290	1745.818	213.2002	29581.0000	29184.3340	
291	1750.257	246.6624	33711.6680	33066.6641	
292	1754.689	279.9576	31966.6680	31505.6660	
293	1759.112	313.0595	31498.0000	30998.0000	
294	1763.526	324.6604	26767.3320	26396.3320	
295	1767.932	250.0119	30796.0000	30237.0000	
296	1772.329	242.6124	32230.0000	31652.0000	
297	1776.718	300.9083	28906.6680	28400.3359	
298	1781.098	350.4518	25524.0000	25142.6680	
299	1785.470	343.4957	26281.6680	25808.6680	
300	1789.833	330.1234	25166.6680	24753.6660	
301	1794.187	270.7354	26772.6680	26292.0000	
302	1798.533	257.3307	28917.3320	28427.6641	
303	1802.870	173.2600	29492.3340	28923.0000	
304	1807.199	194.1894	28878.6680	28334.6680	
305	1811.519	232.1207	25953.6641	25452.0000	
306	1815.830	301.5475	23535.3340	23201.3340	
307	1820.133	297.2250	24472.0000	23996.6680	
308	1824.427	284.6256	23913.6680	23513.3340	
309	1828.712	273.2599	26935.6680	26434.3320	
310	1832.989	297.6429	25264.0000	24852.6641	
311	1837.257	307.2791	22555.6660	22165.3320	
312	1841.516	298.1647	22424.0000	22117.3340	
313	1845.767	260.0295	24297.3320	23844.3340	
314	1850.009	229.3100	26250.0000	25847.6680	
315	1854.242	211.0074	25371.3320	24901.6680	
316	1858.467	256.7023	23305.3340	22949.0000	
317	1862.682	249.0280	21910.6660	21565.0000	
318	1866.889	314.3517	19756.3340	19494.3340	
319	1871.088	387.9468	16555.6680	16443.0000	
320	1875.277	369.6043	16765.0000	16589.6680	
321	1879.458	391.0742	17867.6680	17692.0000	
322	1883.630	392.8918	13137.0000	13055.6660	
323	1887.793	372.7666	11830.3330	11741.6670	
324	1891.947	351.4750	13276.3340	13229.0000	
325	1896.093	311.0808	15892.0000	15685.6660	
326	1900.230	266.2697	13034.0000	12917.3340	
327	1904.358	213.4587	18108.0000	17847.6680	
328	1908.477	239.6470	17557.0000	17320.3340	
329	1912.587	316.5477	16158.3340	15989.0000	
330	1916.688	307.1213	16228.6660	16059.3340	
331	1920.781	293.0473	14005.0000	13898.0000	
332	1924.864	260.9332	16068.3320	15871.6680	
333	1928.939	206.3158	17098.0000	16868.0000	
334	1933.005	229.3660	15114.6680	14929.0000	
335	1937.062	264.0019	12179.6670	12105.3340	
336	1941.110	242.7200	14053.0000	13912.3320	
337	1945.149	232.8554	15616.0000	15497.6660	
338	1949.179	239.5735	15270.3340	15180.0000	
339	1953.200	228.6261	12525.3340	12445.3340	
340	1957.212	410.6780	6514.3330	6637.6670	
341	1961.216	320.7864	7908.0000	7972.0000	
342	1965.210	253.8952	8752.3330	8780.0000	
343	1969.195	267.3668	7338.6670	7423.0000	
344	1973.172	276.9725	5736.6670	5867.3335	
345	1977.139	372.0912	2894.3335	3154.6665	
346	1981.098	327.1270	1117.3333	1386.6667	
347	1985.047	265.6627	2891.3333	3114.3333	
348	1988.987	255.1158	2793.3335	3040.3335	
349	1992.919	280.1212	1223.0000	1530.0000	
350	1996.841	273.2428	339.3333	618.6666	
351	2000.754	313.5591	886.3334	1228.6666	
352	2004.658	329.7922	-6.6667	360.0000	
353	2008.553	286.6919	431.0000	762.6666	
354	2012.439	249.9249	-205.6667	97.3333	
355	2016.316	278.1579	303.6667	643.0000	
356	2020.184	272.8070	-399.3333	-49.3333	
357	2024.043	269.8531	336.0000	658.6667	
358	2027.892	267.3996	-351.0000	5.3333	
359	2031.733	268.5294	217.6667	563.6667	
360	2035.564	263.9096	-380.3333	-21.6667	
361	2039.386	265.6820	235.0000	580.6667	
362	2043.199	268.9543	-400.3333	-61.0000	
363	2047.003	272.5599	183.0000	545.6667	
364	2050.798	247.2420	-418.3333	-101.3333	
365	2054.583	260.7350	183.6667	512.6667	
366	2058.360	282.0614	-358.6667	-1.0000	
367	2062.127	278.1377	181.6667	523.3333	
368	2065.885	275.4641	-376.0000	-9.0000	
369	2069.634	269.3945	171.3333	478.6667	
370	2073.373	270.8877	-320.6667	20.3333	
371	2077.103	291.8855	308.6667	653.0000	
372	2080.824	287.6224	-359.0000	-32.0000	
373	2084.536	285.1483	161.6667	506.0000	
374	2088.238	273.6742	-274.3333	59.0000	
375	2091.932	261.2835	2.0000	343.3333	
376	2095.615	247.8928	-304.3333	-16.3333	
377	2099.290	254.7297	270.0000	571.6666	
378	2102.955	260.3166	-198.0000	88.6667	
379	2106.611	278.1535	140.3333	502.6667	
380	2110.258	279.4489	-409.6667	-105.6667	
381	2113.895	280.0822	-754.3334	-387.6667	
382	2117.523	281.0905	-122.3333	173.0000	
383	2121.142	282.1405	184.6667	521.0000	
384	2124.751	284.4821	-518.3333	-193.0000	
385	2128.351	270.2087	167.3333	502.6667	
386	2131.942	261.6122	-408.3333	-98.3333	
387	2135.523	264.4325	124.3333	435.3333	
388	2139.095	267.2525	-250.3333	65.3333	
389	2142.657	268.6479	304.6667	594.0000	
390	2146.210	269.8766	-414.6667	-82.6667	
391	2149.754	270.0219	211.0000	524.6667	
392	2153.288	276.8954	-596.6667	-279.0000	
393	2156.812	255.9094	60.3333	347.3333	
394	2160.327	277.5901	-299.6667	10.0000	
395	2163.833	319.2708	281.0000	633.3334	
396	2167.330	279.6175	-293.6667	20.0000	
397	2170.816	265.7622	120.6667	398.0000	
398	2174.293	265.8861	-411.3333	-104.0000	
399	2177.761	266.7393	147.6667	456.3334	
400	2181.220	258.7798	-215.0000	77.3333	
401	2184.668	259.9037	425.3333	718.6667	
402	2188.108	268.6943	-354.3333	-21.3333	
403	2191.537	268.9223	-31.3333	248.3333	
404	2194.958	269.0469	-369.0000	-67.0000	
405	2198.368	268.6664	268.3333	563.6667	
406	2201.769	272.0261	-340.6667	-14.0000	
407	2205.161	282.8460	271.6667	559.6667	
408	2208.543	315.6661	-304.3333	63.0000	
409	2211.915	293.9032	348.3333	695.6667	
410	2215.278	277.3904	-445.0000	-115.0000	
411	2218.631	275.6276	236.6667	580.6667	
412	2221.974	250.2831	-353.6667	-44.6667	
413	2225.308	253.7336	314.6667	615.3333	
414	2228.632	255.6407	-597.0000	-350.6667	
415	2231.947	293.2144	126.0000	465.0000	
416	2235.252	276.7880	-622.3333	-300.3333	
417	2238.547	269.4450	247.6667	547.0000	
418	2241.833	270.0187	-334.6667	-13.3333	
419	2245.109	270.1757	104.3333	418.0000	
420	2248.375	259.7477	-290.3333	12.3333	
421	2251.631	245.2372	270.6667	559.0000	
422	2254.878	268.7267	-459.3333	-147.3333	
423	2258.115	290.5496	179.3333	513.3333	
424	2261.343	291.0391	-320.6667	14.0000	
425	2264.560	301.0634	446.6666	790.3334	
426	2267.768	296.7542	54.0000	392.3333	
427	2270.966	265.1357	394.6667	712.3334	
428	2274.154	251.3343	-311.0000	-7.6667	
429	2277.333	257.0311	174.3333	464.3333	
430	2280.502	272.5612	-297.3333	26.6667	
431	2283.661	273.8415	418.3333	743.3334	
432	2286.810	269.1216	-395.6667	-59.0000	
433	2289.949	259.9851	223.0000	520.3334	
434	2293.079	271.3979	-277.6667	43.3333	
435	2296.198	281.1715	255.0000	542.3333	
436	2299.308	298.5288	-585.3333	-252.6667	
437	2302.408	297.2204	267.3333	595.6666	
438	2305.498	285.3287	-357.6667	-42.3333	
439	2308.579	288.3538	99.6667	436.3333	
440	2311.649	251.2958	-302.0000	-28.6667	
441	2314.709	221.5697	838.0000	1079.3333	
442	2317.760	253.5103	530.6666	801.6666	
443	2320.801	287.8675	287.6667	648.6667	
444	2323.832	287.2252	-471.3334	-206.0000	
445	2326.853	273.4065	399.3334	714.3333	
446	2329.864	270.0879	-135.3333	124.0000	
447	2332.865	270.3525	1076.3334	1362.0000	
448	2335.855	262.3677	118.3333	390.0000	
449	2338.837	268.3912	223.3333	526.3333	
450	2341.808	267.1646	-21.0000	262.0000	
451	2344.769	287.5215	638.0000	952.6667	
452	2347.720	309.6277	-549.0000	-211.0000	
453	2350.661	302.5872	439.0000	768.6666	
454	2353.592	270.5469	-144.6667	131.6667	
455	2356.513	283.5175	646.6667	943.0000	
456	2359.424	271.2032	339.3333	622.3333	
457	2362.325	255.3840	1145.0000	1409.6667	
458	2365.216	256.2314	52.3333	315.3333	
459	2368.097	258.7455	385.3333	648.3334	
460	2370.968	267.1766	428.3333	705.6667	
461	2373.829	267.0748	864.6666	1130.6666	
462	2376.680	272.0565	122.3333	397.6667	
463	2379.520	278.3714	1002.3334	1256.6667	
464	2382.351	298.1863	618.6667	919.0000	
465	2385.171	289.4179	443.3333	735.0000	
466	2387.982	283.5661	-203.0000	70.3333	
467	2390.782	283.4644	394.6667	704.0000	
468	2393.572	266.7790	55.3333	324.6667	
469	2396.352	259.8943	962.3333	1215.6667	
470	2399.121	279.2225	755.3333	1042.3334	
471	2401.881	274.8840	1127.0000	1449.6666	
472	2404.630	251.2122	-495.3334	-245.0000	
473	2407.369	252.0066	341.3333	569.3334	
474	2410.098	254.0928	-217.6667	52.3333	
475	2412.817	259.3872	850.6667	1086.3333	
476	2415.526	276.2332	-87.0000	152.3333	
477	2418.224	283.8199	439.3333	705.6667	
478	2420.912	288.5315	-91.3333	145.3333	
479	2423.590	292.5767	491.0000	735.3333	
480	2426.258	291.2884	-140.3333	101.6667	
481	2428.915	266.0835	466.6667	666.0000	
482	2431.562	270.1285	-387.6667	-156.3333	
483	2434.199	239.7570	345.0000	523.3334	
484	2436.826	206.8860	1440.3334	1403.6666	
485	2439.442	232.7926	512.6666	739.0000	
486	2442.048	305.0328	-445.3334	-247.6667	
487	2444.644	312.5228	327.6667	605.6667	
488	2447.229	309.9503	-280.6667	-32.3333	
489	2449.804	300.4012	125.6667	378.0000	
490	2452.368	277.8646	-330.0000	-119.6667	
491	2454.923	266.0428	472.6666	694.3333	
492	2457.467	261.7211	-144.3333	69.0000	
493	2460.000	266.1951	567.0000	784.0000	
494	2462.523	270.7523	-403.0000	-198.0000	
495	2465.036	275.7679	372.3333	613.6667	
496	2467.539	278.1794	-270.3333	-37.0000	
497	2470.031	281.5908	451.6667	688.0000	
498	2472.512	280.3981	-275.3333	-27.3333	
499	2474.983	269.0387	568.6666	793.3333	
500	2477.444	270.6792	-1.6667	213.0000	
501	2479.894	275.4871	243.3333	473.3333	
502	2482.334	275.0450	-213.6667	14.3333	
503	2484.763	265.4362	405.6667	603.3334	
504	2487.182	264.4941	-334.3333	-90.0000	
505	2489.590	267.5936	172.6667	370.0000	
506	2491.988	271.2764	-337.3333	-119.3333	
507	2494.375	297.1677	291.0000	533.3333	
508	2496.752	293.0589	-525.0000	-288.3333	
509	2499.119	273.1168	354.3333	587.0000	
510	2501.475	296.5079	-70.0000	167.0000	
511	2503.820	229.3992	165.3333	333.6667	
