resultName	chilca3-70
resultName	chilca3-70
ID	RS20200227095247_P19331194
Command	SCANANDSEARCH
User	Admin
Application	_Analyze
SerialNumber	P19331194
Power	280
Integration	900
Averages	3
AutoExposure	Off
AutoCollect	Off
QuickCollect	Off
AutoBackground	On
BaselineCorrection	On
Algorithm	Wavelet
Searched Library	All,None,None,None
MixtureComponents	2
matchThreshold	0.0
displayMatches	1
Threshold	0.80
WL Start	
WL End	
ServerVersion	3.180316
FirmwareVersion	
date	2020-02-27
time	09:52:47
scanindex	0
specpath	RS20200227095247_P19331194.xml
Search Range	200 - 2500
Synced	false
lastCalDateTime	2020-02-27 08:30:34
lastCalUser	Admin
lastCalResult	PASS
lastVerifyDateTime	2019-10-16 15:05:37
lastVerifyUser	Admin
lastVerifyResult	PASS
selectedMaterial	
result	No Match
ValidationGUID	
ValidationMatchQuality	
topMatch	
topMatchGUID	
topMatchQuality	
secondMatch	
secondMatchGUID	
secondMatchQuality	
thirdMatch	
thirdMatchGUID	
thirdMatchQuality	
fourthMatch	
fourthMatchGUID	
fourthMatchQuality	
fifthMatch	
fifthMatchGUID	
fifthMatchQuality	
signedBy	
signedDateTime	
softwareVer	1.7.0.21
memo	
batchID	
inBatch	false
batchUID	
batchCID1	
batchCIDlbl1	
batchCID2	
batchCIDlbl2	
batchCID3	
batchCIDlbl3	
batchCID4	
batchCIDlbl4	
batchCID5	
batchCIDlbl5	
signedTitle	
signedReason	
rescanned	
barcode	
topMatchContribs	
secondMatchContribs	
thirdMatchContribs	
fourthMatchContribs	
fifthMatchContribs	
ValidationMatchContribs	
Threat	
PrecursorList	
CompundName	
WindowStart4C	
MatchLibrary	
lastModified	2020/02/27 09:53
Signal2Noise	67.86
Detector TEC SetPoint	0x8000
Detector Temp	4.95
Laser Temp	25.40
OE1 Temp	30.72
OE2 Temp	34.38
Detector Gain	200
SaturationDetected	false
InterpolatedPixelList	
PeakList	 304.7	767	328.3	744	434.8	707	488.4	603	560.7	689	657.4	1053	666.3	1029	759.2	2348	797.7	934	846.8	569	1158.3	643	1296.9	782	1304.9	676	1377.3	1549	1440.1	5474	1564.7	1644	1645.4	4560	1676.2	3226
index	Raman Shift (cm-1)	Y value (counts)	background (counts)	raw value (counts)
0	137.455	263.4789	2311.6665	5320.6665	
1	143.948	260.4786	2447.6665	5344.0000	
2	150.436	216.1443	2627.0000	5369.3330	
3	156.918	252.4776	2818.3335	5487.3335	
4	163.394	267.4767	2411.0000	4985.3330	
5	169.865	295.1432	3010.3333	5502.6665	
6	176.330	333.1426	2685.0000	5105.6665	
7	182.790	267.8087	2904.3335	5150.0000	
8	189.244	255.4749	2480.3335	4604.0000	
9	195.693	263.1413	2948.6667	4970.3335	
10	202.136	273.4742	2791.6665	4714.0000	
11	208.573	221.1404	3296.0000	5056.3335	
12	215.005	272.1400	2673.6667	4375.3335	
13	221.431	183.8057	3152.6665	4716.3335	
14	227.851	150.2643	2945.6667	4414.6665	
15	234.266	86.5809	3380.6665	4789.6670	
16	240.675	158.5631	2627.6667	4112.3335	
17	247.078	191.2117	2951.3335	4472.3330	
18	253.476	320.5280	2624.6665	4278.6665	
19	259.868	337.1774	3004.0000	4678.3335	
20	266.254	239.8265	2292.3333	3873.0000	
21	272.635	164.0677	3113.6667	4636.6665	
22	279.009	84.6426	2820.0000	4281.6665	
23	285.378	255.5510	2783.3333	4434.0000	
24	291.742	492.4592	2357.0000	4262.6665	
25	298.099	731.3884	2583.3335	4754.0000	
26	304.451	766.9846	2180.6665	4413.0000	
27	310.797	696.9132	2933.0000	5121.3330	
28	317.137	565.8076	2336.6667	4433.3330	
29	323.471	582.4918	2454.6667	4529.6670	
30	329.800	744.1746	2000.3335	4198.6665	
31	336.122	465.5247	2784.0000	4665.3330	
32	342.439	307.5419	2364.0000	4049.0000	
33	348.750	285.5583	2623.6667	4248.3330	
34	355.055	342.2419	1847.6667	3490.6665	
35	361.354	338.6601	2520.0000	4108.6670	
36	367.648	292.3238	2002.6667	3510.3335	
37	373.935	187.3438	1942.3333	3316.3335	
38	380.216	65.0300	2126.0000	3349.0000	
39	386.492	181.3829	2280.3335	3591.0000	
40	392.762	252.0695	1684.6667	3037.3335	
41	399.025	322.8270	2147.0000	3549.6665	
42	405.283	82.5849	1873.6667	3015.3333	
43	411.535	147.6764	1226.3333	2412.3335	
44	417.781	276.4339	1092.0000	2386.0000	
45	424.020	646.4833	1635.3333	3310.6665	
46	430.254	675.8662	774.6666	2490.6665	
47	436.482	706.9160	816.3333	2574.6667	
48	442.704	566.9655	450.3333	2080.0000	
49	448.920	301.7746	1106.0000	2494.0000	
50	455.129	269.4512	488.3333	1866.0000	
51	461.333	217.2946	519.3333	1837.6667	
52	467.531	225.1378	500.6667	1868.6667	
53	473.722	209.3740	827.0000	2153.0000	
54	479.908	313.2766	363.3333	1860.3333	
55	486.087	603.1796	82.6667	1885.3334	
56	492.260	517.8294	252.3333	1970.6667	
57	498.427	518.8182	643.0000	2344.3333	
58	504.588	270.1406	445.3333	1880.0000	
59	510.743	210.1292	342.6667	1699.3333	
60	516.892	233.4515	112.6667	1474.6666	
61	523.034	459.1121	598.3334	2151.0000	
62	529.171	335.4393	-7.6667	1386.3333	
63	535.301	221.0166	657.0000	1841.6667	
64	541.425	215.8439	50.0000	1264.0000	
65	547.543	250.8379	557.6667	1743.3333	
66	553.655	314.7485	859.0000	2092.3333	
67	559.760	688.7423	1352.3334	2924.6665	
68	565.859	629.0699	581.3333	2059.0000	
69	571.952	258.8734	794.6666	1871.6667	
70	578.039	229.2404	-52.6667	941.3333	
71	584.119	252.5854	207.3333	1242.6666	
72	590.193	253.4094	-12.0000	1029.0000	
73	596.261	212.6211	584.6667	1536.0000	
74	602.323	166.9161	609.0000	1501.3334	
75	608.378	115.5442	749.6667	1577.3333	
76	614.427	181.8392	608.0000	1488.6666	
77	620.469	320.6408	1018.3334	2109.6667	
78	626.505	310.0430	634.6666	1604.3333	
79	632.535	411.0286	709.3333	1838.6667	
80	638.559	555.0972	506.0000	1790.0000	
81	644.576	718.8328	1121.0000	2579.3333	
82	650.587	862.2349	469.0000	2081.3333	
83	656.591	1052.9705	273.3333	2087.0000	
84	662.589	828.7062	200.3333	1800.3335	
85	668.581	1029.3042	337.0000	2108.0000	
86	674.566	562.2355	-176.6667	1097.6666	
87	680.544	444.1670	367.6667	1494.3334	
88	686.517	287.0981	356.0000	1296.0000	
89	692.483	302.3920	775.3334	1733.6667	
90	698.442	363.3523	137.6667	1160.0000	
91	704.395	276.8131	376.3333	1326.6666	
92	710.341	216.6465	202.6667	1079.0000	
93	716.281	148.2587	392.3333	1292.6666	
94	722.214	88.2876	186.3333	1032.3334	
95	728.141	60.1500	503.0000	1419.6667	
96	734.061	205.1788	146.3333	1257.6666	
97	739.975	145.2081	764.3334	1832.0000	
98	745.882	366.3354	438.0000	1829.0000	
99	751.783	1078.0117	1106.6666	3270.3335	
100	757.677	2348.3538	200.0000	3695.0000	
101	763.564	2082.6538	931.0000	4187.3335	
102	769.445	715.6202	359.3333	2275.6667	
103	775.319	505.5867	770.6666	2504.0000	
104	781.187	634.5531	406.0000	2295.3333	
105	787.048	751.8404	991.0000	3008.3333	
106	792.902	685.4609	763.6667	2725.3333	
107	798.750	933.7484	1180.0000	3400.6665	
108	804.591	864.7025	547.3333	2709.6665	
109	810.425	340.0931	1175.0000	2803.3333	
110	816.253	100.4835	503.3333	1882.6665	
111	822.074	80.2906	1002.6666	2353.0000	
112	827.888	109.6057	514.6667	1881.3335	
113	833.695	122.7496	1085.0000	2387.6667	
114	839.496	263.7267	668.0000	2178.3335	
115	845.290	569.2038	1057.3334	2860.0000	
116	851.078	373.6807	792.3334	2386.3333	
117	856.858	285.0483	1036.6666	2546.3335	
118	862.632	168.7490	941.6667	2339.3335	
119	868.399	260.5471	1047.0000	2528.3333	
120	874.159	328.2927	590.0000	2145.0000	
121	879.913	406.6261	1011.6666	2641.6665	
122	885.659	393.9600	689.3333	2303.3335	
123	891.399	465.6266	988.0000	2670.3333	
124	897.132	216.6266	802.3334	2232.3333	
125	902.858	144.3492	826.0000	2183.0000	
126	908.577	246.4048	433.0000	1891.3333	
127	914.290	307.1272	995.6667	2514.0000	
128	919.995	460.5164	311.6667	1982.6667	
129	925.694	308.9055	955.0000	2473.6667	
130	931.385	203.9612	403.3333	1816.3333	
131	937.070	178.6837	927.3334	2314.3335	
132	942.748	266.0726	460.6667	1934.3333	
133	948.419	301.5535	788.3333	2310.3333	
134	954.083	497.0883	322.3333	2039.3333	
135	959.740	365.2898	686.3333	2271.0000	
136	965.390	118.4914	458.3334	1795.6667	
137	971.033	204.2198	659.3334	2079.3335	
138	976.669	325.2815	10.3333	1548.3334	
139	982.299	292.0099	479.0000	1980.6665	
140	987.921	214.9283	402.0000	1811.3333	
141	993.536	280.7560	439.0000	1910.3333	
142	999.144	288.2501	197.3333	1672.3333	
143	1004.745	266.0777	679.0000	2128.0000	
144	1010.339	361.9053	83.0000	1624.0000	
145	1015.926	353.3995	543.3334	2072.0000	
146	1021.506	193.2272	445.3333	1810.0000	
147	1027.078	208.0546	642.3334	2018.0000	
148	1032.644	291.2158	285.3333	1740.3333	
149	1038.203	215.6028	568.6666	1941.0000	
150	1043.754	219.9897	206.3333	1576.0000	
151	1049.298	236.0430	461.0000	1839.6665	
152	1054.836	234.0558	-19.3333	1339.6667	
153	1060.366	240.5452	580.6666	1918.6667	
154	1065.889	272.0510	284.3333	1693.3333	
155	1071.404	398.0884	580.6667	2108.0000	
156	1076.913	522.7928	271.3333	1915.6667	
157	1082.414	523.7457	636.6666	2273.6665	
158	1087.908	331.6990	90.6667	1527.3334	
159	1093.395	172.9857	615.0000	1884.6667	
160	1098.875	269.2722	471.6667	1829.3334	
161	1104.348	307.0598	750.6667	2127.6667	
162	1109.813	297.0588	305.3333	1673.0000	
163	1115.271	266.7243	867.6667	2205.6667	
164	1120.721	223.0565	323.3333	1618.3335	
165	1126.165	174.0168	815.0000	2065.3335	
166	1131.601	171.3104	355.6667	1607.6666	
167	1137.030	195.9376	943.6666	2224.6667	
168	1142.452	263.2303	233.3333	1586.0000	
169	1147.866	396.6738	857.0000	2359.0000	
170	1153.273	567.7841	463.0000	2152.0000	
171	1158.672	642.5610	937.3334	2717.0000	
172	1164.064	476.0046	435.0000	2064.0000	
173	1169.449	358.4360	1128.0000	2652.0000	
174	1174.827	214.8677	705.3333	2098.3335	
175	1180.197	175.9473	1215.6666	2564.0000	
176	1185.560	191.0937	772.0000	2173.0000	
177	1190.915	156.9066	1103.6666	2477.3333	
178	1196.263	169.0530	922.3334	2315.0000	
179	1201.603	362.1996	1182.6666	2775.3335	
180	1206.936	501.3459	668.3333	2407.0000	
181	1212.262	449.7076	1279.0000	2972.0000	
182	1217.580	534.4293	914.3334	2686.0000	
183	1222.891	545.7672	1322.3334	3116.3330	
184	1228.194	555.4402	907.0000	2721.6665	
185	1233.489	434.9176	1448.0000	3159.0000	
186	1238.778	254.3951	1175.3334	2722.6667	
187	1244.058	214.2055	1438.0000	2962.0000	
188	1249.331	137.3490	1144.6667	2608.6667	
189	1254.597	213.9350	1799.3333	3378.6667	
190	1259.855	175.8538	1336.0000	2916.0000	
191	1265.106	236.4395	1803.3333	3482.6665	
192	1270.349	300.6917	1525.3334	3307.6665	
193	1275.584	350.6110	1998.3333	3869.3335	
194	1280.812	325.8631	1398.6666	3283.6665	
195	1286.032	451.4488	2055.6667	4105.0000	
196	1291.244	780.1700	1407.0000	3837.6665	
197	1296.449	782.2668	2081.3333	4514.3335	
198	1301.647	655.0298	1665.3333	3971.3335	
199	1306.836	676.1260	2253.6667	4581.0000	
200	1312.018	669.2218	1911.6665	4232.3335	
201	1317.193	212.9565	2035.0000	3873.0000	
202	1322.359	188.3579	1918.6667	3705.6665	
203	1327.518	427.7157	2222.6665	4208.6665	
204	1332.670	474.1514	1916.6666	3930.0000	
205	1337.813	277.4297	2469.6667	4285.0000	
206	1342.949	255.3749	1762.3333	3554.3330	
207	1348.077	88.6538	2479.3333	4103.3335	
208	1353.198	159.9323	1893.0000	3587.0000	
209	1358.311	254.8777	2693.3333	4481.0000	
210	1363.415	636.1559	2119.0000	4286.6665	
211	1368.513	1184.4348	2599.0000	5313.6665	
212	1373.602	1431.0469	2168.3333	5128.3335	
213	1378.684	1549.0127	2669.6667	5759.0000	
214	1383.757	1204.9795	2231.3333	4988.0000	
215	1388.823	476.9457	2889.6667	4929.6670	
216	1393.881	129.9124	2180.0000	3884.3335	
217	1398.932	0.0000	2799.0000	4375.6670	
218	1403.974	58.8380	2337.3333	3948.3335	
219	1409.009	321.6760	3076.0000	4925.3335	
220	1414.036	797.5140	2350.6667	4651.3335	
221	1419.054	1226.9236	2854.0000	5566.3335	
222	1424.065	1659.6667	2441.0000	5568.3335	
223	1429.068	3060.4092	2832.0000	7342.3330	
224	1434.064	4990.6416	2500.6665	8906.0000	
225	1439.051	5474.4678	2868.3335	9723.0000	
226	1444.030	5385.9614	2465.3333	9197.0000	
227	1449.001	5331.7886	3060.0000	9703.0000	
228	1453.965	4901.9478	2303.0000	8481.6660	
229	1458.920	4179.7529	3015.6665	8381.6660	
230	1463.868	3290.5598	2342.3333	6728.6670	
231	1468.807	2422.0303	2954.6667	6382.0000	
232	1473.739	1644.5012	2274.0000	4833.3330	
233	1478.662	913.2645	2788.0000	4535.0000	
234	1483.578	475.6936	2170.0000	3398.3335	
235	1488.485	286.4551	2821.3333	3779.3335	
236	1493.385	128.2175	2197.6667	2916.3333	
237	1498.276	160.7390	2916.6667	3608.0000	
238	1503.159	166.1175	2263.3333	2908.6667	
239	1508.035	168.9500	2764.0000	3368.6665	
240	1512.902	127.1166	1892.0000	2411.3333	
241	1517.761	123.2833	2629.0000	3101.0000	
242	1522.612	131.7832	2449.0000	2886.0000	
243	1527.454	102.2826	3262.0000	3626.0000	
244	1532.289	194.1158	2570.3335	2982.6667	
245	1537.116	229.5525	3233.6665	3679.0000	
246	1541.934	262.3379	2533.0000	3043.6667	
247	1546.745	238.4563	3231.0000	3750.3335	
248	1551.547	373.5757	2618.0000	3305.0000	
249	1556.341	689.8391	3284.6665	4358.3330	
250	1561.126	1381.7715	2679.3333	4515.3335	
251	1565.904	1644.3691	3183.6665	5352.6670	
252	1570.673	890.2979	2915.3333	4400.6665	
253	1575.434	321.5979	3228.3330	4202.0000	
254	1580.187	207.3970	2684.0000	3558.3335	
255	1584.932	134.6965	3221.6665	4172.3330	
256	1589.668	77.6626	2470.0000	3337.3330	
257	1594.396	30.7954	2999.6665	3910.6665	
258	1599.116	149.7617	2402.0000	3489.0000	
259	1603.828	352.0346	3020.0000	4387.0000	
260	1608.531	674.5930	2804.0000	4531.0000	
261	1613.226	943.5894	3204.6667	5257.6665	
262	1617.912	1093.9199	3129.0000	5389.3330	
263	1622.591	1274.9172	3288.6665	5787.0000	
264	1627.261	1905.5806	2754.3335	5940.3335	
265	1631.922	2789.4612	3130.0000	7230.6670	
266	1636.576	3570.7327	2456.0000	7346.6670	
267	1641.220	4054.7454	3420.0000	8803.0000	
268	1645.857	4559.7568	2572.3335	8468.6670	
269	1650.485	3690.6023	3152.6667	8105.0000	
270	1655.105	2777.7808	2625.3333	6590.0000	
271	1659.716	2459.2932	3221.6665	6793.0000	
272	1664.319	2392.4714	2666.0000	6095.6665	
273	1668.913	2713.6501	3402.3335	7078.3340	
274	1673.499	3043.1633	2518.6665	6449.3340	
275	1678.077	3226.0073	2776.3333	6815.0000	
276	1682.646	1940.8540	2666.6667	5345.3335	
277	1687.206	815.1636	2930.3333	4397.6665	
278	1691.759	372.1396	2528.3333	3467.0000	
279	1696.302	192.4495	3197.6665	3871.0000	
280	1700.837	110.1108	2466.6665	2985.6667	
281	1705.364	151.2217	2943.3333	3419.0000	
282	1709.882	151.6667	2241.3335	2633.0000	
283	1714.391	177.6121	2979.3335	3297.6665	
284	1718.892	262.0578	2254.3335	2615.0000	
285	1723.385	217.7052	2980.3333	3242.3335	
286	1727.868	235.1851	1949.3333	2202.0000	
287	1732.344	248.2994	2749.0000	2978.0000	
288	1736.810	247.9849	2282.6665	2495.3333	
289	1741.268	255.0036	2664.0000	2888.6667	
290	1745.717	260.6890	1911.6667	2132.0000	
291	1750.158	230.0411	2791.3335	2974.0000	
292	1754.590	236.0607	2088.6665	2270.3333	
293	1759.014	264.7329	2636.6667	2837.6667	
294	1763.428	282.3218	1560.6667	1808.0000	
295	1767.835	291.6608	2441.3333	2621.6667	
296	1772.232	311.7494	1969.0000	2177.3333	
297	1776.621	317.9099	2260.3333	2492.3333	
298	1781.001	310.4871	1338.0000	1598.6667	
299	1785.372	296.8142	2143.0000	2323.3335	
300	1789.735	290.9746	1304.6666	1553.3334	
301	1794.089	257.3759	2113.3335	2314.0000	
302	1798.434	242.3367	1858.0000	2036.6665	
303	1802.770	187.6308	2463.6667	2580.6665	
304	1807.098	195.2587	1974.0000	2091.6667	
305	1811.416	232.2194	1860.0000	2007.6667	
306	1815.726	289.8471	1424.3333	1622.6667	
307	1820.027	277.4745	2014.0000	2220.6667	
308	1824.320	280.8136	1376.3334	1529.6667	
309	1828.603	275.4084	2244.3333	2402.0000	
310	1832.878	274.7532	1432.3334	1569.0000	
311	1837.144	279.5356	1781.0000	1975.0000	
312	1841.401	267.9429	1408.3334	1568.0000	
313	1845.649	248.3710	1631.6667	1771.6666	
314	1849.889	239.9658	1649.6665	1809.6665	
315	1854.119	233.8107	1881.3333	2006.6665	
316	1858.340	234.3224	1260.3334	1411.0000	
317	1862.553	244.0870	1484.3334	1647.6666	
318	1866.757	278.8517	1025.6666	1226.6666	
319	1870.951	326.2831	1228.6666	1480.0000	
320	1875.137	292.3810	508.6667	729.0000	
321	1879.314	289.2290	1237.3334	1432.3334	
322	1883.482	273.9969	428.0000	678.6667	
323	1887.641	267.9910	784.6667	999.0000	
324	1891.791	241.7350	455.0000	643.3333	
325	1895.932	245.2850	1230.6666	1406.3333	
326	1900.064	247.2517	470.0000	686.6667	
327	1904.187	246.5309	1245.6666	1424.6666	
328	1908.300	251.3519	613.6666	789.0000	
329	1912.405	288.7318	1068.0000	1290.3334	
330	1916.501	283.8918	603.0000	786.6667	
331	1920.588	271.8852	884.3334	1159.0000	
332	1924.666	231.7117	548.0000	708.0000	
333	1928.734	244.9914	1302.6667	1481.0000	
334	1932.794	254.9379	524.6667	718.0000	
335	1936.844	288.2177	931.3333	1163.0000	
336	1940.885	263.1640	472.0000	683.6667	
337	1944.917	218.7771	851.6666	1024.0000	
338	1948.940	249.3901	593.0000	801.0000	
339	1952.954	271.6697	855.0000	1090.3333	
340	1956.959	321.2831	76.6667	366.6667	
341	1960.955	300.6326	469.0000	741.6667	
342	1964.941	260.9820	271.6667	508.0000	
343	1968.918	251.4094	419.0000	653.3333	
344	1972.886	259.4056	-180.3333	84.0000	
345	1976.845	266.8451	264.3333	499.3333	
346	1980.794	273.1179	-266.0000	17.3333	
347	1984.735	280.8907	43.6667	320.6667	
348	1988.666	277.6637	-274.0000	28.3333	
349	1992.588	266.3557	333.0000	612.0000	
350	1996.500	218.2187	-407.3333	-184.3333	
351	2000.404	249.7500	295.0000	552.0000	
352	2004.298	283.4479	-440.6667	-136.3333	
353	2008.182	287.3957	237.0000	521.3333	
354	2012.058	284.9270	-429.0000	-102.0000	
355	2015.924	265.5415	206.6667	489.3333	
356	2019.781	249.1560	-489.6667	-210.0000	
357	2023.628	249.6021	240.0000	523.3333	
358	2027.466	250.2983	-436.0000	-206.6667	
359	2031.295	264.1612	162.3333	444.0000	
360	2035.114	273.1910	-464.3334	-174.3333	
361	2038.924	269.2930	199.0000	481.6667	
362	2042.725	257.1451	-450.6667	-193.0000	
363	2046.516	260.5804	143.6667	412.6667	
364	2050.298	243.6984	-485.3334	-226.3333	
365	2054.070	244.1427	165.6667	407.6667	
366	2057.833	254.2538	-405.3333	-134.0000	
367	2061.586	300.3649	123.6667	442.0000	
368	2065.330	271.8093	-409.0000	-118.3333	
369	2069.065	245.9203	148.3333	414.0000	
370	2072.790	242.6981	-361.3333	-98.0000	
371	2076.505	259.0834	289.3333	540.6667	
372	2080.211	283.3315	-409.3333	-116.6667	
373	2083.908	279.3915	108.6667	415.0000	
374	2087.595	272.7016	-333.3333	-59.3333	
375	2091.272	273.1783	-8.3333	271.6667	
376	2094.940	256.5720	-362.0000	-98.0000	
377	2098.599	256.9866	227.3333	470.0000	
378	2102.248	266.9846	-215.3333	67.0000	
379	2105.887	277.3993	161.6667	425.6667	
380	2109.516	278.5641	-498.3334	-199.0000	
381	2113.136	280.0384	-778.3334	-498.6667	
382	2116.747	252.1793	-206.3333	42.3333	
383	2120.348	243.6535	172.0000	409.0000	
384	2123.939	242.1277	-591.3333	-359.0000	
385	2127.521	245.0152	77.3333	321.6667	
386	2131.093	260.3283	-491.0000	-220.6667	
387	2134.655	267.7247	81.6667	328.6667	
388	2138.207	270.7874	-450.0000	-185.3333	
389	2141.750	270.5303	233.3333	495.0000	
390	2145.283	269.1064	-438.6667	-179.3333	
391	2148.807	255.1409	213.6667	445.3334	
392	2152.321	267.3130	-621.6667	-375.6667	
393	2155.825	265.3235	46.6667	291.3333	
394	2159.319	261.7506	-306.0000	-63.6667	
395	2162.804	261.5111	326.3333	569.6667	
396	2166.279	270.1881	-335.0000	-44.6667	
397	2169.744	270.6786	105.0000	340.0000	
398	2173.199	261.9192	-437.6667	-193.3333	
399	2176.644	262.4931	137.0000	380.0000	
400	2180.080	272.2337	-232.3333	20.6667	
401	2183.506	276.0576	394.0000	666.6666	
402	2186.922	274.5482	-404.0000	-158.3333	
403	2190.328	269.2055	-61.0000	192.6667	
404	2193.725	264.0295	-434.6666	-190.0000	
405	2197.111	262.1292	205.6667	454.6667	
406	2200.488	249.2064	-439.6666	-217.0000	
407	2203.854	248.5042	176.3333	417.3333	
408	2207.211	249.9691	-397.0000	-160.0000	
409	2210.558	255.7612	286.0000	526.3333	
410	2213.896	260.8033	-451.0000	-206.3333	
411	2217.223	261.5121	265.6667	510.3334	
412	2220.540	266.8875	-385.3333	-136.0000	
413	2223.847	274.0661	313.0000	563.6667	
414	2227.145	265.6612	-607.3333	-367.6667	
415	2230.432	263.3398	144.0000	383.3333	
416	2233.709	268.0183	-647.3333	-401.3333	
417	2236.977	270.1969	182.3333	434.0000	
418	2240.234	268.2087	-577.6667	-321.3333	
419	2243.482	268.2206	-42.6667	179.3333	
420	2246.719	270.5657	-445.6667	-172.3333	
421	2249.946	277.2596	254.6667	511.6667	
422	2253.164	278.8702	-510.3334	-236.6667	
423	2256.371	261.2307	222.3333	464.6666	
424	2259.568	232.5077	-366.3333	-154.3333	
425	2262.755	268.9618	172.3333	419.0000	
426	2265.933	292.4159	-185.3333	83.0000	
427	2269.100	270.2508	307.0000	578.3334	
428	2272.256	255.8965	-361.6667	-121.3333	
429	2275.403	247.1075	153.0000	386.6667	
430	2278.540	250.6519	-372.3333	-133.0000	
431	2281.667	253.1962	304.0000	548.0000	
432	2284.783	268.0739	-468.3333	-185.3333	
433	2287.889	265.9515	184.0000	428.3334	
434	2290.985	287.7520	-425.3333	-152.6667	
435	2294.071	276.8663	178.3333	458.3333	
436	2297.147	268.8970	-637.0000	-394.3333	
437	2300.212	268.2432	279.0000	540.3334	
438	2303.267	259.3395	-464.0000	-213.6667	
439	2306.312	247.1024	-16.3333	195.3333	
440	2309.347	246.0322	-619.0000	-367.6667	
441	2312.372	250.3973	313.3333	555.0000	
442	2315.386	254.9499	-301.0000	-52.3333	
443	2318.390	255.5650	131.3333	358.0000	
444	2321.384	265.8259	-538.0000	-282.3333	
445	2324.368	280.6267	331.3333	598.6667	
446	2327.341	280.0941	-523.3333	-259.6667	
447	2330.304	278.8950	144.3333	403.6667	
448	2333.256	266.7020	-427.3333	-171.0000	
449	2336.199	241.5920	-40.6667	187.3333	
450	2339.131	244.1487	-378.3333	-154.6667	
451	2342.052	253.9552	403.3333	641.6666	
452	2344.963	260.9286	-596.0000	-376.6667	
453	2347.864	261.0523	303.3333	557.6667	
454	2350.755	265.6762	-444.3334	-205.6667	
455	2353.635	276.4734	150.6667	395.6667	
456	2356.505	273.2403	-510.6667	-266.6667	
457	2359.364	264.5938	183.3333	419.6667	
458	2362.213	254.6140	-309.0000	-81.6667	
459	2365.051	235.6342	196.0000	405.3333	
460	2367.879	255.9863	-264.3333	-33.6667	
461	2370.697	280.1501	39.6667	329.3333	
462	2373.504	283.1474	-306.6667	-67.3333	
463	2376.300	280.4779	243.3333	491.0000	
464	2379.086	283.4751	-462.3333	-177.0000	
465	2381.862	273.9723	61.3333	295.0000	
466	2384.627	267.1362	-366.0000	-156.6667	
467	2387.382	270.1334	213.3333	444.3333	
468	2390.125	270.6321	-576.0000	-354.6667	
469	2392.859	240.2368	197.0000	373.0000	
470	2395.582	243.8990	-383.6667	-179.0000	
471	2398.294	250.2487	273.6667	490.0000	
472	2400.996	249.0568	-628.3334	-434.3333	
473	2403.687	253.3052	217.3333	419.3333	
474	2406.368	255.4912	-462.6667	-257.3333	
475	2409.038	250.2398	309.0000	466.0000	
476	2411.697	260.2343	-424.3333	-199.3333	
477	2414.346	260.7524	302.6667	466.6667	
478	2416.984	275.0623	-478.0000	-298.0000	
479	2419.612	296.9555	29.0000	245.6667	
480	2422.228	283.8069	-438.3333	-235.3333	
481	2424.834	278.3251	196.0000	393.0000	
482	2427.430	200.1767	-466.0000	-347.6667	
483	2430.015	272.3615	156.6667	346.6667	
484	2432.589	283.8792	1204.6666	1510.6667	
485	2435.152	280.0425	231.0000	357.6667	
486	2437.705	257.4560	-713.0000	-531.6666	
487	2440.247	276.6194	67.0000	226.6667	
488	2442.778	298.5328	-486.0000	-285.3333	
489	2445.298	289.4803	-12.6667	175.6667	
490	2447.808	247.4198	-548.3333	-393.0000	
491	2450.306	256.9542	346.6667	492.0000	
492	2452.794	260.9061	-413.3334	-222.6667	
493	2455.272	256.1664	239.3333	391.6667	
494	2457.738	253.9266	-596.3333	-451.6667	
495	2460.194	257.7702	215.6667	375.0000	
496	2462.638	244.0305	-325.6667	-197.0000	
497	2465.073	238.7073	415.6667	537.0000	
498	2467.496	245.3009	-421.6667	-299.6667	
499	2469.908	249.1445	448.0000	554.0000	
500	2472.309	270.4036	-382.6667	-243.0000	
501	2474.699	269.0094	-15.3333	124.6667	
502	2477.079	268.1361	-462.3333	-326.3333	
503	2479.448	269.9503	223.6667	368.3333	
504	2481.805	272.0770	-387.0000	-267.6667	
505	2484.152	293.7036	152.6667	320.0000	
506	2486.488	273.4970	-398.0000	-250.0000	
507	2488.813	245.2903	193.0000	313.6667	
508	2491.127	243.4171	-639.0000	-519.3333	
509	2493.430	263.2103	226.6667	367.0000	
510	2495.722	315.3370	-333.6667	-140.3333	
511	2498.003	213.7970	-58.0000	34.6667	
