resultName	chilca0-54
resultName	chilca0-54
ID	RS20200227083756_P19331194
Command	SCANANDSEARCH
User	Admin
Application	_Analyze
SerialNumber	P19331194
Power	280
Integration	900
Averages	3
AutoExposure	Off
AutoCollect	Off
QuickCollect	Off
AutoBackground	On
BaselineCorrection	On
Algorithm	Wavelet
Searched Library	All,None,None,None
MixtureComponents	2
matchThreshold	0.0
displayMatches	1
Threshold	0.80
WL Start	
WL End	
ServerVersion	3.180316
FirmwareVersion	
date	2020-02-27
time	08:37:56
scanindex	0
specpath	RS20200227083756_P19331194.xml
Search Range	200 - 2500
Synced	false
lastCalDateTime	2020-02-27 08:30:34
lastCalUser	Admin
lastCalResult	PASS
lastVerifyDateTime	2019-10-16 15:05:37
lastVerifyUser	Admin
lastVerifyResult	PASS
selectedMaterial	
result	No Match
ValidationGUID	
ValidationMatchQuality	
topMatch	
topMatchGUID	
topMatchQuality	
secondMatch	
secondMatchGUID	
secondMatchQuality	
thirdMatch	
thirdMatchGUID	
thirdMatchQuality	
fourthMatch	
fourthMatchGUID	
fourthMatchQuality	
fifthMatch	
fifthMatchGUID	
fifthMatchQuality	
signedBy	
signedDateTime	
softwareVer	1.7.0.21
memo	
batchID	
inBatch	false
batchUID	
batchCID1	
batchCIDlbl1	
batchCID2	
batchCIDlbl2	
batchCID3	
batchCIDlbl3	
batchCID4	
batchCIDlbl4	
batchCID5	
batchCIDlbl5	
signedTitle	
signedReason	
rescanned	
barcode	
topMatchContribs	
secondMatchContribs	
thirdMatchContribs	
fourthMatchContribs	
fifthMatchContribs	
ValidationMatchContribs	
Threat	
PrecursorList	
CompundName	
WindowStart4C	
MatchLibrary	
lastModified	2020/02/27 08:38
Signal2Noise	60.95
Detector TEC SetPoint	0x8000
Detector Temp	4.96
Laser Temp	25.40
OE1 Temp	24.00
OE2 Temp	27.06
Detector Gain	200
SaturationDetected	false
InterpolatedPixelList	
PeakList	 304.5	1148	328.6	1029	431.1	970	495.5	842	560.1	1007	656.4	1299	759.0	4082	796.6	1505	889.0	800	1077.0	838	1157.8	934	1296.6	1147	1304.7	951	1376.8	2071	1439.8	7174	1564.4	2199	1614.5	2200	1644.8	5475	1676.1	4487
index	Raman Shift (cm-1)	Y value (counts)	background (counts)	raw value (counts)
0	137.455	316.0797	1240.0000	5388.0000	
1	143.948	323.4317	1325.0000	5335.0000	
2	150.436	280.1176	1495.3334	5316.6670	
3	156.918	354.4691	1643.0000	5393.3330	
4	163.394	394.8215	1240.3334	4885.6665	
5	169.865	504.8406	1737.6665	5347.6665	
6	176.330	474.8599	1435.6666	4870.3335	
7	182.790	454.8785	1654.3335	4923.6670	
8	189.244	379.5644	1276.0000	4324.6670	
9	195.693	383.9160	1666.6665	4574.3330	
10	202.136	310.9348	1522.0000	4211.3330	
11	208.573	256.9539	1971.0000	4461.0000	
12	215.005	310.6394	1388.6667	3787.0000	
13	221.431	231.9482	1809.0000	4056.6665	
14	227.851	196.0064	1600.0000	3727.3335	
15	234.266	239.1940	1951.6666	4119.6670	
16	240.675	190.7143	1452.0000	3569.0000	
17	247.078	294.2352	1647.3333	3865.3335	
18	253.476	384.0893	1425.3334	3730.6670	
19	259.868	449.9431	1700.3333	4069.0000	
20	266.254	410.4637	1091.0000	3417.6665	
21	272.635	252.7861	1770.3335	3961.0000	
22	279.009	104.4423	1540.0000	3604.0000	
23	285.378	328.7644	1574.6667	3884.6665	
24	291.742	724.4208	1128.0000	3855.3335	
25	298.099	1053.3181	1411.3333	4503.6665	
26	304.451	1147.8831	1012.6666	4235.6670	
27	310.797	1013.1133	1735.3333	4859.6665	
28	317.137	757.6249	1236.3334	4157.6670	
29	323.471	890.6205	1314.0000	4314.0000	
30	329.800	1029.2830	835.6666	3920.0000	
31	336.122	688.2777	1591.3334	4280.3330	
32	342.439	493.2739	1218.3333	3658.0000	
33	348.750	441.6024	1500.3334	3834.0000	
34	355.055	465.9315	846.3333	3150.0000	
35	361.354	471.5925	1318.3333	3558.3335	
36	367.648	400.4881	959.0000	3076.6667	
37	373.935	167.6503	885.3333	2725.0000	
38	380.216	88.8123	1016.3333	2732.0000	
39	386.492	200.9745	1128.3333	2911.0000	
40	392.762	425.1364	739.0000	2700.6665	
41	399.025	306.1427	1094.0000	3057.3333	
42	405.283	151.3156	908.0000	2524.0000	
43	411.535	257.2383	552.6666	2238.6665	
44	417.781	400.4944	374.3333	2167.6665	
45	424.020	958.6412	873.6666	3237.3333	
46	430.254	969.7883	202.0000	2589.0000	
47	436.482	928.6022	398.3333	2756.3335	
48	442.704	681.4152	125.6667	2248.6665	
49	448.920	428.5546	508.6667	2404.6665	
50	455.129	354.9363	91.6667	1941.0000	
51	461.333	285.3178	173.0000	1979.6667	
52	467.531	241.0326	196.3333	1985.6667	
53	473.722	272.7362	337.0000	2058.0000	
54	479.908	456.2733	42.3333	2084.3335	
55	486.087	808.8934	-52.0000	2361.3333	
56	492.260	738.4467	-90.6667	2254.3335	
57	498.427	842.0618	248.6667	2685.0000	
58	504.588	478.3437	0.6667	2061.0000	
59	510.743	215.2923	180.3333	1965.3333	
60	516.892	343.5744	-172.0000	1729.0000	
61	523.034	754.4979	210.0000	2467.3333	
62	529.171	466.7550	-231.0000	1684.0000	
63	535.301	373.6786	340.3333	2060.3333	
64	541.425	368.6022	-188.6667	1599.0000	
65	547.543	362.1925	255.0000	1901.6666	
66	553.655	446.4496	196.3333	1872.6667	
67	559.760	1007.0399	597.3334	2779.6667	
68	565.859	742.6304	87.6667	1951.0000	
69	571.952	303.7067	444.3333	1834.3333	
70	578.039	173.9876	-170.6667	1068.6666	
71	584.119	215.4195	162.3333	1398.0000	
72	590.193	245.6012	-262.6667	1036.6666	
73	596.261	240.7184	214.0000	1442.0000	
74	602.323	237.4188	11.6667	1218.6666	
75	608.378	273.0358	182.0000	1254.0000	
76	614.427	336.1527	14.0000	1284.3334	
77	620.469	439.7083	235.0000	1765.6665	
78	626.505	422.6353	52.6667	1334.3333	
79	632.535	488.4788	310.3333	1767.6666	
80	638.559	711.0724	28.3333	1725.3333	
81	644.576	935.3331	477.6666	2416.0000	
82	650.587	1213.2600	-134.0000	2099.3335	
83	656.591	1299.1870	2.0000	2338.3333	
84	662.589	983.7809	-58.3333	1979.6667	
85	668.581	978.9785	124.0000	2120.3335	
86	674.566	626.5096	-309.3333	1206.6666	
87	680.544	663.3737	158.0000	1735.3333	
88	686.517	431.5715	-175.0000	1163.3334	
89	692.483	447.3484	363.6667	1669.0000	
90	698.442	448.7088	-142.3333	1291.3333	
91	704.395	417.2527	-18.6667	1315.0000	
92	710.341	356.5683	-191.3333	1080.6666	
93	716.281	271.4947	14.6667	1258.6666	
94	722.214	95.7546	-180.0000	945.3334	
95	728.141	88.3476	119.6667	1294.6666	
96	734.061	134.6075	-194.6667	1083.6666	
97	739.975	281.2008	218.0000	1700.0000	
98	745.882	766.3208	-68.6667	1941.3333	
99	751.783	2002.6882	462.3333	3766.6667	
100	757.677	4082.0549	-281.0000	5160.6665	
101	763.564	3458.0024	261.3333	5118.0000	
102	769.445	1342.6173	-262.6667	2517.6667	
103	775.319	833.5644	183.6667	2494.0000	
104	781.187	1036.1787	-206.3333	2345.6665	
105	787.048	1361.3960	261.0000	3161.6665	
106	792.902	1341.6138	19.0000	2923.3333	
107	798.750	1505.1646	297.0000	3388.3330	
108	804.591	1068.3821	-186.3333	2491.6665	
109	810.425	442.6480	375.0000	2416.3333	
110	816.253	232.2473	-132.0000	1688.0000	
111	822.074	232.8463	276.6667	2086.3333	
112	827.888	141.1841	-201.6667	1521.0000	
113	833.695	222.4332	286.3333	1972.6667	
114	839.496	382.3490	-97.3333	1833.3333	
115	845.290	669.2648	233.6667	2434.6667	
116	851.078	471.5139	44.0000	2030.6667	
117	856.858	312.5930	236.3333	2076.3333	
118	862.632	216.6722	145.0000	1901.3333	
119	868.399	320.9920	202.0000	2060.0000	
120	874.159	386.0520	-91.0000	1847.6666	
121	879.913	630.9072	385.0000	2573.3335	
122	885.659	678.7622	1.0000	2242.0000	
123	891.399	799.9507	217.3333	2584.3333	
124	897.132	328.8055	73.0000	1973.6665	
125	902.858	250.5880	186.0000	2004.6665	
126	908.577	325.1203	-187.3333	1627.0000	
127	914.290	463.4861	240.0000	2264.0000	
128	919.995	636.2686	-338.3333	1854.6667	
129	925.694	429.3844	270.6667	2253.0000	
130	931.385	310.2502	-193.0000	1630.3334	
131	937.070	299.6158	429.0000	2254.3335	
132	942.748	303.3984	-72.3333	1734.3335	
133	948.419	363.7086	228.6667	2153.3333	
134	954.083	585.1802	-133.3333	2020.6666	
135	959.740	470.9849	125.0000	2172.6665	
136	965.390	190.7897	-90.3333	1685.0000	
137	971.033	310.0451	119.3333	2020.0000	
138	976.669	331.4878	-358.0000	1605.0000	
139	982.299	325.4100	86.6667	2004.3333	
140	987.921	338.7272	-46.3333	1807.6665	
141	993.536	400.7620	-44.0000	1947.0000	
142	999.144	426.8802	-256.6667	1758.0000	
143	1004.745	442.6649	170.3333	2198.3333	
144	1010.339	451.1165	-412.3333	1621.6667	
145	1015.926	451.9013	91.3333	2123.6667	
146	1021.506	317.3528	-15.3333	1880.0000	
147	1027.078	387.8044	151.0000	2114.3335	
148	1032.644	356.7554	-147.0000	1829.6667	
149	1038.203	317.5938	54.3333	1938.3333	
150	1043.754	234.9325	-242.6667	1552.0000	
151	1049.298	303.9376	-27.6667	1829.3333	
152	1054.836	323.8607	-375.0000	1484.6667	
153	1060.366	331.1174	115.6667	1895.6667	
154	1065.889	438.7340	-193.3333	1791.0000	
155	1071.404	621.8621	97.3333	2253.0000	
156	1076.913	838.3234	-255.0000	2105.3333	
157	1082.414	730.7759	134.3333	2372.0000	
158	1087.908	398.8946	-271.3333	1619.3333	
159	1093.395	221.3469	117.6667	1815.6667	
160	1098.875	330.7990	-47.6667	1744.6667	
161	1104.348	506.0332	94.6667	2035.6665	
162	1109.813	458.1334	-270.3333	1624.0000	
163	1115.271	368.5665	243.0000	2049.0000	
164	1120.721	229.3332	-266.0000	1402.0000	
165	1126.165	222.9157	181.3333	1847.0000	
166	1131.601	249.4984	-310.6667	1385.6666	
167	1137.030	267.0811	237.3333	1955.3334	
168	1142.452	412.3293	-402.6667	1464.6666	
169	1147.866	556.2091	188.0000	2224.3335	
170	1153.273	848.0887	-251.3333	2102.0000	
171	1158.672	934.3018	202.0000	2666.6665	
172	1164.064	640.5152	-305.0000	1891.0000	
173	1169.449	396.5715	320.0000	2294.6667	
174	1174.827	315.5444	-112.6667	1768.6667	
175	1180.197	278.0206	269.6667	2184.6665	
176	1185.560	238.0207	-120.3333	1773.6665	
177	1190.915	229.6042	186.3333	2033.6665	
178	1196.263	265.5213	-12.6667	1944.3335	
179	1201.603	515.4381	201.3333	2426.0000	
180	1206.936	576.3547	-279.0000	2024.3333	
181	1212.262	456.1122	307.0000	2511.3333	
182	1217.580	680.6163	-122.6667	2312.0000	
183	1222.891	738.9532	259.6667	2777.0000	
184	1228.194	720.9567	-150.3333	2373.3333	
185	1233.489	596.1646	290.3333	2717.0000	
186	1238.778	420.3719	46.0000	2324.6665	
187	1244.058	313.2470	328.0000	2527.3335	
188	1249.331	255.7877	6.3333	2176.0000	
189	1254.597	314.1643	548.0000	2832.0000	
190	1259.855	146.5406	143.3333	2315.6667	
191	1265.106	353.2505	560.3334	2995.3333	
192	1270.349	456.2938	232.0000	2826.0000	
193	1275.584	592.6701	569.0000	3355.3330	
194	1280.812	495.7137	31.6667	2777.0000	
195	1286.032	788.0897	622.0000	3715.6665	
196	1291.244	1140.4761	14.0000	3534.0000	
197	1296.449	1147.2117	556.6667	4078.0000	
198	1301.647	922.2806	221.6667	3512.6665	
199	1306.836	950.6834	732.6667	4046.6670	
200	1312.018	895.4184	406.6667	3660.0000	
201	1317.193	309.4332	399.0000	3032.0000	
202	1322.359	181.1144	366.6667	2837.0000	
203	1327.518	627.5353	606.3333	3470.3335	
204	1332.670	625.7277	343.0000	3182.3335	
205	1337.813	402.9870	790.0000	3426.6665	
206	1342.949	246.9140	124.3333	2625.0000	
207	1348.077	103.5068	751.3334	3128.6665	
208	1353.198	304.7668	180.3333	2779.0000	
209	1358.311	373.3600	946.6666	3634.0000	
210	1363.415	1009.6192	375.0000	3718.6665	
211	1368.513	1647.2124	785.6667	4787.0000	
212	1373.602	1856.1392	386.0000	4616.3335	
213	1378.684	2070.8022	780.6667	5256.0000	
214	1383.757	1457.7988	431.0000	4323.6665	
215	1388.823	475.4623	1000.3334	3941.0000	
216	1393.881	148.1266	306.6667	2950.3333	
217	1398.932	0.0000	844.3334	3354.6665	
218	1403.974	28.6410	487.0000	2998.6667	
219	1409.009	395.9470	1150.3334	4002.0000	
220	1414.036	1096.5876	470.0000	3995.0000	
221	1419.054	1661.5027	873.6666	4926.0000	
222	1424.065	2506.7500	488.3334	5348.3335	
223	1429.068	4474.9980	866.6666	7657.3330	
224	1434.064	6856.3193	600.0000	9710.3330	
225	1439.051	7174.1333	921.0000	10287.6670	
226	1444.030	7012.6138	555.3333	9699.0000	
227	1449.001	6773.4258	1031.6666	9874.6660	
228	1453.965	6277.2407	401.6667	8687.0000	
229	1458.920	5098.9702	1045.6667	8029.6660	
230	1463.868	3794.0337	477.3333	6033.3335	
231	1468.807	2721.4302	1021.6666	5382.0000	
232	1473.739	1819.8250	407.3333	3743.0000	
233	1478.662	992.4205	848.6667	3248.6667	
234	1483.578	508.3498	356.6667	2164.3333	
235	1488.485	297.6137	929.0000	2417.6667	
236	1493.385	275.2082	296.3333	1654.3333	
237	1498.276	236.7148	1003.3333	2249.6665	
238	1503.159	246.0392	360.6667	1553.3333	
239	1508.035	206.9627	846.3334	1955.3335	
240	1512.902	154.5527	314.0000	1326.0000	
241	1517.761	183.8094	810.3334	1807.0000	
242	1522.612	158.7327	543.6667	1470.6666	
243	1527.454	217.6563	1182.0000	2123.3333	
244	1532.289	293.2471	538.3333	1510.6667	
245	1537.116	309.8120	1147.0000	2149.3333	
246	1541.934	294.8443	491.6666	1542.6665	
247	1546.745	352.5440	1095.6666	2268.0000	
248	1551.547	478.5757	525.6666	1887.6667	
249	1556.341	1057.9626	1094.0000	3143.6665	
250	1561.126	2031.3506	601.6666	3733.0000	
251	1565.904	2199.4033	1016.0000	4423.6665	
252	1570.673	1080.4590	746.6666	3143.6665	
253	1575.434	485.1400	1010.0000	2886.0000	
254	1580.187	336.4880	569.3333	2379.6665	
255	1584.932	220.9189	1042.0000	2863.3333	
256	1589.668	85.1830	412.3333	2111.3335	
257	1594.396	22.8635	969.0000	2680.0000	
258	1599.116	145.2108	442.6667	2350.3333	
259	1603.828	687.5364	853.6666	3408.6665	
260	1608.531	1855.3630	643.3333	4409.3330	
261	1613.226	2199.5459	973.6667	5159.3335	
262	1617.912	1756.7280	907.0000	4725.3335	
263	1622.591	1881.5769	998.6667	5017.3330	
264	1627.261	3031.7615	578.0000	5822.3330	
265	1631.922	4223.4199	907.3334	7382.3330	
266	1636.576	4784.0547	367.0000	7408.6670	
267	1641.220	5212.0732	1177.3334	8649.3330	
268	1645.857	5475.0933	390.0000	8127.3330	
269	1650.485	4019.6113	938.0000	7106.3340	
270	1655.105	2835.1299	544.3333	5414.6670	
271	1659.716	2534.6465	1012.6666	5469.0000	
272	1664.319	2623.8315	473.0000	4905.0000	
273	1668.913	3307.6836	1146.0000	6148.3330	
274	1673.499	4181.8672	409.6666	6172.6665	
275	1678.077	4487.3862	695.3333	6650.3335	
276	1682.646	2410.9031	592.3333	4357.3335	
277	1687.206	901.9376	861.3334	2997.3333	
278	1691.759	307.6387	471.6666	1893.3335	
279	1696.302	169.0038	987.6667	2150.6665	
280	1700.837	140.6716	386.3333	1420.3334	
281	1705.364	135.7172	939.0000	1845.3333	
282	1709.882	194.4282	309.3333	1151.6666	
283	1714.391	248.8073	847.0000	1609.0000	
284	1718.892	371.5197	278.0000	1040.3334	
285	1723.385	366.1924	1041.3334	1770.6667	
286	1727.868	352.1984	220.0000	896.0000	
287	1732.344	396.3636	776.9999	1445.3333	
288	1736.810	381.9033	338.6667	951.6667	
289	1741.268	374.1095	759.0000	1416.0000	
290	1745.717	370.4402	172.6667	823.0000	
291	1750.158	340.8547	816.6666	1402.6666	
292	1754.590	367.2278	222.6667	828.3334	
293	1759.014	397.3922	842.0000	1460.3333	
294	1763.428	402.5566	8.6667	614.6667	
295	1767.835	365.7210	668.6667	1220.3333	
296	1772.232	409.2177	117.0000	694.6667	
297	1776.621	419.5293	592.3334	1184.3334	
298	1781.001	399.8406	-110.0000	466.3333	
299	1785.372	375.2355	689.3333	1234.6666	
300	1789.735	371.2139	-105.3333	459.6667	
301	1794.089	339.3831	598.0000	1134.3334	
302	1798.434	323.7708	180.0000	694.3333	
303	1802.770	359.4921	733.6667	1277.3334	
304	1807.098	367.2132	299.0000	844.0000	
305	1811.416	364.6011	349.3333	885.3334	
306	1815.726	333.3222	100.0000	598.3334	
307	1820.027	342.3767	684.0000	1185.0000	
308	1824.320	367.6473	5.3333	510.6667	
309	1828.603	368.1656	713.3334	1226.0000	
310	1832.878	368.1837	6.3333	493.0000	
311	1837.144	366.7851	528.3334	1052.6666	
312	1841.401	364.9700	156.3333	667.3334	
313	1845.649	358.4716	220.3333	725.0000	
314	1849.889	345.1400	79.3333	563.3333	
315	1854.119	352.3085	430.3333	941.6666	
316	1858.340	361.8102	-67.3333	409.6666	
317	1862.553	392.6935	281.6667	826.6666	
318	1866.757	383.9935	-49.6667	484.0000	
319	1870.951	391.6893	355.0000	851.3333	
320	1875.137	403.2601	-422.3334	125.3333	
321	1879.314	401.5600	315.6667	859.0000	
322	1883.482	362.6328	-220.3333	297.0000	
323	1887.641	348.7105	177.6667	673.6667	
324	1891.791	338.4550	-275.6667	202.6667	
325	1895.932	343.4828	411.6667	888.3333	
326	1900.064	343.3858	-211.6667	220.3333	
327	1904.187	350.0803	291.0000	800.0000	
328	1908.300	349.5665	-321.3333	141.3333	
329	1912.405	365.1230	243.6667	700.0000	
330	1916.501	363.4237	-229.3333	207.0000	
331	1920.588	368.8080	231.3333	704.6667	
332	1924.666	372.6293	-280.0000	157.0000	
333	1928.734	372.7755	423.6667	886.0000	
334	1932.794	374.0258	-204.6667	239.6667	
335	1936.844	372.0261	327.6667	787.3334	
336	1940.885	370.4431	-251.0000	188.3333	
337	1944.917	372.9434	100.3333	548.3333	
338	1948.940	376.3604	-187.6667	245.3333	
339	1952.954	393.8607	278.0000	742.6667	
340	1956.959	378.4445	-244.3333	203.6667	
341	1960.955	357.3175	125.6667	550.3334	
342	1964.941	360.3987	-113.0000	302.0000	
343	1968.918	349.3246	113.0000	545.0000	
344	1972.886	349.5849	-390.0000	35.3333	
345	1976.845	350.3836	128.3333	565.3334	
346	1980.794	334.5988	-341.0000	68.3333	
347	1984.735	343.4600	-38.6667	364.6667	
348	1988.666	357.8629	-353.6667	45.3333	
349	1992.588	396.2953	263.3333	732.3333	
350	1996.500	395.6796	-469.0000	-16.3333	
351	2000.404	373.3183	273.3333	682.3334	
352	2004.298	375.1861	-437.6667	-8.6667	
353	2008.182	371.6997	230.3333	669.3333	
354	2012.058	369.0675	-436.6667	-24.6667	
355	2015.924	370.9352	227.3333	639.6667	
356	2019.781	365.2197	-499.6667	-88.6667	
357	2023.628	365.2464	232.6667	640.3333	
358	2027.466	353.5233	-434.3333	-55.3333	
359	2031.295	350.0500	138.6667	552.0000	
360	2035.114	353.4099	-426.6667	-56.3333	
361	2038.924	370.7425	188.6667	569.0000	
362	2042.725	390.9502	-481.3334	-64.6667	
363	2046.516	393.9285	141.6667	558.0000	
364	2050.298	358.5642	-503.6667	-129.3333	
365	2054.070	353.3337	146.3333	543.0000	
366	2057.833	354.1865	-426.6667	-43.3333	
367	2061.586	360.4560	179.6667	571.6667	
368	2065.330	370.4755	-401.6667	5.6667	
369	2069.065	367.1617	141.6667	519.0000	
370	2072.790	364.0144	-402.0000	26.0000	
371	2076.505	371.4656	304.0000	679.3333	
372	2080.211	360.4577	-400.6666	-9.3333	
373	2083.908	362.1616	165.6667	509.3333	
374	2087.595	372.7821	-331.3333	50.6667	
375	2091.272	368.8193	-42.0000	363.6667	
376	2094.940	352.5229	-334.0000	24.3333	
377	2098.599	354.2197	224.3333	583.6666	
378	2102.248	368.9166	-182.0000	191.3333	
379	2105.887	395.9467	165.6667	565.3333	
380	2109.516	390.3101	-487.0000	-93.6667	
381	2113.136	375.7535	-771.0000	-393.3333	
382	2116.747	345.1968	-168.6667	177.3333	
383	2120.348	347.3069	185.0000	532.0000	
384	2123.939	367.7502	-605.3333	-239.0000	
385	2127.521	354.6352	67.6667	436.3333	
386	2131.093	356.1390	-454.3334	-101.3333	
387	2134.655	357.9971	24.6667	408.6667	
388	2138.207	363.0011	-423.3333	-60.0000	
389	2141.750	362.8744	249.0000	619.3333	
390	2145.283	358.5811	-486.3333	-119.3333	
391	2148.807	339.1212	198.6667	546.3333	
392	2152.321	373.6120	-618.0000	-277.3333	
393	2155.825	401.4762	13.6667	408.6667	
394	2159.319	391.4237	-332.0000	53.0000	
395	2162.804	377.6212	322.0000	670.6666	
396	2166.279	377.5681	-333.6667	60.6667	
397	2169.744	365.6510	97.0000	454.0000	
398	2173.199	353.5675	-434.3333	-100.0000	
399	2176.644	349.9004	140.3333	500.6667	
400	2180.080	350.4834	-192.0000	126.6667	
401	2183.506	354.1706	433.3334	766.3333	
402	2186.922	360.2327	-384.6667	-57.3333	
403	2190.328	377.3158	-56.6667	298.0000	
404	2193.725	369.6495	-427.0000	-82.3333	
405	2197.111	328.3634	228.3333	532.3333	
406	2200.488	358.2853	-445.0000	-95.6667	
407	2203.854	371.4366	182.6667	548.6667	
408	2207.211	377.5044	-392.6667	-25.0000	
409	2210.558	376.3407	287.6667	654.6667	
410	2213.896	394.7604	-464.6667	-63.0000	
411	2217.223	367.6801	269.6667	648.6667	
412	2220.540	362.9334	-400.6666	-22.0000	
413	2223.847	369.7941	299.6667	673.0000	
414	2227.145	343.0389	-635.6667	-288.3333	
415	2230.432	369.2837	133.0000	507.3333	
416	2233.709	375.9452	-644.3333	-260.0000	
417	2236.977	374.1900	161.0000	532.0000	
418	2240.234	373.4348	-587.0000	-189.6667	
419	2243.482	362.2629	-55.0000	315.3333	
420	2246.719	341.1740	-407.3333	-57.3333	
421	2249.946	348.8727	246.0000	603.0000	
422	2253.164	368.1756	-472.0000	-87.6667	
423	2256.371	368.8742	181.6667	560.3334	
424	2259.568	376.3854	-404.6667	-41.3333	
425	2262.755	399.6683	114.0000	517.3334	
426	2265.933	380.7012	-202.6667	211.0000	
427	2269.100	358.0730	322.6667	665.6667	
428	2272.256	359.8972	-390.3333	-22.3333	
429	2275.403	350.9958	139.6667	503.6667	
430	2278.540	354.3443	-345.3333	-14.6667	
431	2281.667	359.1094	256.3333	651.0000	
432	2284.783	370.3746	-459.0000	-76.0000	
433	2287.889	369.6398	158.0000	544.0000	
434	2290.985	377.2161	-435.6667	-57.0000	
435	2294.071	364.2585	160.6667	526.6666	
436	2297.147	359.9674	-628.0000	-266.0000	
437	2300.212	358.8304	259.0000	614.0000	
438	2303.267	361.2768	-473.0000	-96.0000	
439	2306.312	362.5565	-39.0000	305.3333	
440	2309.347	369.7524	-607.6667	-241.0000	
441	2312.372	387.7904	275.3333	657.6666	
442	2315.386	380.9952	-380.6667	6.6667	
443	2318.390	366.5332	119.6667	476.0000	
444	2321.384	350.5717	-557.0000	-219.0000	
445	2324.368	355.7544	347.0000	686.3333	
446	2327.341	367.9373	-529.3333	-173.0000	
447	2330.304	374.0368	158.3333	480.3333	
448	2333.256	362.7420	-462.6667	-89.6667	
449	2336.199	364.1326	-47.6667	300.6667	
450	2339.131	339.1064	-377.0000	-56.6667	
451	2342.052	335.0804	381.3333	694.6667	
452	2344.963	372.7204	-611.6667	-263.6667	
453	2347.864	373.1465	307.6667	658.0000	
454	2350.755	359.4061	-466.6667	-110.3333	
455	2353.635	348.9808	172.3333	487.0000	
456	2356.505	366.0003	-515.6667	-183.0000	
457	2359.364	373.0761	156.0000	514.0000	
458	2362.213	373.5686	-323.0000	9.6667	
459	2365.051	373.1028	135.0000	468.6667	
460	2367.879	373.5948	-264.6667	79.0000	
461	2370.697	377.2869	39.3333	395.0000	
462	2373.504	370.6874	-306.6667	-0.6667	
463	2376.300	370.9211	244.0000	585.0000	
464	2379.086	378.4883	-448.6667	-153.0000	
465	2381.862	383.8887	35.6667	370.6667	
466	2384.627	382.3724	-348.3333	-33.6667	
467	2387.382	348.4396	230.0000	505.3333	
468	2390.125	359.5071	-578.6667	-321.3333	
469	2392.859	366.4513	145.0000	443.3333	
470	2395.582	366.2828	-396.0000	-103.0000	
471	2398.294	328.4476	294.0000	544.0000	
472	2400.996	342.9454	-624.3333	-365.0000	
473	2403.687	351.1949	218.0000	485.6667	
474	2406.368	356.0277	-452.0000	-206.0000	
475	2409.038	376.1104	278.0000	556.0000	
476	2411.697	386.6179	-404.0000	-121.3333	
477	2414.346	371.0226	308.0000	559.0000	
478	2416.984	362.6982	-468.6666	-228.0000	
479	2419.612	370.0404	35.0000	281.0000	
480	2422.228	389.4661	-450.6666	-158.6667	
481	2424.834	386.8084	166.6667	413.6667	
482	2427.430	388.8173	-508.0000	-239.3333	
483	2430.015	359.4095	179.3333	406.6667	
484	2432.589	317.9178	1151.0000	1234.3334	
485	2435.152	326.6906	207.0000	427.6667	
486	2437.705	329.1299	-688.0000	-484.0000	
487	2440.247	394.0694	40.3333	293.0000	
488	2442.778	384.6756	-498.3334	-243.6667	
489	2445.298	377.3135	15.0000	231.0000	
490	2447.808	363.1523	-580.6666	-340.6667	
491	2450.306	364.1877	341.0000	586.3333	
492	2452.794	363.6177	-403.0000	-203.0000	
493	2455.272	386.1764	216.6667	469.0000	
494	2457.738	382.2558	-628.6667	-372.0000	
495	2460.194	374.7936	197.3333	429.0000	
496	2462.638	378.7689	-359.0000	-128.0000	
497	2465.073	311.7442	414.6667	574.0000	
498	2467.496	342.7196	-439.3333	-253.6667	
499	2469.908	347.6949	422.6667	608.6667	
500	2472.309	367.1716	-389.0000	-179.0000	
501	2474.699	371.6698	-3.0000	191.3333	
502	2477.079	370.6680	-471.6667	-258.6667	
503	2479.448	372.9162	209.6667	417.6667	
504	2481.805	371.9144	-390.3333	-212.0000	
505	2484.152	380.6626	164.6667	384.0000	
506	2486.488	367.8482	-431.3333	-207.3333	
507	2488.813	346.9922	175.6667	363.3333	
508	2491.127	357.4072	-634.0000	-474.6667	
509	2493.430	382.6554	196.6667	422.0000	
510	2495.722	405.6535	-323.3333	-74.0000	
511	2498.003	319.9851	-90.3333	74.3333	
