resultName	chilca2-5
resultName	chilca2-5
ID	RS20191205110826_P19331194
Command	SCANANDSEARCH
User	Admin
Application	_Analyze
SerialNumber	P19331194
Power	280
Integration	900
Averages	3
AutoExposure	Off
AutoCollect	Off
QuickCollect	Off
AutoBackground	On
BaselineCorrection	On
Algorithm	Wavelet
Searched Library	All,None,None,None
MixtureComponents	2
matchThreshold	0.75
displayMatches	1
Threshold	0.80
WL Start	
WL End	
ServerVersion	3.180316
FirmwareVersion	
date	2019-12-05
time	11:08:26
scanindex	0
specpath	RS20191205110826_P19331194.xml
Search Range	200 - 2500
Synced	false
lastCalDateTime	2019-12-05 09:53:08
lastCalUser	Admin
lastCalResult	PASS
lastVerifyDateTime	2019-10-16 15:05:37
lastVerifyUser	Admin
lastVerifyResult	PASS
selectedMaterial	
result	No Match
ValidationGUID	
ValidationMatchQuality	
topMatch	
topMatchGUID	
topMatchQuality	
secondMatch	
secondMatchGUID	
secondMatchQuality	
thirdMatch	
thirdMatchGUID	
thirdMatchQuality	
fourthMatch	
fourthMatchGUID	
fourthMatchQuality	
fifthMatch	
fifthMatchGUID	
fifthMatchQuality	
signedBy	
signedDateTime	
softwareVer	1.7.0.21
memo	
batchID	
inBatch	false
batchUID	
batchCID1	
batchCIDlbl1	
batchCID2	
batchCIDlbl2	
batchCID3	
batchCIDlbl3	
batchCID4	
batchCIDlbl4	
batchCID5	
batchCIDlbl5	
signedTitle	
signedReason	
rescanned	
barcode	
topMatchContribs	
secondMatchContribs	
thirdMatchContribs	
fourthMatchContribs	
fifthMatchContribs	
ValidationMatchContribs	
Threat	
PrecursorList	
CompundName	
WindowStart4C	
MatchLibrary	
lastModified	2019/12/05 11:14
Signal2Noise	49.01
Detector TEC SetPoint	0x8000
Detector Temp	4.98
Laser Temp	24.64
OE1 Temp	35.69
OE2 Temp	39.69
Detector Gain	200
SaturationDetected	false
InterpolatedPixelList	
PeakList	 304.6	663	329.5	526	430.7	469	525.2	413	559.8	592	667.7	562	759.8	2449	797.9	864	846.6	406	889.2	423	955.0	376	1077.5	403	1157.6	483	1292.7	588	1305.7	535	1377.0	1144	1439.8	3902	1564.9	789	1645.5	2905	1676.7	2654
index	Raman Shift (cm-1)	Y value (counts)	background (counts)	raw value (counts)
0	137.714	149.9003	13186.0000	15669.3340	
1	144.215	139.7354	14081.3340	16483.3340	
2	150.711	126.2383	14605.0000	16922.3340	
3	157.202	136.0714	14851.6680	17107.6660	
4	163.686	211.5745	14673.0000	16933.3320	
5	170.165	256.7454	15952.0000	18186.3340	
6	176.638	343.2465	15550.6680	17800.3340	
7	183.106	247.4155	15420.3340	17503.0000	
8	189.567	250.5844	14815.6660	16830.3320	
9	196.023	284.0855	16236.3340	18213.3320	
10	202.474	209.2565	16005.3340	17836.3340	
11	208.918	221.4255	16728.0000	18500.0000	
12	215.357	105.5945	16024.0000	17609.0000	
13	221.790	119.4436	16853.0000	18410.0000	
14	228.217	67.9603	16933.3340	18388.6660	
15	234.638	86.2678	17297.6660	18769.6680	
16	241.054	62.2364	15400.6670	16847.0000	
17	247.464	156.5410	16385.3340	17924.3340	
18	253.868	189.1784	15122.6660	16692.6660	
19	260.266	278.8179	16249.3320	17907.3340	
20	266.658	177.4526	14475.3340	16030.3330	
21	273.044	99.9459	16788.0000	18280.6660	
22	279.425	50.1083	15925.3320	17383.3340	
23	285.799	187.6008	15415.6660	17026.3340	
24	292.168	378.7591	14861.0000	16678.0000	
25	298.531	642.0194	14792.3340	16894.6660	
26	304.888	662.9498	14605.0000	16750.3340	
27	311.239	583.8782	15894.0000	17982.3340	
28	317.584	356.3163	13951.6660	15845.0000	
29	323.923	460.1955	14662.0000	16623.0000	
30	330.256	525.7408	14457.6680	16448.0000	
31	336.583	341.6219	14843.0000	16613.0000	
32	342.905	294.8351	14810.6660	16497.6660	
33	349.220	312.0484	14194.0000	15862.0000	
34	355.529	190.2616	12625.3340	14135.3340	
35	361.833	198.4940	15565.0000	17037.3340	
36	368.130	151.3766	12620.0000	14013.0000	
37	374.421	114.5150	13133.3340	14472.6660	
38	380.707	106.6573	13693.3320	15008.0000	
39	386.986	116.4418	13920.3330	15214.0000	
40	393.259	133.2481	11494.6670	12822.0000	
41	399.526	133.1795	13246.0000	14588.0000	
42	405.787	67.5900	11598.0000	12814.6660	
43	412.042	124.0013	8277.3340	9411.3330	
44	418.291	225.2460	9805.6670	11154.6670	
45	424.534	443.3518	9473.0000	11040.0000	
46	430.771	468.7906	7271.3340	8863.6670	
47	437.001	327.5635	4812.0000	6263.0000	
48	443.226	278.3365	4722.0000	6123.6670	
49	449.444	203.0932	7698.3330	9034.6670	
50	455.656	138.4918	5055.3330	6331.6670	
51	461.862	118.6402	4634.3335	5841.6670	
52	468.062	142.0387	4350.3335	5645.6670	
53	474.256	132.3171	6440.0000	7705.3340	
54	480.443	221.8453	3613.6665	5002.0000	
55	486.624	394.4568	2228.6667	3799.3335	
56	492.800	397.0470	4209.0000	5780.6665	
57	498.968	356.5284	5307.3335	6825.0000	
58	505.131	192.0092	5015.6670	6355.3330	
59	511.288	52.4912	2662.6667	3849.3335	
60	517.438	237.6390	3813.6667	5172.0000	
61	523.582	413.0961	4740.3335	6238.0000	
62	529.719	239.2203	3085.6665	4373.3335	
63	535.851	199.3436	4185.3335	5371.6665	
64	541.976	219.2173	2616.3333	3835.6665	
65	548.095	255.3410	5097.0000	6250.3330	
66	554.207	318.7154	8235.3330	9458.0000	
67	560.313	591.8391	8836.0000	10295.6670	
68	566.413	431.2952	6061.6665	7324.6660	
69	572.507	127.1695	4039.0000	4970.6670	
70	578.594	0.0000	1685.0000	2470.0000	
71	584.675	6.4765	1363.6667	2135.0000	
72	590.749	109.6203	2624.6665	3479.0000	
73	596.817	120.6038	5481.6665	6340.3330	
74	602.879	127.0667	6742.0000	7599.0000	
75	608.935	140.0920	6486.6670	7315.6665	
76	614.983	198.1384	7272.6670	8189.6670	
77	621.026	230.9252	7609.3335	8589.0000	
78	627.062	214.2357	6335.3330	7268.6670	
79	633.092	238.2961	5429.3335	6427.0000	
80	639.115	454.9402	5666.0000	6897.0000	
81	645.132	492.2507	7396.0000	8681.0000	
82	651.142	547.8950	5813.3335	7170.6670	
83	657.146	504.1844	3299.0000	4634.0000	
84	663.143	504.8492	3046.3333	4394.0000	
85	669.134	562.1941	3373.0000	4756.6670	
86	675.118	309.2050	1742.6666	2772.0000	
87	681.096	330.5497	2929.3333	3960.6665	
88	687.068	235.5607	5403.3335	6396.3330	
89	693.032	217.0095	5079.6665	6008.0000	
90	698.991	215.9786	2875.0000	3880.0000	
91	704.942	203.2561	4648.3335	5574.6670	
92	710.888	203.0657	4546.3335	5580.3335	
93	716.826	123.9507	3999.3330	4923.3335	
94	722.758	21.8348	4670.0000	5522.6665	
95	728.683	14.0533	4156.6665	5032.3335	
96	734.602	11.9373	4483.0000	5387.3330	
97	740.514	99.8222	5794.3330	6817.3330	
98	746.420	381.1374	5683.3335	7009.6670	
99	752.319	1056.4941	7390.3340	9426.3340	
100	758.211	2448.8501	5646.6670	9109.3330	
101	764.097	2085.4766	7395.6670	10529.6670	
102	769.976	791.1031	6222.3335	8096.6670	
103	775.848	418.3962	6518.0000	8054.3340	
104	781.714	371.6887	6349.0000	7873.3340	
105	787.573	607.1377	7600.6660	9384.0000	
106	793.425	578.9187	7495.0000	9273.6660	
107	799.271	864.3695	8872.6660	10960.3340	
108	805.109	627.4843	7673.3330	9547.6670	
109	810.942	231.6053	8118.6670	9597.6670	
110	816.767	119.7262	6675.3340	8043.0000	
111	822.586	127.5151	7709.0000	9085.0000	
112	828.397	84.9916	7325.3330	8670.3330	
113	834.202	94.6302	8227.6660	9576.0000	
114	840.001	244.5997	7750.6670	9242.6660	
115	845.792	405.9052	8633.3340	10280.3340	
116	851.577	233.2098	7825.0000	9293.0000	
117	857.355	181.9185	8708.3330	10130.0000	
118	863.126	119.6263	8454.6670	9819.0000	
119	868.890	107.7292	8550.6670	9897.6670	
120	874.648	131.8271	7045.0000	8420.3330	
121	880.398	310.3801	7260.3330	8800.6670	
122	886.142	339.9312	7349.0000	8905.3330	
123	891.879	422.8163	8468.6670	10094.3330	
124	897.609	154.3694	8366.0000	9709.6670	
125	903.332	95.2711	6932.0000	8198.6670	
126	909.048	198.5058	6798.6670	8150.6670	
127	914.757	254.0745	8172.0000	9561.6670	
128	920.459	357.3092	6740.6670	8215.6670	
129	926.155	221.2109	7848.6670	9169.6670	
130	931.843	130.7791	5860.3335	7073.0000	
131	937.525	64.6812	6089.0000	7217.6670	
132	943.199	161.9160	6125.3330	7333.3330	
133	948.867	241.1406	6682.0000	7965.6660	
134	954.528	376.4905	5272.0000	6682.0000	
135	960.181	299.8385	6541.3340	7865.6660	
136	965.828	190.8563	6226.3330	7432.6670	
137	971.468	151.3944	6211.3340	7377.0000	
138	977.100	117.9339	4494.6670	5625.6665	
139	982.726	95.1404	5248.6670	6355.6670	
140	988.344	158.2233	5620.3330	6780.3330	
141	993.956	179.1294	5835.6665	7024.0000	
142	999.560	223.7850	5265.3330	6522.0000	
143	1005.158	216.3573	6192.6670	7412.3335	
144	1010.748	265.5128	5545.3335	6842.3330	
145	1016.331	233.8358	5766.6665	7080.3340	
146	1021.907	200.8663	5799.0000	7030.6670	
147	1027.476	193.4389	5840.6665	7089.3330	
148	1033.038	174.5526	5159.6665	6433.0000	
149	1038.593	162.8884	5955.0000	7158.3330	
150	1044.141	170.9951	5181.6670	6399.3330	
151	1049.681	170.2896	5590.3330	6824.6670	
152	1055.215	144.5632	4189.6670	5363.0000	
153	1060.741	172.6057	5596.6670	6734.6670	
154	1066.260	212.0170	5289.0000	6529.3330	
155	1071.772	285.7206	5634.3330	6937.6665	
156	1077.276	403.0908	5489.6665	6899.6670	
157	1082.774	376.7351	5873.3335	7254.3330	
158	1088.264	197.7141	4239.6670	5439.0000	
159	1093.747	52.3603	6140.3330	7191.6670	
160	1099.223	96.6708	6238.3340	7331.3330	
161	1104.691	204.7440	7051.6670	8274.6660	
162	1110.152	227.7832	6277.3330	7482.6670	
163	1115.606	222.7390	7163.3330	8403.3330	
164	1121.053	204.6112	6302.6670	7508.0000	
165	1126.493	147.7781	7324.3335	8479.3330	
166	1131.925	96.9458	7024.0000	8134.6670	
167	1137.349	123.6957	7686.6670	8790.6670	
168	1142.767	179.2791	6536.0000	7742.0000	
169	1148.177	314.5343	7779.0000	9137.0000	
170	1153.580	454.1225	7787.0000	9301.3330	
171	1158.975	483.0449	8105.0000	9665.0000	
172	1164.364	262.9664	7624.3335	8981.0000	
173	1169.744	196.0447	9421.6670	10721.3330	
174	1175.118	151.7913	8651.0000	9916.3340	
175	1180.484	122.7576	9987.0000	11233.3330	
176	1185.843	117.9876	9374.6660	10652.3330	
177	1191.194	111.3844	10009.0000	11242.3340	
178	1196.538	119.9472	9721.0000	10993.6660	
179	1201.874	298.0120	10617.0000	12074.3340	
180	1207.203	348.7408	9746.3340	11261.0000	
181	1212.525	320.7515	10840.3340	12337.0000	
182	1217.839	331.7262	10364.0000	11872.3330	
183	1223.145	319.2165	11196.6670	12706.6660	
184	1228.444	362.0419	10902.0000	12469.0000	
185	1233.736	319.0139	12040.3330	13584.6660	
186	1239.020	176.9849	11703.6670	13126.3320	
187	1244.297	175.6258	11990.6670	13432.3340	
188	1249.566	103.2654	11797.3330	13187.0000	
189	1254.828	199.5098	13537.6680	15056.0000	
190	1260.082	130.7550	12742.3340	14224.3320	
191	1265.328	103.6725	13979.3320	15466.6680	
192	1270.567	139.9160	13820.0000	15376.0000	
193	1275.799	274.8293	14802.0000	16525.3340	
194	1281.022	261.0750	13954.0000	15696.0000	
195	1286.239	340.3201	15099.6680	16953.3340	
196	1291.448	587.8169	14559.3340	16704.0000	
197	1296.649	562.2720	15809.3330	17939.0000	
198	1301.842	413.3909	15194.3340	17185.6660	
199	1307.028	534.8467	16439.0000	18562.3340	
200	1312.206	525.6345	15841.6660	17966.3340	
201	1317.377	215.7627	16674.0000	18482.3340	
202	1322.540	137.2249	16299.0000	18022.3340	
203	1327.695	241.3795	17207.6680	19016.6660	
204	1332.843	281.1601	16615.6660	18465.3340	
205	1337.982	207.9418	17926.3340	19724.3340	
206	1343.115	94.3917	16917.0000	18623.0000	
207	1348.239	6.5054	18343.6680	19983.3320	
208	1353.356	124.9591	17327.6660	19107.3340	
209	1358.465	162.7408	19039.3340	20878.3340	
210	1363.567	548.5225	18326.3340	20572.6660	
211	1368.660	936.3083	19496.0000	22151.6680	
212	1373.746	1032.0898	18784.0000	21557.0000	
213	1378.824	1143.7141	19941.3340	22853.0000	
214	1383.894	710.0067	19089.0000	21594.0000	
215	1388.957	346.2986	20423.6660	22592.0000	
216	1394.012	114.2540	19295.3340	21258.6660	
217	1399.059	30.8294	20564.3340	22463.6660	
218	1404.098	6.9965	19589.0000	21451.6660	
219	1409.129	151.1643	20926.0000	22920.0000	
220	1414.153	496.3315	19689.6660	22016.0000	
221	1419.169	743.2100	20936.6680	23491.0000	
222	1424.176	1181.7598	19960.3320	22934.3340	
223	1429.176	2382.3020	20969.6680	25125.3320	
224	1434.168	3789.0481	20004.6660	25531.3340	
225	1439.153	3902.1809	21112.0000	26717.6680	
226	1444.129	3789.9824	20070.0000	25529.3359	
227	1449.097	3607.4453	21325.3340	26568.0000	
228	1454.058	3423.9148	19906.6660	24931.6680	
229	1459.011	2802.6282	21358.6680	25686.3359	
230	1463.955	2080.6741	19831.3340	23361.0000	
231	1468.892	1509.0554	20850.0000	23732.0000	
232	1473.821	1004.1040	19513.0000	21814.0000	
233	1478.742	544.2538	20558.0000	22330.6680	
234	1483.655	273.7355	19236.3320	20670.0000	
235	1488.559	182.8818	20694.0000	21968.3320	
236	1493.456	172.3637	19506.3340	20701.6660	
237	1498.345	118.6381	20953.3320	22051.3340	
238	1503.226	70.2509	19987.6660	21000.6680	
239	1508.099	53.7620	20205.3340	21249.6660	
240	1512.964	10.8569	16422.0000	17321.0000	
241	1517.821	61.1182	19310.0000	20231.6660	
242	1522.669	108.3810	20468.3320	21409.6660	
243	1527.510	154.9743	22234.3340	23194.6660	
244	1532.343	188.9663	21142.3340	22115.6680	
245	1537.167	192.9404	22455.3340	23414.0000	
246	1541.984	176.9416	21392.3340	22309.3320	
247	1546.792	227.8400	22644.3340	23693.6680	
248	1551.593	283.9875	21735.0000	22864.3340	
249	1556.385	388.0041	23306.0000	24591.0000	
250	1561.169	646.3549	22019.3340	23614.3340	
251	1565.945	789.0378	23202.0000	24991.3320	
252	1570.712	404.7236	22748.6660	24205.3340	
253	1575.472	242.3366	23531.3340	24869.6680	
254	1580.223	144.9497	22148.6680	23433.6680	
255	1584.967	79.7309	23329.6660	24597.3340	
256	1589.702	55.8449	21423.3340	22731.6680	
257	1594.429	11.7919	21632.3320	22826.6660	
258	1599.147	49.4062	20886.3320	22252.0000	
259	1603.858	120.2417	23353.0000	24849.6641	
260	1608.560	338.3813	22677.3340	24425.6660	
261	1613.254	521.2944	23894.0000	25880.6660	
262	1617.940	539.2057	23468.3340	25528.3320	
263	1622.617	596.7841	24041.3340	26214.3320	
264	1627.286	983.6973	22608.0000	25223.3320	
265	1631.947	1443.8584	23180.3320	26288.0000	
266	1636.600	1940.6707	21753.6660	25372.3359	
267	1641.244	2399.3418	23786.6680	27877.0000	
268	1645.880	2905.0188	22274.0000	26883.0000	
269	1650.508	2211.5640	23787.3340	27652.0000	
270	1655.128	1563.1096	21873.6680	25039.0000	
271	1659.739	1334.3230	23595.0000	26480.6660	
272	1664.341	1332.5383	22814.6660	25647.6680	
273	1668.936	1579.7476	23931.6680	26961.0000	
274	1673.522	2171.6272	22241.6680	25812.0000	
275	1678.099	2654.1748	22393.3320	26395.3320	
276	1682.669	1594.7190	21880.6680	24772.3320	
277	1687.230	576.1215	21980.3320	23785.3320	
278	1691.782	235.1875	21940.0000	23336.0000	
279	1696.326	139.9211	23972.3320	25205.0000	
280	1700.862	56.7036	21454.6660	22548.3320	
281	1705.389	62.0463	22030.0000	23051.3320	
282	1709.908	71.7229	20475.0000	21428.3320	
283	1714.418	130.0666	23238.3340	24172.3320	
284	1718.920	136.8266	20936.6680	21789.0000	
285	1723.413	138.2545	21096.6680	21959.3320	
286	1727.898	154.5164	18025.6680	18829.0000	
287	1732.375	190.6358	21189.0000	22019.3340	
288	1736.842	185.0594	20677.3320	21485.3340	
289	1741.302	142.5607	20324.3340	21077.3320	
290	1745.753	157.3999	18234.3340	18989.6660	
291	1750.195	228.5712	21020.3340	21834.3320	
292	1754.629	213.7441	19706.6680	20493.3340	
293	1759.054	201.0708	19720.6660	20477.6680	
294	1763.471	198.0806	16628.6680	17321.6660	
295	1767.879	215.0708	19169.3320	19940.0000	
296	1772.278	222.4563	20012.3340	20804.3340	
297	1776.669	153.6529	18123.0000	18777.0000	
298	1781.051	148.6001	15872.6660	16517.0000	
299	1785.425	154.2132	16528.6660	17174.0000	
300	1789.790	178.9090	15600.3340	16263.3340	
301	1794.147	182.5737	16903.3320	17562.6660	
302	1798.494	191.4258	18180.0000	18874.0000	
303	1802.833	187.4036	18666.6660	19330.3340	
304	1807.164	75.3168	18275.0000	18821.0000	
305	1811.486	140.8961	16330.3340	16936.3320	
306	1815.799	182.1463	14762.3330	15404.0000	
307	1820.103	202.7265	15634.3340	16291.0000	
308	1824.399	212.8950	15006.0000	15657.6660	
309	1828.686	212.3748	17082.3340	17731.6680	
310	1832.964	173.6859	15909.3340	16506.0000	
311	1837.234	173.8307	14369.0000	14990.3340	
312	1841.495	175.6427	14262.6670	14830.6660	
313	1845.747	213.3252	15247.6660	15890.3320	
314	1849.990	236.1760	16588.3320	17251.6660	
315	1854.225	199.6904	16026.0000	16650.6660	
316	1858.451	174.9570	14646.3340	15258.3320	
317	1862.668	170.5695	13716.6660	14336.0000	
318	1866.876	167.4323	12375.6670	12910.6660	
319	1871.075	179.7946	10509.6670	11067.3340	
320	1875.266	176.6569	10253.6670	10803.6670	
321	1879.448	153.0193	11221.0000	11735.0000	
322	1883.620	150.3029	8178.6670	8661.3330	
323	1887.784	157.6371	7488.0000	8028.3330	
324	1891.940	169.0541	8163.0000	8660.0000	
325	1896.086	171.6319	10134.6660	10632.3330	
326	1900.223	178.0843	8094.3330	8628.6670	
327	1904.352	179.3075	11452.0000	11934.6670	
328	1908.471	175.3637	10939.0000	11460.3340	
329	1912.582	188.1294	10153.3330	10647.0000	
330	1916.684	193.7838	10214.3340	10724.0000	
331	1920.777	195.3551	8950.0000	9462.6670	
332	1924.861	180.4679	10041.3330	10527.0000	
333	1928.936	179.5788	10888.6670	11386.6670	
334	1933.002	181.4399	9621.3330	10056.3330	
335	1937.059	188.8008	7904.3330	8388.3330	
336	1941.107	209.4949	8924.6660	9392.6670	
337	1945.146	231.3563	9913.0000	10415.3340	
338	1949.176	227.9660	9658.3340	10151.0000	
339	1953.197	182.3275	8055.0000	8455.3340	
340	1957.209	188.6052	4229.6665	4687.3330	
341	1961.212	174.4191	5032.6670	5445.0000	
342	1965.206	163.9002	5608.0000	5982.3335	
343	1969.191	168.2727	4687.3335	5099.6665	
344	1973.167	150.3488	3517.3330	3868.6665	
345	1977.134	152.3649	2018.6667	2346.0000	
346	1981.092	167.1311	669.3334	1016.0000	
347	1985.041	172.3142	1785.0000	2114.0000	
348	1988.980	187.8299	1706.0000	2022.3334	
349	1992.911	191.0707	912.0000	1285.3334	
350	1996.832	173.7916	101.6667	402.0000	
351	2000.744	164.7521	697.3334	990.6666	
352	2004.647	183.7129	-109.6667	204.6667	
353	2008.541	194.3403	380.6667	707.6667	
354	2012.426	203.9676	-301.6667	37.0000	
355	2016.301	187.9282	298.0000	622.6666	
356	2020.168	185.3058	-405.0000	-85.3333	
357	2024.025	188.9413	308.6667	641.3333	
358	2027.873	187.8268	-373.0000	-53.6667	
359	2031.712	173.4623	263.6667	530.3333	
360	2035.542	176.7641	-376.6667	-50.3333	
361	2039.362	190.5656	289.6667	582.6666	
362	2043.173	191.7838	-387.3333	-69.3333	
363	2046.975	186.8979	202.6667	519.6666	
364	2050.768	170.3421	-415.0000	-117.6667	
365	2054.551	172.1472	176.0000	506.0000	
366	2058.325	175.9523	-346.0000	-93.3333	
367	2062.090	176.9241	214.3333	534.6667	
368	2065.846	177.8543	-314.3333	-5.6667	
369	2069.592	172.9511	219.3333	516.3334	
370	2073.329	169.0896	-250.6667	11.6667	
371	2077.056	179.2601	316.0000	635.0000	
372	2080.775	181.5697	-323.3333	-33.0000	
373	2084.484	186.4035	186.6667	481.6667	
374	2088.183	192.2373	-297.3333	21.0000	
375	2091.873	191.9044	45.6667	321.6667	
376	2095.554	193.4048	-286.6667	21.3333	
377	2099.226	184.6483	253.3333	541.0000	
378	2102.887	171.9335	-115.0000	104.0000	
379	2106.540	173.0104	202.3333	505.3333	
380	2110.183	168.8783	-386.0000	-117.3333	
381	2113.817	171.1172	-661.6666	-411.6667	
382	2117.442	187.5645	-120.6667	158.6667	
383	2121.056	203.2409	221.0000	512.0000	
384	2124.662	181.5840	-526.6667	-261.3333	
385	2128.258	170.9135	166.0000	426.0000	
386	2131.844	176.6942	-374.6667	-111.3333	
387	2135.421	182.3917	115.6667	412.3333	
388	2138.989	182.1731	-273.6667	-39.6667	
389	2142.547	169.1995	300.6667	573.0000	
390	2146.095	167.2258	-406.3333	-153.6667	
391	2149.635	166.1063	243.0000	495.6667	
392	2153.164	176.4996	-568.0000	-299.0000	
393	2156.684	173.3904	104.0000	350.0000	
394	2160.194	172.3646	-250.3333	8.3333	
395	2163.695	171.2554	358.0000	618.6667	
396	2167.186	186.8126	-243.6667	35.6667	
397	2170.668	198.1481	113.6667	415.6666	
398	2174.140	197.9836	-409.3333	-119.6667	
399	2177.603	196.2775	142.6667	435.0000	
400	2181.055	189.9880	-207.6667	85.6667	
401	2184.499	188.7610	458.0000	712.6666	
402	2187.932	188.1382	-321.3333	-29.0000	
403	2191.356	187.2446	-17.0000	267.3333	
404	2194.770	187.0805	-380.0000	-76.3333	
405	2198.175	185.2586	273.0000	514.0000	
406	2201.570	174.3903	-370.0000	-73.6667	
407	2204.955	176.7034	260.0000	532.0000	
408	2208.331	175.8495	-306.3333	-18.6667	
409	2211.697	171.5883	372.3333	635.0000	
410	2215.053	174.2021	-400.3333	-130.0000	
411	2218.399	169.5243	303.0000	587.3333	
412	2221.736	127.4714	-274.6667	-60.3333	
413	2225.063	188.9599	354.0000	621.0000	
414	2228.380	195.7852	-555.3334	-279.6667	
415	2231.688	204.6105	188.6667	475.0000	
416	2234.985	197.5192	-603.0000	-311.3333	
417	2238.273	187.5946	225.3333	493.3334	
418	2241.552	181.7533	-433.0000	-154.6667	
419	2244.820	179.9119	71.6667	325.6667	
420	2248.078	184.7374	-326.0000	-50.3333	
421	2251.327	221.4028	257.3333	568.3333	
422	2254.566	181.4015	-436.0000	-166.3333	
423	2257.795	170.0670	251.3333	508.3334	
424	2261.014	170.9203	-307.6667	-56.3333	
425	2264.223	175.1578	331.0000	597.0000	
426	2267.423	174.9994	-3.6667	231.0000	
427	2270.612	164.3054	388.3333	673.3334	
428	2273.792	165.8528	-288.6667	-44.0000	
429	2276.962	165.4478	197.0000	452.6667	
430	2280.122	192.3761	-312.6667	-3.6667	
431	2283.271	198.1378	404.0000	675.6667	
432	2286.411	190.7328	-369.3333	-71.0000	
433	2289.542	184.9945	221.6667	504.6667	
434	2292.662	189.1447	-349.0000	-65.3333	
435	2295.772	179.9461	268.6667	521.6667	
436	2298.872	177.7475	-573.3333	-292.6667	
437	2301.962	177.3822	294.6667	545.6667	
438	2305.042	180.0586	-390.6667	-111.0000	
439	2308.113	181.4850	45.6667	277.6667	
440	2311.173	180.9325	-463.6667	-154.6667	
441	2314.223	181.3570	532.6667	790.0000	
442	2317.263	178.2189	14.0000	278.6667	
443	2320.293	178.8726	222.3333	484.3333	
444	2323.313	180.2760	-488.3333	-213.3333	
445	2326.323	180.3030	408.6667	658.3333	
446	2329.323	183.0385	-393.0000	-107.3333	
447	2332.313	183.0655	476.0000	722.6667	
448	2335.293	197.3498	-287.6667	5.0000	
449	2338.262	203.0388	26.0000	323.6667	
450	2341.222	185.8110	-267.6667	32.3333	
451	2344.172	157.7500	508.6667	759.6667	
452	2347.111	177.7726	-529.3333	-259.0000	
453	2350.040	189.5981	386.0000	667.0000	
454	2352.959	168.4236	-308.0000	-49.3333	
455	2355.868	173.2161	374.3333	615.6667	
456	2358.767	173.6948	-187.3333	80.3333	
457	2361.655	166.9066	566.6667	809.6667	
458	2364.534	170.0144	-168.0000	56.0000	
459	2367.402	182.9972	276.0000	529.3333	
460	2370.260	185.1249	13.0000	294.6667	
461	2373.107	186.0913	423.6667	639.0000	
462	2375.945	187.0579	-74.0000	186.0000	
463	2378.772	189.4410	553.3334	803.0000	
464	2381.589	190.2408	-19.0000	259.0000	
465	2384.396	188.1239	254.6667	472.0000	
466	2387.192	181.6736	-259.3333	5.6667	
467	2389.979	186.8902	350.0000	574.3333	
468	2392.755	188.7742	-311.3333	-66.6667	
469	2395.520	171.7525	514.3333	745.0000	
470	2398.276	167.8493	104.6667	310.3333	
471	2401.021	173.1128	689.0000	916.6666	
472	2403.755	177.7925	-510.0000	-288.0000	
473	2406.479	180.6434	302.0000	520.6667	
474	2409.194	180.5569	-314.6667	-98.0000	
475	2411.897	185.6579	535.3333	766.3333	
476	2414.591	193.2563	-202.6667	-12.0000	
477	2417.273	196.5063	389.0000	608.0000	
478	2419.946	179.0899	-290.6667	-104.6667	
479	2422.608	170.5690	301.3333	438.0000	
480	2425.260	173.8192	-267.3333	-77.3333	
481	2427.901	187.0902	337.6667	535.0000	
482	2430.532	150.0069	-402.3333	-232.6667	
483	2433.152	151.4238	246.6667	426.6666	
484	2435.762	154.6738	1376.6667	1405.3333	
485	2438.362	200.9161	386.6667	576.6667	
486	2440.951	196.7416	-578.0000	-372.0000	
487	2443.530	181.5672	215.6667	389.6667	
488	2446.098	185.8930	-352.3333	-172.3333	
489	2448.655	188.6579	84.6667	281.3333	
490	2451.202	177.9680	-433.3333	-257.3333	
491	2453.739	174.6161	453.3333	647.6667	
492	2456.265	173.2636	-301.3333	-109.6667	
493	2458.781	184.0007	424.0000	597.3334	
494	2461.286	221.4045	-511.3333	-280.3333	
495	2463.780	190.8084	299.6667	495.6667	
496	2466.264	170.8788	-303.6667	-132.0000	
497	2468.737	166.6993	469.0000	633.3333	
498	2471.200	168.6030	-325.6667	-157.3333	
499	2473.652	172.0069	549.0000	697.0000	
500	2476.094	176.7448	-189.3333	-27.6667	
501	2478.525	180.9082	123.3333	283.6667	
502	2480.945	185.9882	-321.6667	-152.0000	
503	2483.354	181.7350	347.3333	513.0000	
504	2485.754	178.4817	-323.0000	-160.3333	
505	2488.142	178.2284	212.0000	358.3333	
506	2490.520	191.3085	-341.6667	-165.6667	
507	2492.887	181.7219	257.6667	456.0000	
508	2495.243	154.8020	-553.0000	-413.0000	
509	2497.589	166.8820	326.6667	479.0000	
510	2499.924	230.2954	-190.0000	26.0000	
511	2502.248	163.7088	68.0000	217.6667	
