resultName	muna12-16
resultName	muna12-16
ID	RS20191212104004_P19331194
Command	SCANANDSEARCH
User	Admin
Application	_Analyze
SerialNumber	P19331194
Power	280
Integration	900
Averages	3
AutoExposure	Off
AutoCollect	Off
QuickCollect	Off
AutoBackground	On
BaselineCorrection	On
Algorithm	Wavelet
Searched Library	All,None,None,None
MixtureComponents	2
matchThreshold	0.75
displayMatches	1
Threshold	0.80
WL Start	
WL End	
ServerVersion	3.180316
FirmwareVersion	
date	2019-12-12
time	10:40:04
scanindex	0
specpath	RS20191212104004_P19331194.xml
Search Range	200 - 2500
Synced	false
lastCalDateTime	2019-12-12 08:43:43
lastCalUser	Admin
lastCalResult	PASS
lastVerifyDateTime	2019-10-16 15:05:37
lastVerifyUser	Admin
lastVerifyResult	PASS
selectedMaterial	
result	No Match
ValidationGUID	
ValidationMatchQuality	
topMatch	
topMatchGUID	
topMatchQuality	
secondMatch	
secondMatchGUID	
secondMatchQuality	
thirdMatch	
thirdMatchGUID	
thirdMatchQuality	
fourthMatch	
fourthMatchGUID	
fourthMatchQuality	
fifthMatch	
fifthMatchGUID	
fifthMatchQuality	
signedBy	
signedDateTime	
softwareVer	1.7.0.21
memo	
batchID	
inBatch	false
batchUID	
batchCID1	
batchCIDlbl1	
batchCID2	
batchCIDlbl2	
batchCID3	
batchCIDlbl3	
batchCID4	
batchCIDlbl4	
batchCID5	
batchCIDlbl5	
signedTitle	
signedReason	
rescanned	
barcode	
topMatchContribs	
secondMatchContribs	
thirdMatchContribs	
fourthMatchContribs	
fifthMatchContribs	
ValidationMatchContribs	
Threat	
PrecursorList	
CompundName	
WindowStart4C	
MatchLibrary	
lastModified	2019/12/12 10:41
Signal2Noise	58.31
Detector TEC SetPoint	0x8000
Detector Temp	4.99
Laser Temp	25.45
OE1 Temp	33.12
OE2 Temp	36.38
Detector Gain	200
SaturationDetected	false
InterpolatedPixelList	
PeakList	 287.2	807	296.9	738	335.1	651	398.6	693	443.8	535	481.6	659	649.4	2120	678.4	1036	751.0	748	804.7	566	840.1	828	959.4	650	1092.8	557	1141.6	809	1208.2	626	1249.3	575	1334.2	837	1369.2	1224	1457.7	5045	1644.8	3237	1677.6	2341	1713.3	973
index	Raman Shift (cm-1)	Y value (counts)	background (counts)	raw value (counts)
0	137.923	309.7010	11247.3330	13860.3340	
1	144.410	238.5345	12146.0000	14624.6660	
2	150.891	203.3708	12820.3340	15200.6680	
3	157.367	287.8713	13127.3340	15529.0000	
4	163.837	362.3737	12814.0000	15227.0000	
5	170.302	468.5421	14002.3320	16458.3320	
6	176.762	362.0447	13704.0000	15990.3340	
7	183.215	321.5461	13569.6670	15752.3340	
8	189.664	262.3815	12951.6660	15012.0000	
9	196.106	177.5489	14306.6670	16219.0000	
10	202.544	266.7184	14108.6660	16047.0000	
11	208.975	332.2188	14673.3340	16614.0000	
12	215.401	312.3882	13918.3330	15776.0000	
13	221.822	277.0844	14637.0000	16415.3340	
14	228.236	245.5534	14861.6660	16555.3340	
15	234.646	195.9939	15253.3340	16902.6680	
16	241.049	103.7666	13224.3340	14786.6660	
17	247.447	165.2091	14247.0000	15876.0000	
18	253.839	154.3157	13019.3340	14642.6660	
19	260.226	287.0912	13837.0000	15598.3330	
20	266.607	197.2007	12120.0000	13796.6680	
21	272.982	354.8826	14264.3340	16135.0000	
22	279.352	697.9005	13514.3340	15764.3340	
23	285.716	807.2504	12832.3340	15228.0000	
24	292.074	695.6019	12184.0000	14504.3340	
25	298.426	737.7431	12025.3330	14418.3340	
26	304.773	603.8826	11799.3340	14089.0000	
27	311.114	450.6909	12972.0000	15139.0000	
28	317.449	465.6046	11216.3330	13441.3340	
29	323.779	605.2148	11577.6660	13892.6660	
30	330.102	516.4936	11464.6660	13641.3340	
31	336.420	651.4366	11943.0000	14205.0000	
32	342.732	576.0476	11803.0000	13940.0000	
33	349.039	308.9926	11211.3340	13031.6680	
34	355.339	89.2695	9645.6660	11196.6660	
35	361.634	54.1524	12389.6670	13843.6660	
36	367.923	124.3749	9736.3340	11080.6670	
37	374.205	213.9720	9963.6660	11521.6660	
38	380.483	613.7350	10482.3330	12431.6660	
39	386.754	422.1652	10716.6670	12466.0000	
40	393.019	330.9296	8543.3330	10193.0000	
41	399.278	692.5567	9932.3330	11932.3330	
42	405.532	424.5178	8579.0000	10299.6670	
43	411.779	267.2282	5767.6665	7252.3330	
44	418.021	256.7722	6682.6665	8213.0000	
45	424.257	255.7842	6599.3330	8072.0000	
46	430.487	316.7961	4569.6665	6120.6665	
47	436.710	365.4749	3202.0000	4782.0000	
48	442.928	535.4869	2793.6667	4524.0000	
49	449.140	512.0458	4706.3330	6406.3330	
50	455.346	386.0248	2910.0000	4455.6665	
51	461.546	171.0041	2626.0000	3928.3333	
52	467.739	101.9830	2414.6667	3619.6665	
53	473.927	413.3222	3586.6667	5072.6670	
54	480.109	658.6605	1863.0000	3564.0000	
55	486.285	465.9988	1169.6666	2647.6665	
56	492.454	312.6210	2082.3335	3365.6665	
57	498.618	205.4256	2832.3335	3942.6667	
58	504.775	196.3134	2557.6665	3678.3335	
59	510.926	219.6177	1470.6666	2567.6665	
60	517.072	276.1721	1820.3333	2974.0000	
61	523.211	343.5028	2468.6667	3665.3335	
62	529.344	346.9998	1331.0000	2550.0000	
63	535.471	329.4969	2129.6667	3263.6665	
64	541.591	238.5154	1133.0000	2090.6667	
65	547.706	262.8462	2718.3333	3712.3335	
66	553.814	257.5726	4750.0000	5764.0000	
67	559.917	270.2572	5339.0000	6300.0000	
68	566.013	294.5879	3332.3335	4319.6670	
69	572.102	283.2932	2377.0000	3312.3330	
70	578.186	269.8082	802.0000	1820.6667	
71	584.263	220.0339	778.3333	1719.6667	
72	590.334	49.2593	1046.3334	1837.3335	
73	596.399	97.3723	2833.0000	3717.0000	
74	602.458	358.4853	3632.0000	4822.0000	
75	608.510	714.2653	3605.6665	5196.3335	
76	614.556	958.7112	4258.0000	6138.0000	
77	620.596	1056.3540	4598.3335	6596.6660	
78	626.630	728.2507	3676.6665	5366.6665	
79	632.657	1042.4796	3043.3333	5067.3330	
80	638.677	1321.3757	3042.0000	5364.6665	
81	644.692	2113.9385	4250.0000	7385.0000	
82	650.700	2119.5007	3168.0000	6328.3330	
83	656.702	1351.3967	1676.6665	4088.6665	
84	662.697	891.2927	1380.3334	3352.0000	
85	668.686	767.5306	1548.3333	3380.3330	
86	674.669	962.4354	577.0000	2588.0000	
87	680.645	1036.0074	1417.6666	3486.3335	
88	686.615	595.5782	2645.0000	4257.3335	
89	692.578	278.4030	2700.0000	3973.3330	
90	698.535	277.2286	1349.3334	2612.0000	
91	704.486	287.6225	2219.0000	3529.0000	
92	710.430	219.5439	2138.0000	3293.3335	
93	716.368	87.4457	1938.6666	2965.0000	
94	722.299	183.0147	2254.6665	3379.6670	
95	728.223	427.9164	2051.3333	3424.3335	
96	734.141	705.1515	2143.0000	3796.3333	
97	740.053	697.3870	3025.6667	4674.3335	
98	745.958	726.6245	2888.0000	4559.0000	
99	751.857	748.0969	4227.6670	5932.3335	
100	757.749	635.5697	2917.6667	4522.0000	
101	763.634	497.4316	4206.0000	5666.3335	
102	769.513	328.9603	3300.3330	4586.3335	
103	775.385	165.1550	3618.3330	4734.6665	
104	781.251	99.3505	3412.6665	4457.3335	
105	787.110	224.3866	4300.6665	5465.0000	
106	792.963	319.7558	4142.3335	5396.6665	
107	798.809	410.4594	5255.0000	6594.6670	
108	804.648	566.4955	4237.6665	5728.0000	
109	810.481	489.0440	4617.3330	6049.0000	
110	816.307	284.2587	3490.3335	4736.0000	
111	822.126	149.1402	4186.6670	5316.0000	
112	827.938	181.0973	3795.6670	4987.3330	
113	833.744	511.7979	4483.3335	6026.6665	
114	839.544	827.8316	3972.0000	5852.3330	
115	845.336	425.1984	4651.3335	6149.9995	
116	851.122	330.2325	4032.3335	5357.6665	
117	856.901	310.4245	4568.0000	6043.0000	
118	862.673	316.1164	4346.0000	5745.6670	
119	868.439	318.1927	4312.0000	5774.6665	
120	874.198	277.2618	3247.0000	4638.3335	
121	879.950	200.4512	3527.6670	4829.3330	
122	885.695	243.6421	3270.0000	4602.0000	
123	891.434	340.8324	3971.6665	5388.0000	
124	897.165	416.6893	3754.0000	5233.3335	
125	902.890	329.1487	3046.3333	4420.0000	
126	908.608	261.1290	2727.0000	3982.3335	
127	914.319	279.2553	3527.3333	4789.0000	
128	920.024	269.2772	2560.0000	3856.6665	
129	925.721	251.9865	3304.3335	4528.3335	
130	931.412	256.7791	2112.6667	3323.3330	
131	937.095	202.2393	2502.6665	3640.6670	
132	942.772	268.6152	2209.0000	3332.0000	
133	948.442	363.1056	2549.3333	3822.6670	
134	954.105	529.7964	1726.0000	3151.3333	
135	959.761	650.1548	2317.3333	3848.3335	
136	965.410	407.8466	2063.6665	3337.6670	
137	971.053	346.5364	2110.6667	3282.3335	
138	976.688	346.4767	1155.3334	2362.6667	
139	982.316	331.6668	1684.0000	2882.0000	
140	987.937	272.8120	1721.6667	2823.6667	
141	993.552	232.1781	1740.3333	2851.6665	
142	999.159	209.6273	1371.0000	2478.0000	
143	1004.759	201.2432	1946.6667	3072.3333	
144	1010.352	291.6929	1353.6666	2592.3335	
145	1015.939	290.5588	1713.0000	3004.6665	
146	1021.518	280.6746	1705.0000	2920.6667	
147	1027.090	259.6240	1889.6665	3184.0000	
148	1032.655	237.0736	1530.0000	2819.3335	
149	1038.213	227.9542	2000.3333	3298.0000	
150	1043.764	290.2932	1618.6667	3045.3335	
151	1049.307	257.7571	1978.6665	3398.3335	
152	1054.844	258.8461	1230.3334	2623.6667	
153	1060.373	271.3699	2200.3333	3665.3335	
154	1065.896	308.0066	1937.6667	3444.0000	
155	1071.411	329.4260	2279.6665	3784.3330	
156	1076.919	418.3459	2143.6667	3836.3335	
157	1082.420	365.7198	2561.0000	4192.0000	
158	1087.914	290.4273	1646.3333	3193.0000	
159	1093.400	557.1346	2717.0000	4521.3335	
160	1098.880	477.5082	2711.6667	4427.3330	
161	1104.352	171.4851	3233.0000	4618.6670	
162	1109.817	207.7343	2625.0000	4020.6665	
163	1115.274	430.9843	3326.0000	4918.6670	
164	1120.725	608.2334	2697.3335	4441.0000	
165	1126.168	784.4153	3417.6665	5303.0000	
166	1131.604	719.9301	3094.3333	4880.6665	
167	1137.032	627.7786	3780.0000	5439.6670	
168	1142.453	809.2935	2824.3333	4631.0000	
169	1147.868	654.9221	3784.6665	5412.6665	
170	1153.274	459.8846	3687.0000	5095.6665	
171	1158.674	346.1804	3968.3335	5239.0000	
172	1164.066	216.1423	3538.3335	4654.6665	
173	1169.450	140.5798	4858.3335	5908.3335	
174	1174.828	153.6830	4192.6670	5265.0000	
175	1180.198	214.3062	5232.6665	6382.6665	
176	1185.560	255.8400	4771.3335	6015.3335	
177	1190.916	223.7906	5208.6665	6447.6670	
178	1196.263	229.4907	5054.3335	6315.6660	
179	1201.604	479.4426	5752.0000	7295.3340	
180	1206.937	625.7258	5089.0000	6810.6665	
181	1212.262	608.1501	6039.3335	7767.3330	
182	1217.581	461.7938	5676.0000	7271.6670	
183	1222.891	426.4926	6329.0000	7915.6665	
184	1228.194	373.8600	6116.0000	7676.3335	
185	1233.490	249.7853	7039.0000	8514.3330	
186	1238.778	216.7111	6802.0000	8283.3330	
187	1244.059	432.9710	7115.6670	8852.3340	
188	1249.333	574.8971	6954.6660	8872.3330	
189	1254.598	412.7159	8397.0000	10183.0000	
190	1259.856	225.5358	7790.0000	9419.3340	
191	1265.107	237.3549	8802.6660	10474.3330	
192	1270.350	291.8407	8723.0000	10479.6670	
193	1275.586	271.9935	9608.6660	11376.0000	
194	1280.814	241.8124	8943.6660	10711.3330	
195	1286.034	332.2972	9945.0000	11833.6660	
196	1291.247	331.0813	9518.0000	11451.3340	
197	1296.452	161.7283	10701.6670	12521.6680	
198	1301.650	58.3743	10245.3330	12018.0000	
199	1306.840	230.0208	11331.0000	13331.3340	
200	1312.022	437.9993	10907.3340	13171.6680	
201	1317.197	268.5745	11564.3340	13694.3340	
202	1322.364	283.4835	11357.0000	13537.0000	
203	1327.523	587.9506	12115.0000	14615.0000	
204	1332.674	837.2039	11613.3330	14386.3330	
205	1337.818	837.1080	12719.0000	15507.3340	
206	1342.955	624.3441	11791.0000	14382.0000	
207	1348.083	313.5782	13049.6680	15345.3320	
208	1353.204	224.4841	12210.0000	14432.0000	
209	1358.317	647.0542	13606.6660	16266.6660	
210	1363.422	1145.6243	12983.6660	16157.6660	
211	1368.520	1223.8605	13995.0000	17262.6660	
212	1373.610	1087.0979	13337.3330	16483.6660	
213	1378.692	1021.9977	14346.6660	17447.0000	
214	1383.766	822.8962	13647.6660	16568.0000	
215	1388.832	264.1268	14817.0000	17197.6660	
216	1393.891	8.0264	13784.3340	15928.0000	
217	1398.942	0.0000	14961.3340	17106.6680	
218	1403.984	176.2797	14132.6660	16432.3340	
219	1409.020	473.2254	15328.0000	17902.6680	
220	1414.047	869.8344	14266.3340	17215.6660	
221	1419.066	1254.2905	15316.3340	18624.6660	
222	1424.078	1555.4150	14559.6660	18143.6660	
223	1429.081	2150.8706	15446.6660	19600.6660	
224	1434.077	3057.4805	14686.0000	19699.3340	
225	1439.065	3430.5439	15618.0000	20957.0000	
226	1444.045	3790.9417	14838.3330	20490.3340	
227	1449.016	4269.3379	15839.6680	21922.6680	
228	1453.980	4657.0693	14665.3340	21088.6680	
229	1458.936	5044.5884	15863.0000	22578.6680	
230	1463.885	3709.4404	14524.0000	19809.3340	
231	1468.825	2178.9595	15461.0000	19120.6680	
232	1473.757	1308.4756	14178.0000	16872.0000	
233	1478.681	728.8599	15086.3320	17117.0000	
234	1483.597	420.2402	13942.3340	15580.6660	
235	1488.505	305.2905	15161.6660	16601.3320	
236	1493.405	230.0068	14198.0000	15478.6660	
237	1498.297	179.3994	15467.0000	16640.0000	
238	1503.181	155.8116	14656.6680	15758.3340	
239	1508.057	177.8453	15028.0000	16114.0000	
240	1512.924	105.5454	11504.6660	12480.6670	
241	1517.784	162.5754	13815.0000	14810.3320	
242	1522.635	231.2771	15048.0000	16074.3340	
243	1527.479	270.8923	16750.0000	17807.3340	
244	1532.314	308.5913	15885.6660	16879.6660	
245	1537.142	303.7026	17104.6680	18140.0000	
246	1541.961	270.6025	16242.3340	17299.3340	
247	1546.772	242.3335	17392.6680	18487.0000	
248	1551.574	187.5662	16689.6680	17764.0000	
249	1556.369	123.3555	18158.3340	19266.6680	
250	1561.155	178.3076	16990.3340	18242.6660	
251	1565.933	199.2610	18062.6680	19425.0000	
252	1570.703	221.2178	17755.3340	19228.6680	
253	1575.465	164.1680	18493.3340	20044.0000	
254	1580.219	367.1201	17155.0000	19043.0000	
255	1584.964	384.7354	18303.0000	20343.0000	
256	1589.701	489.6875	16834.3320	19113.6660	
257	1594.430	565.9736	17133.6660	19623.6680	
258	1599.150	570.5869	16345.0000	18974.0000	
259	1603.863	552.3271	18403.3340	21171.0000	
260	1608.567	488.4978	17796.3320	20617.3340	
261	1613.262	575.2715	18893.6680	21865.3340	
262	1617.949	758.3835	18673.0000	21891.6680	
263	1622.629	651.8276	19133.3320	22309.3340	
264	1627.299	766.2673	17873.0000	21227.3320	
265	1631.961	1045.4309	18286.0000	21954.3320	
266	1636.615	1715.6938	16871.6680	21219.6660	
267	1641.261	2787.1074	18884.0000	24313.0000	
268	1645.898	3236.8535	17643.0000	23531.3340	
269	1650.527	1978.0322	19124.6660	23673.3340	
270	1655.147	849.8752	17076.3340	20416.0000	
271	1659.759	497.0559	18555.3320	21461.3340	
272	1664.363	640.8970	18190.6680	21159.6660	
273	1668.958	1259.4097	19148.3340	22655.0000	
274	1673.544	2012.5886	17500.3340	21679.3340	
275	1678.123	2341.4336	17387.0000	21814.0000	
276	1682.692	1700.6104	17096.0000	20801.3320	
277	1687.254	927.9514	17025.0000	19847.0000	
278	1691.806	265.6226	17212.3340	19261.3340	
279	1696.350	79.6296	19317.0000	21069.3340	
280	1700.886	119.5024	16978.0000	18678.3320	
281	1705.413	513.9204	17237.0000	19180.0000	
282	1709.932	954.6733	15671.3320	17903.3340	
283	1714.442	973.0894	18555.6660	20654.3340	
284	1718.944	607.5034	16471.6680	18053.0000	
285	1723.437	254.9946	16660.3320	17799.3340	
286	1727.921	84.8125	13511.0000	14390.0000	
287	1732.397	150.3229	16387.6680	17230.6680	
288	1736.864	190.1795	16269.0000	17088.3320	
289	1741.323	170.3721	15715.3330	16451.3340	
290	1745.773	194.8962	13552.0000	14249.0000	
291	1750.214	250.4197	16347.3340	17036.3340	
292	1754.647	264.6106	15268.0000	15907.6660	
293	1759.071	289.3261	15115.3320	15749.0000	
294	1763.486	303.7056	11963.6670	12581.0000	
295	1767.893	260.7539	14445.6660	14989.3340	
296	1772.291	239.8005	15902.0000	16394.0000	
297	1776.680	322.8817	13742.0000	14315.3340	
298	1781.061	340.6279	11430.0000	12019.3330	
299	1785.432	318.7082	11955.6670	12521.3330	
300	1789.796	292.1227	11004.0000	11541.3330	
301	1794.150	280.2924	12210.3340	12694.0000	
302	1798.495	289.6663	13746.6670	14309.0000	
303	1802.832	297.7072	14372.3320	14881.3340	
304	1807.160	303.8312	14075.3340	14625.6660	
305	1811.480	273.0389	12043.6660	12535.0000	
306	1815.790	255.4958	10614.6660	11051.6670	
307	1820.092	261.6198	11411.0000	11906.6660	
308	1824.385	257.6465	10747.3340	11194.0000	
309	1828.669	274.5558	12758.0000	13200.0000	
310	1832.944	286.2980	11753.3330	12254.6670	
311	1837.210	290.7070	10091.0000	10537.6660	
312	1841.468	304.6144	9984.6670	10460.6660	
313	1845.716	310.4792	10913.6670	11438.6660	
314	1849.956	291.0940	12448.6660	12913.6660	
315	1854.187	299.3543	11811.0000	12231.6670	
316	1858.409	327.2387	10595.6660	11099.3330	
317	1862.622	294.1961	9701.6660	10167.3330	
318	1866.826	264.8204	8638.3330	9069.6670	
319	1871.021	276.7778	6832.0000	7270.3340	
320	1875.207	301.4020	6483.6660	6941.6670	
321	1879.384	300.6913	7555.0000	8007.3330	
322	1883.552	266.7554	4991.3330	5405.0000	
323	1887.712	263.3865	4364.3330	4812.3330	
324	1891.862	265.6018	4882.3335	5268.6670	
325	1896.003	267.1563	6570.6670	6982.6670	
326	1900.135	265.1899	4879.0000	5274.6670	
327	1904.258	271.0152	7620.3335	8008.0000	
328	1908.372	281.3620	7226.0000	7682.3340	
329	1912.478	281.1691	6722.6670	7128.0000	
330	1916.574	285.8208	6774.3340	7168.0000	
331	1920.661	292.8057	5499.3330	5927.0000	
332	1924.738	297.5402	6424.0000	6826.3335	
333	1928.807	301.3552	7382.6670	7805.0000	
334	1932.867	293.3364	6351.6670	6753.3330	
335	1936.917	289.7353	4967.0000	5355.6670	
336	1940.959	305.1338	5430.3335	5837.6665	
337	1944.991	311.0321	6298.3330	6677.6670	
338	1949.014	314.8470	6297.0000	6745.0000	
339	1953.028	307.7453	5148.3335	5545.3335	
340	1957.033	274.2274	2348.3333	2708.0000	
341	1961.029	279.3525	2790.6667	3147.3335	
342	1965.015	284.4776	3120.6665	3474.3330	
343	1968.992	239.7292	2477.3335	2789.6667	
344	1972.960	264.0358	1591.6667	1918.3333	
345	1976.919	301.4245	1039.3334	1395.6666	
346	1980.869	282.8132	61.0000	391.0000	
347	1984.809	261.2017	701.3334	1002.0000	
348	1988.740	277.8400	566.0000	866.0000	
349	1992.661	304.0074	569.6666	904.6666	
350	1996.574	283.5015	-212.3333	90.3333	
351	2000.477	279.3491	437.3333	727.3333	
352	2004.371	283.6132	-295.6667	22.3333	
353	2008.256	281.6273	293.3333	584.6666	
354	2012.131	300.5582	-350.0000	-22.3333	
355	2015.997	293.9056	276.6667	606.6666	
356	2019.853	280.9200	-431.3333	-119.3333	
357	2023.701	293.6910	286.3333	596.0000	
358	2027.538	326.4621	-395.0000	-42.3333	
359	2031.367	291.2332	232.0000	547.0000	
360	2035.186	289.5877	-393.0000	-97.0000	
361	2038.996	291.1160	257.0000	584.0000	
362	2042.796	287.3943	-417.0000	-111.3333	
363	2046.587	273.5059	210.6667	489.6666	
364	2050.368	270.0493	-445.3333	-130.3333	
365	2054.140	282.0454	208.3333	469.6667	
366	2057.903	285.1248	-381.6667	-50.0000	
367	2061.656	283.2042	205.6667	520.3334	
368	2065.399	262.2836	-355.0000	-78.3333	
369	2069.133	230.0296	211.0000	452.3333	
370	2072.858	267.1090	-303.0000	-27.6667	
371	2076.573	299.5930	320.0000	619.6667	
372	2080.278	309.2804	-349.3333	-71.6667	
373	2083.974	310.1855	181.6667	502.6667	
374	2087.661	309.8407	-266.6667	38.6667	
375	2091.338	308.8291	35.3333	342.6667	
376	2095.005	284.6509	-314.0000	-33.6667	
377	2098.663	276.1426	286.6667	531.6667	
378	2102.311	276.5510	-188.3333	136.3333	
379	2105.949	274.1260	224.0000	471.0000	
380	2109.578	286.2846	-429.3333	-137.6667	
381	2113.198	288.4187	-708.3333	-412.6666	
382	2116.807	286.5527	-137.3333	132.3333	
383	2120.407	287.4367	171.6667	486.3333	
384	2123.998	278.8207	-543.0000	-262.3333	
385	2127.579	268.8168	132.3333	395.6666	
386	2131.150	279.7343	-418.3334	-127.6667	
387	2134.711	291.8602	61.6667	363.0000	
388	2138.263	289.3191	-412.6667	-115.3333	
389	2141.805	286.2106	277.0000	563.0000	
390	2145.337	283.9354	-444.0000	-131.0000	
391	2148.859	283.9102	198.3333	479.0000	
392	2152.372	297.6446	-604.0000	-315.6667	
393	2155.875	308.0704	78.6667	383.6667	
394	2159.368	295.2461	-279.3333	13.0000	
395	2162.852	268.4220	350.6667	616.3334	
396	2166.326	266.2650	-267.3333	-25.3333	
397	2169.790	275.0953	134.3333	419.3333	
398	2173.244	274.5089	-393.3333	-131.3333	
399	2176.688	304.1726	149.6667	453.0000	
400	2180.123	316.2530	-192.6667	123.3333	
401	2183.547	290.6666	434.3333	725.3333	
402	2186.962	282.7469	-337.3333	-53.6667	
403	2190.367	237.4939	-2.3333	236.6667	
404	2193.762	287.5737	-382.6667	-93.0000	
405	2197.147	303.5900	229.0000	532.0000	
406	2200.522	295.6642	-413.0000	-109.0000	
407	2203.888	296.7816	186.3333	492.6667	
408	2207.243	296.0659	-327.3333	-39.0000	
409	2210.589	298.0269	319.0000	623.0000	
410	2213.924	293.1546	-437.6667	-154.3333	
411	2217.250	295.6990	263.0000	567.0000	
412	2220.565	269.4099	-336.3333	-77.6667	
413	2223.871	273.7846	368.6667	604.0000	
414	2227.167	268.8502	-586.0000	-316.3333	
415	2230.453	263.9991	175.6667	430.3333	
416	2233.728	270.3147	-583.0000	-342.3333	
417	2236.994	298.1302	211.0000	509.6666	
418	2240.250	302.9458	-520.0000	-186.3333	
419	2243.495	289.7614	-0.6667	283.3333	
420	2246.731	289.1813	-380.3333	-63.0000	
421	2249.957	294.4483	287.0000	552.6666	
422	2253.172	314.2359	-444.3333	-114.0000	
423	2256.377	310.8569	214.6667	542.0000	
424	2259.573	286.7279	-355.3333	-48.6667	
425	2262.758	284.6161	187.0000	494.6666	
426	2265.933	278.1708	-138.3333	134.3333	
427	2269.098	265.4089	335.3333	645.6667	
428	2272.253	269.3069	-310.0000	-37.6667	
429	2275.397	277.9458	202.3333	497.3333	
430	2278.532	282.3348	-356.0000	-23.6667	
431	2281.656	284.5570	353.3333	608.3333	
432	2284.771	285.7792	-428.3333	-118.0000	
433	2287.875	286.8347	184.3333	483.3333	
434	2290.968	298.8199	-374.3333	-81.0000	
435	2294.052	299.2759	199.3333	508.6666	
436	2297.125	292.8154	-597.6667	-306.3333	
437	2300.188	280.1616	283.0000	540.3334	
438	2303.241	282.1744	-424.0000	-137.3333	
439	2306.284	278.8539	-17.3333	254.0000	
440	2309.316	281.8664	-552.6667	-299.0000	
441	2312.338	283.8944	378.0000	670.3333	
442	2315.350	284.0891	-215.0000	57.0000	
443	2318.352	281.8670	176.0000	450.3333	
444	2321.343	272.3115	-499.6667	-242.0000	
445	2324.323	285.2618	369.3333	639.3333	
446	2327.294	302.8788	-465.0000	-178.0000	
447	2330.254	284.1624	282.0000	549.6666	
448	2333.204	268.0070	-337.6667	-82.6667	
449	2336.144	275.6971	5.6667	285.6667	
450	2339.073	284.0540	-318.6667	-72.0000	
451	2341.991	304.7441	413.3333	714.3334	
452	2344.900	294.1011	-572.0000	-281.0000	
453	2347.798	269.4740	341.0000	609.3333	
454	2350.685	273.7634	-391.3333	-134.6667	
455	2353.562	301.5940	229.0000	521.6667	
456	2356.429	289.3159	-400.3333	-119.6667	
457	2359.285	289.5747	318.0000	594.3333	
458	2362.130	291.8336	-276.3333	12.3333	
459	2364.966	284.4257	187.0000	456.0000	
460	2367.790	281.4550	-157.6667	89.0000	
461	2370.604	284.0998	168.6667	437.3333	
462	2373.408	288.0571	-260.6667	-4.0000	
463	2376.202	290.6395	348.6667	639.6667	
464	2378.984	290.9718	-273.3333	-49.3333	
465	2381.756	295.6584	116.6667	388.3333	
466	2384.518	288.4698	-323.6667	-81.0000	
467	2387.269	286.8231	262.6667	499.0000	
468	2390.010	283.5932	-465.6666	-259.0000	
469	2392.739	276.2616	263.6667	521.6667	
470	2395.458	276.9844	-185.3333	17.6667	
471	2398.167	273.4572	424.6667	665.0000	
472	2400.865	279.1798	-592.0000	-396.0000	
473	2403.553	282.5629	239.3333	464.0000	
474	2406.229	275.6958	-409.6666	-203.0000	
475	2408.896	278.7454	404.0000	583.3333	
476	2411.551	295.5742	-336.6667	-82.6667	
477	2414.196	297.7552	349.3333	534.6667	
478	2416.830	297.4359	-411.3333	-195.3333	
479	2419.453	275.2833	148.6667	338.0000	
480	2422.066	274.8809	-352.6667	-170.0000	
481	2424.668	275.8117	238.3333	439.6667	
482	2427.260	275.4925	-435.3333	-251.6667	
483	2429.840	279.0067	211.3333	405.6667	
484	2432.410	343.4380	739.0000	1180.0000	
485	2434.969	348.1410	285.0000	477.3333	
486	2437.517	292.1773	-653.3333	-444.6667	
487	2440.055	285.8804	103.0000	305.3333	
488	2442.581	285.0836	-434.6667	-228.3333	
489	2445.097	274.4297	66.0000	222.3333	
490	2447.602	265.0401	-484.3333	-289.6667	
491	2450.096	242.3275	393.0000	544.0000	
492	2452.580	260.9695	-352.0000	-201.6667	
493	2455.052	282.2889	307.0000	493.6667	
494	2457.514	309.8792	-565.0000	-351.6667	
495	2459.965	290.1361	263.0000	455.6667	
496	2462.405	276.1430	-300.6667	-150.3333	
497	2464.834	276.3167	433.6666	619.6666	
498	2467.252	277.2402	-402.6666	-220.6667	
499	2469.659	290.8304	460.0000	649.6666	
500	2472.056	319.0871	-315.0000	-98.0000	
501	2474.441	292.8160	46.0000	235.6667	
502	2476.816	286.9200	-415.3333	-240.3333	
503	2479.179	285.8157	263.3333	468.0000	
504	2481.532	284.0238	-331.6667	-194.0000	
505	2483.873	285.0862	190.3333	406.6667	
506	2486.204	273.7943	-366.0000	-200.6667	
507	2488.523	269.8566	222.0000	382.3333	
508	2490.832	277.1064	-571.6667	-442.3334	
509	2493.130	292.9811	234.3333	415.6666	
510	2495.416	314.3768	-227.0000	-25.3333	
511	2497.692	268.4391	-27.3333	127.3333	
