resultName	muna8-10
resultName	muna8-10
ID	RS20191213103354_P19331194
Command	SCANANDSEARCH
User	Admin
Application	_Analyze
SerialNumber	P19331194
Power	280
Integration	900
Averages	3
AutoExposure	Off
AutoCollect	Off
QuickCollect	Off
AutoBackground	On
BaselineCorrection	On
Algorithm	Wavelet
Searched Library	All,None,None,None
MixtureComponents	2
matchThreshold	0.75
displayMatches	1
Threshold	0.80
WL Start	
WL End	
ServerVersion	3.180316
FirmwareVersion	
date	2019-12-13
time	10:33:54
scanindex	0
specpath	RS20191213103354_P19331194.xml
Search Range	200 - 2500
Synced	false
lastCalDateTime	2019-12-13 10:05:29
lastCalUser	Admin
lastCalResult	PASS
lastVerifyDateTime	2019-10-16 15:05:37
lastVerifyUser	Admin
lastVerifyResult	PASS
selectedMaterial	
result	No Match
ValidationGUID	
ValidationMatchQuality	
topMatch	
topMatchGUID	
topMatchQuality	
secondMatch	
secondMatchGUID	
secondMatchQuality	
thirdMatch	
thirdMatchGUID	
thirdMatchQuality	
fourthMatch	
fourthMatchGUID	
fourthMatchQuality	
fifthMatch	
fifthMatchGUID	
fifthMatchQuality	
signedBy	
signedDateTime	
softwareVer	1.7.0.21
memo	
batchID	
inBatch	false
batchUID	
batchCID1	
batchCIDlbl1	
batchCID2	
batchCIDlbl2	
batchCID3	
batchCIDlbl3	
batchCID4	
batchCIDlbl4	
batchCID5	
batchCIDlbl5	
signedTitle	
signedReason	
rescanned	
barcode	
topMatchContribs	
secondMatchContribs	
thirdMatchContribs	
fourthMatchContribs	
fifthMatchContribs	
ValidationMatchContribs	
Threat	
PrecursorList	
CompundName	
WindowStart4C	
MatchLibrary	
lastModified	2019/12/13 10:34
Signal2Noise	13.38
Detector TEC SetPoint	0x8000
Detector Temp	4.99
Laser Temp	25.38
OE1 Temp	30.47
OE2 Temp	34.12
Detector Gain	200
SaturationDetected	false
InterpolatedPixelList	
PeakList	 287.3	845	296.8	714	443.6	834	481.4	713	580.5	764	646.8	1442	678.5	1141	737.0	783	746.5	766	840.0	736	1142.5	809	1336.9	814	1369.5	962	1376.7	825	1454.2	3640	1514.2	648	1594.5	670	1644.1	2134	1677.6	1628	1711.0	878	1887.6	922
index	Raman Shift (cm-1)	Y value (counts)	background (counts)	raw value (counts)
0	137.589	554.7064	31619.3320	32652.6680	
1	144.103	427.0839	33439.0000	34264.6680	
2	150.611	248.4653	35001.6641	35568.6680	
3	157.114	366.5107	35528.3320	36133.3359	
4	163.610	363.2203	35499.0000	36020.6680	
5	170.101	433.5978	37893.0000	38405.0000	
6	176.586	315.3112	37657.0000	37970.6680	
7	183.065	369.3567	37238.3320	37526.0000	
8	189.538	323.7342	36176.3320	36338.3320	
9	196.005	287.1118	38613.6680	38659.0000	
10	202.467	301.4903	38709.6680	38646.6641	
11	208.922	354.0348	39794.0000	39827.3320	
12	215.372	369.2473	38907.6680	38810.6680	
13	221.815	399.6074	39969.3359	39904.6641	
14	228.253	232.6500	40716.6680	40394.3320	
15	234.685	235.4791	41544.0000	41197.6680	
16	241.111	251.4741	37199.3320	36948.3320	
17	247.531	264.6353	39520.6680	39258.0000	
18	253.945	278.0454	36773.0000	36610.3359	
19	260.353	254.1225	38762.6641	38564.6680	
20	266.755	309.7806	35750.0000	35648.3320	
21	273.151	356.3999	39570.6680	39557.6680	
22	279.541	653.0153	38733.3359	39059.0000	
23	285.925	844.9705	37040.0000	37599.6680	
24	292.303	606.9219	36372.0000	36735.6680	
25	298.675	713.8378	36114.6641	36634.6641	
26	305.041	517.4216	35926.0000	36299.0000	
27	311.401	439.3413	37797.0000	38141.3359	
28	317.754	414.4692	34488.3320	34871.6680	
29	324.102	550.8060	35367.6641	35848.0000	
30	330.444	433.1428	35461.3320	35784.6680	
31	336.780	581.1436	35982.0000	36414.0000	
32	343.109	501.8124	35750.0000	36063.3320	
33	349.433	256.7336	34730.0000	34788.0000	
34	355.750	179.1543	30775.3359	30839.3340	
35	362.061	0.0000	37310.0000	36990.3359	
36	368.366	189.7982	31538.0000	31383.6680	
37	374.665	381.0227	31831.6641	31902.0000	
38	380.958	539.5753	33217.6680	33480.0000	
39	387.245	404.1357	34073.6641	34234.0000	
40	393.526	402.3562	28537.3320	28729.3320	
41	399.800	487.8733	31709.3359	32030.6680	
42	406.068	386.7282	29099.3320	29363.3340	
43	412.330	444.2453	21051.6660	21417.0000	
44	418.586	246.0963	23828.0000	24039.0000	
45	424.835	257.6304	24153.6660	24420.0000	
46	431.079	394.1646	18451.0000	18897.6680	
47	437.316	796.6968	12828.6660	13721.6660	
48	443.547	834.2300	11291.3340	12265.6670	
49	449.771	506.1447	18592.0000	19300.0000	
50	455.990	558.6030	13308.6670	14107.0000	
51	462.202	416.0623	11232.3330	11926.0000	
52	468.408	388.5197	10708.3340	11412.3330	
53	474.607	364.7955	15481.3330	16176.0000	
54	480.801	713.4043	9497.6660	10555.3340	
55	486.988	704.3442	5573.0000	6636.0000	
56	493.168	349.1143	10378.3330	11081.6660	
57	499.343	209.4497	11948.0000	12484.0000	
58	505.511	158.7842	12827.0000	13284.6660	
59	511.672	485.7867	6503.3330	7260.3330	
60	517.828	333.4553	9053.0000	9630.0000	
61	523.977	445.7905	11573.6670	12222.6660	
62	530.119	553.7944	7695.6670	8412.3340	
63	536.255	447.7975	9685.0000	10255.3340	
64	542.385	493.7993	6703.6670	7279.6665	
65	548.509	335.1359	10903.0000	11280.0000	
66	554.626	62.8060	19364.6660	19429.0000	
67	560.736	75.1420	20914.0000	20950.3340	
68	566.840	231.8101	15113.0000	15265.6660	
69	572.938	458.9757	9981.6670	10371.6670	
70	579.030	763.5879	4712.6665	5431.0000	
71	585.114	683.3160	2943.0000	3617.0000	
72	591.193	419.0444	6343.3330	6789.0000	
73	597.265	242.1681	12043.6670	12360.6660	
74	603.330	174.9607	16585.0000	16883.0000	
75	609.389	434.4183	15941.6680	16547.3340	
76	615.442	486.8759	17346.6680	18053.0000	
77	621.488	567.7296	19151.3340	19949.3340	
78	627.527	420.6648	15937.6660	16599.6660	
79	633.560	820.6000	13211.6660	14284.6660	
80	639.586	999.5350	14057.0000	15320.0000	
81	645.606	1442.1364	17587.6660	19304.3320	
82	651.620	1417.7385	15655.6670	17359.0000	
83	657.626	1213.6746	8671.6660	10182.0000	
84	663.626	911.2751	7901.6670	9120.6660	
85	669.620	812.2332	8385.0000	9488.3330	
86	675.607	1135.8572	5227.6670	6638.0000	
87	681.587	1141.4823	6760.3330	8159.6670	
88	687.561	354.1061	14141.0000	14736.3340	
89	693.528	250.9944	12869.0000	13321.3340	
90	699.489	446.5487	8210.6670	8818.6670	
91	705.443	433.0903	12000.0000	12571.0000	
92	711.390	248.4965	12258.3340	12597.6670	
93	717.331	280.8470	10821.3330	11163.0000	
94	723.265	264.5297	12205.3330	12500.6660	
95	729.192	672.5463	11089.0000	11762.3330	
96	735.113	783.2300	11625.0000	12379.0000	
97	741.026	669.2456	14806.6680	15416.6670	
98	746.934	765.7838	14751.6680	15414.0000	
99	752.834	652.7861	18414.3340	18940.3340	
100	758.728	652.7866	15354.0000	15856.6660	
101	764.615	412.9807	18854.6660	19084.6660	
102	770.495	291.8389	16936.3340	17012.3320	
103	776.369	254.6990	17015.6680	17021.6660	
104	782.236	280.8098	16937.3340	16894.3320	
105	788.096	303.3037	19569.6680	19610.6660	
106	793.949	335.2775	19655.3320	19648.3320	
107	799.795	392.4596	23425.0000	23358.6660	
108	805.635	509.8712	21073.6660	21212.0000	
109	811.468	483.4687	21663.0000	21771.6660	
110	817.294	387.7342	18644.0000	18653.6660	
111	823.113	279.9998	20516.3340	20415.0000	
112	828.925	338.7075	20504.0000	20342.6660	
113	834.731	488.3930	22320.0000	22441.6680	
114	840.530	735.9092	21503.6660	21877.6660	
115	846.322	348.4272	23366.6660	23358.0000	
116	852.107	302.9432	21821.0000	21771.6660	
117	857.885	283.7881	23625.0000	23557.6680	
118	863.656	332.6299	23324.3340	23213.6680	
119	869.420	404.5189	23439.6680	23499.0000	
120	875.177	451.4264	20289.3340	20338.6680	
121	880.928	535.7236	19430.3320	19597.3320	
122	886.672	416.1873	20721.6660	20770.6660	
123	892.408	369.9870	23144.3320	23148.6680	
124	898.138	387.4483	23634.3340	23606.0000	
125	903.861	524.3563	19866.6680	20023.3340	
126	909.576	331.9317	19727.0000	19687.6660	
127	915.285	265.7576	23076.0000	22953.0000	
128	920.987	270.4161	20503.3340	20400.0000	
129	926.682	273.9915	22869.0000	22698.3340	
130	932.370	350.5655	18522.3340	18487.3320	
131	938.051	399.6419	17535.3340	17597.6660	
132	943.724	403.2173	18935.3340	18878.0000	
133	949.391	453.8750	20389.6660	20461.6660	
134	955.051	664.9646	17116.0000	17401.3340	
135	960.704	627.7184	20258.0000	20508.3320	
136	966.349	266.4760	20448.0000	20339.3340	
137	971.988	314.7929	20070.3320	20014.3340	
138	977.619	612.1080	15773.3320	16019.0000	
139	983.244	563.0890	16857.3340	17058.3340	
140	988.861	377.9422	18599.0000	18605.3320	
141	994.471	329.1779	19677.0000	19581.3320	
142	1000.074	310.9139	18234.6680	18237.3320	
143	1005.670	298.0666	20306.3340	20274.6660	
144	1011.259	304.8868	19842.3340	19827.0000	
145	1016.841	339.1238	19601.6660	19638.0000	
146	1022.416	326.2765	20046.3320	20077.3340	
147	1027.983	356.6785	20082.0000	20157.0000	
148	1033.543	367.4973	18683.6660	18782.3320	
149	1039.096	320.1970	21055.6660	21058.6660	
150	1044.642	346.2295	19728.6680	19860.3340	
151	1050.181	268.0957	20799.0000	20879.6660	
152	1055.713	451.2952	16593.0000	16884.0000	
153	1061.237	412.1745	20385.0000	20643.6660	
154	1066.754	257.4561	20458.0000	20586.6660	
155	1072.264	343.3817	21146.3340	21360.3340	
156	1077.766	385.6395	21223.0000	21478.6660	
157	1083.262	380.1177	22029.0000	22258.0000	
158	1088.750	580.5940	16708.0000	17116.3320	
159	1094.231	563.0742	21956.6660	22326.3340	
160	1099.704	439.5505	22521.6680	22746.6680	
161	1105.171	142.8051	24766.0000	24655.0000	
162	1110.630	261.9883	22567.3340	22540.3340	
163	1116.081	458.1736	23834.6660	23968.6680	
164	1121.526	632.3550	21912.6660	22185.6660	
165	1126.963	766.4954	23776.6660	24131.0000	
166	1132.392	580.9675	23758.3340	23874.3340	
167	1137.815	620.9409	24734.6680	24777.0000	
168	1143.230	808.5804	22316.3340	22554.3340	
169	1148.637	632.7316	24694.3320	24710.6680	
170	1154.037	380.8787	25500.3320	25219.0000	
171	1159.430	363.6934	25165.0000	24820.6680	
172	1164.816	314.1746	24184.3340	23744.6680	
173	1170.194	201.6758	27756.0000	27185.0000	
174	1175.565	227.1769	26310.0000	25745.6660	
175	1180.928	265.5490	28725.0000	28191.6641	
176	1186.284	268.5266	27520.6680	27023.0000	
177	1191.632	267.6694	28713.0000	28137.3320	
178	1196.973	284.9810	27921.0000	27409.6680	
179	1202.307	500.4519	29875.6680	29580.6641	
180	1207.633	633.5982	28364.6680	28203.6680	
181	1212.951	582.1089	29959.6680	29839.3320	
182	1218.262	543.7911	29285.6680	29006.3340	
183	1223.566	544.3002	30724.3320	30446.6680	
184	1228.862	448.1447	30491.3320	30136.6680	
185	1234.151	282.8685	32636.6680	32128.6680	
186	1239.432	363.8458	32054.0000	31524.0000	
187	1244.705	499.3221	32207.0000	31939.3340	
188	1249.971	629.0505	31632.6660	31506.6680	
189	1255.230	382.4876	35294.0000	34915.6641	
190	1260.481	337.9346	33711.3320	33282.6680	
191	1265.724	299.0416	35811.0000	35337.6680	
192	1270.960	310.1449	35729.3359	35261.3320	
193	1276.188	342.7559	37379.0000	36933.3320	
194	1281.409	346.1158	36014.0000	35475.6680	
195	1286.622	351.8910	37487.0000	37174.3320	
196	1291.827	309.0909	36803.6641	36326.0000	
197	1297.025	205.7951	38882.0000	38329.0000	
198	1302.215	205.8353	37604.0000	37079.0000	
199	1307.397	318.2075	39663.6680	39279.0000	
200	1312.572	416.7703	38483.6641	38283.0000	
201	1317.739	389.4254	40158.0000	39908.0000	
202	1322.899	422.9770	39092.0000	38794.3359	
203	1328.051	569.3210	40519.3320	40478.6641	
204	1333.195	746.2782	39307.0000	39459.6680	
205	1338.331	813.9235	41408.6680	41631.6680	
206	1343.460	452.2409	39779.3320	39643.3359	
207	1348.581	318.5465	41872.3359	41605.3320	
208	1353.694	410.1138	40138.6680	39849.3320	
209	1358.800	581.5132	42669.3320	42670.6680	
210	1363.898	890.4906	41587.0000	41900.0000	
211	1368.988	961.8041	43425.0000	43812.0000	
212	1374.070	785.7855	42132.6641	42346.3320	
213	1379.145	825.1935	44013.3359	44267.3320	
214	1384.211	578.2811	42399.3320	42407.3359	
215	1389.270	246.0210	44433.6680	44110.3320	
216	1394.322	7.4370	42674.0000	42113.0000	
217	1399.365	27.4825	44643.6641	44095.3320	
218	1404.401	213.9923	42696.3320	42312.3359	
219	1409.428	455.8259	44703.0000	44538.6641	
220	1414.448	752.0005	42655.0000	42764.6641	
221	1419.460	1049.7650	44693.3359	45095.6680	
222	1424.464	1224.5302	43024.6680	43596.6680	
223	1429.461	1735.9591	44635.0000	45713.3320	
224	1434.449	2293.2710	42852.3320	44465.3320	
225	1439.430	2591.6582	44712.0000	46602.6641	
226	1444.403	2934.3896	42938.6641	45151.3359	
227	1449.367	3232.1055	44775.6680	47265.3320	
228	1454.324	3640.1641	42548.6680	45425.6680	
229	1459.273	3630.9116	44810.0000	47611.0000	
230	1464.214	2589.6641	42109.6641	43802.6680	
231	1469.147	1615.4083	43481.0000	44133.0000	
232	1474.073	934.1517	41213.6680	41117.6641	
233	1478.990	621.5112	42651.6680	42176.3359	
234	1483.899	398.8669	40400.3320	39635.6680	
235	1488.800	340.5547	42585.3320	41695.6680	
236	1493.693	284.9065	40784.0000	39772.0000	
237	1498.579	245.8499	42958.0000	41859.0000	
238	1503.456	197.3398	41649.3320	40464.6641	
239	1508.325	359.5417	41870.0000	40804.0000	
240	1513.187	648.4077	33797.0000	32976.3320	
241	1518.040	527.6099	38751.0000	37766.0000	
242	1522.885	322.4758	41940.6680	40707.0000	
243	1527.722	306.0098	45046.3320	43752.6641	
244	1532.551	299.8838	43349.6641	42006.3359	
245	1537.372	337.8884	45391.6680	44044.3359	
246	1542.185	341.7048	43796.0000	42474.6641	
247	1546.990	324.7756	45719.3320	44410.6641	
248	1551.787	292.1794	44461.6680	43110.6680	
249	1556.575	252.8572	46979.6641	45647.3320	
250	1561.356	296.8625	44870.6680	43640.3320	
251	1566.128	277.8723	46783.6680	45592.3320	
252	1570.893	250.5513	46086.6680	44926.0000	
253	1575.649	300.0464	47444.6680	46455.0000	
254	1580.397	344.2095	45113.0000	44289.0000	
255	1585.137	484.7056	46842.3320	46280.3320	
256	1589.868	534.8687	43859.3320	43469.0000	
257	1594.592	669.6996	43318.6641	43184.6680	
258	1599.307	587.1908	42065.3359	41999.3320	
259	1604.014	446.1044	46869.6680	46776.3320	
260	1608.713	346.0268	45794.0000	45707.3320	
261	1613.404	503.5607	47860.6680	47990.6680	
262	1618.086	483.4274	47238.3320	47407.3320	
263	1622.760	450.9613	48278.6680	48474.3359	
264	1627.426	568.8268	46011.3320	46384.0000	
265	1632.084	810.5450	46748.3320	47390.3359	
266	1636.734	1487.6510	44063.0000	45388.0000	
267	1641.375	2056.9458	47401.3320	49302.3359	
268	1646.008	2133.8965	44987.3359	46972.0000	
269	1650.632	1162.9869	47588.3359	48534.3359	
270	1655.249	437.7413	44040.6641	44193.6641	
271	1659.856	275.8281	46705.6680	46629.0000	
272	1664.456	408.5863	45773.6641	45762.0000	
273	1669.048	919.3329	47230.3359	47661.6641	
274	1673.631	1491.4274	44608.0000	45543.6680	
275	1678.205	1627.5138	44378.0000	45382.0000	
276	1682.772	1135.6053	43520.3320	43964.6680	
277	1687.329	688.0717	43079.6680	43001.6680	
278	1691.879	186.5419	43214.3320	42560.0000	
279	1696.420	14.3444	47024.0000	46122.6680	
280	1700.953	122.0889	42725.6680	41873.0000	
281	1705.478	594.7305	43014.3320	42534.0000	
282	1709.994	878.0306	40134.0000	39836.6641	
283	1714.501	669.6709	45264.6641	44658.6641	
284	1719.000	391.6392	41353.6680	40369.3320	
285	1723.491	309.0562	41085.3320	39904.3359	
286	1727.973	369.8047	35096.3359	34009.3320	
287	1732.447	310.3644	40602.0000	39343.6680	
288	1736.912	266.6429	40691.0000	39271.3320	
289	1741.369	301.3817	39385.6680	38056.3359	
290	1745.818	333.0768	35249.3359	34061.3320	
291	1750.257	285.3147	40379.6680	38957.3320	
292	1754.689	259.7170	38588.3359	37105.6641	
293	1759.112	404.3071	38161.0000	36813.0000	
294	1763.526	615.8938	32117.6680	30971.3359	
295	1767.932	485.8118	36342.3320	35056.0000	
296	1772.329	187.0623	39423.0000	37828.0000	
297	1776.718	537.6160	34892.3320	33675.3359	
298	1781.098	519.1641	31017.3320	29809.3340	
299	1785.470	639.3755	31349.3359	30289.0000	
300	1789.833	580.5939	30430.0000	29338.3320	
301	1794.187	542.0258	31697.6680	30602.0000	
302	1798.533	307.5495	34982.6680	33574.3359	
303	1802.870	286.6546	35330.6641	34008.3320	
304	1807.199	266.7587	35342.0000	33927.3359	
305	1811.519	458.4458	31347.0000	30247.3340	
306	1815.830	482.2159	28508.0000	27452.0000	
307	1820.133	520.3207	29471.0000	28473.0000	
308	1824.427	426.9088	28667.6680	27583.0000	
309	1828.712	403.2567	32244.6660	31149.0000	
310	1832.989	383.3521	31199.6641	29929.3320	
311	1837.257	383.7810	27232.0000	26246.3320	
312	1841.516	358.5221	27172.3320	26112.3320	
313	1845.767	310.0759	28839.3320	27796.0000	
314	1850.009	263.5248	32225.0000	30956.0000	
315	1854.242	264.3898	30650.6680	29513.0000	
316	1858.467	241.0055	28751.6680	27599.0000	
317	1862.682	385.3999	26433.0000	25486.6641	
318	1866.889	374.7144	24702.3340	23781.0000	
319	1871.088	548.9021	19896.6660	19295.6660	
320	1875.277	513.2144	20259.6660	19555.6660	
321	1879.458	569.4849	22020.6680	21289.3320	
322	1883.630	697.6328	16463.6660	16022.0000	
323	1887.793	922.2224	13914.3320	13725.3340	
324	1891.947	618.1421	15968.3320	15503.3320	
325	1896.093	524.2937	19502.6660	18888.3340	
326	1900.230	522.7783	15306.0000	14889.3340	
327	1904.358	345.2620	21849.3340	21116.0000	
328	1908.477	331.5815	21839.3320	21024.0000	
329	1912.587	399.8008	19312.0000	18668.3340	
330	1916.688	387.1555	20573.6660	19784.0000	
331	1920.781	340.8438	16673.0000	16197.6660	
332	1924.864	322.3654	19647.3340	18855.3320	
333	1928.939	275.0326	20782.0000	20027.0000	
334	1933.005	256.6998	19251.3340	18554.3340	
335	1937.062	532.8667	14363.0000	13978.0000	
336	1941.110	300.0337	17367.0000	16785.0000	
337	1945.149	223.8695	18727.3320	18105.0000	
338	1949.179	201.5355	19343.0000	18629.3340	
339	1953.200	257.2015	15824.0000	15306.6660	
340	1957.212	575.7024	8290.6660	8127.6660	
341	1961.216	509.7690	9128.3340	9030.6670	
342	1965.210	445.1702	11103.3340	10849.3330	
343	1969.195	387.8140	9026.0000	8883.3340	
344	1973.172	321.4858	7519.6670	7389.6670	
345	1977.139	529.0801	3869.3330	4020.6670	
346	1981.098	574.6720	1311.6666	1582.3333	
347	1985.047	344.5994	3383.3333	3497.6665	
348	1988.987	337.9417	3941.3335	4002.0000	
349	1992.919	401.1084	1491.0000	1771.0000	
350	1996.841	442.4883	529.6667	867.6666	
351	2000.754	415.2714	1036.0000	1359.0000	
352	2004.658	405.0554	208.0000	533.0000	
353	2008.553	396.5061	506.0000	834.6667	
354	2012.439	369.6234	-139.0000	175.0000	
355	2016.316	372.0744	362.3333	691.0000	
356	2020.184	321.8596	-301.3333	-10.6667	
357	2024.043	377.7902	364.0000	717.0000	
358	2027.892	348.0530	-288.3333	41.3333	
359	2031.733	341.9836	275.0000	605.0000	
360	2035.564	327.5822	-332.0000	-10.0000	
361	2039.386	367.8998	287.0000	633.6667	
362	2043.199	315.5507	-337.3333	-58.6667	
363	2047.003	344.5349	242.0000	534.0000	
364	2050.798	369.2718	-378.0000	-60.6667	
365	2054.583	328.2159	252.3333	530.3333	
366	2058.360	330.1599	-295.0000	-13.3333	
367	2062.127	352.1045	267.6667	573.0000	
368	2065.885	409.0486	-324.3333	39.6667	
369	2069.634	344.6594	223.3333	524.6667	
370	2073.373	347.2704	-252.0000	53.6667	
371	2077.103	361.0447	358.3333	664.6667	
372	2080.824	381.3132	-325.0000	8.0000	
373	2084.536	389.6476	203.6667	546.6667	
374	2088.238	329.9821	-227.6667	57.3333	
375	2091.932	385.6500	39.6667	382.0000	
376	2095.615	326.9842	-254.0000	31.3333	
377	2099.290	316.2429	284.6667	555.6667	
378	2102.955	366.1682	-154.0000	163.3333	
379	2106.611	388.7601	200.6667	537.0000	
380	2110.258	325.6863	-374.6667	-105.0000	
381	2113.895	336.5997	-668.0000	-388.0000	
382	2117.523	367.1797	-122.0000	188.0000	
383	2121.142	372.0930	231.3333	545.6666	
384	2124.751	424.3398	-526.0000	-160.0000	
385	2128.351	361.0248	218.6667	535.0000	
386	2131.942	352.8442	-357.3333	-48.6667	
387	2135.523	335.3303	149.0000	440.6667	
388	2139.095	339.1487	-186.0000	110.0000	
389	2142.657	337.0805	359.0000	652.0000	
390	2146.210	329.0123	-393.6667	-109.6667	
391	2149.754	334.6108	247.6667	536.3334	
392	2153.288	365.7442	-578.3334	-273.6667	
393	2156.812	357.9056	87.0000	383.0000	
394	2160.327	388.0671	-263.6667	61.6667	
395	2163.833	384.5620	330.3333	651.3334	
396	2167.330	359.0579	-266.0000	28.6667	
397	2170.816	358.5790	148.6667	441.3333	
398	2174.293	347.7668	-373.3333	-93.0000	
399	2177.761	362.6212	164.3333	458.0000	
400	2181.220	338.8090	-156.3333	112.0000	
401	2184.668	356.6634	461.0000	745.6667	
402	2188.108	365.5179	-280.6667	11.3333	
403	2191.537	384.7056	-30.6667	279.0000	
404	2194.958	341.2256	-345.6667	-81.0000	
405	2198.368	369.6131	308.0000	601.3334	
406	2201.769	354.5663	-309.3333	-16.6667	
407	2205.161	342.2110	331.0000	612.6667	
408	2208.543	370.8558	-202.6667	109.0000	
409	2211.915	337.6494	427.6667	708.0000	
410	2215.278	327.1098	-392.6667	-121.0000	
411	2218.631	353.9034	306.6667	607.0000	
412	2221.974	365.0304	-333.3333	-20.0000	
413	2225.308	328.4854	349.6667	613.0000	
414	2228.632	397.8808	-575.6667	-243.0000	
415	2231.947	372.9428	168.6667	476.3333	
416	2235.252	396.3382	-582.6667	-251.6667	
417	2238.547	338.0669	293.0000	565.6667	
418	2241.833	318.4623	-211.0000	42.0000	
419	2245.109	373.5243	185.6667	493.6667	
420	2248.375	363.9197	-232.0000	66.3333	
421	2251.631	376.4697	281.0000	589.6667	
422	2254.878	358.3529	-408.3333	-120.0000	
423	2258.115	405.2361	235.3333	568.3333	
424	2261.343	363.1193	-267.3333	21.3333	
425	2264.560	324.7390	587.3334	835.0000	
426	2267.768	345.0255	185.3333	450.6666	
427	2270.966	330.0219	485.6667	747.6667	
428	2274.154	344.5798	-271.3333	3.0000	
429	2277.333	363.9899	171.0000	467.3333	
430	2280.502	343.0665	-236.0000	42.0000	
431	2283.661	366.8100	494.3333	798.6667	
432	2286.810	390.8868	-307.6667	23.3333	
433	2289.949	362.9636	245.3333	551.0000	
434	2293.079	360.0820	-179.3333	111.6667	
435	2296.198	357.8260	330.3333	621.3334	
436	2299.308	371.5708	-558.0000	-251.0000	
437	2302.408	332.2064	326.3333	593.0000	
438	2305.498	341.1752	-305.3333	-30.6667	
439	2308.579	351.4775	151.3333	435.3334	
440	2311.649	372.4463	-241.6667	62.3333	
441	2314.709	339.1092	898.3333	1166.0000	
442	2317.760	308.7718	851.3334	1085.6666	
443	2320.801	399.4348	391.0000	713.0000	
444	2323.832	385.7642	-467.0000	-161.6667	
445	2326.853	407.8391	409.3333	733.3333	
446	2329.864	378.2473	-92.6667	198.3333	
447	2332.865	293.9887	1396.0000	1599.3333	
448	2335.855	339.0136	293.3333	552.6667	
449	2338.837	357.6748	306.0000	579.6667	
450	2341.808	344.0025	110.6667	366.3333	
451	2344.769	368.6635	775.6667	1051.6666	
452	2347.720	348.6581	-469.6667	-218.0000	
453	2350.661	385.4998	518.6667	804.6667	
454	2353.592	351.3415	-27.3333	222.0000	
455	2356.513	382.0155	800.6666	1064.0000	
456	2359.424	327.2446	584.3333	791.3333	
457	2362.325	327.4133	1504.0000	1709.6667	
458	2365.216	376.2484	178.3333	431.3333	
459	2368.097	395.4169	471.3333	742.0000	
460	2370.968	346.2518	631.3333	851.3334	
461	2373.829	316.8587	1221.6667	1408.6667	
462	2376.680	358.7991	259.0000	484.3333	
463	2379.520	388.4060	1193.3334	1444.6666	
464	2382.351	328.6796	1041.0000	1229.0000	
465	2385.171	355.2865	599.0000	810.0000	
466	2387.982	344.2269	-108.6667	87.6667	
467	2390.782	385.8338	468.3334	702.6666	
468	2393.572	371.7743	240.3333	457.0000	
469	2396.352	361.6508	1149.0000	1367.6666	
470	2399.121	291.7424	1192.6666	1339.6666	
471	2401.881	335.5007	1504.6666	1693.6667	
472	2404.630	390.2584	-429.6667	-187.6667	
473	2407.369	410.5987	377.6667	640.0000	
474	2410.098	388.6057	-157.6667	82.6667	
475	2412.817	328.2792	1019.6667	1199.6666	
476	2415.526	386.2220	33.6667	257.3333	
477	2418.224	356.8135	557.6666	751.3334	
478	2420.912	329.0716	40.6667	206.0000	
479	2423.590	339.6629	678.0000	853.3333	
480	2426.258	389.9211	-40.6667	184.3333	
481	2428.915	347.8459	585.0000	767.3334	
482	2431.562	377.1040	-344.6667	-133.6667	
483	2434.199	368.0288	399.6667	601.0000	
484	2436.826	276.9547	1572.0000	1681.6667	
485	2439.442	351.9889	629.3333	813.0000	
486	2442.048	404.0232	-407.6667	-173.0000	
487	2444.644	372.3908	465.6666	667.6667	
488	2447.229	342.7586	-165.6667	5.6667	
489	2449.804	355.6136	215.0000	398.0000	
490	2452.368	317.9355	-253.3333	-95.0000	
491	2454.923	347.1746	553.6667	740.3333	
492	2457.467	365.0803	-64.0000	139.6667	
493	2460.000	367.7207	682.6667	889.0000	
494	2462.523	390.6945	-346.0000	-116.6667	
495	2465.036	342.6683	458.0000	639.3334	
496	2467.539	415.9754	-242.3333	12.3333	
497	2470.031	356.2826	539.6667	734.6667	
498	2472.512	324.5897	-157.0000	6.3333	
499	2474.983	395.8967	627.3334	862.0000	
500	2477.444	309.8707	115.3333	264.0000	
501	2479.894	350.2601	334.3333	519.6666	
502	2482.334	353.3163	-122.6667	62.0000	
503	2484.763	331.0390	509.0000	667.6667	
504	2487.182	364.7617	-257.3333	-68.6667	
505	2489.590	383.8178	216.3333	420.3333	
506	2491.988	389.5406	-270.3333	-64.3333	
507	2494.375	356.2632	367.6667	536.6666	
508	2496.752	400.3194	-455.6667	-246.3333	
509	2499.119	346.7088	454.6667	606.6667	
510	2501.475	357.4316	28.0000	187.0000	
511	2503.820	320.4875	302.3333	420.6666	
