resultName	muna16-26
resultName	muna16-26
ID	RS20191212115708_P19331194
Command	SCANANDSEARCH
User	Admin
Application	_Analyze
SerialNumber	P19331194
Power	280
Integration	900
Averages	3
AutoExposure	Off
AutoCollect	Off
QuickCollect	Off
AutoBackground	On
BaselineCorrection	On
Algorithm	Wavelet
Searched Library	All,None,None,None
MixtureComponents	2
matchThreshold	0.75
displayMatches	1
Threshold	0.80
WL Start	
WL End	
ServerVersion	3.180316
FirmwareVersion	
date	2019-12-12
time	11:57:08
scanindex	0
specpath	RS20191212115708_P19331194.xml
Search Range	200 - 2500
Synced	false
lastCalDateTime	2019-12-12 08:43:43
lastCalUser	Admin
lastCalResult	PASS
lastVerifyDateTime	2019-10-16 15:05:37
lastVerifyUser	Admin
lastVerifyResult	PASS
selectedMaterial	
result	No Match
ValidationGUID	
ValidationMatchQuality	
topMatch	
topMatchGUID	
topMatchQuality	
secondMatch	
secondMatchGUID	
secondMatchQuality	
thirdMatch	
thirdMatchGUID	
thirdMatchQuality	
fourthMatch	
fourthMatchGUID	
fourthMatchQuality	
fifthMatch	
fifthMatchGUID	
fifthMatchQuality	
signedBy	
signedDateTime	
softwareVer	1.7.0.21
memo	
batchID	
inBatch	false
batchUID	
batchCID1	
batchCIDlbl1	
batchCID2	
batchCIDlbl2	
batchCID3	
batchCIDlbl3	
batchCID4	
batchCIDlbl4	
batchCID5	
batchCIDlbl5	
signedTitle	
signedReason	
rescanned	
barcode	
topMatchContribs	
secondMatchContribs	
thirdMatchContribs	
fourthMatchContribs	
fifthMatchContribs	
ValidationMatchContribs	
Threat	
PrecursorList	
CompundName	
WindowStart4C	
MatchLibrary	
lastModified	2019/12/12 12:01
Signal2Noise	74.35
Detector TEC SetPoint	0x8000
Detector Temp	5.00
Laser Temp	25.38
OE1 Temp	35.00
OE2 Temp	39.25
Detector Gain	200
SaturationDetected	false
InterpolatedPixelList	
PeakList	 286.8	807	324.5	493	335.2	488	398.6	559	444.0	480	481.3	451	649.8	1565	678.8	964	736.2	756	805.6	508	840.0	767	959.4	527	1092.7	553	1141.4	697	1208.1	524	1249.9	499	1337.2	846	1369.0	1014	1457.9	4689	1645.5	2382	1677.4	1774	1711.0	815
index	Raman Shift (cm-1)	Y value (counts)	background (counts)	raw value (counts)
0	137.923	324.6408	3170.0000	5620.6665	
1	144.410	200.5763	3503.0000	5766.6665	
2	150.891	198.5117	3664.6665	5863.3330	
3	157.367	229.1142	3828.3335	5994.6670	
4	163.837	357.0491	3432.3335	5663.6665	
5	170.302	345.9850	4110.6665	6268.0000	
6	176.762	297.5869	3814.6665	5860.6665	
7	183.215	333.5224	3848.0000	5867.0000	
8	189.664	270.4578	3435.3330	5328.3330	
9	196.106	153.3933	4143.0000	5856.0000	
10	202.544	196.3292	3918.6665	5611.6670	
11	208.975	177.2642	4429.6665	6040.6665	
12	215.401	327.8662	3740.0000	5438.6665	
13	221.822	262.0053	4254.0000	5851.6670	
14	228.236	167.7693	4194.0000	5655.0000	
15	234.646	191.4227	4419.3330	5912.3335	
16	241.049	102.7419	3633.6667	5046.3335	
17	247.447	176.7280	4024.6670	5519.6670	
18	253.839	161.0474	3559.0000	5046.6665	
19	260.226	186.3668	4014.6670	5536.0000	
20	266.607	232.6862	3077.3335	4653.3330	
21	272.982	312.3839	4237.0000	5920.3335	
22	279.352	641.7478	3736.6665	5777.0000	
23	285.716	806.7778	3599.6667	5832.6665	
24	292.074	662.8081	3121.0000	5237.6665	
25	298.426	567.6982	3276.6665	5322.6665	
26	304.773	553.5884	2913.0000	4969.3335	
27	311.114	392.8115	3794.0000	5714.0000	
28	317.449	380.8832	2915.0000	4857.6670	
29	323.779	492.9487	3107.3330	5122.0000	
30	330.102	427.3470	2765.3333	4674.3330	
31	336.420	487.7458	3346.3335	5275.6665	
32	342.732	445.4783	3090.0000	4937.0000	
33	349.039	281.5438	3034.0000	4677.0000	
34	355.339	96.6096	2395.6667	3813.6670	
35	361.634	82.6793	3328.6670	4682.6670	
36	367.923	29.5946	2381.6667	3644.0000	
37	374.205	190.2333	2438.0000	3853.3335	
38	380.483	471.2047	2679.6667	4368.3330	
39	386.754	381.8432	2782.6667	4374.3330	
40	393.019	384.1490	1995.6667	3582.0000	
41	399.278	558.5656	2683.3333	4436.0000	
42	405.532	477.6490	2085.6665	3749.3335	
43	411.779	219.0649	1294.6666	2691.6665	
44	418.021	206.8148	1424.0000	2800.6667	
45	424.257	186.2060	1661.6667	3007.0000	
46	430.487	305.2640	778.3334	2232.0000	
47	436.710	329.3220	735.0000	2202.0000	
48	442.928	479.7133	510.3334	2117.0000	
49	449.140	423.9970	1129.0000	2679.6665	
50	455.346	423.9609	396.3333	1930.6665	
51	461.546	228.5918	487.6666	1810.3334	
52	467.739	158.8889	426.6667	1663.3333	
53	473.927	305.5891	744.0000	2100.6667	
54	480.109	450.9557	232.6667	1708.0000	
55	486.285	390.6556	82.3333	1470.6666	
56	492.454	274.9957	145.6667	1382.3334	
57	498.618	174.0269	567.0000	1676.0000	
58	504.775	120.3914	233.6667	1262.3333	
59	510.926	185.0891	299.6667	1366.3333	
60	517.072	266.7871	76.0000	1197.6667	
61	523.211	352.9229	405.0000	1593.3334	
62	529.344	365.0588	-88.6667	1092.3334	
63	535.471	310.5281	506.6667	1613.6667	
64	541.591	230.2475	-15.0000	957.3334	
65	547.706	249.7168	603.6667	1592.6667	
66	553.814	222.6027	776.3333	1737.0000	
67	559.917	204.0718	1128.0000	2050.6665	
68	566.013	206.5413	400.6667	1306.3334	
69	572.102	226.8550	612.3334	1543.0000	
70	578.186	292.8454	-79.6667	928.6666	
71	584.263	241.5643	239.6667	1216.0000	
72	590.334	92.2829	-103.0000	743.3333	
73	596.399	67.1073	507.0000	1369.0000	
74	602.458	275.9317	375.6667	1487.3334	
75	608.510	584.4226	529.3334	1990.3333	
76	614.556	826.5802	496.6667	2240.6665	
77	620.596	939.9656	703.6667	2581.0000	
78	626.630	637.2637	414.0000	2007.3333	
79	632.657	755.2283	570.0000	2300.0000	
80	638.677	959.5265	353.3333	2306.3335	
81	644.692	1441.4912	917.6666	3371.3335	
82	650.700	1565.4554	209.0000	2805.3333	
83	656.702	1071.7537	167.3333	2288.6667	
84	662.697	729.0514	97.3333	1894.6667	
85	668.686	665.8398	269.6667	1990.6665	
86	674.669	861.2953	-198.0000	1705.3335	
87	680.645	964.4172	343.3333	2336.6667	
88	686.615	609.2052	169.3333	1794.3333	
89	692.578	271.8487	625.6667	1891.6666	
90	698.535	250.8255	-0.6667	1241.3334	
91	704.486	263.4134	234.6667	1499.0000	
92	710.430	188.8126	66.3333	1187.3333	
93	716.368	80.3881	246.0000	1252.3334	
94	722.299	184.6299	98.6667	1203.0000	
95	728.223	562.5385	286.0000	1762.0000	
96	734.141	755.7804	67.0000	1730.0000	
97	740.053	627.0222	532.0000	2060.0000	
98	745.958	622.3530	289.3333	1799.0000	
99	751.857	601.5488	912.3334	2408.0000	
100	757.749	465.0782	54.6667	1420.6667	
101	763.634	319.7299	710.3334	1929.3335	
102	769.513	207.0484	136.0000	1240.6667	
103	775.385	86.7000	583.6666	1566.3333	
104	781.251	60.6853	255.6667	1210.6666	
105	787.110	172.8916	772.3334	1841.3335	
106	792.963	217.4311	574.0000	1689.3334	
107	798.809	328.3038	939.3334	2167.3333	
108	804.648	508.1770	393.3333	1803.0000	
109	810.481	448.6971	920.0000	2299.3335	
110	816.307	313.2170	328.0000	1601.0000	
111	822.126	133.0704	824.0000	1946.0000	
112	827.938	282.0291	327.3333	1638.0000	
113	833.744	465.0685	892.6667	2415.6667	
114	839.544	766.7740	459.0000	2313.0000	
115	845.336	484.8133	872.6666	2474.0000	
116	851.122	369.5190	602.0000	2117.3335	
117	856.901	415.3905	856.0000	2423.6667	
118	862.673	395.9289	739.3334	2294.0000	
119	868.439	399.9129	836.0000	2389.0000	
120	874.198	313.6302	403.0000	1862.3335	
121	879.950	234.1242	857.0000	2217.6667	
122	885.695	192.9514	487.0000	1787.3333	
123	891.434	278.4453	855.3334	2222.0000	
124	897.165	357.9393	668.0000	2095.0000	
125	902.890	312.5384	653.3333	2009.0000	
126	908.608	216.1372	318.0000	1551.3333	
127	914.319	191.5696	834.6666	1997.3333	
128	920.024	203.6685	194.3333	1371.3333	
129	925.721	216.7675	801.3334	1959.6667	
130	931.412	242.6998	237.6667	1415.6666	
131	937.095	223.7987	810.0000	1921.3333	
132	942.772	178.3980	360.6667	1400.6667	
133	948.442	261.7931	694.3333	1809.6666	
134	954.105	432.0748	246.6667	1520.3333	
135	959.761	527.3567	611.0000	1968.0000	
136	965.410	350.3051	390.3333	1558.3333	
137	971.053	250.2006	567.0000	1635.6665	
138	976.688	331.0965	-45.3333	1105.0000	
139	982.316	364.6587	443.6667	1628.3335	
140	987.937	279.9224	370.0000	1463.0000	
141	993.552	183.3834	416.0000	1430.0000	
142	999.159	203.8444	180.0000	1232.0000	
143	1004.759	223.9721	608.3333	1698.0000	
144	1010.352	228.4329	47.0000	1158.6666	
145	1015.939	219.2271	493.0000	1613.0000	
146	1021.518	223.6881	419.0000	1561.0000	
147	1027.090	232.5659	605.3333	1774.6667	
148	1032.655	215.0269	289.3333	1439.6666	
149	1038.213	230.4427	539.6667	1751.6667	
150	1043.764	277.1920	238.3333	1570.0000	
151	1049.307	249.0246	493.6667	1782.0000	
152	1054.844	249.6068	1.0000	1268.0000	
153	1060.373	286.4791	623.3334	1999.0000	
154	1065.896	284.2394	301.6667	1710.3333	
155	1071.411	199.1642	641.0000	1982.6665	
156	1076.919	378.0893	345.3333	1884.0000	
157	1082.420	381.0565	704.6667	2242.6667	
158	1087.914	319.6904	152.6667	1625.6667	
159	1093.400	552.6575	676.6667	2379.0000	
160	1098.880	471.2912	556.0000	2173.3333	
161	1104.352	183.9467	805.6666	2119.0000	
162	1109.817	194.4129	370.0000	1673.0000	
163	1115.274	375.5460	921.3333	2384.6667	
164	1120.725	542.6786	380.0000	1989.6667	
165	1126.168	682.5747	856.0000	2573.6665	
166	1131.604	597.1377	433.6667	2034.0000	
167	1137.032	567.0341	977.3333	2515.6667	
168	1142.453	697.2639	207.0000	1843.6667	
169	1147.868	530.7887	883.6666	2329.3333	
170	1153.274	353.9797	506.0000	1750.3333	
171	1158.674	268.8379	903.0000	2037.6667	
172	1164.066	212.0294	426.0000	1479.3334	
173	1169.450	151.3501	1199.3333	2197.0000	
174	1174.828	136.6705	679.3334	1667.3335	
175	1180.198	182.0009	1238.0000	2282.6665	
176	1185.560	221.9391	798.6667	1942.6667	
177	1190.916	196.0438	1083.0000	2189.0000	
178	1196.263	206.9819	935.3334	2082.6667	
179	1201.604	377.0865	1222.6666	2566.0000	
180	1206.937	523.8577	691.3333	2207.3333	
181	1212.262	481.7730	1300.0000	2795.0000	
182	1217.581	374.8184	914.0000	2315.0000	
183	1222.891	322.6512	1315.3333	2687.0000	
184	1228.194	316.4827	866.3334	2254.6665	
185	1233.490	207.9524	1421.0000	2734.0000	
186	1238.778	186.7553	1159.6666	2484.6667	
187	1244.059	353.5580	1433.0000	2958.0000	
188	1249.333	499.3606	1141.3334	2845.3333	
189	1254.598	396.2944	1777.0000	3399.0000	
190	1259.856	260.2284	1356.0000	2863.0000	
191	1265.107	174.4953	1862.6667	3305.0000	
192	1270.350	264.4294	1533.0000	3086.3335	
193	1275.586	215.0296	1956.0000	3481.0000	
194	1280.814	208.9635	1388.6666	2928.6667	
195	1286.034	279.2303	2009.0000	3640.3330	
196	1291.247	296.0832	1408.6667	3090.6665	
197	1296.452	124.6892	2027.0000	3584.0000	
198	1301.650	96.9614	1658.6667	3234.3330	
199	1306.840	167.2346	2271.3333	3963.6670	
200	1312.022	371.5075	1916.6667	3859.6670	
201	1317.197	263.1567	1997.6667	3860.3335	
202	1322.364	203.8060	1922.0000	3753.3335	
203	1327.523	475.1196	2214.0000	4328.6670	
204	1332.674	750.8738	1873.3333	4282.6665	
205	1337.818	845.7849	2413.3335	4928.6670	
206	1342.955	560.6962	1735.3333	3976.6670	
207	1348.083	378.2734	2389.0000	4459.0000	
208	1353.204	286.1844	1813.0000	3802.0000	
209	1358.317	567.4286	2617.6667	4899.0000	
210	1363.422	943.3397	2050.0000	4718.3335	
211	1368.520	1013.5840	2515.3333	5265.0000	
212	1373.610	869.8286	2072.6667	4689.6670	
213	1378.692	804.5380	2553.3335	5108.0000	
214	1383.766	611.9148	2168.6665	4533.6665	
215	1388.832	265.6246	2776.0000	4797.6665	
216	1393.891	0.0000	2066.0000	3825.0000	
217	1398.942	18.2493	2655.0000	4426.6665	
218	1403.984	193.2512	2228.6667	4143.6665	
219	1409.020	453.9199	2954.3333	5098.3335	
220	1414.047	810.9210	2200.6667	4670.0000	
221	1419.066	1162.9824	2691.0000	5485.0000	
222	1424.078	1455.3765	2260.3335	5319.3330	
223	1429.081	2040.7715	2679.6665	6296.6670	
224	1434.077	2739.4858	2324.3335	6595.3330	
225	1439.065	3022.1323	2751.6667	7261.6660	
226	1444.045	3428.4465	2344.6665	7217.3340	
227	1449.016	3888.0913	2850.6667	8139.3330	
228	1453.980	4307.0723	2168.0000	7832.0000	
229	1458.936	4689.1064	2860.3333	8832.6670	
230	1463.885	3592.4722	2148.3335	6950.3330	
231	1468.825	2242.1733	2715.6667	6093.6670	
232	1473.757	1332.2075	2091.3333	4485.6665	
233	1478.681	791.1230	2566.3333	4355.3330	
234	1483.597	471.7050	1989.6667	3395.0000	
235	1488.505	321.6213	2603.6665	3794.6670	
236	1493.405	269.8697	1950.6666	3025.6667	
237	1498.297	141.9870	2717.3333	3618.0000	
238	1503.181	160.6838	2047.6666	2928.0000	
239	1508.057	166.4828	2520.3335	3373.0000	
240	1512.924	155.9483	1569.0000	2377.6667	
241	1517.784	182.7472	2358.3333	3160.3335	
242	1522.635	199.5461	2212.6667	2978.0000	
243	1527.479	233.0117	2978.6667	3780.6665	
244	1532.314	253.1441	2366.6667	3138.6670	
245	1537.142	245.4748	3010.0000	3772.3335	
246	1541.961	229.8003	2304.3333	3089.0000	
247	1546.772	217.7924	2999.6667	3810.3335	
248	1551.574	246.2017	2370.6667	3263.6665	
249	1556.369	173.6333	3099.3330	3963.6665	
250	1561.155	164.3149	2454.3333	3394.6665	
251	1565.933	147.0800	2981.3333	3977.0000	
252	1570.703	204.1789	2707.6665	3833.0000	
253	1575.465	228.1150	2992.6665	4246.6665	
254	1580.219	253.7187	2424.3333	3808.6665	
255	1584.964	323.6550	3021.0000	4580.0000	
256	1589.701	360.5920	2288.3335	3989.0000	
257	1594.430	370.8623	2812.6667	4628.3330	
258	1599.150	369.7990	2244.6665	4164.0000	
259	1603.863	305.2534	2841.0000	4820.0000	
260	1608.567	255.2751	2597.3333	4612.6670	
261	1613.262	220.7534	3043.6665	5086.0000	
262	1617.949	318.2324	2935.0000	5136.3335	
263	1622.629	283.7116	3104.0000	5332.3335	
264	1627.299	379.8573	2525.0000	4911.0000	
265	1631.961	542.9965	2867.0000	5453.3335	
266	1636.615	1098.4559	2191.0000	5348.3335	
267	1641.261	1996.6542	3125.0000	7197.6670	
268	1645.898	2381.8511	2330.0000	6805.0000	
269	1650.527	1759.4222	2952.3333	6760.3340	
270	1655.147	882.9919	2347.6665	5234.6665	
271	1659.759	644.2295	2935.3333	5539.0000	
272	1664.363	743.4661	2409.6667	5068.0000	
273	1668.958	1100.0363	3105.6665	6076.0000	
274	1673.544	1568.6068	2220.6667	5615.0000	
275	1678.123	1773.5104	2403.0000	5957.6665	
276	1682.692	1333.4149	2352.3333	5422.3330	
277	1687.254	736.1707	2539.3333	4931.0000	
278	1691.806	285.2612	2224.6667	4084.3335	
279	1696.350	205.3518	2878.3333	4577.0000	
280	1700.886	222.9861	2088.0000	3739.3335	
281	1705.413	519.9265	2579.3335	4405.0000	
282	1709.932	815.2012	1837.3333	3835.6665	
283	1714.442	741.8091	2667.6667	4470.0000	
284	1718.944	435.7485	1946.3333	3320.0000	
285	1723.437	162.0422	2582.0000	3589.3335	
286	1727.921	112.3362	1515.0000	2380.0000	
287	1732.397	147.6416	2293.3335	3091.0000	
288	1736.864	123.1219	1882.6665	2584.6667	
289	1741.323	99.6009	2211.0000	2818.3335	
290	1745.773	158.4120	1457.3334	2052.3333	
291	1750.214	177.2245	2318.0000	2860.6667	
292	1754.647	236.0362	1648.3333	2178.6667	
293	1759.071	250.8554	2165.0000	2679.3333	
294	1763.486	274.0085	1100.6666	1607.3335	
295	1767.893	273.3279	1916.3334	2401.6667	
296	1772.291	283.5632	1601.3335	2089.3333	
297	1776.680	253.1803	1803.0000	2223.6665	
298	1781.061	260.3811	919.6666	1344.0000	
299	1785.432	260.9357	1664.3333	2101.0000	
300	1789.796	259.1151	832.3333	1248.3334	
301	1794.150	247.8437	1623.0000	2027.0000	
302	1798.495	246.0891	1412.0000	1812.6667	
303	1802.832	248.5844	1957.6667	2333.0000	
304	1807.160	253.9131	1570.0000	1975.3333	
305	1811.480	261.4086	1358.3333	1767.6667	
306	1815.790	251.3206	1010.6666	1402.0000	
307	1820.092	244.0659	1559.3335	1998.3333	
308	1824.385	248.9034	930.3334	1289.0000	
309	1828.669	253.6609	1770.0000	2144.0000	
310	1832.944	242.0015	1024.6667	1393.3333	
311	1837.210	245.0926	1318.0000	1685.0000	
312	1841.468	253.8503	968.0000	1333.3334	
313	1845.716	264.7951	1112.0000	1495.0000	
314	1849.956	267.7400	1147.6667	1534.6667	
315	1854.187	264.6014	1389.6666	1790.0000	
316	1858.409	260.2966	794.6666	1176.3334	
317	1862.622	255.8127	1087.0000	1463.0000	
318	1866.826	235.3290	682.0000	1036.3334	
319	1871.021	247.3454	891.6666	1226.3334	
320	1875.207	282.6949	144.6667	544.0000	
321	1879.384	256.8780	907.3333	1279.6667	
322	1883.552	228.0344	173.3333	515.6667	
323	1887.712	231.6940	497.0000	850.6666	
324	1891.862	238.8534	134.0000	473.6667	
325	1896.003	258.8668	869.0000	1239.3334	
326	1900.135	247.0467	169.6667	524.0000	
327	1904.258	238.5602	864.3333	1206.0000	
328	1908.372	237.7401	293.6667	630.3334	
329	1912.478	266.7041	727.6667	1079.0000	
330	1916.574	302.6929	281.6667	665.3333	
331	1920.661	270.6819	579.3333	927.3334	
332	1924.738	221.3373	237.0000	532.0000	
333	1928.807	237.4758	957.6667	1245.0000	
334	1932.867	247.7808	274.0000	623.3333	
335	1936.917	250.3359	704.6667	1007.3333	
336	1940.959	262.5578	164.6667	490.6667	
337	1944.991	257.3628	550.3333	885.6666	
338	1949.014	252.1680	323.3333	627.0000	
339	1953.028	251.3897	656.6667	964.6666	
340	1957.033	252.0282	-24.6667	270.3333	
341	1961.029	254.0532	334.3333	656.3334	
342	1965.015	246.8281	115.3333	411.3333	
343	1968.992	235.3295	306.3333	567.3334	
344	1972.960	238.3661	-245.3333	82.0000	
345	1976.919	243.2280	219.0000	501.6667	
346	1980.869	240.0898	-252.6667	53.0000	
347	1984.809	239.2851	66.0000	349.6667	
348	1988.740	258.9806	-298.0000	20.0000	
349	1992.661	261.9974	359.3333	682.0000	
350	1996.574	263.4251	-371.0000	-67.0000	
351	2000.477	260.3153	292.0000	635.3333	
352	2004.371	260.9555	-393.3333	-104.0000	
353	2008.256	258.1792	240.6667	548.3334	
354	2012.131	254.4027	-392.0000	-80.0000	
355	2015.997	252.7930	267.6667	549.0000	
356	2019.853	252.0995	-454.6666	-142.6667	
357	2023.701	255.2284	272.3333	571.0000	
358	2027.538	258.7322	-426.6667	-120.0000	
359	2031.367	255.9861	196.0000	512.0000	
360	2035.186	220.2816	-408.6667	-153.3333	
361	2038.996	241.4374	276.6667	507.3333	
362	2042.796	265.4266	-455.6667	-151.6667	
363	2046.587	272.8324	179.0000	478.6667	
364	2050.368	264.5302	-475.3334	-140.3333	
365	2054.140	254.6672	212.3333	456.3333	
366	2057.903	231.9917	-375.3333	-54.6667	
367	2061.656	231.8995	231.6667	463.6666	
368	2065.399	236.8490	-340.3333	-95.6667	
369	2069.133	250.0485	191.0000	469.6667	
370	2072.858	249.1230	-325.0000	-5.0000	
371	2076.573	248.4019	339.3333	583.6667	
372	2080.278	247.7679	-341.3333	-73.0000	
373	2083.974	261.0659	210.0000	447.6667	
374	2087.661	299.1140	-288.0000	22.6667	
375	2091.338	277.0787	18.0000	303.6667	
376	2095.005	270.7100	-325.0000	-48.6667	
377	2098.663	240.9735	275.3333	520.3333	
378	2102.311	229.6537	-181.3333	27.3333	
379	2105.949	229.2507	206.6667	449.3333	
380	2109.578	230.8473	-407.0000	-175.0000	
381	2113.198	238.6560	-705.6667	-468.6667	
382	2116.807	258.8814	-156.0000	100.3333	
383	2120.407	263.7735	206.6667	467.0000	
384	2123.998	255.8114	-580.0000	-289.3333	
385	2127.579	234.7000	117.6667	356.3333	
386	2131.150	240.6603	-418.3333	-189.6667	
387	2134.711	255.7873	83.6667	354.3333	
388	2138.263	265.9979	-383.0000	-139.3333	
389	2141.805	296.0447	269.6667	572.0000	
390	2145.337	266.4249	-438.0000	-165.3333	
391	2148.859	264.4717	236.0000	506.6667	
392	2152.372	225.2412	-595.0000	-373.0000	
393	2155.875	215.4309	103.0000	314.6667	
394	2159.368	233.6206	-262.3333	-33.0000	
395	2162.852	248.1436	351.6667	595.0000	
396	2166.326	256.3326	-254.6667	5.0000	
397	2169.790	259.1656	131.0000	378.3333	
398	2173.244	260.4987	-411.0000	-157.3333	
399	2176.688	258.6651	176.6667	426.0000	
400	2180.123	250.6647	-186.0000	54.0000	
401	2183.547	250.9977	468.3333	707.3334	
402	2186.962	235.9974	-312.0000	-89.3333	
403	2190.367	251.3304	-24.0000	212.6667	
404	2193.762	263.3307	-392.3333	-117.0000	
405	2197.147	252.7968	237.3333	474.0000	
406	2200.522	233.3251	-404.6667	-164.0000	
407	2203.888	235.1089	248.3333	447.6666	
408	2207.243	237.5593	-356.0000	-116.6667	
409	2210.589	260.2046	326.3333	615.6667	
410	2213.924	261.2665	-393.0000	-153.3333	
411	2217.250	258.4951	267.6667	558.3334	
412	2220.565	241.8069	-335.3333	-80.6667	
413	2223.871	254.1462	344.6667	598.6667	
414	2227.167	267.8617	-578.6666	-307.3333	
415	2230.453	252.2440	185.3333	440.0000	
416	2233.728	243.2929	-583.6666	-339.0000	
417	2236.994	252.6752	210.3333	463.3333	
418	2240.250	260.7242	-501.6667	-241.6667	
419	2243.495	269.7731	4.6667	272.6667	
420	2246.731	258.8222	-354.0000	-98.0000	
421	2249.957	247.5135	280.3333	523.0000	
422	2253.172	241.8716	-426.0000	-191.0000	
423	2256.377	247.9796	239.3333	460.6667	
424	2259.573	250.8377	-353.3333	-89.0000	
425	2262.758	252.5027	198.6667	434.3333	
426	2265.933	252.7510	-115.0000	123.3333	
427	2269.098	246.0505	367.3333	597.0000	
428	2272.253	249.6213	-318.0000	-69.0000	
429	2275.397	249.1971	210.3333	449.0000	
430	2278.532	246.5021	-311.3333	-86.3333	
431	2281.656	254.5779	328.0000	575.6667	
432	2284.771	251.8204	-404.6667	-159.3333	
433	2287.875	244.3962	221.0000	459.3333	
434	2290.968	243.5934	-356.0000	-127.3333	
435	2294.052	248.2065	217.6667	452.0000	
436	2297.125	254.8191	-575.0000	-333.0000	
437	2300.188	264.9556	282.0000	545.6666	
438	2303.241	253.3423	-417.3333	-172.6667	
439	2306.284	246.6454	-4.0000	261.6667	
440	2309.316	244.0321	-526.0000	-323.0000	
441	2312.338	244.5492	362.3333	606.6666	
442	2315.350	244.0662	-277.0000	-35.3333	
443	2318.352	273.5831	145.3333	415.0000	
444	2321.343	258.5167	-487.6667	-210.0000	
445	2324.323	255.5076	384.3333	607.0000	
446	2327.294	250.8317	-480.3333	-230.0000	
447	2330.254	255.6559	187.0000	434.0000	
448	2333.204	248.6982	-401.3333	-153.0000	
449	2336.144	240.1386	5.3333	236.6667	
450	2339.073	232.4955	-338.0000	-118.6667	
451	2341.991	240.8526	434.3333	636.6667	
452	2344.900	250.2097	-575.0000	-328.0000	
453	2347.798	252.0592	357.0000	581.6667	
454	2350.685	264.9088	-418.6667	-179.3333	
455	2353.562	278.4549	169.0000	410.6667	
456	2356.429	270.5969	-476.0000	-242.6667	
457	2359.285	256.8760	244.6667	463.3333	
458	2362.130	213.8219	-276.6667	-102.0000	
459	2364.966	228.1009	208.0000	396.0000	
460	2367.790	250.3799	-210.3333	-1.0000	
461	2370.604	256.7021	112.3333	340.6667	
462	2373.408	258.2535	-254.0000	-49.3333	
463	2376.202	259.7841	284.0000	475.3334	
464	2378.984	261.3355	-440.0000	-176.6667	
465	2381.756	245.8036	103.0000	300.0000	
466	2384.518	252.8341	-302.6667	-111.3333	
467	2387.269	266.9064	272.0000	487.0000	
468	2390.010	260.0413	-568.6666	-347.3333	
469	2392.739	241.9211	204.6667	378.0000	
470	2395.458	238.5526	-366.6667	-150.0000	
471	2398.167	241.4341	332.6667	504.6667	
472	2400.865	247.0239	-614.3333	-418.0000	
473	2403.553	250.1617	256.0000	455.0000	
474	2406.229	252.8414	-394.6667	-262.6667	
475	2408.896	255.9792	308.0000	546.3333	
476	2411.551	263.9655	-368.6667	-170.6667	
477	2414.196	246.1487	355.6667	481.0000	
478	2416.830	247.9778	-442.3334	-249.3333	
479	2419.453	251.3277	114.6667	267.6667	
480	2422.066	253.4276	-368.6667	-190.6667	
481	2424.668	259.5483	233.6667	392.6667	
482	2427.260	261.6482	-463.3333	-282.0000	
483	2429.840	262.4148	208.3333	379.3333	
484	2432.410	230.9315	839.3334	894.6667	
485	2434.969	233.2037	223.3333	398.0000	
486	2437.517	236.8302	-669.0000	-520.3334	
487	2440.055	239.1025	107.6667	232.0000	
488	2442.581	247.2705	-423.6667	-279.0000	
489	2445.097	293.4561	39.6667	229.3333	
490	2447.602	258.6867	-511.3334	-348.3333	
491	2450.096	251.5272	400.3333	520.6667	
492	2452.580	252.1178	-399.0000	-219.3333	
493	2455.052	253.5650	297.6667	455.6667	
494	2457.514	251.1372	-574.6666	-428.0000	
495	2459.965	249.1470	255.3333	425.3333	
496	2462.405	231.2401	-280.6667	-154.3333	
497	2464.834	248.9164	411.0000	553.0000	
498	2467.252	284.2595	-428.6667	-253.3333	
499	2469.659	257.2693	459.0000	605.3334	
500	2472.056	253.0706	-336.0000	-214.0000	
501	2474.441	253.7279	17.3333	166.0000	
502	2476.816	257.7603	-420.6667	-265.6667	
503	2479.179	244.8343	273.3333	396.0000	
504	2481.532	234.2417	-362.3333	-214.6667	
505	2483.873	210.5658	222.6667	317.0000	
506	2486.204	226.8898	-352.6667	-242.6667	
507	2488.523	255.6305	214.3333	389.3333	
508	2490.832	256.2878	-593.0000	-477.0000	
509	2493.130	270.1952	243.6667	395.0000	
510	2495.416	284.1860	-283.3333	-118.6667	
511	2497.692	241.1766	-64.0000	57.0000	
